"mid_age" "mean_left" "std_left" "min_left" "l.q2.5" "l.q5" "l.q10" "l.q25" "l.q50" "l.q75" "l.q90" "l.q95" "l.q97.5" "max_left" "mean_right" "std_right" "min_right" "r.q2.5" "r.q5" "r.q10" "r.q25" "r.q50" "r.q75" "r.q90" "r.q95" "r.q97.5" "max_right"
"1" 30 3.06582795696315e-09 2362.30146857947 -Inf -4630.02579903877 -3885.64013854266 -3027.41114534326 -1593.34812742694 3.06582795696315e-09 1593.34812743307 3027.41114534939 3885.64013854879 4630.0257990449 Inf 2.35302156544243e-09 2476.44252269325 -Inf -4853.73815425993 -4073.38546538649 -3173.6887919364 -1670.33509850397 2.35302156544243e-09 1670.33509850868 3173.68879194111 4073.3854653912 4853.73815426464 Inf
"2" 30.7070707070707 3.1620829173017e-08 2362.30146857947 -Inf -4630.02579901021 -3885.6401385141 -3027.4111453147 -1593.34812739838 3.1620829173017e-08 1593.34812746162 3027.41114537795 3885.64013857734 4630.02579907345 Inf 2.44387146859626e-08 2476.44252269325 -Inf -4853.73815423785 -4073.38546536441 -3173.68879191432 -1670.33509848189 2.44387146859626e-08 1670.33509853076 3173.68879196319 4073.38546541328 4853.73815428672 Inf
"3" 31.4141414141414 2.95008149964804e-07 2362.30146857947 -Inf -4630.02579874682 -3885.64013825072 -3027.41114505132 -1593.34812713499 2.95008149964804e-07 1593.34812772501 3027.41114564133 3885.64013884073 4630.02579933684 Inf 2.29740771693044e-07 2476.44252269325 -Inf -4853.73815403254 -4073.38546515911 -3173.68879170901 -1670.33509827658 2.29740771693044e-07 1670.33509873607 3173.6887921685 4073.38546561859 4853.73815449203 Inf
"4" 32.1212121212121 2.48948275927797e-06 2362.30146857947 -Inf -4630.02579655235 -3885.64013605624 -3027.41114285684 -1593.34812494052 2.48948275927797e-06 1593.34812991948 3027.41114783581 3885.64014103521 4630.02580153131 Inf 1.95481149836485e-06 2476.44252269325 -Inf -4853.73815230747 -4073.38546343404 -3173.68878998394 -1670.33509655151 1.95481149836485e-06 1670.33510046114 3173.68879389357 4073.38546734366 4853.7381562171 Inf
"5" 32.8282828282828 1.90007905865611e-05 2362.30146857947 -Inf -4630.02578004104 -3885.64011954494 -3027.41112634553 -1593.34810842921 1.90007905865611e-05 1593.34814643079 3027.41116434712 3885.64015754651 4630.02581804262 Inf 1.50546983817729e-05 2476.44252269325 -Inf -4853.73813920759 -4073.38545033415 -3173.68877688406 -1670.33508345163 1.50546983817729e-05 1670.33511356102 3173.68880699345 4073.38548044354 4853.73816931698 Inf
"6" 33.5353535353535 0.00013115559938819 2362.30146857946 -Inf -4630.02566788622 -3885.64000739012 -3027.41101419072 -1593.3479962744 0.00013115559938819 1593.3482585856 3027.41127650192 3885.64026970131 4630.02593019742 Inf 0.000104935752332999 2476.44252269325 -Inf -4853.73804932652 -4073.38536045309 -3173.688687003 -1670.33499357057 0.000104935752332999 1670.33520344207 3173.6888968745 4073.38557032459 4853.73825919803 Inf
"7" 34.2424242424242 0.000818671026315289 2362.3014685793 -Inf -4630.02498037049 -3885.63931987443 -3027.41032667509 -1593.34730875887 0.000818671026315289 1593.34894610092 3027.41196401714 3885.64095721648 4630.02661771254 Inf 0.00066195744246604 2476.44252269309 -Inf -4853.73749230453 -4073.38480343114 -3173.68812998111 -1670.33443654877 0.00066195744246604 1670.33576046366 3173.68945389599 4073.38612734602 4853.73881621941 Inf
"8" 34.9494949494949 0.00462041291843865 2362.30146857452 -Inf -4630.02117861922 -3885.63551812467 -3027.40652492707 -1593.34350701375 0.00462041291843865 1593.35274783958 3027.4157657529 3885.6447589505 4630.03041944505 Inf 0.00377872556957665 2476.44252268834 -Inf -4853.7343755271 -4073.38168665521 -3173.6850132069 -1670.33131977745 0.00377872556957665 1670.33887722859 3173.69257065804 4073.38924410634 4853.74193297824 Inf
"9" 35.6565656565657 0.0235735581726396 2362.30146845681 -Inf -4630.00222524326 -3885.6165647858 -3027.38757163096 -1593.3245537891 0.0235735581726396 1593.37170090544 3027.43471874731 3885.66371190214 4630.0493723596 Inf 0.0195164182365449 2476.44252257139 -Inf -4853.7186376052 -4073.36594877016 -3173.66927536434 -1670.31558200589 0.0195164182365449 1670.35461484237 3173.70830820082 4073.40498160663 4853.75767044167 Inf
"10" 36.3636363636364 0.108703882387163 2362.30146610257 -Inf -4629.91709030481 -3885.5314305892 -3027.30243828967 -1593.23942187697 0.108703882387163 1593.45682964175 3027.51984605444 3885.74883835398 4630.13449806959 Inf 0.0911792756998718 2476.44252022724 -Inf -4853.64697015329 -4073.29428205692 -3173.59760950273 -1670.24391756733 0.0911792756998718 1670.42627611873 3173.77996805413 4073.47664060832 4853.82932870469 Inf
"11" 37.0707070707071 0.452914673916505 2362.30142787135 -Inf -4629.57280458146 -3885.18715691291 -3026.95817850285 -1592.89518529887 0.452914673916505 1593.80101464671 3027.86400785069 3886.09298626074 4630.4786339293 Inf 0.385211361426872 2476.44248207287 -Inf -4853.35286328638 -4073.00018721285 -3173.30352852022 -1669.94985974687 0.385211361426872 1670.72028246972 3174.07395124307 4073.7706099357 4854.12328600924 Inf
"12" 37.7777777777778 1.70444358282215 2362.30092463044 -Inf -4628.3202893385 -3883.93480024637 -3025.70600466477 -1591.64331695913 1.70444358282215 1595.05220412478 3029.11489183042 3887.34368741201 4631.72917650415 Inf 1.47106166707303 2476.44197859671 -Inf -4852.26602618559 -4071.91350876261 -3172.21703298391 -1668.86366985171 1.47106166707303 1671.80579318586 3175.15915631806 4074.85563209675 4855.20814951974 Inf
"13" 38.4848484848485 5.79094022149329 2362.29556675267 -Inf -4624.22329145237 -3879.83949068302 -3021.61264162946 -1587.55320648682 5.79094022149329 1599.13508692981 3033.19452207244 3891.421371126 4635.80517189535 Inf 5.07530324302858 2476.43660375819 -Inf -4848.65125011972 -4068.30042636402 -3168.60590327524 -1665.25580300227 5.07530324302858 1675.40640948832 3178.75650976129 4078.45103285008 4858.80185660577 Inf
"14" 39.1919191919192 17.7532413207273 2362.24955349376 -Inf -4612.17080602287 -3867.80150450799 -3009.59137216624 -1575.55986991609 17.7532413207273 1611.06635255754 3045.09785480769 3903.30798714944 4647.67728866433 Inf 15.8090141636967 2476.39030947461 -Inf -4837.82680407053 -4057.49056812309 -3157.81286384296 -1654.49086706183 15.8090141636967 1686.10889538922 3189.43089217036 4089.10859645048 4869.44483239792 Inf
"15" 39.8989898989899 49.0776314987359 2361.93190594371 -Inf -4580.22383808698 -3835.95463060518 -2977.85990027317 -1544.02122972139 49.0776314987359 1642.17649271886 3076.01516327064 3934.10989360265 4678.37910108445 Inf 44.423160323575 2476.06970117768 -Inf -4808.58427719553 -4028.34906824318 -3128.78784161823 -1625.66047389184 44.423160323575 1714.50679453899 3217.63416226538 4117.19538889033 4897.43059784268 Inf
"16" 40.6060606060606 122.246565244182 2360.17665033274 -Inf -4503.61466656037 -3759.8985583018 -2902.44151595155 -1469.66839405737 122.246565244182 1714.16152454574 3146.93464643992 4004.39168879017 4748.10779704874 Inf 112.503413776722 2474.29191845479 -Inf -4737.01963363318 -3957.34462243035 -3058.42926793336 -1556.38112421403 112.503413776722 1781.38795176747 3283.43609548681 4182.35144998379 4962.02646118662 Inf
"17" 41.3131313131313 274.139370785008 2352.4492742455 -Inf -4336.57648219356 -3595.29535017706 -2740.64567948857 -1312.56355254979 274.139370785008 1860.84229411981 3288.92442105859 4143.57409174708 4884.85522376358 Inf 256.51656832789 2466.43578749423 -Inf -4577.60874534148 -3800.4092823749 -2904.34807645057 -1407.06908985377 256.51656832789 1920.10222650955 3417.38121310635 4313.44241903068 5090.64188199726 Inf
"18" 42.020202020202 552.986915387607 2325.45272323051 -Inf -4004.81666989478 -3272.04243072227 -2427.20066266841 -1015.50711099694 552.986915387607 2121.48094177215 3533.17449344362 4378.01626149748 5110.79050066999 Inf 525.999886781039 2438.87828618911 -Inf -4254.11371682638 -3485.59790795031 -2599.54839905734 -1118.9985192293 525.999886781039 2170.99829279138 3651.54817261942 4537.59768151238 5306.11349038846 Inf
"19" 42.7272727272727 1002.64483612297 2250.6927513858 -Inf -3408.63189685856 -2699.41529914735 -1881.73398297539 -515.42435552737 1002.64483612297 2520.71402777331 3887.02365522133 4704.70497139329 5413.9215691045 Inf 969.077624450451 2362.2423814108 -Inf -3660.83236586885 -2916.46532435159 -2058.25779764237 -624.230649289918 969.077624450451 2562.38589819082 3996.41304654327 4854.62057325249 5598.98761476975 Inf
"20" 43.4343434343434 1633.51634225035 2086.09894828021 -Inf -2455.16246456573 -1797.811079008 -1039.92703079909 226.463983740528 1633.51634225035 3040.56870076018 4306.95971529979 5064.8437635087 5722.19514906644 Inf 1603.2744331058 2192.79782918082 -Inf -2694.53033746623 -2003.55702939359 -1206.90905780369 124.254773071116 1603.2744331058 3082.29409314048 4413.45792401528 5210.10589560519 5901.07920367782 Inf
"21" 44.1414141414141 2392.81518097522 1796.4632826653 -Inf -1128.18815259738 -562.103965201958 90.5548486321036 1181.11911021386 2392.81518097522 3604.51125173657 4695.07551331833 5347.73432715239 5913.81851454781 Inf 2383.1499640874 1893.37426146249 -Inf -1327.7953976342 -731.173557055742 -43.3067848517062 1106.08843144587 2383.1499640874 3660.21149672893 4809.60671302651 5497.47348523054 6094.095325809 Inf
"22" 44.8484848484848 3159.46140968463 1388.50210071648 -Inf 438.04729982212 875.578693291386 1380.02436874946 2222.93097462563 3159.46140968463 4095.99184474362 4938.8984506198 5443.34412607787 5880.87551954714 Inf 3190.77308957045 1469.92538837254 -Inf 309.772268399222 772.960983157828 1306.98790686787 2199.32348156018 3190.77308957045 4182.22269758072 5074.55827227304 5608.58519598307 6071.77391074168 Inf
"23" 45.5555555555556 3783.89688212133 935.409446578252 -Inf 1950.52805602942 2245.28526123243 2585.12144143377 3152.97279816771 3783.89688212133 4414.82096607495 4982.6723228089 5322.50850301024 5617.26570821325 Inf 3872.22524277008 997.901143767438 -Inf 1916.37494085458 2230.82392710519 2593.36346971618 3199.15114959 3872.22524277008 4545.29933595017 5151.08701582399 5513.62655843497 5828.07554468559 Inf
"24" 46.2626262626263 4162.19275087957 564.828996033305 -Inf 3055.14826123037 3233.13172814683 3438.3352667481 3781.22138244156 4162.19275087957 4543.16411931758 4886.05023501104 5091.25377361231 5269.23724052877 Inf 4311.94217465623 610.59502632226 -Inf 3115.19791392531 3307.60273101153 3529.43316275919 3900.10208788116 4311.94217465623 4723.7822614313 5094.45118655327 5316.28161830093 5508.68643538714 Inf
"25" 46.969696969697 4296.54319860431 387.653276319646 -Inf 3536.75673852885 3658.91030105032 3799.74553544837 4035.07503709678 4296.54319860431 4558.01136011184 4793.34086176025 4934.1760961583 5056.32965867977 Inf 4496.1927233578 423.896802644941 -Inf 3665.37025701203 3798.94453007414 3952.94711229883 4210.2786748329 4496.1927233578 4782.10677188271 5039.43833441678 5193.44091664147 5327.01518970357 Inf
"26" 47.6767676767677 4290.26989084634 350.938975803194 -Inf 3602.44213750071 3713.02664365782 3840.52349699514 4053.56514872278 4290.26989084634 4526.97463296991 4740.01628469755 4867.51313803486 4978.09764419198 Inf 4511.82700782859 383.902666735535 -Inf 3759.39160745805 3880.3633140523 4019.83594425691 4252.88859404252 4511.82700782859 4770.76542161465 5003.81807140026 5143.29070160487 5264.26240819912 Inf
"27" 48.3838383838384 4272.67992343762 339.437406672688 -Inf 3607.39483135347 3714.35507394905 3837.67338351184 4043.73287180375 4272.67992343762 4501.62697507148 4707.6864633634 4831.00477292619 4937.96501552176 Inf 4477.20743181275 371.466810931742 -Inf 3749.14586093459 3866.19890055958 4001.15355871532 4226.65687530126 4477.20743181275 4727.75798832424 4953.26130491018 5088.21596306592 5205.26900269091 Inf
"28" 49.0909090909091 4311.19094653557 334.013272473251 -Inf 3656.53696212964 3761.78800385801 3883.1357142848 4085.90241782291 4311.19094653557 4536.47947524823 4739.24617878634 4860.59388921313 4965.84493094151 Inf 4465.1709113725 365.606776539565 -Inf 3748.59479685117 3863.80127894336 3996.6269745245 4218.57288799433 4465.1709113725 4711.76893475066 4933.71484822049 5066.54054380164 5181.74702589383 Inf
"29" 49.7979797979798 4382.54876814021 332.907333920986 -Inf 3730.06238346583 3834.96493250154 3955.9108531725 4158.00618364541 4382.54876814021 4607.09135263502 4809.18668310793 4930.13260377889 5035.0351528146 Inf 4482.17515577899 364.393668097 -Inf 3767.97669011442 3882.80090917148 4015.18587995474 4236.39536161121 4482.17515577899 4727.95494994676 4949.16443160324 5081.54940238649 5196.37362144355 Inf
"30" 50.5050505050505 4421.72684388189 332.583422906175 -Inf 3769.87531313074 3874.67579445074 3995.5040375823 4197.40273404655 4421.72684388189 4646.05095371724 4847.94965018149 4968.77789331305 5073.57837463305 Inf 4504.95737974185 364.047134663382 -Inf 3791.43810712662 3906.1531299095 4038.41220438197 4259.41131882315 4504.95737974185 4750.50344066056 4971.50255510174 5103.76162957421 5218.47665235708 Inf
"31" 51.2121212121212 4396.3274909229 332.209543344028 -Inf 3745.20875064811 3849.89141864559 3970.58383056151 4172.25555902004 4396.3274909229 4620.39942282577 4822.0711512843 4942.76356320022 5047.4462311977 Inf 4520.33435191067 363.630724939276 -Inf 3807.6312273575 3922.21503512331 4054.32282708463 4275.06915508276 4520.33435191067 4765.59954873859 4986.34587673672 5118.45366869804 5233.03747646385 Inf
"32" 51.9191919191919 4335.34369959146 331.495268152297 -Inf 3685.62491296751 3790.08250545391 3910.51541972026 4111.75353898424 4335.34369959146 4558.93386019869 4760.17197946267 4880.60489372902 4985.06248621541 Inf 4528.76532811801 362.864845691081 -Inf 3817.5632993078 3931.90577058985 4063.7353170415 4284.01670899289 4528.76532811801 4773.51394724312 4993.79533919451 5125.62488564617 5239.96735692821 Inf
"33" 52.6262626262626 4291.47583743678 331.448806995514 -Inf 3641.84811300681 3746.29106510147 3866.70709993379 4067.91701440359 4291.47583743678 4515.03466046998 4716.24457493977 4836.66060977209 4941.10356186676 Inf 4527.60423161563 362.807572109073 -Inf 3816.51445696343 3930.83888074656 4062.64761958781 4282.89424293453 4527.60423161563 4772.31422029673 4992.56084364345 5124.3695824847 5238.69400626783 Inf
"34" 53.3333333333333 4284.82429305779 331.316107803216 -Inf 3635.4566542655 3739.85779147023 3860.22561641244 4061.35497426966 4284.82429305779 4508.29361184592 4709.42296970315 4829.79079464536 4934.19193185008 Inf 4509.28754855711 362.664571676866 -Inf 3798.47804960181 3912.75741246762 4044.51419895706 4264.67401220181 4509.28754855711 4753.90108491241 4974.06089815716 5105.81768464661 5220.09704751241 Inf
"35" 54.040404040404 4291.64461768465 330.946122050044 -Inf 3643.00213764337 3747.28668850511 3867.52009686051 4068.42485049476 4291.64461768465 4514.86438487455 4715.7691385088 4836.00254686419 4940.28709772594 Inf 4477.19646619947 362.264851712144 -Inf 3767.17040397892 3881.32381094371 4012.93537834599 4232.85253686332 4477.19646619947 4721.54039553561 4941.45755405295 5073.06912145522 5187.22252842001 Inf
"36" 54.7474747474747 4285.55617837864 330.88190801025 -Inf 3637.03955554265 3741.30387189535 3861.51395115772 4062.3797229004 4285.55617837864 4508.73263385687 4709.59840559956 4829.80848486192 4934.07280121462 Inf 4451.96150305244 362.192219862599 -Inf 3742.07779664113 3856.20831655784 3987.79349665945 4207.66656315435 4451.96150305244 4696.25644295053 4916.12950944543 5047.71468954704 5161.84520946375 Inf
"37" 55.4545454545455 4273.56733169559 330.819499342267 -Inf 3625.17302760117 3729.41767833619 3849.60508440082 4050.43297022423 4273.56733169559 4496.70169316695 4697.52957899035 4817.71698505498 4921.96163579 Inf 4453.40123212272 362.126296297673 -Inf 3743.6467335244 3857.75648024298 3989.31771017757 4209.15075699347 4453.40123212272 4697.65170725197 4917.48475406787 5049.04598400245 5163.15573072104 Inf
"38" 56.1616161616162 4278.83781792667 330.831428501869 -Inf 3630.42013310907 3734.66854284584 3854.86028279875 4055.69541035943 4278.83781792667 4501.98022549391 4702.8153530546 4823.00709300751 4927.25550274427 Inf 4476.92966756958 362.138185697493 -Inf 3767.15186617582 3881.26535936744 4012.83090874548 4232.67117316202 4476.92966756958 4721.18816197715 4941.02842639369 5072.59397577173 5186.70746896335 Inf
"39" 56.8686868686869 4298.23697101711 330.876516395333 -Inf 3649.73091555218 3753.99353295118 3874.20165342873 4075.06415212787 4298.23697101711 4521.40978990635 4722.27228860549 4842.48040908304 4946.74302648204 Inf 4494.4159569416 362.187281425441 -Inf 3784.54192968926 3898.67089345327 4030.25427941048 4250.12434796875 4494.4159569416 4738.70756591444 4958.57763447271 5090.16102042993 5204.28998419393 Inf
"40" 57.5757575757576 4299.98068497604 330.806930368483 -Inf 3651.61101561757 3755.85170573876 3876.03454546931 4076.85480114867 4299.98068497604 4523.10656880342 4723.92682448278 4844.10966421333 4948.35035433452 Inf 4483.26176874683 362.111839036326 -Inf 3773.53560586007 3887.64079694587 4019.1967745276 4239.02104489218 4483.26176874683 4727.50249260149 4947.32676296607 5078.8827405478 5192.9879316336 Inf
"41" 58.2828282828283 4267.1433770051 330.715314985607 -Inf 3618.95327049749 3723.16509166262 3843.31464733572 4044.07928681444 4267.1433770051 4490.20746719576 4690.97210667448 4811.12166234757 4915.33348351271 Inf 4451.2609084062 362.012070103069 -Inf 3741.7302890354 3855.80404189696 3987.32377321957 4207.08747767442 4451.2609084062 4695.43433913799 4915.19804359283 5046.71777491545 5160.79152777701 Inf
"42" 58.989898989899 4222.97724721156 330.687092764846 -Inf 3574.84245524021 3679.04538329126 3799.18468577338 3999.93219261953 4222.97724721156 4446.02230180359 4646.76980864974 4766.90911113185 4871.11203918291 Inf 4424.8263958733 361.981600470438 -Inf 3715.35549588507 3829.4196474498 3960.92830909207 4180.67351659641 4424.8263958733 4668.97927515018 4888.72448265453 5020.2331442968 5134.29729586152 Inf
"43" 59.6969696969697 4200.7531222651 330.686558760651 -Inf 3552.61937692273 3656.82213670354 3776.96124518083 3977.70842785342 4200.7531222651 4423.79781667677 4624.54499934936 4744.68410782665 4848.88686760746 Inf 4414.40896872707 361.980278634696 -Inf 3704.9406594893 3819.00439452989 3950.51257594651 4170.25698101485 4414.40896872707 4658.5609564393 4878.30536150764 5009.81354292426 5123.87727796485 Inf
"44" 60.4040404040404 4202.83759979188 330.584915241126 -Inf 3554.90307208705 3659.07380294207 3779.17598411919 3979.8614628923 4202.83759979188 4425.81373669146 4626.49921546458 4746.60139664169 4850.77212749672 Inf 4404.80668019734 361.86995092843 -Inf 3695.55460929034 3809.58357892796 3941.05167806146 4160.72910739216 4404.80668019734 4648.88425300252 4868.56168233322 5000.02978146672 5114.05875110434 Inf
"45" 61.1111111111111 4204.53528850754 330.443388631769 -Inf 3556.8781478599 3661.00428221444 3781.05504648264 3981.65460985536 4204.53528850754 4427.41596715973 4628.01553053245 4748.06629480064 4852.19242915518 Inf 4383.20110087984 361.716080646335 -Inf 3674.25061018403 3788.23109370204 3919.64329144487 4139.22731200278 4383.20110087984 4627.17488975689 4846.7589103148 4978.17110805763 5092.15159157564 Inf
"46" 61.8181818181818 4188.74580992441 330.292572956555 -Inf 3541.3842625685 3645.46287334169 3765.45884596419 3965.96685489932 4188.74580992441 4411.5247649495 4612.03277388464 4732.02874650713 4836.10735728033 Inf 4359.93551786287 361.551320803007 -Inf 3651.30795052609 3765.23651651094 3896.58885666305 4116.07285781138 4359.93551786287 4603.79817791435 4823.28217906268 4954.63451921479 5068.56308519965 Inf
"47" 62.5252525252525 4161.50448934308 330.15520108831 -Inf 3514.41218590141 3618.44750937608 3738.39357451567 3938.81819023509 4161.50448934308 4384.19078845107 4584.6154041705 4704.56146931008 4808.59679278475 Inf 4349.58814331149 361.402681806557 -Inf 3641.25190305444 3755.13363135198 3886.43197065027 4105.82573873959 4349.58814331149 4593.35054788338 4812.7443159727 4944.04265527099 5057.92438356853 Inf
"48" 63.2323232323232 4139.22956932565 330.153131642598 -Inf 3492.14132192304 3596.17599329393 3716.12130659962 3916.54466603758 4139.22956932565 4361.91447261372 4562.33783205167 4682.28314535736 4786.31781672825 Inf 4346.07916589746 361.399529754847 -Inf 3637.74910354825 3751.62983860165 3882.92703275306 4102.31888735213 4346.07916589746 4589.83944444279 4809.23129904187 4940.52849319328 5054.40922824667 Inf
"49" 63.9393939393939 4134.04960617478 330.167086382132 -Inf 3486.93400798528 3590.97307663913 3710.92345973046 3911.35529055793 4134.04960617478 4356.74392179164 4557.17575261911 4677.12613571043 4781.16520436429 Inf 4334.16562993716 361.415090998112 -Inf 3625.80506811159 3739.69070667392 3870.99355425708 4090.39485549275 4334.16562993716 4577.93640438157 4797.33770561723 4928.6405532004 5042.52619176272 Inf
"50" 64.6464646464646 4146.59656524694 330.186897410904 -Inf 3499.44213815454 3603.48744946876 3723.44502994768 3923.88888729424 4146.59656524694 4369.30424319964 4569.7481005462 4689.70568102512 4793.75099233933 Inf 4315.82558248235 361.436556297567 -Inf 3607.42294944294 3721.31535194345 3852.62599791415 4072.04032991347 4315.82558248235 4559.61083505123 4779.02516705055 4910.33581302125 5024.22821552177 Inf
"51" 65.3535353535354 4161.12801720223 330.115628438265 -Inf 3514.11327472942 3618.13612845218 3738.06781676643 3938.46840944108 4161.12801720223 4383.78762496338 4584.18821763803 4704.11990595227 4808.14275967503 Inf 4305.53899282377 361.358078217468 -Inf 3597.29017399492 3711.15784723955 3842.43998196198 4061.80667291553 4305.53899282377 4549.27131273201 4768.63800368555 4899.92013840799 5013.78781165261 Inf
"52" 66.0606060606061 4153.5329979391 329.949160899664 -Inf 3506.84452584655 3610.81492392369 3730.68613423801 3930.98567082648 4153.5329979391 4376.08032505172 4576.37986164019 4696.2510719545 4800.22147003165 Inf 4304.02209685893 361.178463308812 -Inf 3596.12531678214 3709.93639150867 3841.15327176453 4060.41092536556 4304.02209685893 4547.6332683523 4766.89092195333 4898.10780220919 5011.91887693572 Inf
"53" 66.7676767676768 4116.69805142063 329.972236364971 -Inf 3469.96435224715 3573.94202164242 3693.82161532085 3894.13516014318 4116.69805142063 4339.26094269808 4539.57448752041 4659.45408119884 4763.43175059411 Inf 4295.06006579222 361.202363171356 -Inf 3587.1164428456 3700.93504866637 3832.16061179156 4051.43277408654 4295.06006579222 4538.6873574979 4757.95951979288 4889.18508291807 5003.00368873883 Inf
"54" 67.4747474747475 4072.45621301561 329.98967183496 -Inf 3425.6883409489 3529.67150444135 3649.55743246197 3849.88156169236 4072.45621301561 4295.03086433886 4495.35499356926 4615.24092158987 4719.22408508233 Inf 4267.46316076225 361.221548478077 -Inf 3559.48193530543 3673.30658661506 3804.53911980172 4023.82292876383 4267.46316076225 4511.10339276067 4730.38720172277 4861.61973490944 4975.44438621907 Inf
"55" 68.1818181818182 4046.32591578253 329.929395710426 -Inf 3399.67618274903 3503.64035261033 3623.50438219065 3823.79192008746 4046.32591578253 4268.8599114776 4469.14744937441 4589.01147895473 4692.97564881603 Inf 4225.93726714371 361.156391822394 -Inf 3518.08374638538 3631.88786615793 3763.09672779728 3982.3409826417 4225.93726714371 4469.53355164571 4688.77780649013 4819.98666812948 4933.79078790203 Inf
"56" 68.8888888888889 4037.33406923331 329.938255094418 -Inf 3390.66697212626 3494.63393367121 3614.501181884 3814.79409797454 4037.33406923331 4259.87404049207 4460.16695658261 4580.0342047954 4684.00116634035 Inf 4182.4857336003 361.165669746505 -Inf 3474.61402844487 3588.42107178741 3719.6333041157 3938.88319123358 4182.4857336003 4426.08827596702 4645.3381630849 4776.5503954132 4890.35743875574 Inf
"57" 69.5959595959596 4026.39497162424 330.029903415078 -Inf 3379.54824710945 3483.5440879895 3603.44463222611 3803.79318451256 4026.39497162424 4248.99675873591 4449.34531102236 4569.24585525897 4673.24169613902 Inf 4149.87190181144 361.26595483146 -Inf 3441.8036415013 3555.64228571282 3686.89095181921 3906.20171818282 4149.87190181144 4393.54208544006 4612.85285180366 4744.10151791005 4857.94016212157 Inf
"58" 70.3030303030303 4005.71944789413 330.182392706372 -Inf 3358.57384986038 3462.61774169554 3582.57368560602 3783.01480831846 4005.71944789413 4228.4240874698 4428.86521018224 4548.82115409272 4652.86504592788 Inf 4137.67447258059 361.430881635092 -Inf 3429.28296167525 3543.17357603084 3674.48216038497 3893.89304751339 4137.67447258059 4381.45589764779 4600.86678477621 4732.17536913034 4846.06598348593 Inf
"59" 71.010101010101 3980.90572029962 330.119967596024 -Inf 3333.88247323388 3437.90669427019 3557.8399590094 3758.24318582104 3980.90572029962 4203.5682547782 4403.97148158983 4523.90474632904 4627.92896736535 Inf 4137.95195546223 361.362955487253 -Inf 3429.69357736027 3543.56278748312 3674.84669412772 3894.21634588552 4137.95195546223 4381.68756503895 4601.05721679675 4732.34112344135 4846.2103335642 Inf
"60" 71.7171717171717 3950.47321033202 329.891955981988 -Inf 3303.89685781785 3407.84923003293 3527.69965768273 3727.96446735003 3950.47321033202 4172.98195331401 4373.24676298131 4493.09719063111 4597.04956284619 Inf 4121.43366337572 361.11592226096 -Inf 3413.65946150028 3527.45082889486 3658.64498785911 3877.8646751781 4121.43366337572 4365.00265157335 4584.22233889234 4715.41649785659 4829.20786525117 Inf
"61" 72.4242424242424 3908.40638147057 329.906120210347 -Inf 3261.80226757895 3365.75910308909 3485.61467663225 3685.88808486173 3908.40638147057 4130.9246780794 4331.19808630888 4451.05365985204 4555.01049536219 Inf 4071.80111650365 361.131048455743 -Inf 3363.9972678312 3477.79340164643 3608.99305598843 3828.22192584269 4071.80111650365 4315.38030716461 4534.60917701887 4665.80883136087 4779.60496517609 Inf
"62" 73.1313131313131 3868.44576117993 330.196723354266 -Inf 3221.27207559243 3325.32048316317 3445.28163342757 3645.73145572914 3868.44576117993 4091.16006663071 4291.60988893228 4411.57103919668 4515.61944676742 Inf 4021.67782410084 361.447202462991 -Inf 3313.25432496062 3427.15008217812 3558.46459592268 3777.8853908025 4021.67782410084 4265.47025739917 4484.891052279 4616.20556602355 4730.10132324106 Inf
"63" 73.8383838383838 3859.82996452131 330.417921748705 -Inf 3212.22273804728 3316.34084752319 3436.38235962027 3636.96646302072 3859.82996452131 4082.69346602191 4283.27756942236 4403.31908151944 4507.43719099535 Inf 4023.90919820981 361.68695966181 -Inf 3315.01578359487 3428.98709078903 3560.38870881815 3779.95505113834 4023.90919820981 4267.86334528129 4487.42968760147 4618.83130563059 4732.80261282475 Inf
"64" 74.5454545454545 3888.008197819 330.468891563226 -Inf 3240.3010723442 3344.43524293659 3464.49527247236 3665.11031770094 3888.008197819 4110.90607793706 4311.52112316564 4431.5811527014 4535.7153232938 Inf 4077.904918713 361.744704059991 -Inf 3368.89832715732 3482.88783020944 3614.31042689745 3833.91182363682 4077.904918713 4321.89801378918 4541.49941052855 4672.92200721656 4786.91151026868 Inf
"65" 75.2525252525253 3919.39695742875 330.839256318245 -Inf 3270.96393037298 3375.21480673576 3495.4093905505 3696.2492700796 3919.39695742875 4142.5446447779 4343.38452430701 4463.57910812175 4567.82998448453 Inf 4115.40344840969 362.146398437083 -Inf 3405.60955034211 3519.72563145304 3651.29416453631 3871.13941459345 4115.40344840969 4359.66748222593 4579.51273228307 4711.08126536634 4825.19734647726 Inf
"66" 75.959595959596 3919.19735275094 331.191455230168 -Inf 3270.0740285124 3374.43588640026 3494.75842480573 3695.81211084567 3919.19735275094 4142.58259465622 4343.63628069616 4463.95881910162 4568.32067698948 Inf 4081.27635843622 362.527359829792 -Inf 3370.73578975944 3484.97191575105 3616.6788528936 3836.75537006538 4081.27635843622 4325.79734680707 4545.87386397885 4677.5808011214 4791.81692711301 Inf
"67" 76.6666666666667 3889.84480668945 331.370462004921 -Inf 3240.37063561941 3344.78890039607 3465.17647233181 3666.33882654939 3889.84480668945 4113.35078682951 4314.5131410471 4434.90071298283 4539.3189777595 Inf 4004.90154951911 362.728815981337 -Inf 3293.96613404083 3408.26574095239 3540.04586753008 3760.24468103893 4004.90154951911 4249.55841799928 4469.75723150813 4601.53735808582 4715.83696499738 Inf
"68" 77.3737373737374 3858.17224114517 332.318481792219 -Inf 3206.83998543539 3311.55698106623 3432.28897054495 3634.02683137559 3858.17224114517 4082.31765091474 4284.05551174539 4404.78750122411 4509.50449685495 Inf 3960.74240383549 363.751766029078 -Inf 3247.80204310566 3362.42399217256 3494.57575861131 3715.39556603316 3960.74240383549 4206.08924163783 4426.90904905967 4559.06081549843 4673.68276456533 Inf
"69" 78.0808080808081 3838.42409764138 333.504903579247 -Inf 3184.76649795855 3289.85734738296 3411.0203663426 3613.47845853705 3838.42409764138 4063.36973674572 4265.82782894017 4386.99084789981 4492.08169732421 Inf 3970.58467347547 365.049389032806 -Inf 3255.10101839282 3370.13186190844 3502.75505745938 3724.3626022575 3970.58467347547 4216.80674469344 4438.41428949156 4571.0374850425 4686.06832855812 Inf
"70" 78.7878787878788 3826.4418506269 334.819591592926 -Inf 3170.20750978635 3275.71263102086 3397.35327884598 3600.60946793263 3826.4418506269 4052.27423332116 4255.53042240781 4377.17107023293 4482.67619146744 Inf 3979.97513667266 366.473947502957 -Inf 3261.69939829465 3377.1791349392 3510.31987551894 3732.79221536802 3979.97513667266 4227.15805797731 4449.63039782639 4582.77113840613 4698.25087505068 Inf
"71" 79.4949494949495 3819.92604964502 336.447903446748 -Inf 3160.50027621538 3266.51849538042 3388.75071225864 3592.99538729523 3819.92604964502 4046.85671199481 4251.1013870314 4373.33360390962 4479.35182307466 Inf 3933.10147884335 368.243308413178 -Inf 3211.35785680565 3327.39513739932 3461.17869044512 3684.72514174037 3933.10147884335 4181.47781594633 4405.02426724158 4538.80782028738 4654.84510088106 Inf
"72" 80.2020202020202 3816.4662864034 340.762928920674 -Inf 3148.58321845249 3255.96114683762 3379.76102136554 3586.62518359961 3816.4662864034 4046.30738920719 4253.17155144125 4376.97142596917 4484.3493543543 Inf 3836.29093231749 372.947569920694 -Inf 3105.3271271512 3222.8467692707 3358.33939021957 3584.74161904545 3836.29093231749 4087.84024558953 4314.24247441541 4449.73509536428 4567.25473748378 Inf
"73" 80.9090909090909 3782.84774072229 351.017928750655 -Inf 3094.86524244316 3205.47462749178 3333.00016459766 3546.08974564491 3782.84774072229 4019.60573579966 4232.69531684691 4360.2208539528 4470.83023900142 Inf 3726.66726470101 383.955713515058 -Inf 2974.12789455312 3095.11631673703 3234.60821894599 3467.69307140588 3726.66726470101 3985.64145799614 4218.72631045603 4358.21821266499 4479.2066348489 Inf
"74" 81.6161616161616 3644.62202420825 375.681212678333 -Inf 2908.30037769039 3026.68141895677 3163.16717795464 3391.22889691548 3644.62202420825 3898.01515150102 4126.07687046186 4262.56262945973 4380.94367072612 Inf 3595.97447784058 411.050447116113 -Inf 2790.33040566391 2919.85665904161 3069.19213382111 3318.72516444724 3595.97447784058 3873.22379123391 4122.75682186004 4272.09229663954 4401.61855001724 Inf
"75" 82.3232323232323 3327.34979884466 507.521443436344 -Inf 2332.62604832764 2492.55131185274 2676.93489846136 2985.03178724212 3327.34979884466 3669.66781044719 3977.76469922796 4162.14828583658 4322.07354936168 Inf 3372.71728233292 550.885269177086 -Inf 2293.00199513218 2466.59164929285 2666.72940318357 3001.15081473897 3372.71728233292 3744.28374992687 4078.70516148227 4278.84291537299 4452.43256953366 Inf
"76" 83.030303030303 2816.60387360568 837.172613616847 -Inf 1175.7757020734 1439.57746371357 1743.72399999395 2251.93952657626 2816.60387360568 3381.26822063511 3889.48374721742 4193.6302834978 4457.43204513797 Inf 2985.09331112678 895.876680031053 -Inf 1229.2072836766 1511.50730467646 1836.98114929808 2380.83367300614 2985.09331112678 3589.35294924742 4133.20547295548 4458.6793175771 4740.97933857696 Inf
"77" 83.7373737373737 2179.4736717799 1281.87388119064 -Inf -332.95296807633 70.9787690091143 536.686192509301 1314.86287787274 2179.4736717799 3044.08446568705 3822.2611510505 4287.96857455068 4691.90031163613 Inf 2433.17359358402 1359.38086650724 -Inf -231.163946043029 197.191044901143 691.056915940284 1516.28513251221 2433.17359358402 3350.06205465582 4175.29027122775 4669.15614226689 5097.51113321106 Inf
"78" 84.4444444444444 1530.05424518448 1709.20180257578 -Inf -1819.919730175 -1281.33253897429 -660.376000738171 377.215148330444 1530.05424518448 2682.89334203851 3720.48449110712 4341.44102934325 4880.02822054395 Inf 1799.64066522173 1803.10211560717 -Inf -1734.37454181629 -1166.19838939859 -511.127673871414 583.466769687829 1799.64066522173 3015.81456075564 4110.40900431488 4765.47971984206 5333.65587225976 Inf
"79" 85.1515151515152 971.568197679708 2029.93723962433 -Inf -3007.03568286063 -2367.38143340023 -1629.90104971814 -397.60366398823 971.568197679708 2340.74005934765 3573.03744507755 4310.51782875965 4950.17207822005 Inf 1199.2627478885 2134.83157508461 -Inf -2984.93025233625 -2312.22271131994 -1536.63399933522 -240.659267901024 1199.2627478885 2639.18476367803 3935.15949511223 4710.74820709694 5383.45574811325 Inf
"80" 85.8585858585859 557.738579188219 2222.07697987901 -Inf -3797.45227225018 -3097.25280053115 -2289.96765313635 -941.02956788684 557.738579188219 2056.50672626328 3405.44481151279 4212.72995890758 4912.92943062662 Inf 718.326316926486 2332.77611992073 -Inf -3853.83086211322 -3118.7489447909 -2271.24657162298 -855.107265462228 718.326316926486 2291.7598993152 3707.89920547595 4555.40157864387 5290.4834959662 Inf
"81" 86.5656565656566 289.655835752568 2313.95713923055 -Inf -4245.61681890865 -3516.46495732106 -2675.79955863145 -1271.08453705149 289.655835752568 1850.39620855662 3255.11123013659 4095.77662882619 4824.92849041379 Inf 386.744211640089 2427.06815516253 -Inf -4370.22196050254 -3605.42764623742 -2723.6687822919 -1250.28838204435 386.744211640089 2023.77680532453 3497.15720557208 4378.91606951759 5143.71038378272 Inf
"82" 87.2727272727273 136.243129198862 2348.82517337242 -Inf -4467.36961659213 -3727.23047629768 -2873.89744892713 -1448.01537524337 136.243129198862 1720.50163364109 3146.38370732486 3999.71673469541 4739.85587498985 Inf 187.368096146367 2462.72040307477 -Inf -4639.47519787214 -3863.44649101856 -2968.73509191273 -1473.71157332633 187.368096146367 1848.44776561906 3343.47128420547 4238.18268331129 5014.21139016488 Inf
"83" 87.979797979798 58.1048981746118 2359.28046187352 -Inf -4565.99983652652 -3822.5661265338 -2965.43467129819 -1533.20559119696 58.1048981746118 1649.41538754618 3081.64446764742 3938.77592288302 4682.20963287574 Inf 81.8002383231002 2473.37483724586 -Inf -4765.92536294639 -3986.53933353125 -3087.95715652795 -1586.46573779213 81.8002383231002 1750.06621443833 3251.55763317415 4150.13981017745 4929.52583959259 Inf
"84" 88.6868686868687 22.4890468060366 2361.75743812837 -Inf -4606.47047214515 -3862.25624127903 -3004.22489546398 -1570.4921376609 22.4890468060366 1615.47023127298 3049.20298907605 3907.2343348911 4651.44856575722 Inf 32.2258027803684 2475.89143304281 -Inf -4820.4322356148 -4040.25320079818 -3140.75673935411 -1637.7375914053 32.2258027803684 1702.18919696603 3205.20834491485 4104.70480635891 4884.88384117554 Inf
"85" 89.3939393939394 7.90424602657752 2362.22266657808 -Inf -4621.96710393063 -3877.60627476136 -3019.4059104915 -1585.39073026119 7.90424602657752 1601.19922231435 3035.21440254466 3893.41476681451 4637.77559598378 Inf 11.4700005645006 2476.36286923162 -Inf -4842.11203578174 -4061.78444653908 -3162.1167113558 -1658.81137249839 11.4700005645006 1681.75137362739 3185.0567124848 4084.72444766808 4865.05203691074 Inf
"86" 90.1010101010101 2.52364369118208 2362.29226869988 -Inf -4627.484123918 -3883.10136239924 -3024.87571153505 -1590.81827851433 2.52364369118208 1595.8655658967 3029.92299891742 3888.1486497816 4632.53141130036 Inf 3.69188728039707 2476.43324085562 -Inf -4850.02807491443 -4069.67831084417 -3169.98500950482 -1666.63695072159 3.69188728039707 1674.02072528238 3177.36878406561 4077.06208540496 4857.41184947522 Inf
"87" 90.8080808080808 0.732004357068177 2362.30060109886 -Inf -4629.29209445402 -3884.90670731004 -3026.67802926813 -1592.61553796616 0.732004357068177 1594.07954668029 3028.14203798227 3886.37071602417 4630.75610316816 Inf 1.07539697691614 2476.44164892205 -Inf -4852.66104472528 -4072.3086311862 -3172.61227517898 -1669.25911217969 1.07539697691614 1671.40990613352 3174.76306913282 4074.45942514003 4854.81183867911 Inf
"88" 91.5151515151515 0.192874028471683 2362.30140239064 -Inf -4629.83279528563 -3885.44715564631 -3027.21818649345 -1593.15520875784 0.192874028471683 1593.54095681478 3027.6039345504 3885.83290370326 4630.21854334258 Inf 0.283623226187348 2476.44245612041 -Inf -4853.45440055573 -4073.10173266008 -3173.40508339604 -1670.05143037744 0.283623226187348 1670.61867682981 3173.97232984842 4073.66897911246 4854.0216470081 Inf
"89" 92.2222222222222 0.0461536563541172 2362.30146448622 -Inf -4629.97963736287 -3885.59397815659 -3027.36498644427 -1593.3019710128 0.0461536563541172 1593.3942783255 3027.45729375698 3885.68628546929 4630.07194467558 Inf 0.0677497673717603 2476.44251858146 -Inf -4853.67039643596 -4073.31770885819 -3173.62103690191 -1670.26734596559 0.0677497673717603 1670.40284550034 3173.75653643666 4073.45320839293 4853.8058959707 Inf
"90" 92.9292929292929 0.0100270296435336 2362.30146837401 -Inf -4630.0157716095 -3885.63011117814 -3027.40111805338 -1593.33810026178 0.0100270296435336 1593.35815432107 3027.42117211266 3885.65016523742 4630.03582566879 Inf 0.014660444409014 2476.44252248709 -Inf -4853.72349341381 -4073.37080460534 -3173.67413123014 -1670.32043792286 0.014660444409014 1670.34975881168 3173.70345211896 4073.40012549415 4853.75281430263 Inf
"91" 93.6363636363636 0.00197704129855803 2362.30146857109 -Inf -4630.02382198411 -3885.63816149064 -3027.40916829429 -1593.34615038305 0.00197704129855803 1593.35010446565 3027.41312237688 3885.64211557324 4630.0277760667 Inf 0.00287405551411979 2476.44252268485 -Inf -4853.73528019031 -4073.38259131952 -3173.68591787248 -1670.33222444514 0.00287405551411979 1670.33797255617 3173.6916659835 4073.38833943054 4853.74102830133 Inf
"92" 94.3434343434343 0.000353651333779331 2362.30146857919 -Inf -4630.02544538995 -3885.63978489393 -3027.41079169463 -1593.34777377848 0.000353651333779331 1593.34848108115 3027.4114989973 3885.6404921966 4630.02615269262 Inf 0.000510452497299454 2476.44252269297 -Inf -4853.73764380924 -4073.38495493589 -3173.6882814859 -1670.33458805364 0.000510452497299454 1670.33560895863 3173.6893023909 4073.38597584088 4853.73866471424 Inf
"93" 95.0505050505051 5.73712851775665e-05 2362.30146857946 -Inf -4630.02574167053 -3885.64008117443 -3027.41108797503 -1593.34807005871 5.73712851775665e-05 1593.34818480128 3027.4112027176 3885.640195917 4630.0258564131 Inf 8.21314945342033e-05 2476.44252269324 -Inf -4853.73807213078 -4073.38538325734 -3173.68870980725 -1670.33501637483 8.21314945342033e-05 1670.33518063781 3173.68887407024 4073.38554752033 4853.73823639376 Inf
"94" 95.7575757575758 8.43777067363701e-06 2362.30146857947 -Inf -4630.02579060406 -3885.64013010795 -3027.41113690855 -1593.34811899223 8.43777067363701e-06 1593.34813586777 3027.41115378409 3885.64014698349 4630.0258074796 Inf 1.19709063204473e-05 2476.44252269325 -Inf -4853.73814229138 -4073.38545341794 -3173.68877996785 -1670.33508653542 1.19709063204473e-05 1670.33511047723 3173.68880390966 4073.38547735975 4853.73816623319 Inf
"95" 96.4646464646465 1.12471505247077e-06 2362.30146857947 -Inf -4630.02579791712 -3885.64013742101 -3027.41114422161 -1593.34812630529 1.12471505247077e-06 1593.34812855472 3027.41114647104 3885.64013967044 4630.02580016655 Inf 1.58040564428871e-06 2476.44252269325 -Inf -4853.73815268188 -4073.38546380844 -3173.68879035835 -1670.33509692592 1.58040564428871e-06 1670.33510008673 3173.68879351916 4073.38546696925 4853.73815584269 Inf
"96" 97.1717171717172 1.35838096230961e-07 2362.30146857947 -Inf -4630.02579890599 -3885.64013840989 -3027.41114521049 -1593.34812729416 1.35838096230961e-07 1593.34812756584 3027.41114548216 3885.64013868156 4630.02579917767 Inf 1.88969845795287e-07 2476.44252269325 -Inf -4853.73815407331 -4073.38546519988 -3173.68879174979 -1670.33509831736 1.88969845795287e-07 1670.33509869529 3173.68879212773 4073.38546557781 4853.73815445126 Inf
"97" 97.8787878787879 1.4861490766394e-08 2362.30146857947 -Inf -4630.02579902697 -3885.64013853086 -3027.41114533146 -1593.34812741514 1.4861490766394e-08 1593.34812744486 3027.41114536119 3885.64013856058 4630.02579905669 Inf 2.04624063447673e-08 2476.44252269325 -Inf -4853.73815424182 -4073.38546536839 -3173.68879191829 -1670.33509848586 2.04624063447673e-08 1670.33509852679 3173.68879195922 4073.38546540931 4853.73815428275 Inf
"98" 98.5858585858586 1.47257101841712e-09 2362.30146857947 -Inf -4630.02579904036 -3885.64013854425 -3027.41114534485 -1593.34812742853 1.47257101841712e-09 1593.34812743147 3027.4111453478 3885.6401385472 4630.0257990433 Inf 2.00641397195132e-09 2476.44252269325 -Inf -4853.73815426028 -4073.38546538684 -3173.68879193675 -1670.33509850432 2.00641397195132e-09 1670.33509850833 3173.68879194076 4073.38546539085 4853.73815426429 Inf
"99" 99.2929292929293 1.32125694706388e-10 2362.30146857947 -Inf -4630.0257990417 -3885.64013854559 -3027.41114534619 -1593.34812742987 1.32125694706388e-10 1593.34812743013 3027.41114534646 3885.64013854586 4630.02579904196 Inf 1.7813366323353e-10 2476.44252269325 -Inf -4853.73815426211 -4073.38546538867 -3173.68879193858 -1670.33509850615 1.7813366323353e-10 1670.3350985065 3173.68879193893 4073.38546538902 4853.73815426246 Inf
"100" 100 1.07332403000611e-11 2362.30146857947 -Inf -4630.02579904182 -3885.64013854571 -3027.41114534631 -1593.34812742999 1.07332403000611e-11 1593.34812743001 3027.41114534634 3885.64013854573 4630.02579904184 Inf 1.43185216645055e-11 2476.44252269325 -Inf -4853.73815426227 -4073.38546538883 -3173.68879193874 -1670.33509850631 1.43185216645055e-11 1670.33509850634 3173.68879193877 4073.38546538886 4853.7381542623 Inf
