"mid_age" "mean_left" "std_left" "min_left" "l.q2.5" "l.q5" "l.q10" "l.q25" "l.q50" "l.q75" "l.q90" "l.q95" "l.q97.5" "max_left" "mean_right" "std_right" "min_right" "r.q2.5" "r.q5" "r.q10" "r.q25" "r.q50" "r.q75" "r.q90" "r.q95" "r.q97.5" "max_right"
"1" 30 3.13952766922776e-09 2343.57368800946 -Inf -4593.32002361112 -3854.83568074726 -3003.41052883452 -1580.71643138847 3.13952766922776e-09 1580.71643139475 3003.4105288408 3854.83568075354 4593.32002361739 Inf 2.57722451151919e-09 2473.88197342975 -Inf -4848.7195699226 -4069.17373664321 -3170.40731601888 -1668.60803427064 2.57722451151919e-09 1668.6080342758 3170.40731602403 4069.17373664836 4848.71956992775 Inf
"2" 30.7070707070707 3.23813336104438e-08 2343.57368800946 -Inf -4593.32002358187 -3854.83568071802 -3003.41052880528 -1580.71643135923 3.23813336104438e-08 1580.71643142399 3003.41052887004 3854.83568078278 4593.32002364664 Inf 2.68075219736818e-08 2473.88197342975 -Inf -4848.71956989837 -4069.17373661898 -3170.40731599465 -1668.60803424641 2.68075219736818e-08 1668.60803430003 3170.40731604826 4069.17373667259 4848.71956995198 Inf
"3" 31.4141414141414 3.0209968445449e-07 2343.57368800946 -Inf -4593.32002331216 -3854.8356804483 -3003.41052853556 -1580.71643108951 3.0209968445449e-07 1580.71643169371 3003.41052913976 3854.8356810525 4593.32002391635 Inf 2.52374212939571e-07 2473.88197342975 -Inf -4848.7195696728 -4069.17373639341 -3170.40731576908 -1668.60803402084 2.52374212939571e-07 1668.60803452559 3170.40731627383 4069.17373689815 4848.71957017755 Inf
"4" 32.1212121212121 2.54921744298163e-06 2343.57368800946 -Inf -4593.32002106504 -3854.83567820119 -3003.41052628844 -1580.71642884239 2.54921744298163e-06 1580.71643394083 3003.41053138688 3854.83568329962 4593.32002616347 Inf 2.15032487655688e-06 2473.88197342975 -Inf -4848.71956777485 -4069.17373449546 -3170.40731387113 -1668.60803212289 2.15032487655688e-06 1668.60803642354 3170.40731817178 4069.17373879611 4848.7195720755 Inf
"5" 32.8282828282828 1.94551150713696e-05 2343.57368800946 -Inf -4593.32000415914 -3854.83566129529 -3003.41050938255 -1580.7164119365 1.94551150713696e-05 1580.71645084673 3003.41054829278 3854.83570020552 4593.32004306937 Inf 1.65810339021182e-05 2473.88197342975 -Inf -4848.71955334414 -4069.17372006475 -3170.40729944042 -1668.60801769218 1.65810339021182e-05 1668.60805085425 3170.40733260249 4069.17375322681 4848.71958650621 Inf
"6" 33.5353535353535 0.00013427386325751 2343.57368800946 -Inf -4593.31988934038 -3854.83554647653 -3003.41039456379 -1580.71629711775 0.00013427386325751 1580.71656566547 3003.41066311152 3854.83581502426 4593.32015788811 Inf 0.000115699830432003 2473.88197342974 -Inf -4848.71945422534 -4069.17362094595 -3170.40720032162 -1668.60791857339 0.000115699830432003 1668.60814997305 3170.40743172128 4069.1738523456 4848.719685625 Inf
"7" 34.2424242424242 0.000837970887883906 2343.5736880093 -Inf -4593.31918564305 -3854.83484277925 -3003.40969086657 -1580.71559342062 0.000837970887883906 1580.71726936239 3003.41136680834 3854.83651872102 4593.32086158483 Inf 0.000730493157137499 2473.88197342959 -Inf -4848.7188394317 -4069.17300615236 -3170.40658552809 -1668.60730377995 0.000730493157137499 1668.60876476627 3170.40804651441 4069.17446713867 4848.72030041802 Inf
"8" 34.9494949494949 0.00472803246432858 2343.57368800456 -Inf -4593.31529557219 -3854.83095270988 -3003.40580079892 -1580.71170335584 0.00472803246432858 1580.72115942077 3003.41525686385 3854.8404087748 4593.32475163711 Inf 0.00417243305374534 2473.88197342485 -Inf -4848.71539748253 -4069.16956420468 -3170.40314358213 -1668.60386183686 0.00417243305374534 1668.61220670297 3170.41148844824 4069.17790907078 4848.72374234863 Inf
"9" 35.6565656565657 0.024113580171027 2343.57368788793 -Inf -4593.29590979588 -3854.81156697033 -3003.38641510174 -1580.69231772947 0.024113580171027 1580.74054488981 3003.43464226208 3854.85979413067 4593.34413695622 Inf 0.021555242705893 2473.88197330809 -Inf -4848.69801444402 -4069.15218120297 -3170.38576062284 -1668.58647894845 0.021555242705893 1668.62958943387 3170.42887110825 4069.19529168838 4848.74112492943 Inf
"10" 36.3636363636364 0.111138624027521 2343.57368555404 -Inf -4593.20888017768 -3854.72453808756 -3003.29938706688 -1580.60529111143 0.111138624027521 1580.82756835948 3003.52166431493 3854.94681533561 4593.43115742574 Inf 0.100687074469343 2473.88197096672 -Inf -4848.61887802326 -4069.07304552 -3170.30662579049 -1668.50734553746 0.100687074469343 1668.7087196864 3170.50799993943 4069.27441966893 4848.8202521722 Inf
"11" 37.0707070707071 0.462758242845893 2343.57364763432 -Inf -4592.85718623758 -3854.37285609636 -3002.94771885199 -1580.25364591615 0.462758242845893 1581.17916240184 3003.87323533768 3855.29837258204 4593.78270272327 Inf 0.425086969109021 2473.88193283969 -Inf -4848.29440340101 -4068.74858291197 -3169.98217703409 -1668.18291992653 0.425086969109021 1669.03309386475 3170.83235097231 4069.59875685018 4849.14457733923 Inf
"12" 37.7777777777778 1.74003742524194 2343.57314824799 -Inf -4591.57892827597 -3853.09475549655 -3001.66979968026 -1578.97602990279 1.74003742524194 1582.45610475327 3005.14987453074 3856.57483034703 4595.05900312645 Inf 1.62122135828265 2473.88142949365 -Inf -4847.09728247174 -4067.55162059224 -3168.78539758102 -1666.98644603562 1.62122135828265 1670.22888875218 3172.02784029759 4070.7940633088 4850.3397251883 Inf
"13" 38.4848484848485 5.90565126046645 2343.56782892219 -Inf -4587.40288875376 -3848.92039214899 -2997.49736885473 -1574.80682823684 5.90565126046645 1586.61813075777 3009.30867137567 3860.73169466992 4599.21419127469 Inf 5.58197555945917 2473.87605374074 -Inf -4843.12599198847 -4063.5820240644 -3164.81775407529 -1663.0220659442 5.58197555945917 1674.18601706312 3175.98170519421 4074.74597518331 4854.28994310739 Inf
"14" 39.1919191919192 18.0811761825207 2343.52212748638 -Inf -4575.13779066347 -3836.66969505448 -2985.26327518606 -1562.60047816476 18.0811761825207 1598.7628305298 3021.4256275511 3872.83204741952 4611.30014302851 Inf 17.3369287531418 2473.82973410338 -Inf -4831.28025397378 -4051.7508818472 -3153.00343987783 -1651.23587062989 17.3369287531418 1685.90972813617 3187.67729738411 4086.42473935348 4865.95411148006 Inf
"15" 39.8989898989899 49.9037844777645 2343.20652255171 -Inf -4542.69660806293 -3804.32796283777 -2953.0362028927 -1530.56499757597 49.9037844777645 1630.3725665315 3052.84377184823 3904.13553179329 4642.50417701846 Inf 48.5272889675447 2473.50885416182 -Inf -4799.46098063056 -4020.03272109711 -3121.40185547197 -1619.82908018386 48.5272889675447 1716.88365811895 3218.45643340706 4117.08729903219 4896.51555856565 Inf
"16" 40.6060606060606 124.063317204064 2341.46212861663 -Inf -4465.11812604903 -3727.29915742052 -2876.64113938798 -1455.22888902015 124.063317204064 1703.35552342828 3124.7677737961 3975.42579182865 4713.24476045716 Inf 122.280491956258 2471.72922739825 -Inf -4722.21977327932 -3943.35229257171 -3045.36796901831 -1544.87553718394 122.280491956258 1789.43652109646 3289.92895293083 4187.91327648422 4966.78075719184 Inf
"17" 41.3131313131313 277.576616150915 2333.78177200434 -Inf -4296.55160475366 -3561.15279604366 -2713.2850674007 -1296.53526826046 277.576616150915 1851.68850056229 3268.43829970253 4116.30602834549 4851.70483705549 Inf 277.054854003007 2463.864585878 -Inf -4552.03099710157 -3775.64174639571 -2880.51466331885 -1384.79655504282 277.054854003007 1938.90626304883 3434.62437132486 4329.75145440172 5106.14070510758 Inf
"18" 42.020202020202 558.449746891961 2306.95135851426 -Inf -3963.09182988173 -3236.14756236084 -2398.02737824723 -997.56529862683 558.449746891961 2114.46479241075 3514.92687203115 4353.04705614476 5079.99132366565 Inf 563.746712459866 2436.28080583513 -Inf -4211.27592320322 -3443.57860729031 -2558.47276836441 -1079.49971967538 563.746712459866 2206.99314459511 3685.96619328414 4571.07203221004 5338.76934812295 Inf
"19" 42.7272727272727 1009.61457834251 2232.67142430963 -Inf -3366.34100261612 -2662.8031117241 -1851.6689808282 -496.299412910028 1009.61457834251 2515.52856959504 3870.89813751321 4682.03226840911 5385.57015930113 Inf 1029.10394784715 2359.59694291336 -Inf -3595.62107829385 -2852.08764184749 -1994.84120839772 -562.420004741922 1029.10394784715 2620.62790043621 4053.04910409201 4910.29553754178 5653.82897398813 Inf
"20" 43.4343434343434 1639.90353617028 2069.21325311796 -Inf -2415.67991627388 -1763.64938815685 -1011.89994780868 244.240405972329 1639.90353617028 3035.56666636824 4291.70702014925 5043.45646049742 5695.48698861445 Inf 1684.51460255465 2190.13712462958 -Inf -2608.07528292344 -1917.94039041339 -1122.25905827174 207.289560468078 1684.51460255465 3161.73964464122 4491.28826338104 5286.96959552269 5977.10448803274 Inf
"21" 44.1414141414141 2395.27768595805 1781.77710124118 -Inf -1096.94126095284 -535.484841437591 111.838452410891 1193.48729403679 2395.27768595805 3597.06807787931 4678.71691950521 5326.04021335369 5887.49663286894 Inf 2474.26824222231 1890.90912668899 -Inf -1231.84554412619 -636.000493047712 50.9706906114657 1198.86941771837 2474.26824222231 3749.66706672626 4897.56579383316 5584.53697749233 6180.38202857081 Inf
"22" 44.8484848484848 3155.42357461646 1377.28318711696 -Inf 455.998131354679 889.994328947846 1390.36414996846 2226.46018178868 3155.42357461646 4084.38696744425 4920.48299926447 5420.85282028508 5854.84901787825 Inf 3271.45220496686 1468.13457386427 -Inf 393.961315734844 856.585726293372 1389.96204340096 2281.21048298692 3271.45220496686 4261.6939269468 5152.94236653277 5686.31868364035 6148.94309419888 Inf
"23" 45.5555555555556 3774.41186711932 928.531033383916 -Inf 1954.52448315908 2247.11422912078 2584.45146762941 3148.12720236289 3774.41186711932 4400.69653187574 4964.37226660922 5301.70950511785 5594.29925107955 Inf 3922.70309792478 997.376510106083 -Inf 1967.88105909061 2282.16472784059 2644.51366996092 3249.98286477189 3922.70309792478 4595.42333107767 5200.89252588864 5563.24146800897 5877.52513675895 Inf
"24" 46.2626262626263 4152.71121367817 561.875942663937 -Inf 3051.45460227736 3228.50753149061 3432.63821971535 3773.73164946958 4152.71121367817 4531.69077788675 4872.78420764098 5076.91489586572 5253.96782507897 Inf 4326.2792916628 611.4867694494 -Inf 3127.78724651923 3320.47306110111 3542.62746496511 3913.83773328866 4326.2792916628 4738.72085003693 5109.93111836049 5332.08552222448 5524.77133680637 Inf
"25" 46.969696969697 4293.07755127776 386.390547617143 -Inf 3535.76599398146 3657.52165760994 3797.89814006738 4032.46108733735 4293.07755127776 4553.69401521818 4788.25696248815 4928.63344494559 5050.38910857407 Inf 4487.8988602471 425.272983329197 -Inf 3654.37912932397 3788.38705117359 3942.88960267774 4201.05659195624 4487.8988602471 4774.74112853795 5032.90811781645 5187.4106693206 5321.41859117023 Inf
"26" 47.6767676767677 4293.12839109333 349.746664471069 -Inf 3607.63752501702 3717.84632152391 3844.91000569643 4057.22785074233 4293.12839109333 4529.02893144434 4741.34677649023 4868.41046066275 4978.61925716964 Inf 4503.89816450225 385.103317996163 -Inf 3749.1095309029 3870.45957514522 4010.36840442785 4244.14992374734 4503.89816450225 4763.64640525717 4997.42792457666 5137.33675385929 5258.68679810161 Inf
"27" 48.3838383838384 4274.7687674918 338.288103614175 -Inf 3611.73626800967 3718.33435330749 3841.23511869994 4046.59690899077 4274.7687674918 4502.94062599283 4708.30241628366 4831.20318167611 4937.80126697394 Inf 4483.32850880018 372.624202976144 -Inf 3752.998491199 3870.41623704497 4005.7913781163 4231.99730321779 4483.32850880018 4734.65971438258 4960.86563948407 5096.24078055539 5213.65852640137 Inf
"28" 49.0909090909091 4305.05493369397 332.710628399343 -Inf 3652.95408475756 3757.794649846 3878.66910699546 4080.64502505731 4305.05493369397 4529.46484233062 4731.44076039247 4852.31521754193 4957.15578263037 Inf 4480.03523923461 366.560356867952 -Inf 3761.59014161327 3877.09710674373 4010.26924002389 4232.79403569895 4480.03523923461 4727.27644277026 4949.80123844532 5082.97337172548 5198.48033685594 Inf
"29" 49.7979797979798 4369.65530747016 331.52775661806 -Inf 3719.8728446234 3824.34067456186 3944.78539195479 4146.04323372577 4369.65530747016 4593.26738121454 4794.52522298552 4914.96994037846 5019.43777031691 Inf 4490.78893014439 365.255015094632 -Inf 3774.90225538628 3889.99789380377 4022.69579372685 4244.42816625534 4490.78893014439 4737.14969403343 4958.88206656193 5091.57996648501 5206.6756049025 Inf
"30" 50.5050505050505 4412.01209521972 331.201617648582 -Inf 3762.86885300709 3867.23391317825 3987.56014361127 4188.61999886739 4412.01209521972 4635.40419157205 4836.46404682816 4956.79027726118 5061.15533743234 Inf 4499.96665711095 364.90267064824 -Inf 3784.77056477792 3899.75517581091 4032.32506827029 4253.84354593953 4499.96665711095 4746.08976828236 4967.60824595161 5100.17813841099 5215.16274944398 Inf
"31" 51.2121212121212 4396.68754369295 330.874420799233 -Inf 3748.1855955209 3852.44755257586 3972.65491171903 4173.5161382618 4396.68754369295 4619.8589491241 4820.72017566687 4940.92753481004 5045.189491865 Inf 4508.15912675131 364.536697304563 -Inf 3793.68032899119 3908.54961803299 4040.98655162219 4262.28286084905 4508.15912675131 4754.03539265357 4975.33170188044 5107.76863546964 5222.63792451144 Inf
"32" 51.9191919191919 4341.3450783519 330.256526449615 -Inf 3694.05418085136 3798.12143299686 3918.10430984908 4118.59043632628 4341.3450783519 4564.09972037753 4764.58584685473 4884.56872370695 4988.63597585245 Inf 4520.34654718659 363.868470101567 -Inf 3807.17745067783 3921.83617440675 4054.03033967561 4274.92099368356 4520.34654718659 4765.77210068963 4986.66275469757 5118.85691996644 5233.51564369535 Inf
"33" 52.6262626262626 4293.92265959684 330.020663624488 -Inf 3647.09404473884 3751.08697406517 3870.98416146681 4071.32710462922 4293.92265959684 4516.51821456447 4716.86115772687 4836.75834512851 4940.75127445485 Inf 4527.42294367195 363.605135400435 -Inf 3814.76997369329 3929.34571793036 4061.44421315947 4282.1750067257 4527.42294367195 4772.6708806182 4993.40167418443 5125.50016941354 5240.07591365061 Inf
"34" 53.3333333333333 4282.32787537298 329.761457803263 -Inf 3636.00729458916 3739.91854547647 3859.72156286893 4059.90715207496 4282.32787537298 4504.74859867099 4704.93418787702 4824.73720526948 4928.6484561568 Inf 4514.40350976909 363.32335316951 -Inf 3802.30282281453 3916.78977455205 4048.78589771579 4269.34563204939 4514.40350976909 4759.4613874888 4980.02112182239 5112.01724498613 5226.50419672366 Inf
"35" 54.040404040404 4291.36342491237 329.602510681704 -Inf 3645.35437476225 3749.21553976525 3868.9608113408 4069.04990981866 4291.36342491237 4513.67694000607 4713.76603848393 4833.51131005948 4937.37247506248 Inf 4483.37930119539 363.149749378176 -Inf 3771.61887141941 3886.05111880418 4017.98417135266 4238.43851745353 4483.37930119539 4728.32008493724 4948.77443103812 5080.7074835866 5195.13973097136 Inf
"36" 54.7474747474747 4291.79506732297 329.66095401346 -Inf 3645.67147034747 3749.55105144965 3869.31755560809 4069.44213280103 4291.79506732297 4514.14800184491 4714.27257903785 4834.03908319629 4937.91866429847 Inf 4458.28093805693 363.211804378905 -Inf 3746.39888271446 3860.8506842727 3992.80628153086 4213.29829885313 4458.28093805693 4703.26357726072 4923.75559458299 5055.71119184116 5170.16299339939 Inf
"37" 55.4545454545455 4281.71185662895 329.614827262822 -Inf 3635.67866642343 3739.54371250872 3859.29345872357 4059.39003412753 4281.71185662895 4504.03367913038 4704.13025453434 4823.88000074919 4927.74504683448 Inf 4462.40382664135 363.163611416755 -Inf 3750.61622776901 3865.0528432257 3996.99093188137 4217.45369309655 4462.40382664135 4707.35396018614 4927.81672140132 5059.75481005699 5174.19142551369 Inf
"38" 56.1616161616162 4282.43237898594 329.640166278289 -Inf 3636.3495252227 3740.22255589421 3859.98150782562 4060.0934655783 4282.43237898594 4504.77129239358 4704.88325014627 4824.64220207767 4928.51523274918 Inf 4491.4668280345 363.189434629743 -Inf 3779.62861659474 3894.07336921331 4026.02083949549 4246.49927699723 4491.4668280345 4736.43437907177 4956.91281657351 5088.86028685569 5203.30503947426 Inf
"39" 56.8686868686869 4296.36929900864 329.586725088683 -Inf 3650.39118805232 3754.24737885146 3873.98691548852 4074.06643113563 4296.36929900864 4518.67216688165 4718.75168252876 4838.49121916582 4942.34740996496 Inf 4512.37305768865 363.131798317849 -Inf 3800.6478113444 3915.07440216412 4047.00093305538 4267.44438175299 4512.37305768865 4757.30173362431 4977.74518232191 5109.67171321317 5224.09830403289 Inf
"40" 57.5757575757576 4294.25523507841 329.477366720468 -Inf 3648.4914625852 3752.31319342983 3872.01299994628 4072.02612830386 4294.25523507841 4516.48434185296 4716.49747021054 4836.19727672699 4940.01900757162 Inf 4495.12444965005 363.012212092736 -Inf 3783.63358800007 3898.02249596163 4029.90558093079 4250.27643339749 4495.12444965005 4739.9724659026 4960.3433183693 5092.22640333846 5206.61531130003 Inf
"41" 58.2828282828283 4256.73752816116 329.458930445188 -Inf 3611.00989010351 3714.82581148684 3834.51892006648 4034.52085646532 4256.73752816116 4478.95419985701 4678.95613625585 4798.64924483548 4902.46516621882 Inf 4447.05269406974 362.99158196862 -Inf 3735.60226672003 3849.9846739158 3981.86026391834 4202.21859262445 4447.05269406974 4691.88679551504 4912.24512422114 5044.12071422368 5158.50312141946 Inf
"42" 58.989898989899 4208.31900104171 329.46133016339 -Inf 3562.58665962281 3666.4033371822 3786.09731758441 3986.10071076054 4208.31900104171 4430.53729132288 4630.54068449901 4750.23466490122 4854.05134246062 Inf 4406.31567213133 362.994502904884 -Inf 3694.85951985174 3809.24284746478 3941.11949864949 4161.47960054446 4406.31567213133 4651.1517437182 4871.51184561317 5003.38849679787 5117.77182441092 Inf
"43" 59.6969696969697 4188.4883138247 329.413313344486 -Inf 3542.8500836415 3646.65163060392 3766.32816639684 3966.30241039572 4188.4883138247 4410.67421725369 4610.64846125256 4730.32499704548 4834.1265440079 Inf 4397.14882190399 362.941205981231 -Inf 3685.79712967524 3800.16366287562 3932.0209511781 4152.34869854584 4397.14882190399 4641.94894526213 4862.27669262988 4994.13398093236 5108.50051413273 Inf
"44" 60.4040404040404 4200.1226292252 329.3012574315 -Inf 3554.7040245957 3658.47026157931 3778.10608722805 3978.01230636097 4200.1226292252 4422.23295208942 4622.13917122234 4741.77499687108 4845.54123385469 Inf 4403.72671314698 362.819267523312 -Inf 3692.61401590409 3806.94212503338 3938.75511284273 4159.00883602886 4403.72671314698 4648.4445902651 4868.69831345122 5000.51130126058 5114.83941038987 Inf
"45" 61.1111111111111 4209.23822244584 329.252419574068 -Inf 3563.915338258 3667.66618592689 3787.28426868135 3987.16084021587 4209.23822244584 4431.31560467581 4631.19217621034 4750.8102589648 4854.56110663369 Inf 4397.4421967905 362.765188588728 -Inf 3686.43549231172 3800.7465606086 3932.53990142954 4152.76079535946 4397.4421967905 4642.12359822155 4862.34449215147 4994.13783297241 5108.44890126929 Inf
"46" 61.8181818181818 4191.76516834537 329.156023001492 -Inf 3546.63121796801 3650.35169007845 3769.93475175938 3969.75280461556 4191.76516834537 4413.77753207519 4613.59558493137 4733.1786466123 4836.89911872273 Inf 4375.55486820069 362.65922145428 -Inf 3664.75585548896 3779.03353244422 3910.78837518677 4130.94494051568 4375.55486820069 4620.16479588569 4840.3213612146 4972.07620395716 5086.35388091241 Inf
"47" 62.5252525252525 4159.32493041736 329.009928263773 -Inf 3514.47732046426 3618.15175660965 3737.68174177121 3937.4111060907 4159.32493041736 4381.23875474403 4580.96811906352 4700.49810422507 4804.17254037047 Inf 4355.89546203565 362.500058494206 -Inf 3645.40840299334 3759.63592605133 3891.33294456239 4111.39288813583 4355.89546203565 4600.39803593547 4820.45797950891 4952.15499801997 5066.38252107796 Inf
"48" 63.2323232323232 4137.71899445171 328.990373354947 -Inf 3492.90971141563 3596.57798560671 3716.10086642957 3915.81835971062 4137.71899445171 4359.6196291928 4559.33712247384 4678.86000329671 4782.52827748779 Inf 4344.7598768719 362.477802916073 -Inf 3634.31643796118 3748.53694805599 3880.22588106963 4100.27231413141 4344.7598768719 4589.24743961238 4809.29387267416 4940.9828056878 5055.20331578261 Inf
"49" 63.9393939393939 4137.56599534875 328.997657600211 -Inf 3492.7424354543 3596.41300498651 3715.9385321907 3915.66044745889 4137.56599534875 4359.47154323862 4559.19345850681 4678.718985711 4782.38955524321 Inf 4332.59304340227 362.486189468934 -Inf 3622.13316714999 3736.35631993447 3868.04829980006 4088.09982401784 4332.59304340227 4577.0862627867 4797.13778700448 4928.82976687006 5043.05291965454 Inf
"50" 64.6464646464646 4149.68672904287 329.01798697126 -Inf 3504.82332431333 3608.50029984092 3728.03321274752 3927.7674692006 4149.68672904287 4371.60598888513 4571.34024533822 4690.87315824482 4794.55013377241 Inf 4316.6850118543 362.508204759875 -Inf 3606.18198642467 3720.41207645535 3852.11205452151 4072.17694338178 4316.6850118543 4561.19308032681 4781.25796918708 4912.95794725324 5027.18803728392 Inf
"51" 65.3535353535354 4155.99296142289 328.964060178016 -Inf 3511.23525126591 3614.8952339024 3734.40855509384 3934.11007464993 4155.99296142289 4377.87584819585 4577.57736775193 4697.09068894338 4800.75067157986 Inf 4305.1230761197 362.448590698348 -Inf 3594.73689210364 3708.94819712608 3840.6265172808 4060.65521672065 4305.1230761197 4549.59093551876 4769.61963495861 4901.29795511333 5015.50926013577 Inf
"52" 66.0606060606061 4141.6084689139 328.814360795589 -Inf 3497.14416415498 3600.75697496554 3720.21591006276 3919.82655283999 4141.6084689139 4363.3903849878 4563.00102776503 4682.45996286225 4786.07277367281 Inf 4297.18480364078 362.285538296916 -Inf 3587.11819645912 3701.27812198103 3832.8972048622 4052.82692141524 4297.18480364078 4541.54268586632 4761.47240241936 4893.09148530053 5007.25141082244 Inf
"53" 66.7676767676768 4107.02933282784 328.784161034189 -Inf 3462.62421851362 3566.22751306656 3685.67547652821 3885.26778618347 4107.02933282784 4328.79087947222 4528.38318912748 4647.83115258913 4751.43444714207 Inf 4279.86632299236 362.251840510879 -Inf 3569.86576225769 3684.0150692582 3815.62190966424 4035.53116957811 4279.86632299236 4524.20147640662 4744.11073632049 4875.71757672653 4989.86688372704 Inf
"54" 67.4747474747475 4070.77788233391 328.807120279762 -Inf 3426.32776872525 3529.93829797428 3649.39460257717 3849.00084991372 4070.77788233391 4292.5549147541 4492.16116209065 4611.61746669355 4715.22799594257 Inf 4248.03999633511 362.277117975722 -Inf 3537.98989267972 3652.14716487121 3783.76318863234 4003.68779352991 4248.03999633511 4492.39219914031 4712.31680403788 4843.932827799 4958.09009999049 Inf
"55" 68.1818181818182 4051.27111514356 328.802364581383 -Inf 3406.83032253244 3510.43935321165 3629.89393005952 3829.49729039318 4051.27111514356 4273.04493989394 4472.6483002276 4592.10287707547 4695.71190775468 Inf 4212.18882763385 362.271857827651 -Inf 3502.14903367924 3616.30464834359 3747.91876108207 3967.84017274461 4212.18882763385 4456.53748252309 4676.45889418563 4808.07300692411 4922.22862158846 Inf
"56" 68.8888888888889 4045.7183534769 328.795791998456 -Inf 3401.2904428916 3504.89740248185 3624.3495914968 3823.94896186633 4045.7183534769 4267.48774508746 4467.08711545699 4586.53930447194 4690.14626406219 Inf 4182.6148279445 362.264774091494 -Inf 3472.58891785763 3586.74230036335 3718.35383956588 3938.27095096269 4182.6148279445 4426.95870492631 4646.87581632311 4778.48735552565 4892.64073803136 Inf
"57" 69.5959595959596 4035.78683356647 328.86817410852 -Inf 3391.21705665232 3494.84682459516 3614.3253101799 3813.96862096457 4035.78683356647 4257.60504616836 4457.24835695303 4576.72684253777 4680.35661048061 Inf 4160.20504923123 362.344302823225 -Inf 3450.02326569443 3564.20170852725 3695.84214068196 3915.80753093502 4160.20504923123 4404.60256752744 4624.5679577805 4756.20838993521 4870.38683276802 Inf
"58" 70.3030303030303 4012.09053152904 329.011861006149 -Inf 3367.23913347049 3470.91417864302 3590.44486597387 3790.17540358745 4012.09053152904 4234.00565947062 4433.73619708421 4553.26688441506 4656.94192958759 Inf 4144.41820741222 362.500988398074 -Inf 3433.92932579182 3548.15714187215 3679.8544982192 3899.91500630177 4144.41820741222 4388.92140852267 4608.98191660523 4740.67927295228 4854.90708903261 Inf
"59" 71.010101010101 3980.55449352422 328.975294251112 -Inf 3335.77476498857 3439.43828759785 3558.95569015121 3758.6640294841 3980.55449352422 4202.44495756433 4402.15329689723 4521.67069945059 4625.33422205987 Inf 4133.69712248505 362.460977634373 -Inf 3423.2866605205 3537.50186879477 3669.18468914889 3889.22090822461 4133.69712248505 4378.17333674548 4598.2095558212 4729.89237617532 4844.1075844496 Inf
"60" 71.7171717171717 3945.68945676345 328.79738592211 -Inf 3301.25842214519 3404.8658839973 3524.31865208799 3723.91899006772 3945.68945676345 4167.45992345918 4367.0602614389 4486.51302952959 4590.1204913817 Inf 4115.74257084039 362.266867292851 -Inf 3405.71255815425 3519.8666002494 3651.4788999163 3871.39728201572 4115.74257084039 4360.08785966506 4580.00624176448 4711.61854143139 4825.77258352653 Inf
"61" 72.4242424242424 3905.32482464117 328.809496694895 -Inf 3260.87005334444 3364.48133142649 3483.9384993859 3683.54618935333 3905.32482464117 4127.10345992901 4326.71114989645 4446.16831785586 4549.77959593791 Inf 4078.63562953736 362.28002125472 -Inf 3368.5798355597 3482.73802260447 3614.35510113284 3834.28146850023 4078.63562953736 4322.98979057449 4542.91615794188 4674.53323647024 4788.69142351501 Inf
"62" 73.1313131313131 3867.65901116897 329.057996168156 -Inf 3222.71718985447 3326.4067726944 3445.95422102471 3645.71276553349 3867.65901116897 4089.60525680446 4289.36380131324 4408.91124964355 4512.60083248348 Inf 4038.86595708272 362.552053710076 -Inf 3328.27698928994 3442.520896579 3574.23680505916 3794.32831294274 4038.86595708272 4283.40360122271 4503.49510910628 4635.21101758644 4749.4549248755 Inf
"63" 73.8383838383838 3854.94904074073 329.249370544034 -Inf 3209.63213254194 3313.38201942989 3432.99899446545 3632.87371505027 3854.94904074073 4077.0243664312 4276.89908701602 4396.51606205158 4500.26594893952 Inf 4033.387956549 362.761080851158 -Inf 3322.38930308791 3436.69907699414 3568.49092546555 3788.70932574484 4033.387956549 4278.06658735316 4498.28498763245 4630.07683610386 4744.38661001009 Inf
"64" 74.5454545454545 3875.01304841113 329.294285692462 -Inf 3229.60810813906 3333.37214825549 3453.00544105706 3652.90742791342 3875.01304841113 4097.11866890883 4297.02065576519 4416.65394856677 4520.4179886832 Inf 4066.52473084672 362.811975215705 -Inf 3355.4263262641 3469.75213751174 3601.5624760107 3821.81177231533 4066.52473084672 4311.23768937811 4531.48698568273 4663.2973241817 4777.62313542934 Inf
"65" 75.2525252525253 3900.24862436665 329.609615676386 -Inf 3254.22564868285 3358.08905254327 3477.83690537803 3677.93031702686 3900.24862436665 4122.56693170645 4322.66034335528 4442.40819619004 4546.27160005046 Inf 4087.74017354921 363.156618642802 -Inf 3375.96628026197 3490.40069222316 3622.33624038964 3842.79475655877 4087.74017354921 4332.68559053965 4553.14410670878 4685.07965487525 4799.51406683645 Inf
"66" 75.959595959596 3893.40722365818 329.959084246156 -Inf 3246.6993021639 3350.6728271903 3470.54764267685 3670.85320335006 3893.40722365818 4115.9612439663 4316.2668046395 4436.14162012606 4540.11514515246 Inf 4050.72574382778 363.537452369573 -Inf 3338.20543015197 3452.75984676499 3584.83375260946 3805.52345839211 4050.72574382778 4295.92802926345 4516.6177350461 4648.69164089057 4763.24605750359 Inf
"67" 76.6666666666667 3851.53046901099 330.158508311523 -Inf 3204.43168353094 3308.46804914589 3428.41531580649 3628.84193921484 3851.53046901099 4074.21899880714 4274.64562221549 4394.59288887609 4498.62925449104 Inf 3981.03935585607 363.761022606247 -Inf 3268.08085256837 3382.70571847861 3514.86084785093 3735.68627458732 3981.03935585607 4226.39243712483 4447.21786386122 4579.37299323354 4693.99785914378 Inf
"68" 77.3737373737374 3809.14968670447 330.830436433852 -Inf 3160.73394630445 3264.98204343031 3385.17342296286 3586.00794827694 3809.14968670447 4032.291425132 4233.12595044608 4353.31732997863 4457.56542710449 Inf 3949.70642480869 364.490452289484 -Inf 3235.31826561259 3350.17298237115 3482.59311505105 3703.8613506951 3949.70642480869 4195.55149892229 4416.81973456634 4549.23986724624 4664.0945840048 Inf
"69" 78.0808080808081 3797.76416682429 331.522292517623 -Inf 3147.9924134176 3252.45852156141 3372.9012538354 3574.15577855965 3797.76416682429 4021.37255508894 4222.62707981319 4343.06981208717 4447.53592023098 Inf 3978.86810271561 365.25331793751 -Inf 3262.98475432433 3378.07985795004 3510.77714129244 3732.50848354165 3978.86810271561 4225.22772188957 4446.95906413879 4579.65634748118 4694.75145110689 Inf
"70" 78.7878787878788 3815.47160773952 332.433890011368 -Inf 3163.91315607669 3268.66651803273 3389.44043555537 3591.24835630904 3815.47160773952 4039.69485917 4241.50277992367 4362.2766974463 4467.03005940235 Inf 4007.53199994088 366.249244388862 -Inf 3289.6966715737 3405.10560193962 3538.16470741481 3760.50063858353 4007.53199994088 4254.56336129823 4476.89929246695 4609.95839794213 4725.36732830806 Inf
"71" 79.4949494949495 3837.08132876612 334.239415372029 -Inf 3181.98411242322 3287.3064141213 3408.73628272939 3611.64026898616 3837.08132876612 4062.52238854609 4265.42637480286 4386.85624341094 4492.17854510902 Inf 3964.87126232268 368.226525854097 -Inf 3243.16053349634 3359.19252573183 3492.96998163931 3716.50624488378 3964.87126232268 4213.23627976158 4436.77254300605 4570.54999891353 4686.58199114902 Inf
"72" 80.2020202020202 3835.74483832096 339.249284785206 -Inf 3170.82845836098 3277.72942180132 3400.97938629459 3606.92467297199 3835.74483832096 4064.56500366993 4270.51029034733 4393.7602548406 4500.66121828094 Inf 3850.70048792765 373.709636128908 -Inf 3118.24306043942 3236.0028375143 3371.77231868754 3598.63716880919 3850.70048792765 4102.76380704611 4329.62865716775 4465.398138341 4583.15791541588 Inf
"73" 80.9090909090909 3781.67541292821 349.733282690241 -Inf 3096.21077466037 3206.41535442952 3333.47417697348 3545.78389845121 3781.67541292821 4017.5669274052 4229.87664888294 4356.9354714269 4467.14005119605 Inf 3717.49689001647 385.054102895378 -Inf 2962.80471624215 3084.13925229646 3224.03020163152 3457.78184434259 3717.49689001647 3977.21193569035 4210.96357840141 4350.85452773647 4472.18906379079 Inf
"74" 81.6161616161616 3629.81259900949 374.368027939959 -Inf 2896.06474728389 3014.03199043778 3150.04066671319 3377.30520136287 3629.81259900949 3882.31999665611 4109.58453130579 4245.5932075812 4363.5604507351 Inf 3583.09323795354 412.286115152129 -Inf 2775.02730092943 2904.94292610383 3054.72732162803 3305.01047913527 3583.09323795354 3861.17599677181 4111.45915427905 4261.24354980325 4391.15917497765 Inf
"75" 82.3232323232323 3330.57843666861 505.058609589524 -Inf 2340.68175179126 2499.83095086221 2683.31978485737 2989.92158125219 3330.57843666861 3671.23529208502 3977.83708847984 4161.325922475 4320.47512154595 Inf 3388.0303955678 551.854162726376 -Inf 2306.4161119056 2480.31107445906 2680.80082937351 3015.81041920582 3388.0303955678 3760.25037192979 4095.2599617621 4295.74971667655 4469.64467923001 Inf
"76" 83.030303030303 2866.14690602783 830.812152719031 -Inf 1237.78500878034 1499.58252331257 1801.41829103727 2305.7726246805 2866.14690602783 3426.52118737516 3930.87552101838 4232.71128874308 4494.50880327532 Inf 3047.41447630209 895.186466701148 -Inf 1292.88124212017 1574.96376975083 1900.18685844689 2443.62037999792 3047.41447630209 3651.20857260626 4194.64209415728 4519.86518285334 4801.947710484 Inf
"77" 83.7373737373737 2277.54651398842 1270.7169280627 -Inf -213.012899559842 187.403166035858 649.057245465644 1420.46097060948 2277.54651398842 3134.63205736736 3906.03578251119 4367.68986194098 4768.10592753668 Inf 2535.41642980247 1356.91682736141 -Inf -124.091681842252 303.486864845565 796.457545383638 1620.18993787861 2535.41642980247 3450.64292172632 4274.3753142213 4767.34599475937 5194.92454144719 Inf
"78" 84.4444444444444 1653.74158030783 1694.20556345724 -Inf -1666.84030647574 -1132.97858554617 -517.47021189516 511.01729303075 1653.74158030783 2796.46586758492 3824.95337251083 4440.46174616183 4974.3234670914 Inf 1916.4315333496 1799.72508122883 -Inf -1610.96480793233 -1043.85279402517 -390.00896204909 702.535412889944 1916.4315333496 3130.32765380926 4222.87202874829 4876.71586072437 5443.82787463153 Inf
"79" 85.1515151515152 1090.54869098728 2012.65877367462 -Inf -2854.19001858352 -2219.98039270712 -1488.7773113225 -266.969022498466 1090.54869098728 2448.06640447302 3669.87469329706 4401.07777468167 5035.28740055808 Inf 1304.24334320895 2131.38982829743 -Inf -2873.20395726901 -2201.58094631355 -1427.24262803145 -133.357249649848 1304.24334320895 2741.84393606776 4035.72931444936 4810.06763273145 5481.69064368692 Inf
"80" 85.8585858585859 651.115179227267 2203.77453310957 -Inf -3668.20353571407 -2973.7713545413 -2173.13552378663 -835.308155098296 651.115179227267 2137.53851355283 3475.36588224116 4276.00171299583 4970.4338941686 Inf 796.529244226087 2329.65131781981 -Inf -3769.50343523702 -3035.40617542211 -2189.03904929893 -774.79669117417 796.529244226087 2367.85517962634 3782.09753775111 4628.46466387428 5362.56192368919 Inf
"81" 86.5656565656566 351.519814533005 2295.31624490349 -Inf -4147.21735860756 -3423.93943589714 -2590.04631254302 -1196.64746611296 351.519814533005 1899.68709517897 3293.08594160903 4126.97906496315 4850.25698767357 Inf 436.386795559877 2424.25142524266 -Inf -4315.05868738564 -3551.15195389279 -2670.41641373359 -1198.74594266454 436.386795559877 2071.51953378429 3543.19000485334 4423.92554501254 5187.83227850539 Inf
"82" 87.2727272727273 171.547303575062 2330.10691621879 -Inf -4395.37833234146 -3661.13750875213 -2814.60486279143 -1400.08592827551 171.547303575062 1743.18053542564 3157.69946994155 4004.23211590225 4738.47293949158 Inf 214.684111901107 2460.07331502305 -Inf -4606.97098487214 -3831.7764028811 -2938.02669632118 -1444.61012381284 214.684111901107 1873.97834761505 3367.3949201234 4261.14462668331 5036.33920867435 Inf
"83" 87.979797979798 75.6864328170871 2340.55206429559 -Inf -4511.71131714315 -3774.17911920828 -2923.85172941958 -1502.99194435057 75.6864328170871 1654.36480998475 3075.22459505375 3925.55198484245 4663.08418277733 Inf 94.9776157236643 2470.79206047002 -Inf -4747.68583608509 -3969.11366638335 -3071.46981750686 -1571.54630392922 94.9776157236643 1761.50153537655 3261.42504895419 4159.06889783068 4937.64106753242 Inf
"84" 88.6868686868687 30.1981675385897 2343.02915296552 -Inf -4562.05458700121 -3823.74183276978 -2972.51451156101 -1550.15098054726 30.1981675385897 1610.54731562444 3032.91084663819 3884.13816784696 4622.45092207839 Inf 37.8430618832261 2473.32647675313 -Inf -4809.78775456224 -4030.41696403926 -3131.85235650265 -1630.39029557534 37.8430618832261 1706.0764193418 3207.53848026911 4106.10308780571 4885.47387832869 Inf
"85" 89.3939393939394 10.8995140107299 2343.49476970299 -Inf -4582.26583256512 -3843.80635767704 -2992.40987694772 -1569.76368779206 10.8995140107299 1591.56271581352 3014.20890496918 3865.6053856985 4604.06486058658 Inf 13.5980912877629 2473.8016371598 -Inf -4834.96402244168 -4055.44350395303 -3156.70626966118 -1654.95575699481 13.5980912877629 1682.15193957034 3183.90245223671 4082.63968652856 4862.1602050172 Inf
"86" 90.1010101010101 3.55969465164507 2343.56447090324 -Inf -4589.74226376637 -3851.26082530816 -2999.8390219891 -1577.15051989629 3.55969465164507 1584.26990919958 3006.95841129239 3858.38021461144 4596.86165306966 Inf 4.41145268792572 2473.87260810999 -Inf -4844.28976154782 -4064.74687937769 -3165.98386119334 -1664.19026477311 4.41145268792572 1673.01317014896 3174.80676656919 4073.56978475354 4853.11266692368 Inf
"87" 90.8080808080808 1.05216380231895 2343.57281867011 -Inf -4592.26615593811 -3853.78208701209 -3002.35725093213 -1579.66368122881 1.05216380231895 1581.76800883345 3004.46157853677 3855.88641461673 4594.37048354275 Inf 1.29324636116723 2473.88109154308 -Inf -4847.42459509791 -4067.87903971014 -3169.11293947706 -1667.31419308854 1.29324636116723 1669.90068581087 3171.69943219939 4070.46553243247 4850.01108782025 Inf
"88" 91.5151515151515 0.281498743164579 2343.57362166769 -Inf -4593.0383948436 -3854.55407288473 -3003.12894507409 -1580.4348879016 0.281498743164579 1580.99788538793 3003.69194256042 3855.11707037106 4593.60139232993 Inf 0.342821708384105 2473.88190622597 -Inf -4848.3766164998 -4068.83080439702 -3170.06440818796 -1668.26516723657 0.342821708384105 1668.95081065334 3170.75005160473 4069.51644781378 4849.06225991657 Inf
"89" 92.2222222222222 0.0681750894493297 2343.5736839064 -Inf -4593.25184048296 -3854.76749891202 -3003.34234848993 -1580.64825353469 0.0681750894493297 1580.78460371359 3003.47869866883 3854.90384909092 4593.38819066186 Inf 0.0822158301102971 2473.88196927855 -Inf -4848.63734595887 -4069.09151398756 -3170.32509487137 -1668.52581564317 0.0822158301102971 1668.69024730339 3170.48952653159 4069.25594564778 4848.80177761909 Inf
"90" 92.9292929292929 0.014946742478129 2343.57368780351 -Inf -4593.30507646811 -3854.82073366916 -3003.39558183124 -1580.70148451022 0.014946742478129 1580.73137799518 3003.4254753162 3854.85062715411 4593.33496995307 Inf 0.0178439656428797 2473.8819732216 -Inf -4848.70172555158 -4069.15589233778 -3170.38947178907 -1668.59019016719 0.0178439656428797 1668.62587809847 3170.42515972035 4069.19158026906 4848.73741348286 Inf
"91" 93.6363636363636 0.0029664797110195 2343.57368800106 -Inf -4593.31705711808 -3854.83271425687 -3003.40756234718 -1580.71346490624 0.0029664797110195 1580.71939786566 3003.41349530661 3854.83864721629 4593.3229900775 Inf 0.0035057004254793 2473.88197342126 -Inf -4848.71606420813 -4069.17023093141 -3170.40381031016 -1668.60452856707 0.0035057004254793 1668.61153996792 3170.41082171101 4069.17724233226 4848.72307560898 Inf
"92" 94.3434343434343 0.000532971416630337 2343.57368800918 -Inf -4593.31949064229 -3854.83514777853 -3003.40999586589 -1580.71589842001 0.000532971416630337 1580.71696436284 3003.41106180872 3854.83621372136 4593.32055658512 Inf 0.000623543143620734 2473.88197342946 -Inf -4848.71894638148 -4069.17311310218 -3170.40669247795 -1668.60741072989 0.000623543143620734 1668.60865781617 3170.40793956424 4069.17436018846 4848.72019346777 Inf
"93" 95.0505050505051 8.6680709338071e-05 2343.57368800945 -Inf -4593.31993693353 -3854.83559406968 -3003.41044215694 -1580.7163447109 8.6680709338071e-05 1580.71651807232 3003.41061551836 3854.8357674311 4593.32011029495 Inf 0.000100415198861251 2473.88197342974 -Inf -4848.71946950996 -4069.17363623057 -3170.40721560625 -1668.60793385801 0.000100415198861251 1668.60813468841 3170.40741643665 4069.17383706097 4848.71967034036 Inf
"94" 95.7575757575758 1.27609279602053e-05 2343.57368800946 -Inf -4593.32001085333 -3854.83566798947 -3003.41051607673 -1580.71641863068 1.27609279602053e-05 1580.71644415254 3003.41054159859 3854.83569351133 4593.32003637518 Inf 1.46415405535613e-05 2473.88197342975 -Inf -4848.71955528363 -4069.17372200424 -3170.40730137992 -1668.60801963168 1.46415405535613e-05 1668.60804891476 3170.407330663 4069.17375128732 4848.71958456672 Inf
"95" 96.4646464646465 1.70046297236443e-06 2343.57368800946 -Inf -4593.32002191379 -3854.83567904994 -3003.4105271372 -1580.71642969115 1.70046297236443e-06 1580.71643309208 3003.41053053812 3854.83568245086 4593.32002531472 Inf 1.93298286845371e-06 2473.88197342975 -Inf -4848.71956799219 -4069.1737347128 -3170.40731408847 -1668.60803234024 1.93298286845371e-06 1668.6080362062 3170.40731795444 4069.17373857876 4848.71957185816 Inf
"96" 97.1717171717172 2.05097687665473e-07 2343.57368800946 -Inf -4593.32002340916 -3854.8356805453 -3003.41052863256 -1580.71643118651 2.05097687665473e-07 1580.71643159671 3003.41052904276 3854.8356809555 4593.32002381935 Inf 2.31054126986358e-07 2473.88197342975 -Inf -4848.71956969412 -4069.17373641473 -3170.4073157904 -1668.60803404216 2.31054126986358e-07 1668.60803450427 3170.40731625251 4069.17373687683 4848.71957015623 Inf
"97" 97.8787878787879 2.23896293649944e-08 2343.57368800946 -Inf -4593.32002359186 -3854.83568072801 -3003.41052881527 -1580.71643136922 2.23896293649944e-08 1580.716431414 3003.41052886005 3854.83568077279 4593.32002363664 Inf 2.50051237955863e-08 2473.88197342975 -Inf -4848.71956990017 -4069.17373662078 -3170.40731599645 -1668.60803424821 2.50051237955863e-08 1668.60803429822 3170.40731604646 4069.17373667079 4848.71956995018 Inf
"98" 98.5858585858586 2.21212797085963e-09 2343.57368800946 -Inf -4593.32002361204 -3854.83568074819 -3003.41052883545 -1580.7164313894 2.21212797085963e-09 1580.71643139382 3003.41052883987 3854.83568075261 4593.32002361647 Inf 2.44994204343459e-09 2473.88197342975 -Inf -4848.71956992272 -4069.17373664333 -3170.40731601901 -1668.60803427077 2.44994204343459e-09 1668.60803427567 3170.40731602391 4069.17373664823 4848.71956992763 Inf
"99" 99.2929292929293 1.97804607494750e-10 2343.57368800946 -Inf -4593.32002361406 -3854.83568075021 -3003.41052883746 -1580.71643139141 1.97804607494750e-10 1580.71643139181 3003.41052883786 3854.8356807506 4593.32002361445 Inf 2.1730749515911e-10 2473.88197342975 -Inf -4848.71956992496 -4069.17373664557 -3170.40731602124 -1668.608034273 2.1730749515911e-10 1668.60803427344 3170.40731602167 4069.173736646 4848.71956992539 Inf
"100" 100 1.60070773135589e-11 2343.57368800946 -Inf -4593.32002361424 -3854.83568075039 -3003.41052883764 -1580.7164313916 1.60070773135589e-11 1580.71643139163 3003.41052883768 3854.83568075042 4593.32002361427 Inf 1.74488176581777e-11 2473.88197342975 -Inf -4848.71956992516 -4069.17373664577 -3170.40731602144 -1668.6080342732 1.74488176581777e-11 1668.60803427324 3170.40731602147 4069.1737366458 4848.71956992519 Inf
