"mid_age" "mean_left" "std_left" "min_left" "l.q2.5" "l.q5" "l.q10" "l.q25" "l.q50" "l.q75" "l.q90" "l.q95" "l.q97.5" "max_left" "mean_right" "std_right" "min_right" "r.q2.5" "r.q5" "r.q10" "r.q25" "r.q50" "r.q75" "r.q90" "r.q95" "r.q97.5" "max_right"
"1" 55.8145641843983 4275.60698625859 332.89294004172 -Inf 3623.14881306917 3728.04682644443 3848.98751778938 4051.07411028781 4275.60698625859 4500.13986222937 4702.22645472781 4823.16714607276 4928.06515944802 Inf 4481.6328375621 366.949312268943 -Inf 3762.42540136323 3878.05493036918 4011.36837194832 4234.1292875952 4481.6328375621 4729.136387529 4951.89730317588 5085.21074475502 5200.84027376097 Inf
"2" 56.1885903422063 4284.68706816394 332.887574522364 -Inf 3632.23941119921 3737.13573384375 3858.07447588446 4060.15781118097 4284.68706816394 4509.21632514691 4711.29966044342 4832.23840248413 4937.13472512867 Inf 4501.28823175629 366.942529135728 -Inf 3782.09409025422 3897.72148182464 4031.0324590775 4253.78925694321 4501.28823175629 4748.78720656936 4971.54400443508 5104.85498168794 5220.48237325836 Inf
"3" 56.5573368101189 4296.48861785133 332.88554514933 -Inf 3644.04493838466 3748.94062155273 3869.87862631804 4071.96072965967 4296.48861785133 4521.01650604299 4723.09860938462 4844.03661414992 4948.932297318 Inf 4516.90807854346 366.940209613034 -Inf 3797.71848322234 3913.34514388713 4046.65527845261 4269.41066822467 4516.90807854346 4764.40548886225 4987.16087863431 5120.47101319979 5236.09767386459 Inf
"4" 56.9215055992475 4305.78566144303 332.870132333717 -Inf 3653.37219053986 3758.2630169701 3879.19542222771 4081.26816903752 4305.78566144303 4530.30315384853 4732.37590065834 4853.30830591596 4958.1991323462 Inf 4523.22068029502 366.923984817821 -Inf 3804.06288498817 3919.68443305194 4052.98867311588 4275.7342134343 4523.22068029502 4770.70714715574 4993.45268747416 5126.7569275381 5242.37847560187 Inf
"5" 57.2813657703068 4307.37687222956 332.852311289158 -Inf 3654.99832993189 3759.88354076641 3880.8094716018 4082.87139993594 4307.37687222956 4531.88234452317 4733.94427285732 4854.87020369271 4959.75541452722 Inf 4517.5887406573 366.904799282926 -Inf 3798.46854830787 3914.08405081088 4047.38132073044 4270.11521424322 4517.5887406573 4765.06226707139 4987.79616058416 5121.09343050373 5236.70893300674 Inf
"6" 57.6369186129134 4298.37240614566 332.843536445341 -Inf 3646.01106222585 3750.89350801619 3871.81625093273 4073.87285239426 4298.37240614566 4522.87195989706 4724.92856135859 4845.85130427513 4950.73375006547 Inf 4500.81491360143 366.894775674637 -Inf 3781.71436716324 3897.32671112346 4030.62033944547 4253.3481480084 4500.81491360143 4748.28167919446 4971.0094877574 5104.3031160794 5219.91546003962 Inf
"7" 57.9881301779585 4279.4514710186 332.837131160085 -Inf 3627.1026812272 3731.98310864582 3852.90352450902 4054.95623756646 4279.4514710186 4503.94670447075 4705.99941752818 4826.91983339139 4931.80026081 Inf 4476.6971172335 366.88726660085 -Inf 3757.61128830949 3873.22126608278 4006.51216634281 4229.23541643377 4476.6971172335 4724.15881803323 4946.8820681242 5080.17296838422 5195.78294615751 Inf
"8" 58.334755783477 4254.58962546632 332.820633430807 -Inf 3602.27317063013 3707.14839944337 3828.06282164752 4030.10551956347 4254.58962546632 4479.07373136916 4681.11642928511 4802.03085148927 4906.90608030251 Inf 4450.57349973086 366.869292210253 -Inf 3731.52289996507 3847.12721382171 3980.41158394857 4203.12392247336 4450.57349973086 4698.02307698837 4920.73541551315 5054.01978564002 5169.62409949666 Inf
"9" 58.6764723741268 4229.45862514516 332.793796863663 -Inf 3577.19476901404 3682.06154134701 3802.966213771 4004.99262023178 4229.45862514516 4453.92463005853 4655.95103651932 4776.8557089433 4881.72248127628 Inf 4427.44987583393 366.840378570005 -Inf 3708.45594576168 3824.05114863081 3957.32501437257 4180.01980053041 4427.44987583393 4674.87995113745 4897.5747372953 5030.84860303706 5146.44380590618 Inf
"10" 59.0129590764261 4209.28372416046 332.766174870184 -Inf 3557.07400614175 3661.93207449847 3782.82671179529 3984.83634999857 4209.28372416046 4433.73109832236 4635.74073652564 4756.63537382245 4861.49344217918 Inf 4410.47112892556 366.810316942861 -Inf 3691.53611855983 3807.12184869887 3940.38479298952 4163.06132988142 4410.47112892556 4657.88092796969 4880.55746486159 5013.82040915224 5129.40613929129 Inf
"11" 59.3439244884272 4197.11509423309 332.742220909656 -Inf 3544.95232511429 3649.80284532995 3770.68878010353 3972.68387677204 4197.11509423309 4421.54631169413 4623.54140836264 4744.42734313622 4849.27786335188 Inf 4400.28897911001 366.783768000593 -Inf 3681.40600371496 3796.98336800731 3930.23666701251 4152.89708705532 4400.28897911001 4647.68087116471 4870.34129120752 5003.59459021272 5119.17195450507 Inf
"12" 59.6690701738814 4193.1449141637 332.716920420873 -Inf 3541.03173309171 3645.8742808613 3766.75102391515 3968.73076162302 4193.1449141637 4417.55906670439 4619.53880441225 4740.4155474661 4845.25809523569 Inf 4395.42438038532 366.755685554514 -Inf 3676.59644557318 3792.16496079591 3925.40805739055 4148.05142965267 4395.42438038532 4642.79733111798 4865.44070338009 4998.68379997474 5114.25231519747 Inf
"13" 59.9881031114541 4195.15085007916 332.686105156987 -Inf 3543.09806581456 3647.93090337533 3768.79645118029 3970.75748211812 4195.15085007916 4419.5442180402 4621.50524897803 4742.37079678299 4847.20363434376 Inf 4393.30047047899 366.721989518008 -Inf 3674.53857868482 3790.09647593744 3923.32733069256 4145.95024737758 4393.30047047899 4640.65069358041 4863.27361026543 4996.50446502055 5112.06236227317 Inf
"14" 60.3007484856311 4199.68924688147 332.655164243673 -Inf 3547.69710569261 3652.52019345112 3773.37450035849 3975.31674824931 4199.68924688147 4424.06174551362 4626.00399340444 4746.85830031181 4851.68138807032 Inf 4391.42391973447 366.688523477575 -Inf 3672.72762017425 3788.2749719309 3921.49366840455 4144.09626913431 4391.42391973447 4638.75157033463 4861.35417106439 4994.57286753804 5110.12021929469 Inf
"15" 60.6067753178877 4203.44194830717 332.634059092934 -Inf 3551.49117245365 3656.30760976057 3777.15424912317 3979.08368488287 4203.44194830717 4427.80021173147 4629.72964749117 4750.57628685377 4855.39272416069 Inf 4388.23529815152 366.66570348752 -Inf 3669.58372494993 3785.12388589136 3918.33429181557 4140.92303940075 4388.23529815152 4635.54755690228 4858.13630448746 4991.34671041167 5106.8868713531 Inf
"16" 60.9060262916164 4204.19805350253 332.625177239913 -Inf 3552.26468576105 3657.07832430408 3777.92173687117 3979.84578079705 4204.19805350253 4428.55032620801 4630.47437013389 4751.31778270098 4856.13142124401 Inf 4383.38525554711 366.655786911917 -Inf 3664.75311847656 3780.2901546023 3913.49695781416 4136.07968542494 4383.38525554711 4630.69082566928 4853.27355328006 4986.48035649192 5102.01739261766 Inf
"17" 61.1983583355866 4201.22144852511 332.618644657996 -Inf 3549.30088440891 3654.11246446772 3774.95350373433 3976.87358197918 4201.22144852511 4425.56931507104 4627.48939331589 4748.3304325825 4853.14201264131 Inf 4377.47891554872 366.648101384102 -Inf 3658.86184183589 3774.39645617221 3907.60046721597 4130.17852923629 4377.47891554872 4624.77930186115 4847.35736388148 4980.56137492523 5096.09598926155 Inf
"18" 61.4838695209551 4195.04647932165 332.600144745464 -Inf 3543.16217436773 3647.96792491249 3768.80224312274 3970.7110907771 4195.04647932165 4419.3818678662 4621.29071552056 4742.12503373081 4846.93078427557 Inf 4371.51856613717 366.627436171836 -Inf 3652.94199549611 3768.47009801001 3901.66660133955 4124.2321182986 4371.51856613717 4618.80501397574 4841.37053093479 4974.56703426433 5090.09513677822 Inf
"19" 61.76281694601 4186.9391735922 332.562967375252 -Inf 3535.12773494494 3639.92177051527 3760.74258211029 3962.6288608028 4186.9391735922 4411.2494863816 4613.13576507411 4733.95657666913 4838.75061223946 Inf 4366.34355326129 366.58678213382 -Inf 3647.84666307057 3763.361955076 3896.54368870973 4119.08452615466 4366.34355326129 4613.60258036791 4836.14341781284 4969.32515144657 5084.840443452 Inf
"20" 62.0355525844294 4178.31213012601 332.513253331066 -Inf 3526.59812921487 3631.37649937497 3752.17924975525 3954.03534894985 4178.31213012601 4402.58891130216 4604.44501049676 4725.24776087704 4830.02613103714 Inf 4362.27040864539 366.532796021651 -Inf 3643.87932929018 3759.37760971251 3892.5397300804 4115.04779461807 4362.27040864539 4609.4930226727 4832.00108721037 4965.16320757826 5080.66148800059 Inf
"21" 62.3025277228609 4170.28541845464 332.465119843184 -Inf 3518.66575744621 3623.42896024573 3744.21422363064 3946.0411028227 4170.28541845464 4394.52973408658 4596.35661327865 4717.14187666356 4821.90507946308 Inf 4359.00302474527 366.480563260069 -Inf 3640.71431972159 3756.19614105973 3889.33928515767 4111.81564118027 4359.00302474527 4606.19040831028 4828.66676433288 4961.80990843082 5077.29172976896 Inf
"22" 62.5643026606797 4163.47455179362 332.43095069587 -Inf 3511.9218610833 3616.67429683059 3737.44714649384 3939.25328290131 4163.47455179362 4387.69582068592 4589.50195709339 4710.27480675664 4815.02724250393 Inf 4355.7758697186 366.443293791825 -Inf 3637.56021151039 3753.03028885307 3886.15989287636 4108.61362402792 4355.7758697186 4602.93811540928 4825.39184656083 4958.52145058413 5073.99152792681 Inf
"23" 62.8214989935917 4157.99155756868 332.414548291033 -Inf 3506.4710149811 3611.21828216074 3731.9851727965 3933.78135193032 4157.99155756868 4382.20176320704 4583.99794234085 4704.76483297662 4809.51210015625 Inf 4351.63212331445 366.425084371186 -Inf 3633.45215491488 3748.91649428051 3882.03948278375 4104.48215969135 4351.63212331445 4598.78208693755 4821.22476384516 4954.3477523484 5069.81209171403 Inf
"24" 63.0747182135626 4153.58663398284 332.411050712688 -Inf 3502.07294652286 3606.81911157933 3727.58473153767 3929.37878742523 4153.58663398284 4377.79448054046 4579.58853642802 4700.35415638636 4805.10032144283 Inf 4345.73061657259 366.420839015325 -Inf 3627.5589689176 3743.02197052763 3876.14341668433 4098.5835163985 4345.73061657259 4592.87771674667 4815.31781646085 4948.43926261755 5063.90226422758 Inf
"25" 63.3245338629377 4149.84625323518 332.412132084235 -Inf 3498.33044632591 3603.07695213376 3723.84296495661 3925.63767730354 4149.84625323518 4374.05482916683 4575.84954151375 4696.61555433661 4801.36206014446 Inf 4337.5983584326 366.421760633462 -Inf 3619.42490443926 3734.88819646071 3868.00997744318 4090.45063663653 4337.5983584326 4584.74608022867 4807.18673942202 4940.30852040449 5055.77181242594 Inf
"26" 63.5714126338046 4146.38283932827 332.411983714498 -Inf 3494.86732321834 3599.61378227334 3720.37974119317 3922.1743634705 4146.38283932827 4370.59131518605 4572.38593746337 4693.1518963832 4797.8983554382 Inf 4327.28091523626 366.421658844144 -Inf 3609.10766074631 3724.57092069289 3857.6926646951 4080.13326209604 4327.28091523626 4574.42856837648 4796.86916577742 4929.99090977962 5045.4541697262 Inf
"27" 63.815688478982 4142.96768776176 332.410035763385 -Inf 3491.45598956586 3596.20183480129 3716.96708602646 3918.76052577705 4142.96768776176 4367.17484974648 4568.96828949707 4689.73354072224 4794.47938595767 Inf 4315.36621403057 366.419822600868 -Inf 3597.19655851132 3712.65923983862 3845.78031672985 4068.21979941762 4315.36621403057 4562.51262864352 4784.95211133129 4918.07318822252 5033.53586954983 Inf
"28" 64.0574701155102 4139.58579150744 332.409233301125 -Inf 3488.07566610866 3592.82125847993 3713.5862181689 3915.3791707753 4139.58579150744 4363.79241223959 4565.58536484598 4686.35032453496 4791.09591690622 Inf 4302.8868495925 366.419216874653 -Inf 3584.71838127481 3700.18087173151 3833.30172856116 4055.74084353567 4302.8868495925 4550.03285564933 4772.47197062384 4905.59282745349 5021.05531791019 Inf
"29" 64.296667789397 4136.40716084448 332.41177618136 -Inf 3484.89205149203 3589.63844515119 3710.4043286738 3912.19882496568 4136.40716084448 4360.61549672328 4562.40999301517 4683.17587653777 4787.92227019694 Inf 4291.11307406143 366.422016765896 -Inf 3572.93911805774 3688.40249078917 3821.52436482509 4043.96517950666 4291.11307406143 4538.2609686162 4760.70178329778 4893.82365733369 5009.28703006512 Inf
"30" 64.5330251564194 4133.69324283761 332.415743003135 -Inf 3482.17035865734 3586.91800230313 3707.68532698027 3909.48223137818 4133.69324283761 4357.90425429704 4559.70115869495 4680.46848337208 4785.21612701787 Inf 4281.2849271412 366.426075433221 -Inf 3563.10301629573 3678.56766795527 3811.69101651339 4034.13429505691 4281.2849271412 4528.43555922548 4750.87883776901 4884.00218632712 4999.46683798667 Inf
"31" 64.7661922373888 4131.6729464049 332.415109219898 -Inf 3480.15130441695 3584.89874835108 3705.66584277346 3907.46236242576 4131.6729464049 4355.88353038403 4557.68005003634 4678.44714445871 4783.19458839284 Inf 4274.347815373 366.424962245084 -Inf 3556.16808633619 3671.63238721862 3804.7553313532 4027.19793412271 4274.347815373 4521.4976966233 4743.94029939281 4877.06324352739 4992.52754440982 Inf
"32" 64.9957476329941 4130.43251857042 332.403063357278 -Inf 3478.93448603937 3583.67813419742 3704.44085233308 3906.23005940216 4130.43251857042 4354.63497773869 4556.42418480776 4677.18690294342 4781.93055110147 Inf 4270.76238086653 366.411469117097 -Inf 3552.60909787461 3668.06914693266 3801.18718898602 4023.62160059276 4270.76238086653 4517.9031611403 4740.33757274704 4873.45561480041 4988.91566385845 Inf
"33" 65.2213559698731 4129.85420938678 332.376200714705 -Inf 3478.4088266677 3583.14401012885 3703.89696901108 3905.66986879559 4129.85420938678 4354.03854997796 4555.81144976247 4676.56440864471 4781.29959210586 Inf 4270.43019898655 366.382035436551 -Inf 3552.33460494843 3667.78537914888 3800.89272788542 4023.30927142862 4270.43019898655 4517.55112654448 4739.96767008768 4873.07501882422 4988.52579302467 Inf
"34" 65.4428375897379 4129.62156969699 332.336796218553 -Inf 3478.2534183712 3582.97618506747 3703.71482821503 3905.46380703457 4129.62156969699 4353.77933235941 4555.52831117895 4676.26695432651 4780.98972102278 Inf 4272.75154911457 366.339146454982 -Inf 3554.74001593566 3670.17727537379 3803.26904245492 4025.65954973511 4272.75154911457 4519.84354849404 4742.23405577423 4875.32582285536 4990.76308229348 Inf
"35" 65.6601900843654 4129.27996296615 332.291992923749 -Inf 3477.99962448457 3582.70827319859 3703.43063921679 3905.15241966686 4129.27996296615 4353.40750626545 4555.12928671552 4675.85165273371 4780.56030144774 Inf 4276.77575563904 366.29047209209 -Inf 3558.85962245837 3674.2815441006 3807.35562768535 4029.71658661844 4276.77575563904 4523.83492465964 4746.19588359273 4879.26996717748 4994.69188881971 Inf
"36" 65.8736137623378 4128.32591641075 332.25076418014 -Inf 3477.12638478177 3581.82204189165 3702.5294294223 3904.22618147643 4128.32591641075 4352.42565134507 4554.1224033992 4674.82979092985 4779.52544803974 Inf 4281.38970153219 366.245645535063 -Inf 3563.56142678884 3678.96922311866 3812.02702112284 4034.36076756484 4281.38970153219 4528.41863549954 4750.75238194154 4883.81017994572 4999.21797627554 Inf
"37" 66.0834800282209 4126.29744310713 332.220529613198 -Inf 3475.15717014044 3579.84330002513 3700.53970327528 3902.21810107832 4126.29744310713 4350.37678513595 4552.05518293898 4672.75158618914 4777.43771607382 Inf 4285.49406348045 366.212662730112 -Inf 3567.73043384691 3683.12783695326 3816.17365223641 4038.48737607697 4285.49406348045 4532.50075088392 4754.81447472448 4887.86029000763 5003.25769311398 Inf
"38" 66.290260599129 4122.84683236756 332.204965456943 -Inf 3471.73706458658 3576.41829004442 3697.10903880452 3898.77798820261 4122.84683236756 4346.91567653251 4548.58462593059 4669.2753746907 4773.95660014854 Inf 4288.13752063048 366.195533494846 -Inf 3570.40746368115 3685.79946918805 3818.83906138472 4041.14238672062 4288.13752063048 4535.13265454034 4757.43597987624 4890.47557207291 5005.86757757981 Inf
"39" 66.494615497555 4117.78421424996 332.203567602972 -Inf 3466.67718621242 3571.35797119199 3692.04821210887 3893.71631292318 4117.78421424996 4341.85211557673 4543.52021639105 4664.21045730793 4768.8912422875 Inf 4288.60264366085 366.193786306588 -Inf 3570.87601113758 3686.26746608737 3819.30642352694 4041.60868821156 4288.60264366085 4535.59659911014 4757.89886379476 4890.93782123433 5006.32927618412 Inf
"40" 66.6971840697813 4111.09976111921 332.212689557096 -Inf 3459.97485438012 3564.65851378192 3685.35206872353 3887.02570712788 4111.09976111921 4335.17381511054 4536.84745351489 4657.5410084565 4762.2246678583 Inf 4286.44249508881 366.203547287271 -Inf 3568.69673139495 3684.09126213085 3817.13376575482 4039.4419559581 4286.44249508881 4533.44303421952 4755.7512244228 4888.79372804677 5004.18825878267 Inf
"41" 66.8986115532628 4102.96170371124 332.227258860679 -Inf 3451.80824166184 3556.4964920021 3677.19534000174 3878.87782287397 4102.96170371124 4327.04558454851 4528.72806742073 4649.42691542037 4754.11516576064 Inf 4281.48864931228 366.219357448427 -Inf 3563.71189827196 3679.1114109534 3812.15965844151 4034.47744638992 4281.48864931228 4528.49985223464 4750.81764018305 4883.86588767117 4999.2654003526 Inf
"42" 67.0995196717469 4093.69659624173 332.242470976775 -Inf 3442.51331899266 3547.20636282827 3667.91073742104 3869.60245498808 4093.69659624173 4317.79073749539 4519.48245506243 4640.1868296552 4744.87987349081 Inf 4273.83397450034 366.235989210222 -Inf 3556.02462580591 3671.42937932775 3804.4836691692 4026.81155362512 4273.83397450034 4520.85639537556 4743.18427983148 4876.23856967293 4991.64332319478 Inf
"43" 67.3004111875102 4083.75799408811 332.254928436812 -Inf 3432.55030066602 3537.24726997632 3657.95617039 3859.65545040535 4083.75799408811 4307.86053777087 4509.55981778621 4630.2687181999 4734.96568751019 Inf 4263.8023702807 366.249692393437 -Inf 3545.96616384069 3661.37523537749 3794.43450361366 4016.77070674886 4263.8023702807 4510.83403381254 4733.17023694773 4866.2295051839 4981.63857672071 Inf
"44" 67.5016165267883 4073.68003706966 332.26303994343 -Inf 3422.45644538674 3527.15597071678 3647.86781805754 3849.57202225882 4073.68003706966 4297.78805188049 4499.49225608177 4620.20410342253 4724.90362875257 Inf 4251.90673579821 366.258660398032 -Inf 3534.05295239218 3649.46484984012 3782.52737617085 4004.86902343919 4251.90673579821 4498.94444815723 4721.28609542558 4854.3486217563 4969.76051920424 Inf
"45" 67.703389216446 4064.0104924356 332.266767441509 -Inf 3412.77959499069 3517.48029489399 3638.19349644249 3839.89996346551 4064.0104924356 4288.12102140568 4489.8274884287 4610.5406899772 4715.2413898805 Inf 4238.78459992863 366.262793709741 -Inf 3520.92271538051 3636.33591527778 3769.39994324917 3991.74409969323 4238.78459992863 4485.82510016403 4708.16925660809 4841.23328457947 4956.64648447674 Inf
"46" 67.9059285867523 4055.24175824483 332.266998206301 -Inf 3404.01040850925 3508.71118112892 3629.42446651474 3831.13107362626 4055.24175824483 4279.3524428634 4481.05904997493 4601.77233536075 4706.47310798042 Inf 4225.12609698283 366.263044072255 -Inf 3507.2637217332 3622.6770005223 3755.7411194509 3978.08542788048 4225.12609698283 4472.16676608518 4694.51107451476 4827.57519344337 4942.98847223246 Inf
"47" 68.109362238785 4047.74849942743 332.26493670005 -Inf 3396.52119016985 3501.22131318755 3621.9338496239 3823.6392052737 4047.74849942743 4271.85779358116 4473.56314923096 4594.27568566731 4698.97580868501 Inf 4211.60472312312 366.260753008232 -Inf 3493.74683827647 3609.15939512755 3742.22268170788 3964.56559931997 4211.60472312312 4458.64384692627 4680.98676453837 4814.05005111869 4929.46260796978 Inf
"48" 68.3139666947283 4041.73271882633 332.261799073585 -Inf 3390.51155920361 3495.21069352272 3615.92209005291 3817.62554096948 4041.73271882633 4265.83989668317 4467.54334759974 4588.25474412993 4692.95387844904 Inf 4198.80229144803 366.257296545326 -Inf 3480.95118114418 3596.36264882801 3729.42467966823 3951.76549899368 4198.80229144803 4445.83908390238 4668.17990322782 4801.24193406805 4916.65340175187 Inf
"49" 68.5199791403226 4037.2084121818 332.258877039683 -Inf 3385.9929796403 3490.69119319626 3611.40152814551 3813.10320520688 4037.2084121818 4261.31361915673 4463.0152962181 4583.72563116735 4688.42384472331 Inf 4187.18018060347 366.254124230583 -Inf 3469.33528792227 3584.74575597686 3717.8066343086 3940.1455278429 4187.18018060347 4434.21483336404 4656.55372689834 4789.61460523008 4905.02507328467 Inf
"50" 68.7277623124532 4033.99913617753 332.257794775815 -Inf 3382.78582483423 3487.48369735763 3608.19363911818 3809.89465917849 4033.99913617753 4258.10361317657 4459.80463323687 4580.51457499742 4685.21244752082 Inf 4177.04957028322 366.253017362887 -Inf 3459.20684702284 3574.61696629196 3707.67744249638 3930.01566409357 4177.04957028322 4424.08347647288 4646.42169807006 4779.48217427449 4894.8922935436 Inf
"51" 68.9376689492563 4031.76761809267 332.26066816005 -Inf 3380.54867501976 3485.24745297629 3605.95843864326 3807.66120302541 4031.76761809267 4255.87403315992 4457.57679754207 4578.28778320904 4682.98656116558 Inf 4168.57944026775 366.256263146583 -Inf 3450.73035538822 3566.1414974374 3699.20315284173 3921.54334483026 4168.57944026775 4415.61553570524 4637.95572769377 4771.0173830981 4886.42852514727 Inf
"52" 69.1499985514731 4030.06063395552 332.26989353852 -Inf 3378.82360947306 3483.5252944419 3604.23963170789 3805.94799646504 4030.06063395552 4254.17327144599 4455.88163620314 4576.59597346913 4681.29765843797 Inf 4161.81045602501 366.266441358136 -Inf 3443.94142221741 3559.35577152647 3692.42112469604 3914.76749548815 4161.81045602501 4408.85341656187 4631.19978735398 4764.26514052355 4879.67948983261 Inf
"53" 69.3649639439239 4028.36896337235 332.287456167139 -Inf 3377.09751677033 3481.80473590535 3602.52545371052 3804.24448006889 4028.36896337235 4252.49344667582 4454.21247303418 4574.93319083935 4679.64040997437 Inf 4156.67504917729 366.285691539854 -Inf 3438.76828570683 3554.18870094754 3687.26104774781 3909.61910459018 4156.67504917729 4403.73099376441 4626.08905060678 4759.16139740705 4874.58181264776 Inf
"54" 69.5826486729282 4026.19589487907 332.313887871201 -Inf 3374.87264308903 3479.58819112778 3600.31851162552 3802.05358366213 4026.19589487907 4250.338206096 4452.07327813262 4572.80359863035 4677.5191466691 Inf 4153.01839098605 366.31458512205 -Inf 3435.0549971351 3550.48451704282 3683.56736094106 3905.94295797389 4153.01839098605 4400.0938239982 4622.46942103103 4755.55226492927 4870.98178483699 Inf
"55" 69.8028250346009 4023.12634552046 332.347222021514 -Inf 3371.73775999636 3476.46381197113 3597.20624283439 3798.96155076081 4023.12634552046 4247.29114028012 4449.04644820653 4569.7888790698 4674.51493104457 Inf 4150.61512024135 366.350977043031 -Inf 3432.58039953595 3548.02138691491 3681.11745207306 3903.51514125151 4150.61512024135 4397.7150992312 4620.11278840964 4753.2088535678 4868.64984094676 Inf
"56" 70.0250137072326 4018.88111121169 332.382535797234 -Inf 3367.42331195901 3472.16049167028 3592.91575210106 3794.69249767227 4018.88111121169 4243.06972475111 4444.84647032232 4565.6017307531 4670.33891046436 Inf 4149.17278612961 366.38949192461 -Inf 3431.06257764345 3546.51570146051 3679.62575915454 3902.04682924691 4149.17278612961 4396.29874301231 4618.71981310469 4751.82987079871 4867.28299461578 Inf
"57" 70.2485715090153 4013.34096319898 332.412575507541 -Inf 3361.824287196 3466.57093273113 3587.33710665058 3789.13208818287 4013.34096319898 4237.5498382151 4439.34481974739 4560.11099366684 4664.85763920196 Inf 4148.33198163331 366.422204493813 -Inf 3430.15765768966 3545.62108957611 3678.74303181396 3901.18396045798 4148.33198163331 4395.48000280864 4617.92093145266 4751.04287369051 4866.50630557695 Inf
"58" 70.4726198259103 4006.53731449371 332.429541791087 -Inf 3354.98738518603 3459.73937697282 3580.51171477807 3782.31699589324 4006.53731449371 4230.75763309418 4432.56291420935 4553.33525201459 4658.08724380139 Inf 4147.6682987548 366.440605114333 -Inf 3429.45791025764 3544.9271403702 3678.05576759142 3900.50786654953 4147.6682987548 4394.82873096007 4617.28082991819 4750.4094571394 4865.87868725196 Inf
"59" 70.6962156752117 3998.60572544156 332.427615369542 -Inf 3347.05957185072 3451.81095660214 3572.58259453447 3774.38670619268 3998.60572544156 4222.82474469044 4424.62885634866 4545.40049428098 4650.1518790324 Inf 4146.7046429343 366.438375500743 -Inf 3428.49862439948 3543.96715193769 3677.0949691357 3899.54571458054 4146.7046429343 4393.86357128805 4616.3143167329 4749.4421339309 4864.91066146912 Inf
"60" 70.9185595860616 3989.7202450661 332.405147128328 -Inf 3338.21812841884 3442.96243319473 3563.7259083687 3765.51638041562 3989.7202450661 4213.92410971657 4415.71458176349 4536.47805693747 4641.22236171336 Inf 4144.94356101396 366.413773294985 -Inf 3426.78576191637 3542.24653704473 3675.36541621067 3897.80122659583 4144.94356101396 4392.0858954321 4614.52170581726 4747.64058498319 4863.10136011156 Inf
"61" 71.1390175753123 3980.04155156644 332.365515275987 -Inf 3328.61711192241 3433.34892829114 3554.09800513146 3755.86441819415 3980.04155156644 4204.21868493873 4405.98509800142 4526.73417484174 4631.46599121047 Inf 4141.91879908888 366.370532078434 -Inf 3423.84575121837 3539.29290059152 3672.39607013435 3894.80563042809 4141.91879908888 4389.03196774966 4611.4415280434 4744.54469758623 4859.99184695938 Inf
"62" 71.3572812751597 3969.68472323665 332.316265644205 -Inf 3318.35681109716 3423.07310839681 3543.80429274438 3745.54080823619 3969.68472323665 4193.8286382371 4395.56515372891 4516.29633807649 4621.01263537613 Inf 4137.25453275135 366.316884129404 -Inf 3419.28663292878 3534.71687727753 3667.80055640989 3890.1775490823 4137.25453275135 4384.3315164204 4606.70850909281 4739.79218822516 4855.22243257391 Inf
"63" 71.5734553094467 3958.71734140974 332.266985909359 -Inf 3307.48601577571 3412.18678452049 3532.90006543881 3734.60666508533 3958.71734140974 4182.82801773414 4384.53461738066 4505.24789829898 4609.94866704376 Inf 4130.7170326578 366.263233346034 -Inf 3412.85428643838 3528.2676248696 3661.33181256176 3883.67623589223 4130.7170326578 4377.75782942338 4600.10225275384 4733.166440446 4848.57977887722 Inf
"64" 71.7880926047247 3947.18104849241 332.226926896103 -Inf 3296.02823708163 3400.71638281642 3521.41511021264 3723.09739156185 3947.18104849241 4171.26470542298 4372.94698677219 4493.64571416841 4598.3338599032 Inf 4122.24804591179 366.219594602328 -Inf 3404.47083005837 3519.87041746946 3652.91875111607 3875.23668303156 4122.24804591179 4369.25940879203 4591.57734070752 4724.62567435413 4840.02526176521 Inf
"65" 72.002180572797 3935.12639928249 332.20327546396 -Inf 3284.01994382689 3388.70063675044 3509.39077153261 3711.05869500049 3935.12639928249 4159.1941035645 4360.86202703237 4481.55216181455 4586.23285473809 Inf 4111.97985823397 366.193764265797 -Inf 3394.25326890986 3509.64471691436 3642.68366634647 3864.98591765097 4111.97985823397 4358.97379881697 4581.27605012148 4714.31499955358 4829.70644755809 Inf
"66" 72.2172654871964 3922.64317272553 332.200454515914 -Inf 3271.54224622651 3376.22205024011 3496.91116016604 3698.57737114407 3922.64317272553 4146.708974307 4348.37518528503 4469.06429521096 4573.74409922456 Inf 4100.23045220773 366.190594372014 -Inf 3382.51007576126 3497.90052489941 3630.93832270257 3853.23864968559 4100.23045220773 4347.22225472986 4569.52258171289 4702.56037951605 4817.95082865419 Inf
"67" 72.4351723864616 3909.91610826356 332.220312788278 -Inf 3258.7762602659 3363.46232182681 3484.15864630402 3685.83691248093 3909.91610826356 4133.99530404619 4335.67357022309 4456.36989470031 4561.05595626121 Inf 4087.51878627636 366.212195408177 -Inf 3369.75607257699 3485.15332842536 3618.19897392949 3840.51241407674 4087.51878627636 4334.52515847598 4556.83859862324 4689.88424412736 4805.28149997573 Inf
"68" 72.6579022625367 3897.2745882283 332.26254350859 -Inf 3246.05196953979 3350.75133843808 3471.46300542304 3673.16690825768 3897.2745882283 4121.38226819893 4323.08617103357 4443.79783801853 4548.49720691681 Inf 4074.57989028383 366.258340504475 -Inf 3356.72673385765 3472.13853050381 3605.20094061655 3827.54239368973 4074.57989028383 4321.61738687792 4543.95883995111 4677.02125006384 4792.43304671001 Inf
"69" 72.8876227579675 3885.23508762658 332.324837855632 -Inf 3233.89037426143 3338.60937275368 3459.34367140334 3661.08539075738 3885.23508762658 4109.38478449578 4311.12650384982 4431.86080249948 4536.57980099173 Inf 4062.36507311415 366.326549814796 -Inf 3344.37822889634 3459.81151900267 3592.89870969845 3815.28157003938 4062.36507311415 4309.44857618893 4531.83143652986 4664.91862722564 4780.35191733197 Inf
"70" 73.126615631509 3874.53163897335 332.402312269562 -Inf 3223.03507854718 3327.77849002971 3448.54093529365 3650.32968640606 3874.53163897335 4098.73359154065 4300.52234265306 4421.284787917 4526.02819939953 Inf 4052.00741908932 366.411399930464 -Inf 3333.85427170071 3449.31429895733 3582.43231587505 3804.86668548123 4052.00741908932 4299.14815269742 4521.5825223036 4654.70053922131 4770.16056647793 Inf
