"mid_age" "mean_left" "std_left" "min_left" "l.q2.5" "l.q5" "l.q10" "l.q25" "l.q50" "l.q75" "l.q90" "l.q95" "l.q97.5" "max_left" "mean_right" "std_right" "min_right" "r.q2.5" "r.q5" "r.q10" "r.q25" "r.q50" "r.q75" "r.q90" "r.q95" "r.q97.5" "max_right"
"1" 30 4.51954720962386e-09 2361.87078283007 -Inf -4629.18167047983 -3884.93172352423 -3026.8591993454 -1593.05763430196 4.51954720962386e-09 1593.05763431099 3026.85919935444 3884.93172353326 4629.18167048887 Inf 3.70710479221017e-09 2501.53454418043 -Inf -4902.91761267275 -4114.65816793587 -3205.84551135462 -1687.25940980742 3.70710479221017e-09 1687.25940981483 3205.84551136203 4114.65816794328 4902.91761268016 Inf
"2" 30.7070707070707 4.64451446857315e-08 2361.87078283007 -Inf -4629.18167043791 -3884.9317234823 -3026.85919930348 -1593.05763426003 4.64451446857315e-08 1593.05763435292 3026.85919939637 3884.93172357519 4629.1816705308 Inf 3.83250230274826e-08 2501.53454418043 -Inf -4902.91761263813 -4114.65816790125 -3205.84551132 -1687.2594097728 3.83250230274826e-08 1687.25940984945 3205.84551139665 4114.6581679779 4902.91761271478 Inf
"3" 31.4141414141414 4.31570466483516e-07 2361.87078283007 -Inf -4629.18167005278 -3884.93172309718 -3026.85919891835 -1593.0576338749 4.31570466483516e-07 1593.05763473805 3026.85919978149 3884.93172396032 4629.18167091592 Inf 3.58395643582728e-07 2501.53454418043 -Inf -4902.91761231806 -4114.65816758118 -3205.84551099993 -1687.25940945273 3.58395643582728e-07 1687.25941016952 3205.84551171672 4114.65816829797 4902.91761303485 Inf
"4" 32.1212121212121 3.62555600177639e-06 2361.87078283007 -Inf -4629.1816668588 -3884.93171990319 -3026.85919572437 -1593.05763068092 3.62555600177639e-06 1593.05763793203 3026.85920297548 3884.9317271543 4629.18167410991 Inf 3.03130380802945e-06 2501.53454418043 -Inf -4902.91760964515 -4114.65816490827 -3205.84550832702 -1687.25940677982 3.03130380802945e-06 1687.25941284243 3205.84551438963 4114.65817097088 4902.91761570776 Inf
"5" 32.8282828282828 2.75323328137268e-05 2361.87078283007 -Inf -4629.18164295202 -3884.93169599641 -3026.85917181759 -1593.05760677414 2.75323328137268e-05 1593.05766183881 3026.85922688226 3884.93175106108 4629.18169801668 Inf 2.3185933594538e-05 2501.53454418043 -Inf -4902.91758949052 -4114.65814475364 -3205.84548817239 -1687.25938662519 2.3185933594538e-05 1687.25943299706 3205.84553454426 4114.65819112551 4902.91763586239 Inf
"6" 33.5353535353535 0.000188963050508154 2361.87078283006 -Inf -4629.18148152129 -3884.93153456569 -3026.85901038687 -1593.05744534342 0.000188963050508154 1593.05782326952 3026.85938831297 3884.93191249179 4629.18185944739 Inf 0.00016035244514808 2501.53454418042 -Inf -4902.917452324 -4114.65800758712 -3205.84535100588 -1687.25924945868 0.00016035244514808 1687.25957016357 3205.84567171077 4114.65832829201 4902.91777302889 Inf
"7" 34.2424242424242 0.0011718696329616 2361.87078282992 -Inf -4629.18049861443 -3884.93055165887 -3026.8580274801 -1593.05646243674 0.0011718696329616 1593.05880617601 3026.86037121936 3884.93289539813 4629.18284235369 Inf 0.001002518387086 2501.53454418027 -Inf -4902.91661015777 -4114.65716542093 -3205.84450883974 -1687.25840729263 0.001002518387086 1687.26041232941 3205.84651387652 4114.65917045771 4902.91861519454 Inf
"8" 34.9494949494949 0.0065649711772953 2361.87078282551 -Inf -4629.17510550425 -3884.92515855008 -3026.85263437291 -1593.05106933223 0.0065649711772953 1593.06419927458 3026.86576431526 3884.93828849243 4629.1882354466 Inf 0.00566452361344663 2501.53454417573 -Inf -4902.91194814363 -4114.65250340823 -3205.83984682869 -1687.25374528434 0.00566452361344663 1687.26507433157 3205.85117587592 4114.66383245546 4902.92327719086 Inf
"9" 35.6565656565657 0.0332120367275181 2361.87078271646 -Inf -4629.14845822496 -3884.89851130516 -3026.82598716761 -1593.02442219312 0.0332120367275181 1593.09084626658 3026.89241124106 3884.96493537861 4629.21488229842 Inf 0.0289168856759695 2501.53454406315 -Inf -4902.88869556092 -4114.62925086099 -3205.81659432235 -1687.23049284635 0.0289168856759695 1687.2883266177 3205.87442809371 4114.68708463234 4902.94652933227 Inf
"10" 36.3636363636364 0.151668780357547 2361.87078052283 -Inf -4629.02999718189 -3884.78005095332 -3026.70752761272 -1592.90596396991 0.151668780357547 1593.20930153063 3027.01086517344 3885.08338851404 4629.33333474261 Inf 0.133318004940824 2501.5345417965 -Inf -4902.78428999911 -4114.52484601342 -3205.71219029826 -1687.12609019825 0.133318004940824 1687.39272620813 3205.97882630814 4114.7914820233 4903.05092600899 Inf
"11" 37.0707070707071 0.624927015707347 2361.8707447055 -Inf -4628.55666874586 -3884.30673380371 -3026.23422347562 -1592.43268157614 0.624927015707347 1593.68253560755 3027.48407750703 3885.55658783512 4629.80652277728 Inf 0.554844231319151 2501.53450475091 -Inf -4902.36269116471 -4114.10325885247 -3205.29061659605 -1686.704538985 0.554844231319151 1687.81422744764 3206.40030505869 4115.21294731511 4903.47237962734 Inf
"12" 37.7777777777778 2.32193092702548 2361.87027082844 -Inf -4626.85873605258 -3882.60895043399 -3024.53661226641 -1590.7353580396 2.32193092702548 1595.37921989365 3029.18047412046 3887.25281228804 4631.50259790663 Inf 2.08330089785995 2501.53401410077 -Inf -4900.83327284155 -4112.57399513826 -3203.76153113605 -1685.17575137997 2.08330089785995 1689.34235317569 3207.92813293177 4116.74059693398 4904.99987463727 Inf
"13" 38.4848484848485 7.77437150821506 2361.86520154683 -Inf -4621.39635986202 -3877.14817162657 -3019.07767513944 -1585.27949827993 7.77437150821506 1600.82824129636 3034.62641815587 3892.69691464299 4636.94510287845 Inf 7.05240707669408 2501.52875924611 -Inf -4895.85386733686 -4107.59624549269 -3198.78569059001 -1680.20310085553 7.05240707669408 1694.30791500892 3212.8905047434 4121.70105964608 4909.95868149025 Inf
"14" 39.1919191919192 23.4388692401538 2361.82147386846 -Inf -4605.64615745534 -3861.41174826426 -3003.35713813283 -1569.58550667713 23.4388692401538 1616.46324515744 3050.23487661314 3908.28948674457 4652.52389593565 Inf 21.5070307927996 2501.4833724279 -Inf -4881.31028709168 -4093.06696710403 -3184.27290132596 -1665.71786419575 21.5070307927996 1708.73192578135 3227.28696291156 4136.08102868963 4924.32434867728 Inf
"15" 39.8989898989899 63.5728262839436 2361.51835413493 -Inf -4564.91809665083 -3820.77920362737 -2962.83471751999 -1529.24709847999 63.5728262839436 1656.39275104788 3089.98037008787 3947.92485619526 4692.06374921871 Inf 59.0310269470267 2501.16830426398 -Inf -4843.1687686835 -4055.02472993765 -3146.34512907302 -1627.98135779435 59.0310269470267 1746.0434116884 3264.40718296707 4173.0867838317 4961.23082257755 Inf
"16" 40.6060606060606 154.964251274677 2359.83679258855 -Inf -4470.23087159139 -3726.62185602812 -2869.28828469692 -1436.72147746189 154.964251274677 1746.64998001125 3179.21678724628 4036.55035857748 4780.15937414075 Inf 145.675575498657 2499.41771045206 -Inf -4753.09311930895 -3965.50071080516 -3057.45710428108 -1540.15605165982 145.675575498657 1831.50720265713 3348.8082552784 4256.85186180247 5044.44427030626 Inf
"17" 41.3131313131313 339.116855410573 2352.40560707549 -Inf -4271.51341148746 -3530.24603944852 -2675.61223313292 -1247.55661486563 339.116855410573 1925.79032568678 3353.84594395406 4208.47975026967 4949.74712230861 Inf 322.862715122919 2491.66804166614 -Inf -4560.71690797216 -3775.56650037071 -2870.33836449177 -1357.74183987204 322.862715122919 2003.46727011787 3516.06379473761 4421.29193061654 5206.442338218 Inf
"18" 42.020202020202 665.535850211151 2326.34559330431 -Inf -3894.01772825875 -3160.96213647801 -2315.79598688576 -903.560407886425 665.535850211151 2234.63210830873 3646.86768730807 4492.03383690031 5225.08942868105 Inf 641.953515801827 2464.43987157907 -Inf -4188.25987455767 -3411.68934536883 -2516.35325981087 -1020.2859175528 641.953515801827 2304.19294915646 3800.26029141452 4695.59637697248 5472.16690616132 Inf
"19" 42.7272727272727 1170.43794888326 2253.90528587136 -Inf -3247.13523598906 -2536.90633538734 -1718.05789881443 -349.798064349744 1170.43794888326 2690.67396211626 4058.93379658095 4877.78223315385 5588.01113375557 Inf 1144.13102918703 2388.60098922422 -Inf -3537.44088312919 -2784.7679712783 -1916.98430801465 -466.955855352928 1144.13102918703 2755.21791372699 4205.24636638871 5073.03002965236 5825.70294150325 Inf
"20" 43.4343434343434 1844.23400545591 2093.80950690719 -Inf -2259.55721856974 -1599.77615612585 -839.090846073161 431.980954183903 1844.23400545591 3256.48705672792 4527.55885698499 5288.24416703767 5948.02522948157 Inf 1827.45578838261 2220.65030909351 -Inf -2524.93883969841 -1825.18892672076 -1018.42209176328 329.649916129274 1827.45578838261 3325.26166063594 4673.3336685285 5480.10050348598 6179.85041646363 Inf
"21" 44.1414141414141 2606.99848686218 1810.9859590321 -Inf -942.468769348473 -371.808336209967 286.126595885296 1385.507019746 2606.99848686218 3828.48995397835 4927.87037783906 5585.80530993432 6156.46574307282 Inf 2619.0498503126 1923.34204098136 -Inf -1150.63127996263 -544.566281663839 154.187846615189 1321.77535754946 2619.0498503126 3916.32434307574 5083.91185401001 5782.66598228904 6388.73098058783 Inf
"22" 44.8484848484848 3320.04337009456 1410.91403923789 -Inf 554.702667906364 999.296295337365 1511.88427426039 2368.39631222085 3320.04337009456 4271.69042796827 5128.20246592874 5640.79044485176 6085.38407228276 Inf 3381.39666997263 1501.93286743169 -Inf 437.662342609555 910.936945539997 1456.59225237266 2368.35834540735 3381.39666997263 4394.43499453791 5306.2010875726 5851.85639440526 6325.1309973357 Inf
"23" 45.5555555555556 3845.19751104233 964.110482530871 -Inf 1955.57568816428 2259.37688706949 2609.64021279693 3194.91487251865 3845.19751104233 4495.480149566 5080.75480928772 5431.01813501516 5734.81933392036 Inf 3967.94533168153 1030.38676375245 -Inf 1948.42438457995 2273.10992616053 2647.45156147815 3272.9600207928 3967.94533168153 4662.93064257027 5288.43910188492 5662.78073720254 5987.46627878312 Inf
"24" 46.2626262626263 4122.31147546178 594.308079134622 -Inf 2957.48904463675 3144.76167597064 3360.67502623101 3721.45676762676 4122.31147546178 4523.16618329681 4883.94792469256 5099.86127495293 5287.13390628682 Inf 4302.18484676339 639.321746798178 -Inf 3049.13724850572 3250.59415275346 3482.86106126748 3870.96888147056 4302.18484676339 4733.40081205621 5121.5086322593 5353.77554077332 5555.23244502105 Inf
"25" 46.969696969697 4204.96788011331 408.681743858342 -Inf 3403.96638101193 3532.74623145906 3681.22115146215 3929.3162327886 4204.96788011331 4480.61952743802 4728.71460876446 4877.18952876755 5005.96937921468 Inf 4419.97291780734 442.028560759089 -Inf 3553.61285858145 3692.90063642662 3853.49052375111 4121.82918428141 4419.97291780734 4718.11665133328 4986.45531186358 5147.04519918807 5286.33297703323 Inf
"26" 47.6767676767677 4216.45627983623 362.733653412355 -Inf 3505.51138316739 3619.81251440356 3751.59439842992 3971.79614855842 4216.45627983623 4461.11641111405 4681.31816124255 4813.1000452689 4927.40117650508 Inf 4433.16078406982 392.412219269946 -Inf 3664.04696720729 3787.70012194357 3930.26429012559 4168.48276432054 4433.16078406982 4697.83880381909 4936.05727801405 5078.62144619606 5202.27460093234 Inf
"27" 48.3838383838384 4256.6700286306 346.702064443252 -Inf 3577.14646895614 3686.39588045955 3812.3534551658 4022.8230397918 4256.6700286306 4490.51701746939 4700.98660209539 4826.94417680164 4936.19358830506 Inf 4441.99266712441 375.154584388935 -Inf 3706.70319308701 3824.9182883248 3961.21272217954 4188.95474521501 4441.99266712441 4695.03058903382 4922.77261206929 5059.06704592402 5177.28214116182 Inf
"28" 49.0909090909091 4339.43082860275 338.618279493409 -Inf 3675.75119628875 3782.45332342595 3905.47404239596 4111.03626985542 4339.43082860275 4567.82538735009 4773.38761480955 4896.40833377956 5003.11046091675 Inf 4475.4915950865 366.46529657013 -Inf 3757.23281222526 3872.70982287128 4005.84742054929 4228.31450874738 4475.4915950865 4722.66868142562 4945.13576962372 5078.27336730173 5193.75037794775 Inf
"29" 49.7979797979798 4411.28312954503 336.618693699954 -Inf 3751.5226133702 3857.59465031299 3979.88891564227 4184.23727092001 4411.28312954503 4638.32898817004 4842.67734344778 4964.97160877706 5071.04364571986 Inf 4508.58976072469 364.301268940688 -Inf 3794.5723940787 3909.36749720458 4041.71889918387 4262.87228884077 4508.58976072469 4754.30723260861 4975.46062226551 5107.8120242448 5222.60712737068 Inf
"30" 50.5050505050505 4423.0429163144 336.200653320811 -Inf 3764.10174422677 3870.0420523162 3992.18444271399 4196.27902164028 4423.0429163144 4649.80681098851 4853.9013899148 4976.04378031259 5081.98408840202 Inf 4521.01403767397 363.852400641344 -Inf 3807.87643672849 3922.53009680405 4054.71842400489 4275.59932285714 4521.01403767397 4766.42875249079 4987.30965134304 5119.49797854388 5234.15163861944 Inf
"31" 51.2121212121212 4379.7786400791 335.836688127325 -Inf 3721.55082666234 3827.3764455495 3949.38660664222 4153.26023619743 4379.7786400791 4606.29704396078 4810.17067351599 4932.1808346087 5038.00645349587 Inf 4524.63623256917 363.456135663931 -Inf 3812.27529670776 3926.80408958459 4058.84845290227 4279.48879441797 4524.63623256917 4769.78367072037 4990.42401223607 5122.46837555375 5236.99716843058 Inf
"32" 51.9191919191919 4327.56757782812 335.36535425209 -Inf 3670.26356183151 3775.9406585327 3897.77958305693 4101.36708381421 4327.56757782812 4553.76807184203 4757.3555725993 4879.19449712353 4984.87159382473 Inf 4536.92554128466 362.952088196849 -Inf 3825.55252030523 3939.92248260446 4071.78372443831 4292.11807798362 4536.92554128466 4781.7330045857 5002.06735813101 5133.92859996486 5248.29856226409 Inf
"33" 52.6262626262626 4302.90756687643 335.237107569702 -Inf 3645.85490975844 3751.49159460169 3873.28392684184 4076.79357393529 4302.90756687643 4529.02155981758 4732.53120691103 4854.32353915118 4959.96022399443 Inf 4548.528318408 362.809671295545 -Inf 3837.43442942592 3951.75951468445 4083.56901616447 4303.81691384715 4548.528318408 4793.23972296885 5013.48762065153 5145.29712213155 5259.62220739008 Inf
"34" 53.3333333333333 4301.7566313918 334.687678795647 -Inf 3645.78083488302 3751.24438902881 3872.83711266275 4076.01322252722 4301.7566313918 4527.50004025638 4730.67615012085 4852.26887375479 4957.73242790058 Inf 4533.50048893517 362.218488922101 -Inf 3823.56529611333 3937.70409368277 4069.29881738785 4289.1878308257 4533.50048893517 4777.81314704464 4997.70216048249 5129.29688418757 5243.43568175701 Inf
"35" 54.040404040404 4296.45234642208 334.220224569653 -Inf 3641.39274336067 3746.70899783815 3868.13189438817 4071.02423064161 4296.45234642208 4521.88046220254 4724.77279845599 4846.19569500601 4951.51194948349 Inf 4488.31634417436 361.71545906106 -Inf 3779.36707176331 3893.34735941336 4024.75933133297 4244.3429745502 4488.31634417436 4732.28971379851 4951.87335701574 5083.28532893536 5197.26561658541 Inf
"36" 54.7474747474747 4275.28173637618 334.293947965044 -Inf 3620.07763811498 3725.41712359795 3846.86680400949 4049.80389492117 4275.28173637618 4500.75957783118 4703.69666874286 4825.14634915441 4930.48583463737 Inf 4445.63962993418 361.792977248781 -Inf 3736.53842466705 3850.54313910095 3981.98327353796 4201.61397508696 4445.63962993418 4689.66528478141 4909.2959863304 5040.73612076741 5154.74083520131 Inf
"37" 55.4545454545455 4256.19131019448 334.193825144906 -Inf 3601.18344905479 3706.4913848001 3827.90469038469 4030.78100055542 4256.19131019448 4481.60161983354 4684.47793000427 4805.89123558887 4911.19917133417 Inf 4440.55702252669 361.686324553494 -Inf 3731.66485270118 3845.63595976613 3977.03734705909 4196.60330382927 4440.55702252669 4684.51074122412 4904.07669799429 5035.47808528725 5149.4491923522 Inf
"38" 56.1616161616162 4259.31723670379 334.12611680431 -Inf 3604.44208147312 3709.72868161901 3831.11738862389 4033.95259564646 4259.31723670379 4484.68187776112 4687.51708478369 4808.90579178857 4914.19239193446 Inf 4468.58754893744 361.613018983251 -Inf 3759.83905538947 3873.78706310997 4005.16181833814 4224.68327409577 4468.58754893744 4712.4918237791 4932.01327953673 5063.38803476491 5177.33604248541 Inf
"39" 56.8686868686869 4276.55314489749 334.230347255865 -Inf 3621.47370173568 3726.79314597643 3848.21972011922 4051.11820146893 4276.55314489749 4501.98808832605 4704.88656967576 4826.31314381855 4931.6325880593 Inf 4489.1866796582 361.725094932931 -Inf 3780.21852128532 3894.2018452984 4025.61731795013 4245.20681073723 4489.1866796582 4733.16654857917 4952.75604136627 5084.171514018 5198.15483803108 Inf
"40" 57.5757575757576 4280.80230428336 334.186911734237 -Inf 3625.80799317959 3731.11375043759 3852.52454436584 4055.39665766894 4280.80230428336 4506.20795089779 4709.08006420089 4830.49085812914 4935.79661538713 Inf 4474.20676666987 361.678445559593 -Inf 3765.33003938864 3879.298663701 4010.69718853924 4230.25836227307 4474.20676666987 4718.15517106667 4937.71634480051 5069.11486963874 5183.08349395111 Inf
"41" 58.2828282828283 4261.75818623597 334.043823122941 -Inf 3607.04432365693 3712.30499221146 3833.66380175226 4036.44905142323 4261.75818623597 4487.0673210487 4689.85257071967 4811.21138026047 4916.472048815 Inf 4441.22421171301 361.52412410522 -Inf 3732.64994892439 3846.56994494809 3977.91240448383 4197.37989555543 4441.22421171301 4685.0685278706 4904.5360189422 5035.87847847794 5149.79847450163 Inf
"42" 58.989898989899 4236.85024923313 334.008372774273 -Inf 3582.20586806073 3687.45536584321 3808.80129619926 4011.56502531721 4236.85024923313 4462.13547314905 4664.899202267 4786.24513262305 4891.49463040553 Inf 4426.8152650984 361.486022756885 -Inf 3718.31567958028 3832.22366947447 3963.55228671182 4182.99664790973 4426.8152650984 4670.63388228706 4890.07824348497 5021.40686072232 5135.31485061652 Inf
"43" 59.6969696969697 4223.83184658629 334.037454781509 -Inf 3569.13046572711 3674.38912755129 3795.74562346052 3998.52700715458 4223.83184658629 4449.13668601801 4651.91806971207 4773.27456562129 4878.53322744548 Inf 4434.81909537888 361.516828933968 -Inf 3726.25913086317 3840.17682810284 3971.51663728783 4190.97969973952 4434.81909537888 4678.65849101823 4898.12155346992 5029.46136265491 5143.37905989458 Inf
"44" 60.4040404040404 4217.92111116106 333.888835179722 -Inf 3563.51101936878 3668.72284961709 3790.02535171862 3992.71651412743 4217.92111116106 4443.12570819469 4645.8168706035 4767.11937270503 4872.33120295335 Inf 4432.17926975977 361.356595225002 -Inf 3723.93335754275 3837.80056348109 3969.0821594293 4188.44795011475 4432.17926975977 4675.91058940479 4895.27638009024 5026.55797603845 5140.42518197679 Inf
"45" 61.1111111111111 4204.09946510219 333.673533622263 -Inf 3550.11135660834 3655.2553431059 3776.47962570778 3979.04008676227 4204.09946510219 4429.15884344211 4631.7193044966 4752.94358709848 4858.08757359604 Inf 4398.35514405004 361.124620580028 -Inf 3690.56389378249 3804.3580021075 3935.555321189 4154.78028892536 4398.35514405004 4641.92999917471 4861.15496691107 4992.35228599257 5106.14639431758 Inf
"46" 61.8181818181818 4179.2730184197 333.520629606046 -Inf 3525.58459629073 3630.68040114906 3751.84913340665 3954.31677227148 4179.2730184197 4404.22926456792 4606.69690343275 4727.86563569034 4832.96144054867 Inf 4355.20929771442 360.959059784413 -Inf 3647.74254064353 3761.48447904704 3892.6216495502 4111.74611164942 4355.20929771442 4598.67248377942 4817.79694587864 4948.93411638181 5062.67605478531 Inf
"47" 62.5252525252525 4152.15333094107 333.380388347115 -Inf 3498.73977662875 3603.79139001383 3724.90917233296 3927.29167608455 4152.15333094107 4377.01498579759 4579.39748954918 4700.51527186831 4805.56688525339 Inf 4334.47246375036 360.808268083066 -Inf 3627.30125298328 3740.99567535985 3872.07806292707 4091.11098514233 4334.47246375036 4577.83394235839 4796.86686457365 4927.94925214087 5041.64367451745 Inf
"48" 63.2323232323232 4131.66773178752 333.411545027256 -Inf 3478.19311150425 3583.25454268195 3704.3836442872 3906.7850620696 4131.66773178752 4356.55040150544 4558.95181928784 4680.0809208931 4785.1423520708 Inf 4335.04937358847 360.841515524418 -Inf 3627.81299903376 3741.51789802347 3872.61236445467 4091.66546992203 4335.04937358847 4578.43327725491 4797.48638272228 4928.58084915348 5042.28574814318 Inf
"49" 63.9393939393939 4125.14001091563 333.514991422909 -Inf 3471.46263942255 3576.55666763097 3697.72335152501 3900.18756766415 4125.14001091563 4350.09245416712 4552.55667030626 4673.72335420029 4778.81738240872 Inf 4332.66995167143 360.953105945108 -Inf 3625.21486391115 3738.95492619822 3870.0899336593 4089.21078141002 4332.66995167143 4576.12912193285 4795.24996968357 4926.38497714464 5040.12503943172 Inf
"50" 64.6464646464646 4136.35161062303 333.558320766129 -Inf 3482.58931517776 3587.69699691102 3708.87942244477 3911.36994217366 4136.35161062303 4361.3332790724 4563.82379880129 4685.00622433504 4790.11390606831 Inf 4318.38138105963 360.999996587835 -Inf 3610.83438932839 3724.58922734266 3855.74127027089 4074.89058354031 4318.38138105963 4561.87217857894 4781.02149184836 4912.1735347766 5025.92837279087 Inf
"51" 65.3535353535354 4153.51824708736 333.450127114996 -Inf 3499.96800730166 3605.04159609482 3726.18471465209 3928.60955414671 4153.51824708736 4378.426940028 4580.85177952262 4701.99489807989 4807.06848687305 Inf 4304.06536483076 360.88265740862 -Inf 3596.74835366476 3710.4662168883 3841.57563025085 4060.65371138512 4304.06536483076 4547.4770182764 4766.55509941067 4897.66451277321 5011.38237599676 Inf
"52" 66.0606060606061 4150.72226926271 333.217997489397 -Inf 3497.62699518294 3602.62743752677 3723.68622291254 3925.97014537525 4150.72226926271 4375.47439315018 4577.75831561289 4698.81710099866 4803.81754334249 Inf 4295.9882773578 360.633046180864 -Inf 3589.16049520834 3702.79970334865 3833.8184324376 4052.74498412682 4295.9882773578 4539.23157058879 4758.15812227801 4889.17685136695 5002.81605950727 Inf
"53" 66.7676767676768 4116.27106663034 333.201733407263 -Inf 3463.20766956579 3568.20298692889 3689.25586354009 3891.52991269958 4116.27106663034 4341.01222056111 4543.28626972059 4664.3391463318 4769.33446369489 Inf 4284.88038105471 360.614942151485 -Inf 3578.08808215081 3691.72158552395 3822.7337373817 4041.64929880598 4284.88038105471 4528.11146330344 4747.02702472772 4878.03917658548 4991.67267995862 Inf
"54" 67.4747474747475 4070.9346862144 333.225582153337 -Inf 3417.82454646647 3522.82737881647 3643.88891972628 3846.17744654885 4070.9346862144 4295.69192587995 4497.98045270252 4619.04199361233 4724.04482596234 Inf 4261.73866317104 360.640586587435 -Inf 3554.89610209626 3668.53768629679 3799.55915483098 4018.49028401311 4261.73866317104 4504.98704232896 4723.91817151109 4854.93964004529 4968.58122424581 Inf
"55" 68.1818181818182 4043.12569271446 333.148569498169 -Inf 3390.16649499701 3495.1450598617 3616.17862191514 3818.42039729546 4043.12569271446 4267.83098813346 4470.07276351378 4591.10632556722 4696.08489043191 Inf 4227.47783747562 360.557860130551 -Inf 3520.79741727691 3634.41293351403 3765.4043473559 3984.28525646494 4227.47783747562 4470.67041848631 4689.55132759534 4820.54274143722 4934.15825767433 Inf
"56" 68.8888888888889 4034.17399538996 333.145145931309 -Inf 3381.22150774026 3486.19899380357 3607.23131206811 3809.47100913172 4034.17399538996 4258.87698164821 4461.11667871182 4582.14899697635 4687.12648303967 Inf 4188.6519987731 360.553911680388 -Inf 3481.97931739451 3595.59358943408 3726.58356879587 3945.46208095158 4188.6519987731 4431.84191659463 4650.72042875033 4781.71040811213 4895.3246801517 Inf
"57" 69.5959595959596 4024.17904176064 333.258382141702 -Inf 3371.00461521682 3476.01778318288 3597.09124039608 3799.39967883914 4024.17904176064 4248.95840468215 4451.2668431252 4572.3403003384 4677.35346830446 Inf 4156.49525648711 360.676447805919 -Inf 3449.58240871567 3563.23529315757 3694.26979014637 3913.22268930489 4156.49525648711 4399.76782366933 4618.72072282785 4749.75521981665 4863.40810425855 Inf
"58" 70.3030303030303 4003.86791555888 333.45207233313 -Inf 3350.3138632157 3455.38806496725 3576.53189022627 3778.95791058854 4003.86791555888 4228.77792052922 4431.20394089149 4552.34776615051 4657.42196790206 Inf 4143.49320260126 360.884822318598 -Inf 3436.17194828968 3549.89049369878 3681.00069357758 3900.08008894604 4143.49320260126 4386.90631625649 4605.98571162495 4737.09591150375 4850.81445691285 Inf
"59" 71.010101010101 3980.27525592852 333.417203186594 -Inf 3326.78954585672 3431.85275997903 3552.98391720524 3755.38876984012 3980.27525592852 4205.16174201692 4407.5665946518 4528.697751878 4633.76096600031 Inf 4144.42388066953 360.847239132865 -Inf 3437.17628804841 3550.88299060642 3681.97953643636 3901.03611648786 4144.42388066953 4387.81164485121 4606.8682249027 4737.96477073265 4851.67147329066 Inf
"60" 71.7171717171717 3955.2434802284 333.161195743385 -Inf 3302.25953552507 3407.24207905041 3528.28022824476 3730.52966853642 3955.2434802284 4179.95729192038 4382.20673221205 4503.2448814064 4608.22742493173 Inf 4129.71278818581 360.571522090868 -Inf 3423.00559103692 3536.62541229923 3667.62178955946 3886.51099232292 4129.71278818581 4372.9145840487 4591.80378681216 4722.80016407238 4836.4199853347 Inf
"61" 72.4242424242424 3922.05993836682 333.082733175857 -Inf 3269.22977746997 3374.1875966276 3495.19724020942 3697.39904887241 3922.05993836682 4146.72082786123 4348.92263652421 4469.93228010604 4574.89009926366 Inf 4081.81109500867 360.486794564523 -Inf 3375.26996075992 3488.8630835011 3619.82867907635 3838.66644699386 4081.81109500867 4324.95574302348 4543.79351094099 4674.75910651624 4788.35222925743 Inf
"62" 73.1313131313131 3887.06799187831 333.33159341628 -Inf 3233.75007387306 3338.78631147003 3459.8863664902 3662.2392487025 3887.06799187831 4111.89673505412 4314.24961726642 4435.3496722866 4540.38590988357 Inf 4033.0215844582 360.755352442513 -Inf 3325.95408644082 3439.63183455098 3570.69499775691 3789.69579690735 4033.0215844582 4276.34737200905 4495.3481711595 4626.41133436543 4740.08908247558 Inf
"63" 73.8383838383838 3872.72517226383 333.636862231724 -Inf 3218.8089383747 3323.94136933727 3445.15232914738 3647.69052840095 3872.72517226383 4097.75981612672 4300.29801538029 4421.50897519039 4526.64140615296 Inf 4034.94949593386 361.084115819727 -Inf 3327.23763353771 3441.01897839322 3572.2015820118 3791.40196085484 4034.94949593386 4278.49703101288 4497.69740985592 4628.8800134745 4742.66135833001 Inf
"64" 74.5454545454545 3888.08433289541 333.844421214552 -Inf 3233.76129087527 3338.95912582314 3460.24549223957 3662.90969262605 3888.08433289541 4113.25897316477 4315.92317355125 4437.20953996768 4542.40737491555 Inf 4084.10313815213 361.309477689879 -Inf 3375.94957460699 3489.80193332199 3621.06641137256 3840.40359880161 4084.10313815213 4327.80267750265 4547.1398649317 4678.40434298227 4792.25670169727 Inf
"65" 75.2525252525253 3910.84605748039 334.33574816039 -Inf 3255.56003234177 3360.91268949924 3482.37755600792 3685.34002222207 3910.84605748039 4136.35209273871 4339.31455895286 4460.77942546154 4566.13208261901 Inf 4111.67118468153 361.838440513459 -Inf 3402.48087305301 3516.4999134325 3647.95656476729 3867.61486532827 4111.67118468153 4355.72750403479 4575.38580459577 4706.84245593056 4820.86149631005 Inf
"66" 75.959595959596 3910.83867561891 334.747569167101 -Inf 3254.74549613906 3360.22792236121 3481.84240429056 3685.05487131264 3910.83867561891 4136.62247992517 4339.83494694725 4461.4494288766 4566.93185509876 Inf 4067.67867966737 362.28256538957 -Inf 3357.61789927704 3471.77688800505 3603.39489082285 3823.32280263737 4067.67867966737 4312.03455669738 4531.96246851189 4663.58047132969 4777.73946005771 Inf
"67" 76.6666666666667 3882.01485726807 335.114953045304 -Inf 3225.20161861844 3330.79981130583 3452.54776455546 3655.98325630157 3882.01485726807 4108.04645823457 4311.48194998069 4433.22990323031 4538.8280959177 Inf 3988.49541231211 362.681693952775 -Inf 3277.6523543127 3391.93711258499 3523.70011963257 3743.87032715721 3988.49541231211 4233.12049746701 4453.29070499166 4585.05371203924 4699.33847031153 Inf
"68" 77.3737373737374 3841.61034371262 336.101816226797 -Inf 3182.8628887696 3288.772052267 3410.87853494478 3614.91311364536 3841.61034371262 4068.30757377988 4272.34215248046 4394.44863515824 4500.35779865564 Inf 3949.54325029101 363.742021842008 -Inf 3236.62198781689 3351.24086638952 3483.38909274502 3704.20298484297 3949.54325029101 4194.88351573904 4415.69740783699 4547.8456341925 4662.46451276513 Inf
"69" 78.0808080808081 3807.74852701972 337.150272793711 -Inf 3146.94613496619 3253.18567798731 3375.67306709715 3580.34412374455 3807.74852701972 4035.15293029489 4239.82398694229 4362.31137605214 4468.55091907325 Inf 3965.19100317284 364.878061460314 -Inf 3250.04314396184 3365.02000038482 3497.5809522755 3719.08449064645 3965.19100317284 4211.29751569924 4432.80105407019 4565.36200596086 4680.33886238385 Inf
"70" 78.7878787878788 3789.80986319101 338.773110473235 -Inf 3125.82676773286 3232.57768371548 3355.65465309963 3561.31087253477 3789.80986319101 4018.30885384726 4223.9650732824 4347.04204266655 4453.79295864916 Inf 3971.77027542743 366.624146554644 -Inf 3253.20015231759 3368.72721823904 3501.92252644387 3724.48604640194 3971.77027542743 4219.05450445293 4441.61802441099 4574.81333261583 4690.34039853727 Inf
"71" 79.4949494949495 3789.60742659158 340.941478209377 -Inf 3121.37440846536 3228.80859958069 3352.67334143327 3559.64589412266 3789.60742659158 4019.56895906051 4226.5415117499 4350.40625360247 4457.84044471781 Inf 3910.74526542475 368.963406828306 -Inf 3187.59027642807 3303.85446749084 3437.89963377526 3661.88322932163 3910.74526542475 4159.60730152787 4383.59089707423 4517.63606335866 4633.90025442143 Inf
"72" 80.2020202020202 3788.23692555694 344.847799563379 -Inf 3112.34765826483 3221.01277169889 3346.29668815189 3555.64061937377 3788.23692555694 4020.83323174012 4230.177162962 4355.461079415 4464.12619284906 Inf 3793.06710291855 373.183534864708 -Inf 3061.64081496037 3179.23481207776 3314.81315957721 3541.35863371036 3793.06710291855 4044.77557212673 4271.32104625988 4406.89939375933 4524.49339087672 Inf
"73" 80.9090909090909 3726.3762942382 357.88188936142 -Inf 3024.94068037067 3137.71297050182 3267.73219864701 3484.98862808311 3726.3762942382 3967.76396039328 4185.02038982938 4315.03961797457 4427.81190810573 Inf 3661.07674351431 387.226061051013 -Inf 2902.12760997902 3024.14655254442 3164.82657875472 3399.8967343266 3661.07674351431 3922.25675270202 4157.32690827391 4298.0069344842 4420.0258770496 Inf
"74" 81.6161616161616 3517.17119479874 410.765496066695 -Inf 2712.08561641629 2841.52207876692 2990.75403024276 3240.11407796754 3517.17119479874 3794.22831162993 4043.58835935472 4192.82031083056 4322.25677318119 Inf 3506.83246769918 444.227686944853 -Inf 2636.16220035173 2776.14294563567 2937.53178003675 3207.20544610156 3506.83246769918 3806.4594892968 4076.13315536161 4237.52198976268 4377.50273504663 Inf
"75" 82.3232323232323 3101.58829548207 594.224682052126 -Inf 1936.92931993514 2124.17567198454 2340.05872391292 2700.78983812438 3101.58829548207 3502.38675283975 3863.11786705121 4079.00091897959 4266.247271029 Inf 3256.82167534795 639.680779625758 -Inf 2003.07038567896 2204.64042488938 2437.03777076977 2825.36354609294 3256.82167534795 3688.27980460296 4076.60557992613 4309.00292580652 4510.57296501694 Inf
"76" 83.030303030303 2501.33191393102 945.43571501657 -Inf 648.311962800673 946.22854903656 1289.70729322976 1863.64521468304 2501.33191393102 3139.01861317901 3712.95653463229 4056.43527882549 4354.35186506138 Inf 2841.78455461153 1011.55337408481 -Inf 859.176372965323 1177.92731839312 1545.42674442121 2159.50217201506 2841.78455461153 3524.066937208 4138.14236480184 4505.64179082993 4824.39273625773 Inf
"77" 83.7373737373737 1818.45601757527 1377.74045026357 -Inf -881.865644985323 -447.725359038517 52.8105866258686 889.184205441956 1818.45601757527 2747.72782970858 3584.10144852467 4084.63739418905 4518.77768013586 Inf 2270.85552734996 1467.86579199144 -Inf -606.108559091629 -143.56884448516 389.709823613961 1280.79509598828 2270.85552734996 3260.91595871164 4152.00123108595 4685.27989918507 5147.81961379154 Inf
"78" 84.4444444444444 1181.21911490594 1776.91688591221 -Inf -2301.47398500305 -1741.54906967807 -1095.99150207748 -17.2931115921813 1181.21911490594 2379.73134140407 3458.42973188937 4103.98729948996 4663.91221481494 Inf 1636.29296648475 1888.15034280859 -Inf -2064.41370281704 -1469.43797311362 -783.469061325171 362.754913431141 1636.29296648475 2909.83101953837 4056.05499429468 4742.02390608313 5336.99963578655 Inf
"79" 85.1515151515152 681.78527490729 2068.87384436115 -Inf -3373.13294859748 -2721.20937169518 -1969.58323924802 -713.648927563068 681.78527490729 2077.21947737765 3333.1537890626 4084.77992150976 4736.70349841206 Inf 1055.28683229187 2194.82913812544 -Inf -3246.49923065308 -2554.88583609254 -1757.4998857757 -425.10292480544 1055.28683229187 2535.67658938918 3868.07355035944 4665.45950067628 5357.07289523683 Inf
"80" 85.8585858585859 348.215117484745 2240.13966638833 -Inf -4042.37794897596 -3336.48673765197 -2522.63937901378 -1162.73612650186 348.215117484745 1859.16636147135 3219.06961398328 4032.91697262146 4738.80818394545 Inf 607.56409311188 2374.33165102939 -Inf -4046.04043025925 -3297.86393466949 -2435.26435138693 -993.898269073583 607.56409311188 2209.02645529734 3650.39253761069 4512.99212089325 5261.16861648301 Inf
"81" 86.5656565656566 156.686763079534 2320.5159546563 -Inf -4391.4409335974 -3660.22232133565 -2817.17409148147 -1408.47746350262 156.686763079534 1721.85098966169 3130.54761764054 3973.59584749471 4704.81445975647 Inf 312.245661025824 2458.394907956 -Inf -4506.11981834459 -3731.45411980463 -2838.31418199206 -1345.91650632473 312.245661025824 1970.40782837638 3462.8055040437 4355.94544185627 5130.61114039623 Inf
"82" 87.2727272727273 61.7316760149406 2350.50017355583 -Inf -4545.16400980963 -3804.49705960843 -2950.55550121838 -1523.65659888258 61.7316760149406 1647.11995091246 3074.01885324827 3927.96041163831 4668.62736183951 Inf 143.402736862504 2489.6922440976 -Inf -4736.30439415749 -3951.77658083438 -3047.26625628502 -1535.86916292401 143.402736862504 1822.67463664901 3334.07173001003 4238.58205455938 5023.10986788249 Inf
"83" 87.979797979798 21.0734966198318 2359.35344274649 -Inf -4603.17427796387 -3859.71757094218 -3002.55960160498 -1570.28621760251 21.0734966198318 1612.43321084218 3044.70659484464 3901.86456418184 4645.32127120353 Inf 58.9440423479158 2498.91657774638 -Inf -4838.84245040507 -4051.40795400738 -3143.54641002831 -1626.54957593709 58.9440423479158 1744.43766063292 3261.43449472414 4169.29603870321 4956.7305351009 Inf
"84" 88.6868686868687 6.11098621299951 2361.4225113675 -Inf -4622.19208834942 -3878.08339637468 -3020.17373014228 -1586.64429358667 6.11098621299951 1598.86626601267 3032.39570256828 3890.30536880068 4634.41406077542 Inf 21.7192750092668 2501.06894988679 -Inf -4880.28578962025 -4092.17305846773 -3183.52955325314 -1665.22609622305 21.7192750092668 1708.66464624158 3226.96810327167 4135.61160848626 4923.72433963878 Inf
"85" 89.3939393939394 1.44087739807398 2361.80650513832 -Inf -4627.61481112544 -3883.38511873627 -3025.33594677536 -1591.57340226415 1.44087739807398 1594.4551570603 3028.21770157151 3886.26687353241 4630.49656592159 Inf 7.1852428880705 2501.46785702964 -Inf -4895.60166537462 -4107.36323444967 -3198.57480544777 -1680.02918712338 7.1852428880705 1694.39967289952 3212.94529122391 4121.73372022581 4909.97215115076 Inf
"86" 90.1010101010101 0.242808575407655 2361.86334766705 -Inf -4628.92428925721 -3884.67668519848 -3026.60686222971 -1592.80981078982 0.242808575407655 1593.29542794064 3027.09247938052 3885.1623023493 4629.40990640802 Inf 2.13714642486568 2501.52683779225 -Inf -4900.76536200832 -4112.50834563417 -3203.69848879963 -1685.11706550642 2.13714642486568 1689.39135835616 3207.97278164936 4116.7826384839 4905.03965485805 Inf
"87" 90.8080808080808 0.0110066034826201 2361.87008773524 -Inf -4629.16930152005 -3884.91957359602 -3026.84730194658 -1593.04615886866 0.0110066034826201 1593.06817207562 3026.86931515354 3884.94158680298 4629.19131472701 Inf 0.572216757761307 2501.53382433747 -Inf -4902.34398505242 -4114.08476714551 -3205.27237208469 -1686.68670752666 0.572216757761307 1687.83114104219 3206.41680560021 4115.22920066103 4903.48841856794 Inf
"88" 91.5151515151515 -0.0115895883681871 2361.87073022082 -Inf -4629.19315696049 -3884.9432265826 -3026.87072151682 -1593.06918841044 -0.0115895883681871 1593.04600923371 3026.84754234009 3884.92004740586 4629.16997778375 Inf 0.138067094778466 2501.53448973813 -Inf -4902.77943887675 -4114.52001129519 -3205.70737449294 -1687.12130599558 0.138067094778466 1687.39744018514 3205.9835086825 4114.79614548475 4903.0555730663 Inf
"89" 92.2222222222222 -0.00592679997420889 2361.87077960159 -Inf -4629.18759095664 -3884.93764501836 -3026.86512201244 -1593.06355892888 -0.00592679997420889 1593.05170532893 3026.8532684125 3884.92579141841 4629.17573735669 Inf 0.0300491657671112 2501.53454084161 -Inf -4902.88755696673 -4114.62811328194 -3205.81545791369 -1687.22935839336 0.0300491657671112 1687.28945672489 3205.87555624523 4114.68821161347 4902.94765529826 Inf
"90" 92.9292929292929 -0.00190080894212036 2361.87078266922 -Inf -4629.18357097804 -3884.93362407312 -3026.86109995273 -1593.05953500693 -0.00190080894212036 1593.05573338904 3026.85729833485 3884.92982245523 4629.17976936015 Inf 0.0059039640493577 2501.53454401417 -Inf -4902.91170838656 -4114.65226370206 -3205.83960718122 -1687.25350573494 0.0059039640493577 1687.26531366304 3205.85141510931 4114.66407163016 4902.92351631466 Inf
"91" 93.6363636363636 -0.000481403671233827 2361.87078282355 -Inf -4629.18215187526 -3884.93220492171 -3026.85968074525 -1593.05811570575 -0.000481403671233827 1593.05715289841 3026.8587179379 3884.93124211436 4629.18118906791 Inf 0.00104793727777627 2501.5345441737 -Inf -4902.91656472599 -4114.65711999123 -3205.84446341242 -1687.25836186931 0.00104793727777627 1687.26045774386 3205.84655928698 4114.65921586578 4902.91866060055 Inf
"92" 94.3434343434343 -0.000102698540513886 2361.87078282985 -Inf -4629.18177318247 -3884.93182622694 -3026.85930204819 -1593.05773700487 -0.000102698540513886 1593.05753160779 3026.85909665111 3884.93162082985 4629.18156778539 Inf 0.000168143590588518 2501.53454418021 -Inf -4902.91744453243 -4114.65799979562 -3205.84534321445 -1687.25924166739 0.000168143590588518 1687.25957795457 3205.84567950163 4114.6583360828 4902.91778081961 Inf
"93" 95.0505050505051 -1.89689599693071e-05 2361.87078283006 -Inf -4629.1816894533 -3884.9317424977 -3026.85921831888 -1593.05765327543 -1.89689599693071e-05 1593.05761533751 3026.85918038096 3884.93170455978 4629.18165151538 Inf 2.44016988827416e-05 2501.53454418042 -Inf -4902.91758827475 -4114.65814353787 -3205.84548695662 -1687.25938540942 2.44016988827416e-05 1687.25943421282 3205.84553576002 4114.65819234126 4902.91763707814 Inf
"94" 95.7575757575758 -3.07730261528011e-06 2361.87078283007 -Inf -4629.18167356165 -3884.93172660605 -3026.85920242723 -1593.05763738378 -3.07730261528011e-06 1593.05763122917 3026.85919627262 3884.93172045144 4629.18166740705 Inf 3.20456650911564e-06 2501.53454418043 -Inf -4902.91760947189 -4114.65816473501 -3205.84550815376 -1687.25940660656 3.20456650911564e-06 1687.25941301569 3205.84551456289 4114.65817114414 4902.91761588102 Inf
"95" 96.4646464646465 -4.4219020843471e-07 2361.87078283007 -Inf -4629.18167092654 -3884.93172397094 -3026.85919979211 -1593.05763474867 -4.4219020843471e-07 1593.05763386428 3026.85919890773 3884.93172308655 4629.18167004216 Inf 3.80996270393066e-07 2501.53454418043 -Inf -4902.91761229546 -4114.65816755858 -3205.84551097733 -1687.25940943013 3.80996270393066e-07 1687.25941019212 3205.84551173932 4114.65816832057 4902.91761305745 Inf
"96" 97.1717171717172 -5.65853472111959e-08 2361.87078283007 -Inf -4629.18167054094 -3884.93172358533 -3026.85919940651 -1593.05763436306 -5.65853472111959e-08 1593.05763424989 3026.85919929334 3884.93172347216 4629.18167042777 Inf 4.1025014364728e-08 2501.53454418043 -Inf -4902.91761263543 -4114.65816789855 -3205.8455113173 -1687.2594097701 4.1025014364728e-08 1687.25940985215 3205.84551139935 4114.6581679806 4902.91761271748 Inf
"97" 97.8787878787879 -6.47210162007584e-09 2361.87078283007 -Inf -4629.18167049082 -3884.93172353522 -3026.85919935639 -1593.05763431295 -6.47210162007584e-09 1593.0576343 3026.85919934345 3884.93172352227 4629.18167047788 Inf 4.00232449044884e-09 2501.53454418043 -Inf -4902.91761267245 -4114.65816793557 -3205.84551135432 -1687.25940980712 4.00232449044884e-09 1687.25940981513 3205.84551136233 4114.65816794357 4902.91761268046 Inf
"98" 98.5858585858586 -6.63379125775059e-10 2361.87078283007 -Inf -4629.18167048502 -3884.93172352941 -3026.85919935059 -1593.05763430714 -6.63379125775059e-10 1593.05763430581 3026.85919934926 3884.93172352808 4629.18167048369 Inf 3.5388095211654e-10 2501.53454418043 -Inf -4902.9176126761 -4114.65816793922 -3205.84551135797 -1687.25940981077 3.5388095211654e-10 1687.25940981148 3205.84551135868 4114.65816793993 4902.91761267681 Inf
"99" 99.2929292929293 -6.10495566437751e-11 2361.87078283007 -Inf -4629.18167048441 -3884.93172352881 -3026.85919934998 -1593.05763430654 -6.10495566437751e-11 1593.05763430641 3026.85919934986 3884.93172352868 4629.18167048429 Inf 2.83672812284392e-11 2501.53454418043 -Inf -4902.91761267643 -4114.65816793955 -3205.8455113583 -1687.2594098111 2.83672812284392e-11 1687.25940981115 3205.84551135835 4114.6581679396 4902.91761267649 Inf
"100" 100 -5.05165292036399e-12 2361.87078283007 -Inf -4629.18167048436 -3884.93172352875 -3026.85919934993 -1593.05763430648 -5.05165292036399e-12 1593.05763430647 3026.85919934992 3884.93172352874 4629.18167048435 Inf 2.0621383181783e-12 2501.53454418043 -Inf -4902.91761267646 -4114.65816793957 -3205.84551135832 -1687.25940981112 2.0621383181783e-12 1687.25940981113 3205.84551135833 4114.65816793957 4902.91761267646 Inf
