"mid_age" "mean_left" "std_left" "min_left" "l.q2.5" "l.q5" "l.q10" "l.q25" "l.q50" "l.q75" "l.q90" "l.q95" "l.q97.5" "max_left" "mean_right" "std_right" "min_right" "r.q2.5" "r.q5" "r.q10" "r.q25" "r.q50" "r.q75" "r.q90" "r.q95" "r.q97.5" "max_right"
"1" 55.7775030294004 4261.01956366932 330.862509583834 -Inf 3612.54096105046 3716.79916475808 3837.00219653214 4037.85619223087 4261.01956366932 4484.18293510776 4685.03693080649 4805.23996258055 4909.49816628817 Inf 4452.26254416009 364.166157623907 -Inf 3738.5099908289 3853.26251897943 3985.56483473881 4206.63620347448 4452.26254416009 4697.88888484571 4918.96025358137 5051.26256934076 5166.01509749129 Inf
"2" 56.1555595721904 4266.37312480782 330.860452859758 -Inf 3617.89855329408 3722.15610890664 3842.3583934686 4043.21114060868 4266.37312480782 4489.53510900696 4690.38785614704 4810.590140709 4914.84769632156 Inf 4468.46667397958 364.163073475593 -Inf 3754.72016546801 3869.47172177146 4001.7729170534 4222.84241352039 4468.46667397958 4714.09093443877 4935.16043090576 5067.46162618771 5182.21318249116 Inf
"3" 56.5280784859729 4279.21795176597 330.869218694917 -Inf 3630.72619953102 3734.98651734903 3855.19198655698 4056.05005510086 4279.21795176597 4502.38584843107 4703.24391697496 4823.4493861829 4927.70970400091 Inf 4485.55507731767 364.172541371518 -Inf 3771.79001207107 3886.5445518066 4018.84918679465 4239.92443085972 4485.55507731767 4731.18572377562 4952.2609678407 5084.56560282875 5199.32014256427 Inf
"4" 56.8961139017831 4293.91049879549 330.862353918428 -Inf 3645.43220127523 3749.69035593107 3869.89333115156 4070.74723235177 4293.91049879549 4517.07376523922 4717.92766643943 4838.13064165992 4942.38879631576 Inf 4497.25418011625 364.165477590951 -Inf 3783.50295962516 3898.25527349026 4030.55734219227 4251.6282981059 4497.25418011625 4742.88006212661 4963.95101804023 5096.25308674224 5211.00540060735 Inf
"5" 57.2601813336256 4303.55701302932 330.83523645955 -Inf 3655.13186475181 3759.38147441548 3879.57459780727 4080.41203703366 4303.55701302932 4526.70198902498 4727.53942825138 4847.73255164316 4951.98216130683 Inf 4499.22343715125 364.135950973169 -Inf 3785.5300877676 3900.27309748961 4032.56443911052 4253.61747054195 4499.22343715125 4744.82940376056 4965.88243519199 5098.17377681289 5212.91678653491 Inf
"6" 57.6205051594713 4302.76921238357 330.796856749681 -Inf 3654.41928695514 3758.65680277471 3878.83598273878 4079.65012310883 4302.76921238357 4525.88830165831 4726.70244202835 4846.88162199243 4951.119137812 Inf 4490.30185348894 364.093703777486 -Inf 3776.69130708727 3891.42100428035 4023.69699740797 4244.7243821801 4490.30185348894 4735.87932479778 4956.90670956991 5089.18270269753 5203.91239989061 Inf
"7" 57.9771933619459 4289.71397977253 330.755991554028 -Inf 3641.4441486558 3745.66878742895 3865.83312098321 4066.62245365339 4289.71397977253 4512.80550589166 4713.59483856185 4833.7591721161 4937.98381088926 Inf 4472.62868071324 364.048898500385 -Inf 3759.10595104101 3873.8215296272 4006.08124490529 4227.08143010456 4472.62868071324 4718.17593132193 4939.1761165212 5071.43583179929 5186.15141038548 Inf
"8" 58.3300337140881 4266.68149619941 330.720498793498 -Inf 3618.48122961503 3722.69468425172 3842.84612321291 4043.61390958346 4266.68149619941 4489.74908281536 4690.51686918591 4810.66830814709 4914.88176278379 Inf 4450.64918146475 364.010318464411 -Inf 3737.20206727354 3851.9054888908 3984.15118796229 4205.12795269489 4450.64918146475 4696.1704102346 4917.1471749672 5049.39287403869 5164.09629565595 Inf
"9" 58.6786692472246 4239.04149729385 330.698339808754 -Inf 3590.88466152151 3695.09113363259 3815.23452218894 4015.98885668599 4239.04149729385 4462.09413790172 4662.84847239876 4782.99186095511 4887.1983330662 Inf 4429.39436252972 363.986284348293 -Inf 3715.99435434051 3830.69020255884 3962.9271699864 4183.88934452484 4429.39436252972 4674.8993805346 4895.86155507304 5028.0985225006 5142.79437071893 Inf
"10" 59.0226744861516 4213.12606350863 330.691038902044 -Inf 3564.98353725049 3669.18770877025 3789.32844489214 3990.0783472875 4213.12606350863 4436.17377972975 4636.92368212511 4757.064418247 4861.26858976677 Inf 4412.73155657898 363.9781508805 -Inf 3699.34748969372 3814.0407749721 3946.27478749405 4167.23202451476 4412.73155657898 4658.2310886432 4879.18832566391 5011.42233818586 5126.11562346425 Inf
"11" 59.3615711372891 4194.00752154672 330.688911197792 -Inf 3545.86916551228 3650.0726665704 3770.21262969295 3970.96124044031 4194.00752154672 4417.05380265313 4617.80241340049 4737.94237652304 4842.14587758116 Inf 4402.27273902298 363.97547820647 -Inf 3688.89391048255 3803.58635357367 3935.81939510763 4156.77500965 4402.27273902298 4647.77046839596 4868.72608293832 5000.95912447228 5115.6515675634 Inf
"12" 59.6947636552845 4184.04356885859 330.677907319562 -Inf 3535.92678002918 3640.12681365129 3760.26277904219 3961.00470975526 4184.04356885859 4407.08242796193 4607.82435867499 4727.9603240659 4832.16035768801 Inf 4397.28009610503 363.963249655167 -Inf 3683.92523508474 3798.61382483269 3930.84242370875 4151.79061476456 4397.28009610503 4642.7695774455 4863.71776850131 4995.94636737738 5110.63495712532 Inf
"13" 60.0216456916133 4182.59653574179 330.651718461308 -Inf 3534.53107613135 3638.72285737297 3758.84930829769 3959.57534075492 4182.59653574179 4405.61773072866 4606.34376318589 4726.47021411061 4830.66199535223 Inf 4395.44833429296 363.934703579551 -Inf 3682.14942255278 3796.82901713663 3929.04724516458 4149.97810698791 4395.44833429296 4640.91856159802 4861.84942342135 4994.0676514493 5108.74724603314 Inf
"14" 60.3416106915736 4186.82189992708 330.615376021533 -Inf 3538.8276701897 3643.00799955213 3763.12124719356 3963.82521754333 4186.82189992708 4409.81858231082 4610.52255266059 4730.63580030202 4834.81612966445 Inf 4394.10914727791 363.895180474165 -Inf 3680.88769940084 3795.55483984482 3927.75870904711 4148.66557790233 4394.10914727791 4639.55271665349 4860.45958550871 4992.663454711 5107.33059515498 Inf
"15" 60.6541621798687 4192.99965416571 330.577100014101 -Inf 3545.08044402438 3649.24871222042 3769.34805410945 3970.02878855666 4192.99965416571 4415.97051977477 4616.65125422198 4736.75059611101 4840.91886430705 Inf 4391.28765934329 363.853403887041 -Inf 3678.14809207238 3792.80206828105 3924.99075996312 4145.87226784752 4391.28765934329 4636.70305083905 4857.58455872346 4989.77325040553 5104.42722661419 Inf
"16" 60.9588607201516 4197.80212722631 330.538480023366 -Inf 3549.9586108759 3654.11470951285 3774.20002067963 3974.85731040516 4197.80212722631 4420.74694404746 4621.40423377299 4741.48954493977 4845.64564357672 Inf 4386.22770019335 363.810984661293 -Inf 3673.17127307716 3787.81188254844 3919.98516323835 4140.84092003057 4386.22770019335 4631.61448035614 4852.47023714835 4984.64351783826 5099.28412730954 Inf
"17" 61.2553812839662 4199.09126513037 330.49348282606 -Inf 3551.33594166609 3655.4778612201 3775.54682481235 3976.17679845759 4199.09126513037 4422.00573180315 4622.63570544839 4742.70466904064 4846.84658859465 Inf 4379.31740737168 363.761441717919 -Inf 3666.35808264019 3780.98308061686 3913.13836225332 4133.96404341639 4379.31740737168 4624.67077132697 4845.49645249004 4977.6517341265 5092.27673210317 Inf
"18" 61.543727888003 4196.13175636351 330.436232571322 -Inf 3548.48864133662 3652.61252074239 3772.66068519908 3973.25590440075 4196.13175636351 4419.00760832628 4619.60282752795 4739.65099198463 4843.77487139041 Inf 4371.60705919208 363.698609977412 -Inf 3658.77088240908 3773.37608145353 3905.50853618914 4126.29607460176 4371.60705919208 4616.91804378241 4837.70558219503 4969.83803693064 5084.44323597509 Inf
"19" 61.8241682497521 4189.34725446309 330.368933491103 -Inf 3541.83604320962 3645.93871597816 3765.96243054026 3966.51679504013 4189.34725446309 4412.17771388605 4612.73207838591 4732.75579294802 4836.85846571656 Inf 4364.2347617782 363.625080010775 -Inf 3651.54270108159 3766.12473007196 3898.23047121911 4118.9733723967 4364.2347617782 4609.4961511597 4830.23905233729 4962.34479348444 5076.92682247482 Inf
"20" 62.0971104784802 4179.87784497201 330.302543851385 -Inf 3532.49675502133 3636.57850772676 3756.5781027959 3957.09216468056 4179.87784497201 4402.66352526346 4603.17758714811 4723.17718221726 4827.25893492268 Inf 4358.0015431565 363.552777397656 -Inf 3645.45119297759 3760.01043866569 3892.08991212445 4112.78892114647 4358.0015431565 4603.21416516654 4823.91317418856 4955.99264764732 5070.55189333542 Inf
"21" 62.3632041811388 4169.13464935048 330.250245225356 -Inf 3521.85606282326 3625.92133568994 3745.90193056043 3946.38424394623 4169.13464935048 4391.88505475472 4592.36736814052 4712.34796301102 4816.4132358777 Inf 4353.18474794848 363.495866446574 -Inf 3640.74594118402 3755.28725364197 3887.34605123488 4108.01051179162 4353.18474794848 4598.35898410534 4819.02344466208 4951.082242255 5065.62355471295 Inf
"22" 62.6232379592269 4158.47348002001 330.219591608528 -Inf 3511.25497347777 3615.31058707229 3735.2800454206 3935.74375016612 4158.47348002001 4381.2032098739 4581.66691461942 4701.63637296773 4805.69198656225 Inf 4349.57763499174 363.462367810348 -Inf 3637.20448434781 3751.73524103852 3883.78186850784 4104.42599332166 4349.57763499174 4594.72927666181 4815.37340147564 4947.42002894496 5061.95078563567 Inf
"23" 62.8780955486532 4149.00883292229 330.20895504621 -Inf 3501.81117365911 3605.86343556268 3725.82902962597 3926.28627732066 4149.00883292229 4371.73138852392 4572.18863621861 4692.1542302819 4796.20649218547 Inf 4346.66173612389 363.450459468379 -Inf 3634.31192540133 3748.83892965015 3880.88123079429 4101.51812650841 4346.66173612389 4591.80534573937 4812.4422414535 4944.48454259763 5059.01154684645 Inf
"24" 63.1286042587299 4141.54394489989 330.20990638422 -Inf 3494.34442104848 3598.3969827285 3718.36292241486 3918.82074763053 4141.54394489989 4364.26714216926 4564.72496738492 4684.69090707128 4788.74346875131 Inf 4343.82378768787 363.45110823841 -Inf 3631.47270539942 3745.99991408239 3878.04245092601 4098.67974048365 4343.82378768787 4588.96783489208 4809.60512444972 4941.64766129335 5056.17486997632 Inf
"25" 63.3755435214523 4136.56110833969 330.213078445606 -Inf 3489.3553673622 3593.40892859162 3713.37602069442 3913.83577154743 4136.56110833969 4359.28644513195 4559.74619598496 4679.71328808776 4783.76684931718 Inf 4340.54854906297 363.454339694643 -Inf 3628.19113323668 3742.71936018498 3874.76307102332 4095.40232227464 4340.54854906297 4585.69477585129 4806.33402710262 4938.37773794095 5052.90596488925 Inf
"26" 63.6195319238667 4134.24490898722 330.213407205243 -Inf 3487.03852365268 3591.09218847767 3711.05940001952 3911.51935044995 4134.24490898722 4356.97046752448 4557.43041795491 4677.39762949676 4781.45129432175 Inf 4336.55346853654 363.454770049687 -Inf 3624.19520922986 3738.7235717875 3870.76743897471 4091.40695147815 4336.55346853654 4581.69998559492 4802.33949809837 4934.38336528558 5048.91172784321 Inf
"27" 63.8610189064573 4134.50842702815 330.211599513034 -Inf 3487.30558470524 3591.35867990769 3711.32523471123 3911.78408776076 4134.50842702815 4357.23276629555 4557.69161934507 4677.65817414861 4781.71126935106 Inf 4331.84541228652 363.453098110696 -Inf 3619.49042992005 3734.01826563239 3866.06152540072 4086.70002293385 4331.84541228652 4576.9908016392 4797.62929917232 4929.67255894065 5044.20039465299 Inf
"28" 64.1001588164151 4137.01787768189 330.211332981963 -Inf 3489.81555775028 3593.86856896603 3713.83502693829 3914.29371818697 4137.01787768189 4359.74203717681 4560.2007284255 4680.16718639776 4784.2201976135 Inf 4326.70065506097 363.453095320034 -Inf 3614.3456781641 3728.87351299707 3860.91677175155 4081.55526759057 4326.70065506097 4571.84604253137 4792.48453837039 4924.52779712487 5039.05563195784 Inf
"29" 64.3369293735235 4141.22052161759 330.214440089262 -Inf 3494.01211186758 3598.06610216502 3718.03368895576 3918.49426641065 4141.22052161759 4363.94677682454 4564.40735427942 4684.37494107016 4788.4289313676 Inf 4321.57132617305 363.456518087361 -Inf 3609.2096407755 3723.7385541579 3855.78305641081 4076.42363008117 4321.57132617305 4566.71902226494 4787.3595959353 4919.4040981882 5033.93301157061 Inf
"30" 64.5711383716057 4146.38836500405 330.217635050359 -Inf 3499.17369324536 3603.22869030813 3723.19743783483 3923.65995482859 4146.38836500405 4369.11677517951 4569.57929217327 4689.54803969997 4793.60303676274 Inf 4316.94972806043 363.45970570835 -Inf 3604.58179504054 3719.11171287534 3851.15737319752 4071.79988195087 4316.94972806043 4562.09957417 4782.74208292335 4914.78774324553 5029.31766108032 Inf
"31" 64.8024494274257 4151.68262983358 330.213251982835 -Inf 3504.47654872937 3608.53016464217 3728.4973197914 3928.95717599224 4151.68262983358 4374.40808367491 4574.86793987575 4694.83509502498 4798.88871093778 Inf 4313.22639649371 363.454436211836 -Inf 3600.8687914972 3715.39704885907 3847.4407947623 4068.08010460553 4313.22639649371 4558.37268838189 4779.01199822512 4911.05574412835 5025.58400149022 Inf
"32" 65.0304917189756 4156.24202983278 330.193615900925 -Inf 3509.07443474191 3613.12186312192 3733.08188444211 3933.52982032742 4156.24202983278 4378.95423933813 4579.40217522344 4699.36219654363 4803.40962492364 Inf 4310.58083809041 363.432595562491 -Inf 3598.26603998001 3712.78741512705 3844.82322627736 4065.44927749635 4310.58083809041 4555.71239868446 4776.33844990345 4908.37426105376 5022.8956362008 Inf
"33" 65.2549807847868 4159.28196728665 330.156074304701 -Inf 3512.1879523723 3616.2235510065 3736.1699333874 3936.59507920315 4159.28196728665 4381.96885537014 4582.39400118589 4702.34038356679 4806.37598220099 Inf 4308.93642639569 363.391495665847 -Inf 3596.70218260249 3711.21060674641 3843.23148621953 4063.83258726066 4308.93642639569 4554.04026553073 4774.64136657186 4906.66224604498 5021.1706701889 Inf
"34" 65.4758031797927 4160.18324097007 330.105362185565 -Inf 3513.18861998282 3617.20823870302 3737.1361972665 3937.53055769115 4160.18324097007 4382.835924249 4583.23028467365 4703.15824323713 4807.17786195733 Inf 4307.98571640411 363.336333178731 -Inf 3595.85958909895 3710.35063097183 3842.35146979967 4062.91908380123 4307.98571640411 4553.05234900699 4773.61996300855 4905.62080183639 5020.11184370927 Inf
"35" 65.6929601219167 4158.55416442443 330.05199616583 -Inf 3511.66413891385 3615.66694144849 3735.57551202699 3935.93747597882 4158.55416442443 4381.17085287004 4581.53281682187 4701.44138740037 4805.44418993501 Inf 4307.26724846104 363.2784368207 -Inf 3595.25459593246 3709.72739406325 3841.70719902487 4062.23966635822 4307.26724846104 4552.29483056385 4772.8272978972 4904.80710285883 5019.27990098962 Inf
"36" 65.9066557147304 4154.26023635778 330.007824032432 -Inf 3507.45678663778 3611.44567007567 3731.33819282705 3931.67334156339 4154.26023635778 4376.84713115216 4577.18227988851 4697.07480263988 4801.06368607777 Inf 4306.26290552824 363.230513164549 -Inf 3594.34418163972 3708.80187853008 3840.76427272864 4061.26764744029 4306.26290552824 4551.25816361619 4771.76153832783 4903.72393252639 5018.18162941676 Inf
"37" 66.117178259515 4147.42167539681 329.981313923266 -Inf 3500.670184536 3604.65071436391 3724.53360593798 3924.85266139933 4147.42167539681 4369.99068939429 4570.30974485564 4690.19263642971 4794.17316625762 Inf 4304.49061328738 363.20163501138 -Inf 3592.62848953902 3707.07708662421 3839.02898933019 4059.51483321775 4304.49061328738 4549.46639335702 4769.95223724458 4901.90413995055 5016.35273703575 Inf
"38" 66.3248688676954 4138.38655016897 329.974694339039 -Inf 3491.64803345484 3595.6264773832 3715.50696404867 3915.8220010132 4138.38655016897 4360.95109932474 4561.26613628927 4681.14662295474 4785.1250668831 Inf 4301.57481551296 363.194201084472 -Inf 3589.7272619936 3704.17351657142 3836.12271851643 4056.60404955083 4301.57481551296 4546.54558147509 4767.02691250948 4898.97611445449 5013.42236903232 Inf
"39" 66.5301743917114 4127.67950573687 329.983889867214 -Inf 3480.9229661187 3584.90430765323 3704.78813507305 3905.10875429161 4127.67950573687 4350.25025718214 4550.5708764007 4670.45470382052 4774.43604535505 Inf 4297.28636045653 363.203866620918 -Inf 3585.41986283384 3699.86916312232 3831.82187657664 4052.30907518914 4297.28636045653 4542.26364572393 4762.75084433642 4894.70355779075 5009.15285807922 Inf
"40" 66.7335131002446 4115.94641266299 330.000820910452 -Inf 3469.15668880986 3573.14336549147 3693.0333439942 3893.3642414026 4115.94641266299 4338.52858392339 4538.85948133179 4658.74945983451 4762.73613651613 Inf 4291.55608333154 363.221986649365 -Inf 3579.6540711057 3694.10908120281 3826.06837770083 4046.56657629069 4291.55608333154 4536.5455903724 4757.04378896226 4889.00308546027 5003.45809555739 Inf
"41" 66.9352877822717 4103.88744954059 330.01677611229 -Inf 3457.06645406649 3561.05815839746 3680.95393345791 3881.2945166601 4103.88744954059 4326.48038242109 4526.82096562328 4646.71674068373 4750.7084450147 Inf 4284.46317882595 363.239206381845 -Inf 3572.52741654463 3686.9878527578 3818.95340522012 4039.46205725204 4284.46317882595 4529.46430039987 4749.97295243179 4881.9385048941 4996.39894110728 Inf
"42" 67.1358839901562 4092.18823327694 330.025455978264 -Inf 3445.35022557813 3549.34466502478 3669.24359349843 3869.58944591581 4092.18823327694 4314.78702063807 4515.13287305546 4635.0318015291 4739.02624097575 Inf 4276.20493130331 363.248713736224 -Inf 3564.25053494981 3678.71396702882 3810.68297353259 4031.19739711632 4276.20493130331 4521.2124654903 4741.72688907403 4873.69589557779 4988.15932765681 Inf
"43" 67.3356180398155 4081.45708619027 330.024626561613 -Inf 3434.62070411823 3538.6148822071 3658.51350935197 3858.85885826218 4081.45708619027 4304.05531411837 4504.40066302858 4624.29929017345 4728.29346826231 Inf 4267.05710186645 363.248024569649 -Inf 3555.10405625461 3669.5672711701 3801.53602729823 4022.05003251524 4267.05710186645 4512.06417121765 4732.57817643466 4864.54693256279 4979.01014747828 Inf
"44" 67.534693555232 4072.16868601135 330.016023060283 -Inf 3425.34916649205 3529.34063352854 3649.23613500364 3849.57626105671 4072.16868601135 4294.76111096598 4495.10123701905 4614.99673849415 4718.98820553064 Inf 4257.33019864741 363.238909994115 -Inf 3545.39501727536 3659.85536009369 3791.82080487774 4012.32927698398 4257.33019864741 4502.33112031083 4722.83959241708 4854.80503720113 4969.26538001946 Inf
"45" 67.733350363091 4064.61235789199 330.003811133489 -Inf 3417.8167733094 3521.80439224127 3641.69545709819 3842.02816975681 4064.61235789199 4287.19654602718 4487.5292586858 4607.42032354272 4711.40794247459 Inf 4247.31778565589 363.225781908957 -Inf 3535.40833485794 3649.86454088066 3781.82521620431 4002.32571875134 4247.31778565589 4492.30985256044 4712.81035510748 4844.77103043113 4959.22723645385 Inf
"46" 67.9318352304586 4058.87223108105 329.992461863155 -Inf 3412.09889065956 3516.08293331879 3635.96987496241 3836.29569791238 4058.87223108105 4281.44876424972 4481.77458719969 4601.6615288433 4705.64557150254 Inf 4237.2616135232 363.213437421693 -Inf 3525.37635747568 3639.82867362261 3771.78486416859 3992.27787284878 4237.2616135232 4482.24535419761 4702.7383628778 4834.69455342378 4949.14686957071 Inf
"47" 68.1304044117899 4054.82856133733 329.985030708105 -Inf 3408.0697857121 3512.05148673741 3631.93572862707 3832.25704040657 4054.82856133733 4277.40008226809 4477.72139404758 4597.60563593725 4701.58733696256 Inf 4227.33038038443 363.205214201892 -Inf 3515.46124155157 3629.91096647677 3761.86416951004 3982.35218618749 4227.33038038443 4472.30857458138 4692.79659125883 4824.7497942921 4939.1995192173 Inf
"48" 68.3295359830231 4052.17919018067 329.982509398675 -Inf 3405.42535623111 3509.40626276571 3629.28958865846 3829.60936984728 4052.17919018067 4274.74901051405 4475.06879170287 4594.95211759562 4698.93302413022 Inf 4217.60552701659 363.202274296598 -Inf 3505.74215029222 3620.19094882281 3752.14308378243 3972.62931575563 4217.60552701659 4462.58173827755 4683.06797025076 4815.02010521038 4929.46890374096 Inf
"49" 68.5296986811905 4050.48776833794 329.984390073337 -Inf 3403.73024833378 3507.71174748844 3627.59575663417 3827.91667950876 4050.48776833794 4273.05885716711 4473.3797800417 4593.26378918743 4697.24528834209 Inf 4208.10613525636 363.204178083826 -Inf 3496.23902717759 3610.68842561125 3742.64125222069 3963.12863991042 4208.10613525636 4453.08363060229 4673.57101829202 4805.52384490147 4919.97324333513 Inf
"50" 68.7315152740455 4049.23387946457 329.989980114502 -Inf 3402.46540318106 3506.44866381559 3626.3347038348 3826.65902020993 4049.23387946457 4271.80873871921 4472.13305509434 4592.01909511355 4696.00235574808 Inf 4198.80729969232 363.210263885238 -Inf 3486.92826366197 3601.37957979469 3733.33461738833 3953.82569953571 4198.80729969232 4443.78889984893 4664.27998199632 4796.23501958996 4910.68633572268 Inf
"51" 68.9356381909836 4047.87239280785 329.999749953233 -Inf 3401.08476799229 3505.0711072042 3624.96069662596 3825.29094389713 4047.87239280785 4270.45384171858 4470.78408898974 4590.6736784115 4694.66001762341 Inf 4189.68075599657 363.221076019009 -Inf 3477.78052857342 3592.23525172148 3724.19421738561 3944.69186316655 4189.68075599657 4434.66964882658 4655.16729460752 4787.12626027165 4901.58098341971 Inf
"52" 69.1425917641587 4045.89396067406 330.015929173496 -Inf 3399.07462516949 3503.06606262128 3622.96152998711 3823.3015990451 4045.89396067406 4268.48632230302 4468.82639136101 4588.72185872684 4692.71329617863 Inf 4180.73851245447 363.238999849982 -Inf 3468.80315496816 3583.26352610101 3715.22900352987 3935.73753018419 4180.73851245447 4425.73949472476 4646.24802137907 4778.21349880794 4892.67386994079 Inf
"53" 69.3527207549444 4042.88629425007 330.041812440903 -Inf 3396.01622847357 3500.01582201101 3619.92069282125 3820.27647462254 4042.88629425007 4265.49611387759 4465.85189567888 4585.75676648912 4689.75636002656 Inf 4172.06590363255 363.267523031921 -Inf 3460.07464173691 3574.54400081981 3706.51984077948 3927.0456827684 4172.06590363255 4417.08612449669 4637.61196648561 4769.58780644528 4884.05716552818 Inf
"54" 69.5661389956165 4038.58990453413 330.079728698596 -Inf 3391.64552425813 3495.65706560109 3615.57571146591 3815.95451077943 4038.58990453413 4261.22529828884 4461.60409760236 4581.52274346718 4685.53428481013 Inf 4163.83864523471 363.309065994401 -Inf 3451.7659606288 3566.24841032947 3698.23934293304 3918.79040406818 4163.83864523471 4408.88688640125 4629.43794753638 4761.42888013995 4875.91132984062 Inf
"55" 69.7825806659116 4032.9378239165 330.128364505152 -Inf 3385.89811921129 3489.92498620064 3609.86130155424 3810.26962580878 4032.9378239165 4255.60602202422 4456.01434627875 4575.95066163236 4679.97752862171 Inf 4156.31442261858 363.362117155782 -Inf 3444.13775964703 3558.63692631813 3690.64713251799 3911.23039898746 4156.31442261858 4401.39844624971 4621.98171271918 4753.99191891904 4868.49108559014 Inf
"56" 70.0014567162281 4026.05730495541 330.180953394852 -Inf 3378.9145279204 3482.95796621359 3602.91338721923 3803.35363618061 4026.05730495541 4248.76097373021 4449.20122269159 4569.15664369723 4673.20008199042 Inf 4149.77746633652 363.419296511463 -Inf 3437.48873388717 3552.00591836549 3684.03689794314 3904.65487581607 4149.77746633652 4394.90005685697 4615.5180347299 4747.54901430755 4862.06619878587 Inf
"57" 70.2219542994886 4018.22219032242 330.225885383799 -Inf 3370.99134820732 3475.04894503562 3595.02068992546 3795.48821538162 4018.22219032242 4240.95616526322 4441.42369071938 4561.39543560922 4665.45303243752 Inf 4144.44825592725 363.468022610375 -Inf 3432.06402207892 3546.59656065569 3678.64524252552 3899.29280015251 4144.44825592725 4389.60371170198 4610.25126932897 4742.2999511988 4856.83248977557 Inf
"58" 70.4430463846812 4009.76817057462 330.250174865846 -Inf 3362.48972194951 3466.55497264517 3586.53554195392 3787.01781262714 4009.76817057462 4232.5185285221 4433.00079919532 4552.98136850406 4657.04661919973 Inf 4140.38424076756 363.494256821188 -Inf 3427.94858881088 3542.4893940592 3674.54760687189 3895.21109028652 4140.38424076756 4385.55739124859 4606.22087466322 4738.27908747592 4852.81989272424 Inf
"59" 70.6636224429844 4000.99060881378 330.244522242619 -Inf 3353.72323912661 3457.78670862216 3577.76522432123 3778.24406350274 4000.99060881378 4223.73715412483 4424.21599330634 4544.19450900541 4648.25797850096 Inf 4137.40195926973 363.487963934023 -Inf 3424.97864114525 3539.51746343965 3671.57339003347 3892.23305327659 4137.40195926973 4382.57086526287 4603.230528506 4735.28645509981 4849.82527739421 Inf
"60" 70.8827087895035 3992.05999528447 330.207331789869 -Inf 3344.86551754526 3448.91726794394 3568.88227227486 3769.33853455261 3992.05999528447 4214.78145601633 4415.23771829408 4535.202722625 4639.25447302368 Inf 4135.06014831339 363.447443014109 -Inf 3422.71624973256 3537.24230346539 3669.28350872547 3889.91857326539 4135.06014831339 4380.20172336138 4600.8367879013 4732.87799316138 4847.40404689421 Inf
"61" 71.0995526048787 3982.99179585922 330.145538162604 -Inf 3335.91843140392 3439.95070999061 3559.89326456937 3760.31201429557 3982.99179585922 4205.67157742286 4406.09032714907 4526.03288172782 4630.06516031452 Inf 4132.71964631551 363.380212740947 -Inf 3420.50751664875 3535.01238542616 3667.02916578941 3887.62341739766 4132.71964631551 4377.81587523335 4598.4101268416 4730.42690720485 4844.93177598226 Inf
"62" 71.3137817671976 3973.66695349476 330.072056821164 -Inf 3326.73760982222 3430.74673367714 3550.66259233307 3751.03673434275 3973.66695349476 4196.29717264677 4396.67131465645 4516.58717331238 4620.5962971673 Inf 4129.65772737408 363.300257632472 -Inf 3417.60230684032 3532.08198093491 3664.06971344243 3884.61542735739 4129.65772737408 4374.70002739078 4595.24574130573 4727.23347381326 4841.71314790785 Inf
"63" 71.5255068185327 3963.89038576709 330.001534391713 -Inf 3317.09926351637 3421.08616502332 3540.97640273526 3741.30773327089 3963.89038576709 4186.47303826328 4386.80436879891 4506.69460651085 4610.6815080178 Inf 4125.19897565624 363.223447939273 -Inf 3413.2940993548 3527.7495699195 3659.70939730715 3880.20848299032 4125.19897565624 4370.18946832216 4590.68855400532 4722.64838139297 4837.10385195767 Inf
"64" 71.7353026739392 3953.46440027926 329.946622685698 -Inf 3306.78090299467 3410.7505012543 3530.62078943025 3730.91878516595 3953.46440027926 4176.01001539258 4376.30801112827 4496.17829930422 4600.14789756386 Inf 4118.82668379173 363.163530016823 -Inf 3407.03924446033 3521.47583426706 3653.41389334997 3873.87660515036 4118.82668379173 4363.77676243311 4584.2394742335 4716.1775333164 4830.61412312314 Inf
"65" 71.9442371154293 3942.25068992193 329.91601094751 -Inf 3295.62719054168 3399.58714272555 3519.44630959391 3719.72572211225 3942.25068992193 4164.7756577316 4365.05507024994 4484.9142371183 4588.87418930217 Inf 4110.25602651651 363.130008583223 -Inf 3398.53428798767 3512.96031484348 3644.88619552046 3865.32855773851 4110.25602651651 4355.18349529451 4575.62585751257 4707.55173818955 4821.97776504535 Inf
"66" 72.1540588485243 3930.20738986877 329.914310676254 -Inf 3283.58722295895 3387.54663936974 3507.40518852605 3707.68356887463 3930.20738986877 4152.73121086291 4353.00959121149 4472.8681403678 4576.82755677858 Inf 4099.464381266 363.128011220164 -Inf 3387.74655749682 3502.17195496283 3634.0971099937 3854.53825968891 4099.464381266 4344.39050284308 4564.83165253829 4696.75680756916 4811.18220503517 Inf
"67" 72.366762951479 3917.45364696627 329.943040257607 -Inf 3270.77717111171 3374.74564051115 3494.61462718358 3694.91044816398 3917.45364696627 4139.99684576856 4340.29266674895 4460.16165342139 4564.13012282083 Inf 4086.74101129205 363.159318592541 -Inf 3374.96182620056 3489.39708894388 3621.33361800767 3841.79377321319 4086.74101129205 4331.68824937091 4552.14840457643 4684.08493364022 4798.52019638354 Inf
"68" 72.5844894121534 3904.32384564396 330.001409687077 -Inf 3257.53296780984 3361.51983002108 3481.41002242756 3681.74127725977 3904.32384564396 4126.90641402816 4327.23766886036 4447.12786126685 4551.11472347808 Inf 4072.74661128339 363.223152855765 -Inf 3360.842313335 3475.29769091583 3607.25741109904 3827.75631764827 4072.74661128339 4317.7369049185 4538.23581146774 4670.19553165094 4784.65090923177 Inf
"69" 72.8095058054247 3891.4201722686 330.086291470335 -Inf 3244.46292919635 3348.47653853665 3468.39756866998 3668.78035199162 3891.4201722686 4114.05999254557 4314.44277586722 4434.36380600054 4538.37741534084 Inf 4058.57708280307 363.316076673642 -Inf 3346.49065751834 3460.97531635665 3592.96879595444 3813.52411300524 4058.57708280307 4303.63005260089 4524.18536965169 4656.17884924949 4770.6635080878 Inf
"70" 73.0442207893245 3879.6528546532 330.19096071836 -Inf 3232.49046362453 3336.53705532901 3456.49611201591 3656.94243604127 3879.6528546532 4102.36327326513 4302.80959729049 4422.76865397738 4526.81524568186 Inf 4045.80395623645 363.430589926178 -Inf 3333.493089101 3448.01383225126 3580.04891474976 3800.67374842353 4045.80395623645 4290.93416404937 4511.55899772314 4643.59408022164 4758.11482337191 Inf
