"mid_age" "mean_left" "std_left" "min_left" "l.q2.5" "l.q5" "l.q10" "l.q25" "l.q50" "l.q75" "l.q90" "l.q95" "l.q97.5" "max_left" "mean_right" "std_right" "min_right" "r.q2.5" "r.q5" "r.q10" "r.q25" "r.q50" "r.q75" "r.q90" "r.q95" "r.q97.5" "max_right"
"1" 30 5.45980773335444e-08 2324.60798502135 -Inf -4556.14792876147 -3823.63987534812 -2979.10500242699 -1567.92425906627 5.45980773335444e-08 1567.92425917546 2979.10500253619 3823.63987545731 4556.14792887066 Inf 3.60714255295415e-08 2402.54821417355 -Inf -4708.90797086512 -3951.84014397308 -3078.98942513443 -1620.49414477589 3.60714255295415e-08 1620.49414484803 3078.98942520657 3951.84014404522 4708.90797093726 Inf
"2" 30.7070707070707 4.98078409066992e-07 2324.60798502135 -Inf -4556.14792831799 -3823.63987490464 -2979.10500198351 -1567.92425862279 4.98078409066992e-07 1567.92425961894 2979.10500297967 3823.63987590079 4556.14792931414 Inf 3.3433088632415e-07 2402.54821417355 -Inf -4708.90797056686 -3951.84014367482 -3078.98942483617 -1620.49414447763 3.3433088632415e-07 1620.49414514629 3078.98942550483 3951.84014434348 4708.90797123552 Inf
"3" 31.4141414141414 4.104669370727e-06 2324.60798502135 -Inf -4556.1479247114 -3823.63987129805 -2979.10499837692 -1567.9242550162 4.104669370727e-06 1567.92426322554 2979.10500658626 3823.63987950739 4556.14793292074 Inf 2.80290857242601e-06 2402.54821417355 -Inf -4708.90796809828 -3951.84014120624 -3078.98942236759 -1620.49414200905 2.80290857242601e-06 1620.49414761487 3078.98942797341 3951.84014681206 4708.9079737041 Inf
"4" 32.1212121212121 3.05523166581729e-05 2324.60798502135 -Inf -4556.14789826375 -3823.6398448504 -2979.10497192927 -1567.92422856855 3.05523166581729e-05 1567.92428967318 2979.1050330339 3823.63990595503 4556.14795936838 Inf 2.12528649232408e-05 2402.54821417355 -Inf -4708.90794964832 -3951.84012275629 -3078.98940391764 -1620.4941235591 2.12528649232408e-05 1620.49416606483 3078.98944642337 3951.84016526202 4708.90799215405 Inf
"5" 32.8282828282828 0.000205358143170472 2324.60798502134 -Inf -4556.14772345791 -3823.63967004456 -2979.10479712344 -1567.92405376272 0.000205358143170472 1567.924464479 2979.10520783972 3823.64008076085 4556.1481341742 Inf 0.000145729803823753 2402.54821417355 -Inf -4708.90782517137 -3951.83999827934 -3078.98927944069 -1620.49399908215 0.000145729803823753 1620.49429054176 3078.9895709003 3951.84028973894 4708.90811663098 Inf
"6" 33.5353535353535 0.00124620007935698 2324.60798502111 -Inf -4556.14668261552 -3823.63862920225 -2979.10375628121 -1567.92301292063 0.00124620007935698 1567.92550532079 2979.10624868137 3823.64112160241 4556.14917501568 Inf 0.000903514401127951 2402.54821417333 -Inf -4708.90706738634 -3951.83924049438 -3078.98852165581 -1620.49324129741 0.000903514401127951 1620.49504832621 3078.99032868461 3951.84104752318 4708.90887441514 Inf
"7" 34.2424242424242 0.00682601085541316 2324.60798501427 -Inf -4556.14110279135 -3823.63304938023 -2979.09817646167 -1567.91743310524 0.00682601085541316 1567.93108512695 2979.11182848338 3823.64670140194 4556.15475481306 Inf 0.00506402469103218 2402.5482141667 -Inf -4708.90290686307 -3951.8350799732 -3078.98436113703 -1620.48908078265 0.00506402469103218 1620.49920883203 3078.99448918642 3951.84520802258 4708.91303491246 Inf
"8" 34.9494949494949 0.0337390797313099 2324.60798484875 -Inf -4556.11418939805 -3823.60613603909 -2979.07126318066 -1567.89051992472 0.0337390797313099 1567.95799808418 2979.13874134013 3823.67361419855 4556.18166755751 Inf 0.0256525690783284 2402.54821400617 -Inf -4708.88231800405 -3951.81449116476 -3078.96377238692 -1620.46849212999 0.0256525690783284 1620.51979726814 3079.01507752508 3951.86579630291 4708.93362314221 Inf
"9" 35.6565656565657 0.150438358178365 2324.60798159853 -Inf -4555.99748374928 -3823.4894314145 -2978.95455973689 -1567.77381845403 0.150438358178365 1568.07469517039 2979.25543645324 3823.79030813085 4556.29836046564 Inf 0.117413917042458 2402.54821084852 -Inf -4708.79055046719 -3951.72272462291 -3078.87200699225 -1620.37672865222 0.117413917042458 1620.6115564863 3079.10683482634 3951.95755245699 4709.02537830128 Inf
"10" 36.3636363636364 0.604928943494179 2324.60792991093 -Inf -4555.54289185814 -3823.03485581065 -2978.50000291125 -1567.31929300596 0.604928943494179 1568.52915089295 2979.70986079824 3824.24471369764 4556.75274974513 Inf 0.48541958540348 2402.5481605342 -Inf -4708.42244618459 -3951.35463619487 -3078.50393684351 -1620.00868904737 0.48541958540348 1620.97952821817 3079.47477601431 3952.32547536568 4709.3932853554 Inf
"11" 37.0707070707071 2.19292621134885 2324.60726545037 -Inf -4553.95359227151 -3821.44576560243 -2976.91115410292 -1565.73084756627 2.19292621134885 1570.11669998896 2981.29700652562 3825.83161802513 4558.33944469421 Inf 1.81197650604312 2402.54751228324 -Inf -4707.0946187154 -3950.02701299628 -3077.17654915582 -1618.68169488809 1.81197650604312 1622.30564790018 3080.80050216791 3953.65096600836 4710.71857172749 Inf
"12" 37.7777777777778 7.16422336459243 2324.60037612912 -Inf -4548.96879229674 -3816.46313652414 -2971.93102792924 -1560.75490363645 7.16422336459243 1575.08335036564 2986.25947465843 3830.79158325332 4563.29723902592 Inf 6.1041501302762 2402.54077392167 -Inf -4702.78923814519 -3945.72375575359 -3072.87573997378 -1614.38497630805 6.1041501302762 1626.59327656861 3085.08404023433 3957.93205601414 4714.99753840575 Inf
"13" 38.4848484848485 21.0863140670265 2324.54292428224 -Inf -4534.93409804358 -3802.44654594299 -2957.9353097225 -1546.79406225217 21.0863140670265 1588.96669038622 3000.10793785655 3844.61917407704 4577.10672617763 Inf 18.5484033344739 2402.48441726374 -Inf -4690.23452792115 -3933.18680409618 -3060.35926280637 -1601.90271111572 18.5484033344739 1638.99951778467 3097.45606947532 3970.28361076512 4727.33133459009 Inf
"14" 39.1919191919192 55.8996502731161 2324.15887409017 -Inf -4499.36803729279 -3767.00150338556 -2922.62979339152 -1511.72168812797 55.8996502731161 1623.5209886742 3034.42909393775 3878.80080393179 4611.16733783902 Inf 50.8093635746706 2402.10642690703 -Inf -4657.2327201953 -3900.30410504679 -3027.61388843278 -1569.38680025425 50.8093635746706 1671.00552740359 3129.23261558212 4001.92283219613 4758.85144734464 Inf
"15" 39.8989898989899 133.459003606556 2322.10905700309 -Inf -4417.79111629377 -3686.07050098184 -2842.44349376105 -1432.77975417952 133.459003606556 1699.69776139263 3109.36150097416 3952.98850819495 4684.70912350688 Inf 125.39276014378 2400.08117941912 -Inf -4578.67991149011 -3822.38947280173 -2950.43503277493 -1493.43739501294 125.39276014378 1744.2229153005 3201.22055306249 4073.17499308929 4829.46543177767 Inf
"16" 40.6060606060606 287.004266877544 2313.40896472884 -Inf -4247.19398550308 -3518.21485937874 -2677.74861361562 -1273.36636784379 287.004266877544 1847.37490159888 3251.7571473707 4092.22339313383 4821.20251925816 Inf 278.640024735476 2391.4474328893 -Inf -4408.51081464832 -3654.94095891628 -2786.12317680142 -1334.36675688109 278.640024735476 1891.64680635204 3343.40322627237 4212.22100838723 4965.79086411927 Inf
"17" 41.3131313131313 556.294979153531 2284.1278383974 -Inf -3920.51332019069 -3200.76098025525 -2370.93262804866 -984.325835983046 556.294979153531 2096.91579429011 3483.52258635572 4313.35093856231 5033.10327849775 Inf 557.282073560658 2362.24513910435 -Inf -4072.63332173868 -3328.26541124362 -2470.05688265865 -1036.02806021574 557.282073560658 2150.59220733706 3584.62102977996 4442.82955836493 5187.19746885999 Inf
"18" 42.020202020202 973.20213637949 2205.94600462761 -Inf -3350.37258453066 -2655.25615019135 -1853.83141935788 -514.685833227833 973.20213637949 2461.09010598681 3800.23569211686 4601.66042295033 5296.77685728964 Inf 1003.107036719 2283.84932093924 -Inf -3473.15537843817 -2753.49080223857 -1923.76363599866 -537.325921246802 1003.107036719 2543.5399946848 3929.97770943665 4759.70487567656 5479.36945187617 Inf
"19" 42.7272727272727 1540.6069168424 2039.53462700671 -Inf -2456.80749731308 -1814.1290116827 -1073.16187738047 164.961715756385 1540.6069168424 2916.25211792841 4154.37571106527 4895.3428453675 5538.02133099787 Inf 1626.16631858181 2116.01793571499 -Inf -2521.15262606036 -1854.37345767336 -1085.61977965419 198.933909710976 1626.16631858181 3053.39872745264 4337.95241681781 5106.70609483698 5773.48526322398 Inf
"20" 43.4343434343434 2216.14888986746 1755.11457528237 -Inf -1223.81246642729 -670.757685001136 -33.1209417958062 1032.34209841975 2216.14888986746 3399.95568131516 4465.41872153072 5103.05546473605 5656.11024616221 Inf 2379.15505777022 1827.44696164831 -Inf -1202.57517071762 -626.727705158452 37.1875431201029 1146.56081311146 2379.15505777022 3611.74930242897 4721.12257242033 5385.03782069888 5960.88528625805 Inf
"21" 44.1414141414141 2915.24262397783 1363.27409994427 -Inf 243.274487030812 672.856276155501 1168.13656692785 1995.72821685764 2915.24262397783 3834.75703109803 4662.34868102781 5157.62897180016 5587.21076092485 Inf 3155.02183209751 1427.43059594395 -Inf 357.309273616828 807.107439137607 1325.69591715928 2192.23452601704 3155.02183209751 4117.80913817799 4984.34774703574 5502.93622505742 5952.7343905782 Inf
"22" 44.8484848484848 3537.51191214004 932.659061122111 -Inf 1709.53374248576 2003.42427274418 2342.26123223964 2908.44293498568 3537.51191214004 4166.58088929441 4732.76259204044 5071.5995515359 5365.49008179432 Inf 3821.98895493081 985.101040849605 -Inf 1891.22639373266 2201.64193497567 2559.53117381038 3157.54839997026 3821.98895493081 4486.42950989136 5084.44673605124 5442.33597488595 5752.75151612895 Inf
"23" 45.5555555555556 4003.00314693777 575.562146486921 -Inf 2874.92206895884 3056.28766275278 3265.39057703925 3614.79237853149 4003.00314693777 4391.21391534406 4740.6157168363 4949.71863112276 5131.0842249167 Inf 4282.21770072666 616.087999462033 -Inf 3074.70741047374 3268.84312029025 3492.66916050285 3866.67265987071 4282.21770072666 4697.76274158261 5071.76624095047 5295.59228116306 5489.72799097957 Inf
"24" 46.2626262626263 4277.19849353144 392.15573696804 -Inf 3508.58737274332 3632.15970724973 3774.63069488275 4012.69346846591 4277.19849353144 4541.70351859698 4779.76629218013 4922.23727981315 5045.80961431956 Inf 4514.81227629485 424.858727026496 -Inf 3682.10447280538 3815.98185820333 3970.33390953875 4228.24941963412 4514.81227629485 4801.37513295557 5059.29064305094 5213.64269438636 5347.52007978431 Inf
"25" 46.969696969697 4376.11433224998 352.027586994416 -Inf 3686.15294017639 3797.08047899524 3924.9728270224 4138.67533303599 4376.11433224998 4613.55333146398 4827.25583747756 4955.14818550472 5066.07572432358 Inf 4571.84529616841 381.874242395828 -Inf 3823.38553444907 3943.71806352429 4082.45376298488 4314.27503380853 4571.84529616841 4829.41555852829 5061.23682935195 5199.97252881254 5320.30505788776 Inf
"26" 47.6767676767677 4358.15215656093 344.056422113232 -Inf 3683.81396056928 3792.22970277203 3917.22611016604 4126.08962635641 4358.15215656093 4590.21468676544 4799.07820295581 4924.07461034982 5032.49035255257 Inf 4536.69078060548 373.248261117521 -Inf 3805.13763152294 3922.75202455299 4058.35388723352 4284.9386542032 4536.69078060548 4788.44290700776 5015.02767397744 5150.62953665796 5268.24392968802 Inf
"27" 48.3838383838384 4306.18118203082 337.739679618898 -Inf 3644.22357382769 3750.64884504425 3873.35036686869 4078.37922989337 4306.18118203082 4533.98313416828 4739.01199719295 4861.71351901739 4968.13879023396 Inf 4483.36294868667 366.502197180196 -Inf 3765.03184195869 3880.52048036914 4013.67148411485 4236.16097326428 4483.36294868667 4730.56492410905 4953.05441325848 5086.2054170042 5201.69405541465 Inf
"28" 49.0909090909091 4292.67939894377 335.140646076124 -Inf 3635.81580287908 3741.4220917066 3863.17937928729 4066.63046829133 4292.67939894377 4518.72832959621 4722.17941860026 4843.93670618094 4949.54299500846 Inf 4459.33649151666 363.695572809637 -Inf 3746.50626747311 3861.11050947454 3993.24186080083 4214.02755546487 4459.33649151666 4704.64542756845 4925.43112223249 5057.56247355878 5172.16671556021 Inf
"29" 49.7979797979798 4335.92558869857 334.422926702883 -Inf 3680.46869675645 3785.84882477561 3907.34536342849 4110.3607524069 4335.92558869857 4561.49042499024 4764.50581396866 4886.00235262154 4991.3824806407 Inf 4480.23656878342 362.921956722234 -Inf 3768.92260440903 3883.28307196852 4015.13336697553 4235.44942885316 4480.23656878342 4725.02370871367 4945.3397705913 5077.19006559831 5191.5505331578 Inf
"30" 50.5050505050505 4388.32020032654 334.065796465507 -Inf 3733.56327078746 3838.83086336982 3960.19765587127 4162.99624471947 4388.32020032654 4613.64415593362 4816.44274478182 4937.80953728326 5043.07712986562 Inf 4525.72547764527 362.535715615496 -Inf 3815.16853192944 3929.40729091567 4061.1172637324 4281.19885338262 4525.72547764527 4770.25210190792 4990.33369155814 5122.04366437487 5236.2824233611 Inf
"31" 51.2121212121212 4387.59767908723 333.800578991663 -Inf 3733.36056624495 3838.54458605429 3959.81502450077 4162.45260994784 4387.59767908723 4612.74274822662 4815.38033367369 4936.65077212017 5041.83479192951 Inf 4552.99617749911 362.249949013051 -Inf 3842.99932403206 3957.148035002 4088.75418822298 4308.66229988075 4552.99617749911 4797.33005511746 5017.23816677524 5148.84431999621 5262.99303096616 Inf
"32" 51.9191919191919 4328.93263998431 333.540781214213 -Inf 3675.2047214291 3780.30687626789 3901.48292964627 4103.96280178293 4328.93263998431 4553.90247818569 4756.38235032235 4877.55840370074 4982.66055853952 Inf 4536.04077410802 361.969441149335 -Inf 3826.59370595123 3940.65402598794 4072.15827012379 4291.89609616859 4536.04077410802 4780.18545204745 4999.92327809226 5131.4275222281 5245.48784226481 Inf
"33" 52.6262626262626 4271.37322170004 333.309416233626 -Inf 3618.09877017406 3723.12801951108 3844.22001751508 4046.55943680662 4271.37322170004 4496.18700659346 4698.526425885 4819.618423889 4924.64767322602 Inf 4493.18627824881 361.720275404114 -Inf 3784.22756597884 3898.20937130847 4029.62309301544 4249.20966005063 4493.18627824881 4737.16289644699 4956.74946348218 5088.16318518915 5202.14499051879 Inf
"34" 53.3333333333333 4263.26445847514 333.209141939523 -Inf 3610.18654095418 3715.18419282252 3836.23976096877 4038.5183075653 4263.26445847514 4488.01060938497 4690.2891559815 4811.34472412775 4916.3423759961 Inf 4462.948974862 361.612065769897 -Inf 3754.20234957787 3868.15005693097 3999.52446585477 4219.04534295297 4462.948974862 4706.85260677103 4926.37348386923 5057.74789279303 5171.69560014613 Inf
"35" 54.040404040404 4282.70483034556 333.24867451887 -Inf 3629.54943039286 3734.55953938643 3855.62946980024 4057.93201511615 4282.70483034556 4507.47764557497 4709.78019089088 4830.85012130469 4935.86023029826 Inf 4455.93654839815 361.654512138813 -Inf 3747.10672975967 3861.06781240325 3992.45764218038 4212.00428684835 4455.93654839815 4699.86880994794 4919.41545461591 5050.80528439304 5164.76636703663 Inf
"36" 54.7474747474747 4275.77004428682 333.27913148192 -Inf 3622.55494978346 3727.57465608154 3848.65565157282 4050.97668614801 4275.77004428682 4500.56340242562 4702.88443700082 4823.96543249209 4928.98513879017 Inf 4449.91259435309 361.686956198332 -Inf 3741.01918652644 3854.99049262922 3986.39210940005 4205.95844961769 4449.91259435309 4693.86673908848 4913.43307930612 5044.83469607695 5158.80600217973 Inf
"37" 55.4545454545455 4237.39102090563 333.209405833961 -Inf 3584.31258616107 3689.31032118529 3810.36598520493 4012.64469200169 4237.39102090563 4462.13734980956 4664.41605660633 4785.47172062596 4890.46945565018 Inf 4432.82595611143 361.612223632252 -Inf 3724.07902142278 3838.02677851994 3969.40124479546 4188.92221772587 4432.82595611143 4676.729694497 4896.25066742741 5027.62513370293 5141.57289080009 Inf
"38" 56.1616161616162 4216.21279417685 333.160231070553 -Inf 3563.23074019752 3668.21297974446 3789.25077847118 3991.4996331468 4216.21279417685 4440.9259552069 4643.17480988252 4764.21260860924 4869.19484815617 Inf 4424.42537944682 361.559160190766 -Inf 3715.78244719237 3829.71348344951 3961.06867166735 4180.55743180865 4424.42537944682 4668.293327085 4887.78208722629 5019.13727544413 5133.06831170127 Inf
"39" 56.8686868686869 4238.48479332515 333.154303643418 -Inf 3585.51435688953 3690.49472864278 3811.53037392301 4013.77563028395 4238.48479332515 4463.19395636635 4665.43921272729 4786.47485800752 4891.45522976077 Inf 4441.81071405722 361.55255005836 -Inf 3733.18073742422 3847.10969076018 3978.46247750329 4197.9472248856 4441.81071405722 4685.67420322884 4905.15895061116 5036.51173735427 5150.44069069022 Inf
"40" 57.5757575757576 4267.67617630878 333.14949681913 -Inf 3614.71516107564 3719.69401814877 3840.72791709982 4042.97025542129 4267.67617630878 4492.38209719626 4694.62443551773 4815.65833446878 4920.63719154191 Inf 4465.40130496805 361.547641075491 -Inf 3756.78094976467 3870.70835622928 4002.05935952879 4221.54112685506 4465.40130496805 4709.26148308104 4928.7432504073 5060.09425370682 5174.02166017142 Inf
"41" 58.2828282828283 4258.28182282521 333.168693946102 -Inf 3605.2831819146 3710.26808820128 3831.30896150813 4033.56295367235 4258.28182282521 4483.00069197807 4685.25468414229 4806.29555744914 4911.28046373582 Inf 4461.37504950611 361.568004650381 -Inf 3752.71478242935 3866.64860566732 3998.00700709557 4217.50113637058 4461.37504950611 4705.24896264164 4924.74309191664 5056.10149334489 5170.03531658286 Inf
"42" 58.989898989899 4217.81694906506 333.14565242236 -Inf 3564.86346871114 3669.84111437503 3790.87361664881 3993.11362118379 4217.81694906506 4442.52027694633 4644.76028148132 4765.7927837551 4870.77042941899 Inf 4426.33375017219 361.543205525637 -Inf 3717.72208848678 3831.64809726368 3962.99748911879 4182.47656379211 4426.33375017219 4670.19093655227 4889.67001122558 5021.01940308069 5134.9454118576 Inf
"43" 59.6969696969697 4187.07535678761 333.074219341714 -Inf 3534.26188269906 3639.21701905937 3760.22356954769 3962.42020978707 4187.07535678761 4411.73050378816 4613.92714402753 4734.93369451586 4839.88883087617 Inf 4388.02169615762 361.466266762731 -Inf 3679.56083167652 3793.46259625233 3924.78403609628 4144.21640418451 4388.02169615762 4631.82698813072 4851.25935621896 4982.58079606291 5096.48256063872 Inf
"44" 60.4040404040404 4180.64448088609 333.030338582152 -Inf 3527.91701150589 3632.85832058436 3753.84892910228 3956.0189310081 4180.64448088609 4405.27003076408 4607.44003266989 4728.43064118782 4833.37195026629 Inf 4368.11995618633 361.418933858321 -Inf 3659.75186249315 3773.63871198053 3904.94295568273 4124.34658977209 4368.11995618633 4611.89332260056 4831.29695668992 4962.60120039212 5076.4880498795 Inf
"45" 61.1111111111111 4180.05294185294 333.017456177553 -Inf 3527.35072152179 3632.28797122114 3753.27389953492 3955.43608102481 4180.05294185294 4404.66980268107 4606.83198417097 4727.81791248474 4832.75516218409 Inf 4364.63803501114 361.404867430385 -Inf 3656.29751101012 3770.17992802036 3901.47906136029 4120.87415625837 4364.63803501114 4608.40191376391 4827.79700866199 4959.09614200193 5072.97855901217 Inf
"46" 61.8181818181818 4173.95330638257 332.987810336916 -Inf 3521.30919083136 3626.23709881927 3747.21225673803 3949.35644137008 4173.95330638257 4398.55017139506 4600.69435602711 4721.66951394587 4826.59742193378 Inf 4367.18613995261 361.372917185864 -Inf 3658.90823728014 3772.78058643741 3904.06811218765 4123.44381131229 4367.18613995261 4610.92846859294 4830.30416771758 4961.59169346782 5075.46404262508 Inf
"47" 62.5252525252525 4170.23913119055 332.953611009898 -Inf 3517.66204508859 3622.57917651433 3743.54190974708 3945.6653332736 4170.23913119055 4394.8129291075 4596.93635263401 4717.89908586677 4822.81621729251 Inf 4368.61975054221 361.33608040417 -Inf 3660.41404663517 3774.27478814098 3905.5489310125 4124.90226793357 4368.61975054221 4612.33723315085 4831.69057007193 4962.96471294344 5076.82545444925 Inf
"48" 63.2323232323232 4169.60410422568 332.947472813616 -Inf 3517.03904876736 3621.95424598388 3742.91474919727 3945.03444645921 4169.60410422568 4394.17376199215 4596.29345925409 4717.25396246748 4822.16915968399 Inf 4360.7709587544 361.329410479605 -Inf 3652.57832765928 3766.43696740278 3897.70868707695 4117.05797494151 4360.7709587544 4604.48394256728 4823.83323043184 4955.10495010601 5068.96358984951 Inf
"49" 63.9393939393939 4158.42634122211 332.961555725327 -Inf 3505.83368376404 3610.7533186519 3731.71893821615 3933.84718467603 4158.42634122211 4383.00549776818 4585.13374422807 4706.09936379232 4811.01899868018 Inf 4337.46279289927 361.34457232886 -Inf 3629.24044512568 3743.10386252492 3874.38109053018 4093.73958257447 4337.46279289927 4581.18600322407 4800.54449526837 4931.82172327362 5045.68514067286 Inf
"50" 64.6464646464646 4134.09331219337 332.963371447913 -Inf 3481.49709598442 3586.41730302528 3707.38358224528 3909.51293096102 4134.09331219337 4358.67369342571 4560.80304214145 4681.76932136146 4786.68952840231 Inf 4306.08026960387 361.346412580521 -Inf 3597.85431500329 3711.71831228489 3842.99620885737 4062.35581804818 4306.08026960387 4549.80472115955 4769.16433035036 4900.44222692284 5014.30622420444 Inf
"51" 65.3535353535354 4112.42793188119 332.909802518627 -Inf 3459.93670884434 3564.84003576073 3685.7868532783 3887.88368234257 4112.42793188119 4336.9721814198 4539.06901048408 4660.01582800165 4764.91915491804 Inf 4282.03536427156 361.288621991792 -Inf 3573.92267714354 3687.76846401206 3819.02536514453 4038.34989187563 4282.03536427156 4525.72083666749 4745.04536339859 4876.30226453106 4990.14805139958 Inf
"52" 66.0606060606061 4101.40551707224 332.859164373432 -Inf 3449.01354297622 3553.90091328857 3674.8293338636 3876.89542244353 4101.40551707224 4325.91561170096 4527.98170028088 4648.91012085592 4753.79749116827 Inf 4268.47409756912 361.234262308839 -Inf 3560.4679534619 3674.29661103129 3805.53376317888 4024.82529022217 4268.47409756912 4512.12290491608 4731.41443195936 4862.65158410695 4976.48024167634 Inf
"53" 66.7676767676768 4088.44024471801 332.872623784339 -Inf 3436.02189066135 3540.91350217349 3661.84681258025 3863.9210718546 4088.44024471801 4312.95941758142 4515.03367685577 4635.96698726253 4740.85859877466 Inf 4254.1433142181 361.248414629224 -Inf 3546.10943207262 3659.94254918475 3791.18484289951 4010.4849612761 4254.1433142181 4497.80166716009 4717.10178553668 4848.34407925144 4962.17719636357 Inf
"54" 67.4747474747475 4064.0997311029 332.868606573986 -Inf 3411.68925063386 3516.5795962814 3637.51144722736 3839.5832678067 4064.0997311029 4288.61619439911 4490.68801497845 4611.61986592441 4716.51021157195 Inf 4233.35325459031 361.244225248788 -Inf 3525.32758347961 3639.15938047456 3770.40015217878 3989.69772734247 4233.35325459031 4477.00878183814 4696.30635700184 4827.54712870605 4941.37892570101 Inf
"55" 68.1818181818182 4040.29475305064 332.845514698709 -Inf 3387.92953182547 3492.81260098394 3613.73606260401 3815.79386498762 4040.29475305064 4264.79564111366 4466.85344349727 4587.77690511734 4692.6599742758 Inf 4213.69577446276 361.219324368349 -Inf 3505.71890818091 3619.54285865052 3750.77458381354 3970.05704260356 4213.69577446276 4457.33450632196 4676.61696511198 4807.848690275 4921.67264074461 Inf
"56" 68.8888888888889 4031.3163232643 332.84768182731 -Inf 3378.94685454513 3483.83060658826 3604.75485553062 3806.81397349526 4031.3163232643 4255.81867303335 4457.87779099799 4578.80203994034 4683.68579198348 Inf 4199.88375330488 361.221687569692 -Inf 3491.9022552335 3605.72695037234 3736.95953409128 3956.24342749059 4199.88375330488 4443.52407911917 4662.80797251848 4794.04055623742 4907.86525137625 Inf
"57" 69.5959595959596 4029.65014220715 332.86939291461 -Inf 3377.23812053881 3482.12871397042 3603.06085059555 3805.13314853226 4029.65014220715 4254.16713588205 4456.23943381875 4577.17157044388 4682.0621638755 Inf 4184.39355282203 361.245035332425 -Inf 3476.36629397658 3590.19834623728 3721.43941224655 3940.73747918109 4184.39355282203 4428.04962646297 4647.34769339752 4778.58875940678 4892.42081166748 Inf
"58" 70.3030303030303 4015.51320527313 332.889774612785 -Inf 3363.06123621042 3467.95825212624 3588.89779346433 3790.98246435173 4015.51320527313 4240.04394619454 4442.12861708194 4563.06815842003 4667.96517433585 Inf 4161.02198535834 361.267064906896 -Inf 3452.95154934033 3566.79054334812 3698.03961274721 3917.35105299522 4161.02198535834 4404.69291772147 4624.00435796948 4755.25342736856 4869.09242137635 Inf
"59" 71.010101010101 3983.75616981124 332.895505691953 -Inf 3331.29296803977 3436.19178987799 3557.13341332896 3759.22156333568 3983.75616981124 4208.29077628681 4410.37892629353 4531.3205497445 4636.21937158272 Inf 4135.29841557898 361.273190398934 -Inf 3427.21597381719 3541.05689803097 3672.30819283394 3891.62335163426 4135.29841557898 4378.9734795237 4598.28863832403 4729.539933127 4843.38085734077 Inf
"60" 71.7171717171717 3948.01677943386 332.878617982963 -Inf 3295.58667696378 3400.48017730999 3521.41566542147 3723.49356354491 3948.01677943386 4172.5399953228 4374.61789344625 4495.55338155773 4600.44688190393 Inf 4113.75159770779 361.255044638395 -Inf 3405.70472098313 3519.53992727981 3650.78462969057 3870.08877289257 4113.75159770779 4357.41442252302 4576.71856572501 4707.96326813577 4821.79847443246 Inf
"61" 72.4242424242424 3920.45653372584 332.876483241136 -Inf 3268.03061527287 3372.92344293981 3493.85815549519 3695.93475769838 3920.45653372584 4144.97830975331 4347.0549119565 4467.98962451188 4572.88245217882 Inf 4093.82773124352 361.252850064036 -Inf 3385.78515580556 3499.61967056913 3630.86357568651 3850.16638664621 4093.82773124352 4337.48907584084 4556.79188680054 4688.03579191791 4801.87030668148 Inf
"62" 73.1313131313131 3898.97229757944 332.93954652183 -Inf 3246.42277736755 3351.33547692743 3472.29310050268 3674.40798601553 3898.97229757944 4123.53660914334 4325.6514946562 4446.60911823145 4551.52181779132 Inf 4072.23774363676 361.320886924017 -Inf 3364.06181840362 3477.91777228647 3609.18639533533 3828.53050887476 4072.23774363676 4315.94497839877 4535.2890919382 4666.55771498706 4780.41366886991 Inf
"63" 73.8383838383838 3876.46543539854 333.058137244952 -Inf 3223.68348164044 3328.63355036548 3449.6342581949 3651.82113560742 3876.46543539854 4101.10973518966 4303.29661260218 4424.2973204316 4529.24738915665 Inf 4052.65717058396 361.448726829588 -Inf 3344.23068374011 3458.12692130132 3589.4419888514 3808.86370911598 4052.65717058396 4296.45063205194 4515.87235231652 4647.1874198666 4761.08365742781 Inf
"64" 74.5454545454545 3853.55992583335 333.149207110417 -Inf 3200.59947841885 3305.57824420177 3426.61203790105 3628.85420035142 3853.55992583335 4078.26565131527 4280.50781376564 4401.54160746492 4506.52037324784 Inf 4036.47142337191 361.546870961567 -Inf 3327.85257756409 3441.77974135782 3573.13046487336 3792.61176469287 4036.47142337191 4280.33108205095 4499.81238187046 4631.163105386 4745.09026917973 Inf
"65" 75.2525252525253 3835.88242265048 333.214094323304 -Inf 3182.79479863567 3287.79401105145 3408.85137840893 3611.13293140854 3835.88242265048 4060.63191389242 4262.91346689204 4383.97083424952 4488.97004666529 Inf 4016.37271716611 361.617464002691 -Inf 3307.61551154012 3421.56491993229 3552.94129004519 3772.46544420439 4016.37271716611 4260.27999012782 4479.80414428702 4611.18051439992 4725.12992279209 Inf
"66" 75.959595959596 3823.58208442866 333.343267629001 -Inf 3170.24128538693 3275.28120164925 3396.38549793497 3598.74546711603 3823.58208442866 4048.4187017413 4250.77867092236 4371.88296720808 4476.9228834704 Inf 3990.05545522298 361.756254087946 -Inf 3281.02622602849 3395.01936861404 3526.44616145102 3746.05456977133 3990.05545522298 4234.05634067463 4453.66474899494 4585.09154183192 4699.08468441748 Inf
"67" 76.6666666666667 3811.45302008916 333.523470596777 -Inf 3157.75902972067 3262.85572980461 3384.02549419999 3586.49485772181 3811.45302008916 4036.41118245651 4238.88054597833 4360.05031037371 4465.14701045765 Inf 3970.67854616109 361.951330333888 -Inf 3261.26697455031 3375.32158768149 3506.81925212075 3726.54608378105 3970.67854616109 4214.81100854114 4434.53784020144 4566.0355046407 4680.09011777187 Inf
"68" 77.3737373737374 3798.37680216891 333.772185042007 -Inf 3144.19534044534 3249.37041302705 3370.63053589308 3573.25088445753 3798.37680216891 4023.50271988029 4226.12306844473 4347.38319131077 4452.55826389248 Inf 3968.40035808657 362.218604739202 -Inf 3258.46493826739 3372.603772332 3504.19853811367 3724.08762185966 3968.40035808657 4212.71309431349 4432.60217805948 4564.19694384115 4678.33577790576 Inf
"69" 78.0808080808081 3788.99900386537 333.944578082867 -Inf 3134.47965799053 3239.70905340499 3361.03180701814 3563.75680881492 3788.99900386537 4014.24119891582 4216.9662007126 4338.28895432576 4443.51834974022 Inf 3966.33999638599 362.405000843915 -Inf 3256.03924691471 3370.23681632252 3501.89930019328 3721.90153789697 3966.33999638599 4210.77845487501 4430.7806925787 4562.44317644945 4676.64074585727 Inf
"70" 78.7878787878788 3785.32214327586 334.321946941986 -Inf 3130.06316802826 3235.41147627886 3356.87132877644 3559.82541679789 3785.32214327586 4010.81886975383 4213.77295777528 4335.23281027286 4440.58111852346 Inf 3933.73014830158 362.813694735518 -Inf 3222.62837352206 3336.9547266082 3468.76568981226 3689.0160299717 3933.73014830158 4178.44426663146 4398.69460679091 4530.50556999496 4644.83192308111 Inf
"71" 79.4949494949495 3783.54156054668 335.577640318226 -Inf 3125.82147150602 3231.56546174543 3353.4815102351 3557.19788175705 3783.54156054668 4009.88523933631 4213.60161085827 4335.51765934793 4441.26164958734 Inf 3866.96130645349 364.1638572645 -Inf 3153.21326174389 3267.96506502734 3400.26654506141 3621.33651733672 3866.96130645349 4112.58609557026 4333.65606784557 4465.95754787964 4580.70935116309 Inf
"72" 80.2020202020202 3777.90501711789 337.86393514857 -Inf 3115.70387255172 3222.16829797267 3344.91496208718 3550.01925589927 3777.90501711789 4005.79077833652 4210.8950721486 4333.64173626312 4440.10616168407 Inf 3798.94620668925 366.630905553156 -Inf 3080.36283618576 3195.89203193764 3329.08979570057 3551.65741878854 3798.94620668925 4046.23499458996 4268.80261767793 4402.00038144086 4517.52957719274 Inf
"73" 80.9090909090909 3753.80627961817 342.029799120155 -Inf 3083.4401917032 3191.2173240099 3315.47745509283 3523.11068585 3753.80627961817 3984.50187338634 4192.13510414351 4316.39523522644 4424.17236753314 Inf 3750.10253877274 371.110523967934 -Inf 3022.7392775118 3139.68004742422 3274.50526579156 3499.79229416647 3750.10253877274 4000.41278337901 4225.69981175392 4360.52503012126 4477.46580003368 Inf
"74" 81.6161616161616 3669.4430671151 366.947435341832 -Inf 2950.23930962577 3065.86824719255 3199.1810068802 3421.94078311629 3669.4430671151 3916.9453511139 4139.70512735 4273.01788703765 4388.64682460443 Inf 3673.96520432643 397.923049307021 -Inf 2894.05035906631 3019.44003342619 3164.00629752074 3405.57018620208 3673.96520432643 3942.36022245079 4183.92411113213 4328.49037522667 4453.88004958655 Inf
"75" 82.3232323232323 3456.9651242372 500.339264443502 -Inf 2476.31818587668 2633.98027041108 2815.7545565862 3119.49141874942 3456.9651242372 3794.43882972499 4098.17569188821 4279.94997806333 4437.61206259773 Inf 3469.11114287497 537.707264029634 -Inf 2415.22427115131 2584.66139939767 2780.01155685309 3106.433104681 3469.11114287497 3831.78918106893 4158.21072889685 4353.56088635226 4522.99801459862 Inf
"76" 83.030303030303 3062.70386433434 812.068099647023 -Inf 1471.07963603229 1726.97070529835 2021.99671990287 2514.97225466121 3062.70386433434 3610.43547400747 4103.41100876581 4398.43702337034 4654.32809263639 Inf 3057.41105395582 860.363796746711 -Inf 1371.12899873013 1642.23854237926 1954.81048329718 2477.10449161038 3057.41105395582 3637.71761630127 4160.01162461447 4472.58356553239 4743.69310918152 Inf
"77" 83.7373737373737 2497.17217673094 1234.15865119545 -Inf 78.2656691793309 467.16184307857 915.534225161002 1664.74481638379 2497.17217673094 3329.5995370781 4078.81012830089 4527.18251038332 4916.07868428256 Inf 2454.6094095589 1294.4450784292 -Inf -82.45632412745 325.436727415153 795.71129278646 1581.51947196664 2454.6094095589 3327.69934715116 4113.50752633134 4583.78209170264 4991.67514324525 Inf
"78" 84.4444444444444 1845.27876628686 1650.12014924941 -Inf -1388.89729640585 -868.927346111746 -269.435294320419 732.2896390261 1845.27876628686 2958.26789354762 3959.99282689414 4559.48487868546 5079.45482897957 Inf 1768.76437374585 1719.74825796207 -Inf -1601.8802743353 -1059.96978580653 -435.181698588036 608.81180083287 1768.76437374585 2928.71694665883 3972.71044607974 4597.49853329823 5139.409021827 Inf
"79" 85.1515151515152 1224.34684068144 1972.14264424547 -Inf -2640.98171441528 -2019.5391405714 -1303.05565252862 -105.843158786731 1224.34684068144 2554.53684014961 3751.74933389149 4468.23282193427 5089.67539577815 Inf 1134.96033255946 2047.1807713009 -Inf -2877.44024903323 -2232.35238414013 -1488.60738985401 -245.842114481505 1134.96033255946 2515.76277960042 3758.52805497293 4502.27304925905 5147.36091415214 Inf
"80" 85.8585858585859 725.836072501006 2171.54525644155 -Inf -3530.31442092322 -2846.03801864614 -2057.11115054261 -738.848945055739 725.836072501006 2190.52109005775 3508.78329554462 4297.71016364815 4981.98656592523 Inf 645.942780030868 2248.86349002028 -Inf -3761.74866655593 -3053.10848804774 -2236.09174630072 -870.892593577999 645.942780030868 2162.77815363974 3527.97730636245 4344.99404810947 5053.63422661767 Inf
"81" 86.5656565656566 383.628753756273 2270.21344272417 -Inf -4065.90783120179 -3350.54006146257 -2525.76683788729 -1147.60694411854 383.628753756273 1914.86445163108 3293.02434539983 4117.79756897511 4833.16533871433 Inf 325.377587911001 2348.15625637379 -Inf -4276.92410465403 -3536.99574703422 -2683.90573858818 -1258.42973887192 325.377587911001 1909.18491469393 3334.66091441018 4187.75092285622 4927.67928047603 Inf
"82" 87.2727272727273 180.646552990631 2308.97220624703 -Inf -4344.85581255755 -3617.27475498495 -2778.42039272423 -1376.73153361063 180.646552990631 1738.02463959189 3139.71349870549 3978.56786096621 4706.14891853881 Inf 144.827358150446 2386.97417722633 -Inf -4533.55606124029 -3781.3957746998 -2914.2031355885 -1465.16225837144 144.827358150446 1754.81697467233 3203.85785188939 4071.05049100068 4823.21077754119 Inf
"83" 87.979797979798 75.7927207085888 2320.99550873588 -Inf -4473.27488469295 -3741.9051599737 -2898.68270713386 -1489.6949601849 75.7927207085888 1641.28040160208 3050.26814855104 3893.49060139088 4624.86032611013 Inf 56.843048132098 2398.96290819629 -Inf -4645.0378521801 -3889.09979233662 -3017.55162255028 -1561.23284454688 56.843048132098 1674.91894081108 3131.23771881448 4002.78588860081 4758.72394844429 Inf
"84" 88.6868686868687 28.3440715672765 2323.93829764232 -Inf -4526.49129410499 -3794.19426612112 -2949.90269200529 -1539.1284902806 28.3440715672765 1595.81663341515 3006.59083513984 3850.88240925567 4583.17943723954 Inf 19.6060994698455 2401.88570280567 -Inf -4688.00337301095 -3931.14431031295 -3058.53428321996 -1600.44118821509 19.6060994698455 1639.65338715478 3097.74648215965 3970.35650925264 4727.21557195064 Inf
"85" 89.3939393939394 9.45138248597327 2324.50827296018 -Inf -4546.50111428137 -3814.02448117128 -2969.52583384752 -1558.40562187166 9.45138248597327 1577.30838684361 2988.42859881946 3832.92724614322 4565.40387925332 Inf 5.90780074209063 2402.44985234489 -Inf -4702.80738451747 -3945.77055245643 -3072.9555686729 -1614.52000002463 5.90780074209063 1626.33560150881 3084.77117015708 3957.58615394061 4714.62298600165 Inf
"86" 90.1010101010101 2.81071272655388 2324.59603719047 -Inf -4553.31379877129 -3820.80951024321 -2976.27897799366 -1565.10548770485 2.81071272655388 1570.72691315795 2981.90040344677 3826.43093569631 4558.9352242244 Inf 1.53868104208155 2402.53645794133 -Inf -4707.34624806736 -3950.28212568586 -3077.43567791061 -1618.94753431175 1.53868104208155 1622.02489639591 3080.51303999478 3953.35948777002 4710.42361015152 Inf
"87" 90.8080808080808 0.745398409060583 2324.60683048036 -Inf -4555.40026754826 -3822.89257794273 -2978.35812446872 -1567.17808198574 0.745398409060583 1568.66887880387 2979.84892128684 3824.38337476085 4556.89106436638 Inf 0.339285707986526 2402.54708069467 -Inf -4708.56646361542 -3951.49899389432 -3078.64868685088 -1620.15409458409 0.339285707986526 1620.83266600006 3079.32725826685 3952.17756531029 4709.24503503139 Inf
"88" 91.5151515151515 0.17619582493402 2324.60789487476 -Inf -4555.97155630706 -3823.46353129984 -2978.92869112915 -1567.74800249298 0.17619582493402 1568.10039414285 2979.28108277902 3823.8159229497 4556.32394795693 Inf 0.060464748711139 2402.54812584791 -Inf -4708.8473330374 -3951.77953397769 -3078.92884722792 -1620.43362048851 0.060464748711139 1620.55454998593 3079.04977672535 3951.90046347511 4708.96826253482 Inf
"89" 92.2222222222222 0.0370833829495243 2324.6079793243 -Inf -4556.11083426711 -3823.60278264896 -2979.06791179758 -1567.88717189532 0.0370833829495243 1567.96133866122 2979.14207856348 3823.67694941486 4556.18500103301 Inf 0.00756412749180517 2402.54820860151 -Inf -4708.90039585268 -3951.83257071646 -3078.98185390214 -1620.48657692618 0.00756412749180517 1620.50170518116 3078.99698215713 3951.84769897144 4708.91552410767 Inf
"90" 92.9292929292929 0.00693652441620141 2324.6079847295 -Inf -4556.14099171964 -3823.63293839826 -2979.09806558316 -1567.9173223996 0.00693652441620141 1567.93119544843 2979.11193863199 3823.64681144709 4556.15486476847 Inf 0.000182821807440844 2402.54821388856 -Inf -4708.90778752081 -3951.83996071858 -3078.98924198347 -1620.49396179793 0.000182821807440844 1620.49432744155 3078.98960762708 3951.84032636219 4708.90815316443 Inf
"91" 93.6363636363636 0.00114970165019169 2324.60798500921 -Inf -4556.14677909063 -3823.63872568111 -2979.10385276439 -1567.92310941103 0.00114970165019169 1567.92540881433 2979.10615216769 3823.64102508441 4556.14907849393 Inf -0.000238612203824728 2402.54821416172 -Inf -4708.9082094902 -3951.84038260189 -3078.98966376754 -1620.49438341619 -0.000238612203824728 1620.49390619178 3078.98918654314 3951.83990537748 4708.90773226579 Inf
"92" 94.3434343434343 0.000168042044648418 2324.60798502094 -Inf -4556.14776077322 -3823.63970736 -2979.10483443902 -1567.92409107854 0.000168042044648418 1567.92442716263 2979.10517052311 3823.64004344409 4556.14809685731 Inf -8.87121378055583e-05 2402.54821417315 -Inf -4708.90805961254 -3951.84023272063 -3078.98951388213 -1620.49423352383 -8.87121378055583e-05 1620.49405609956 3078.98933645785 3951.84005529636 4708.90788218827 Inf
"93" 95.0505050505051 2.14871736901676e-05 2324.60798502134 -Inf -4556.14790732887 -3823.63985391553 -2979.1049809944 -1567.92423763368 2.14871736901676e-05 1567.92428060803 2979.10502396875 3823.63989688987 4556.14795030322 Inf -2.12778309536139e-05 2402.54821417354 -Inf -4708.907992179 -3951.84016528697 -3078.98944644832 -1620.49416608979 -2.12778309536139e-05 1620.49412353412 3078.98940389266 3951.8401227313 4708.90794962334 Inf
"94" 95.7575757575758 2.37010621998183e-06 2324.60798502135 -Inf -4556.14792644596 -3823.63987303261 -2979.10500011148 -1567.92425675076 2.37010621998183e-06 1567.92426149097 2979.10500485169 3823.63987777282 4556.14793118617 Inf -4.05034990442932e-06 2402.54821417355 -Inf -4708.90797495154 -3951.8401480595 -3078.98942922085 -1620.49414886231 -4.05034990442932e-06 1620.49414076161 3078.98942112015 3951.8401399588 4708.90796685084 Inf
"95" 96.4646464646465 2.19363456409305e-07 2324.60798502135 -Inf -4556.1479285967 -3823.63987518336 -2979.10500226222 -1567.9242589015 2.19363456409305e-07 1567.92425934023 2979.10500270095 3823.63987562208 4556.14792903543 Inf -6.50083221111183e-07 2402.54821417355 -Inf -4708.90797155127 -3951.84014465924 -3078.98942582059 -1620.49414546205 -6.50083221111183e-07 1620.49414416188 3078.98942452042 3951.84014335907 4708.90797025111 Inf
"96" 97.1717171717172 1.59411663144339e-08 2324.60798502135 -Inf -4556.14792880013 -3823.63987538678 -2979.10500246565 -1567.92425910492 1.59411663144339e-08 1567.92425913681 2979.10500249753 3823.63987541866 4556.14792883201 Inf -9.03155551547204e-08 2402.54821417355 -Inf -4708.9079709915 -3951.84014409947 -3078.98942526082 -1620.49414490228 -9.03155551547204e-08 1620.49414472165 3078.98942508019 3951.84014391884 4708.90797081087 Inf
"97" 97.8787878787879 7.1203868225422e-10 2324.60798502135 -Inf -4556.14792881535 -3823.63987540201 -2979.10500248088 -1567.92425912015 7.1203868225422e-10 1567.92425912158 2979.1050024823 3823.63987540343 4556.14792881678 Inf -1.10125613351689e-08 2402.54821417355 -Inf -4708.9079709122 -3951.84014402017 -3078.98942518152 -1620.49414482298 -1.10125613351689e-08 1620.49414480095 3078.98942515949 3951.84014399814 4708.90797089018 Inf
"98" 98.5858585858586 -1.98030233105028e-11 2324.60798502135 -Inf -4556.14792881609 -3823.63987540274 -2979.10500248161 -1567.92425912089 -1.98030233105028e-11 1567.92425912085 2979.10500248157 3823.6398754027 4556.14792881605 Inf -1.18828994904605e-09 2402.54821417355 -Inf -4708.90797090238 -3951.84014401034 -3078.98942517169 -1620.49414481315 -1.18828994904605e-09 1620.49414481077 3078.98942516931 3951.84014400796 4708.9079709 Inf
"99" 99.2929292929293 -8.85917400861956e-12 2324.60798502135 -Inf -4556.14792881608 -3823.63987540273 -2979.1050024816 -1567.92425912087 -8.85917400861956e-12 1567.92425912086 2979.10500248158 3823.63987540271 4556.14792881606 Inf -1.14070221383094e-10 2402.54821417355 -Inf -4708.9079709013 -3951.84014400927 -3078.98942517062 -1620.49414481208 -1.14070221383094e-10 1620.49414481185 3078.98942517039 3951.84014400904 4708.90797090107 Inf
"100" 100 -1.21646984568886e-12 2324.60798502135 -Inf -4556.14792881607 -3823.63987540272 -2979.10500248159 -1567.92425912087 -1.21646984568886e-12 1567.92425912086 2979.10500248159 3823.63987540271 4556.14792881607 Inf -9.77728350692951e-12 2402.54821417355 -Inf -4708.9079709012 -3951.84014400916 -3078.98942517051 -1620.49414481197 -9.77728350692951e-12 1620.49414481195 3078.98942517049 3951.84014400914 4708.90797090118 Inf
