"mid_age" "mean_left" "std_left" "min_left" "l.q2.5" "l.q5" "l.q10" "l.q25" "l.q50" "l.q75" "l.q90" "l.q95" "l.q97.5" "max_left" "mean_right" "std_right" "min_right" "r.q2.5" "r.q5" "r.q10" "r.q25" "r.q50" "r.q75" "r.q90" "r.q95" "r.q97.5" "max_right"
"1" 55.8549337849424 4272.95175666655 334.518102993103 -Inf 3617.30832262341 3722.71844167742 3844.24955807273 4047.32272494267 4272.95175666655 4498.58078839044 4701.65395526038 4823.18507165569 4928.5951907097 Inf 4480.70413403729 367.595761216288 -Inf 3760.22968118378 3876.06291294869 4009.611210763 4232.76456088138 4480.70413403729 4728.6437071932 4951.79705731159 5085.34535512589 5201.1785868908 Inf
"2" 56.2297667669757 4275.93553562669 334.508037973627 -Inf 3620.31182865922 3725.71877612135 3847.24623587434 4050.31329265528 4275.93553562669 4501.5577785981 4704.62483537905 4826.15229513203 4931.55924259416 Inf 4494.91589024601 367.583981758507 -Inf 3774.46452470551 3890.29404464127 4023.83806295428 4246.98426221363 4494.91589024601 4742.84751827839 4965.99371753774 5099.53773585075 5215.36725578651 Inf
"3" 56.5984485078266 4282.46152819992 334.510197088301 -Inf 3626.83358944545 3732.24121726698 3853.76946143077 4056.83782892779 4282.46152819992 4508.08522747205 4711.15359496906 4832.68183913286 4938.08946695438 Inf 4504.37699801604 367.586161436418 -Inf 3783.92136038533 3899.75156716018 4033.29637735467 4256.44389981325 4504.37699801604 4752.31009621882 4975.45761867741 5109.0024288719 5224.83263564674 Inf
"4" 56.9615706859679 4289.13567434304 334.50309612934 -Inf 3633.5216532124 3738.9270434482 3860.45270781897 4063.51676459495 4289.13567434304 4514.75458409114 4717.81864086712 4839.34430523789 4944.74969547369 Inf 4506.02397704214 367.578902962542 -Inf 3785.58256575881 3901.41048531336 4034.95265848932 4258.09577460558 4506.02397704214 4753.95217947869 4977.09529559495 5110.63746877092 5226.46538832546 Inf
"5" 57.3193387719107 4291.72299894189 334.491795244712 -Inf 3636.13112713811 3741.53295634811 3863.0545150842 4066.11171152464 4291.72299894189 4517.33428635913 4720.39148279957 4841.91304153566 4947.31487074567 Inf 4499.03191333687 367.566864810918 -Inf 3778.61409639717 3894.43822260545 4027.97602229612 4251.1118305102 4499.03191333687 4746.95199616354 4970.08780437762 5103.62560406829 5219.44973027657 Inf
"6" 57.6716987502738 4287.15038715284 334.484108313567 -Inf 3631.57358145725 3736.97298843564 3858.4917544938 4061.54428449186 4287.15038715284 4512.75648981382 4715.80901981188 4837.32778587004 4942.72719284843 Inf 4484.89181242203 367.558134477613 -Inf 3764.49110662117 3880.31248181101 4013.84710975359 4236.97761811568 4484.89181242203 4732.80600672837 4955.93651509046 5089.47114303304 5205.29251822288 Inf
"7" 58.0186271724734 4274.85954828853 334.473121382362 -Inf 3619.3042765824 3724.70022146497 3846.21499594837 4049.26085620003 4274.85954828853 4500.45824037702 4703.50410062868 4825.01887511209 4930.41481999465 Inf 4466.6794403698 367.545659025447 -Inf 3746.30318600588 3862.12063005152 3995.65072563661 4218.77366062807 4466.6794403698 4714.58522011153 4937.70815510298 5071.23825068807 5187.05569473371 Inf
"8" 58.3599582928844 4256.97369751644 334.447926485806 -Inf 3601.46780690016 3706.85581260986 3828.36143373541 4031.39199912743 4256.97369751644 4482.55539590545 4685.58596129747 4807.09158242302 4912.47958813272 Inf 4447.88956280118 367.518168545699 -Inf 3727.56718878749 3843.37597029822 3976.89607853535 4200.00232510627 4447.88956280118 4695.77680049609 4918.88304706701 5052.40315530414 5168.21193681487 Inf
"9" 58.6954642914677 4237.34886504882 334.410236863823 -Inf 3581.91684473421 3687.29297405366 3808.78490246184 4011.79258792352 4237.34886504882 4462.90514217411 4665.91282763579 4787.40475604398 4892.78088536342 Inf 4431.30417766471 367.47746719033 -Inf 3711.06157684166 3826.85753293375 3960.36285428458 4183.44439261682 4431.30417766471 4679.1639627126 4902.24550104484 5035.75082239566 5151.54677848776 Inf
"10" 59.0249626141232 4220.04365823342 334.372292994104 -Inf 3564.6860065369 3670.05017934999 3791.52832267209 3994.51297385934 4220.04365823342 4445.5743426075 4648.55899379475 4770.03713711685 4875.40130992994 Inf 4418.30653140893 367.436319123013 -Inf 3698.14457931586 3813.92756922574 3947.41794139889 4170.47450031068 4418.30653140893 4666.13856250718 4889.19512141897 5022.68549359212 5138.468483502 Inf
"11" 59.3483648170658 4207.9245223007 334.341854808528 -Inf 3552.62652835167 3657.98110977721 3779.44819484375 3982.4143681708 4207.9245223007 4433.4346764306 4636.40084975766 4757.86793482419 4863.22251624974 Inf 4408.82406843365 367.40286913544 -Inf 3688.7276771115 3804.50012658384 3937.97834630755 4161.01459900916 4408.82406843365 4656.63353785813 4879.66979055975 5013.14801028345 5128.92045975579 Inf
"12" 59.6656223989338 4201.92593142225 334.31568235759 -Inf 3546.67923453444 3652.02556874961 3773.48314531077 3976.43343034225 4201.92593142225 4427.41843250225 4630.36871753373 4751.82629409489 4857.17262831006 Inf 4401.79172782675 367.373886863124 -Inf 3681.75214071453 3797.51545757268 3930.98314797711 4154.00180664788 4401.79172782675 4649.58164900562 4872.60030767639 5006.06799808082 5121.83131493896 Inf
"13" 59.9767191471201 4201.09694600911 334.287916799406 -Inf 3545.90466861535 3651.24225361556 3772.68974289219 3975.62317251351 4201.09694600911 4426.57071950471 4629.50414912603 4750.95163840267 4856.28922340287 Inf 4395.84174993288 367.343481612141 -Inf 3675.86175601753 3791.61549186617 3925.07213598023 4148.07233678415 4395.84174993288 4643.61116308161 4866.61136388552 5000.06800799959 5115.82174384823 Inf
"14" 60.2816963091307 4203.24990457777 334.260215054736 -Inf 3548.11192160588 3653.44077749941 3774.8782026751 3977.79481562501 4203.24990457777 4428.70499353053 4631.62160648044 4753.05903165613 4858.38788754967 Inf 4389.91511196992 367.313560169489 -Inf 3669.99376300454 3785.73807029668 3919.18384388895 4142.16588052757 4389.91511196992 4637.66434341227 4860.64638005089 4994.09215364316 5109.8364609353 Inf
"15" 60.580571733606 4205.85231828066 334.24066701111 -Inf 3550.75264877023 3656.07534487275 3777.5056682039 3980.41041428296 4205.85231828066 4431.29422227835 4634.19896835742 4755.62929168856 4860.95198779108 Inf 4383.59060002654 367.29256653615 -Inf 3663.7103978264 3779.44808980723 3912.88623636924 4135.85552857469 4383.59060002654 4631.32567147838 4854.29496368383 4987.73311024584 5103.47080222667 Inf
"16" 60.8734625186655 4206.81388993727 334.2336756812 -Inf 3551.72792318168 3657.04841624373 3778.4761996103 3981.37670151994 4206.81388993727 4432.2510783546 4635.15158026424 4756.57936363082 4861.89985669287 Inf 4377.07303479665 367.284890086192 -Inf 3657.20787816196 3772.9431512139 3906.37850890581 4129.34314103162 4377.07303479665 4624.80292856168 4847.76756068748 4981.20291837939 5096.93819143134 Inf
"17" 61.1604192545401 4204.94706810044 334.233074530195 -Inf 3549.86227957916 3655.1825832123 3776.61014817948 3979.5102851533 4204.94706810044 4430.38385104758 4633.28398802139 4754.71155298857 4860.03185662171 Inf 4370.93391859476 367.283789143959 -Inf 3651.07091976719 3766.80584590084 3900.24080361816 4123.20476740398 4370.93391859476 4618.66306978554 4841.62703357135 4975.06199128868 5090.79691742232 Inf
"18" 61.4416235662687 4200.05161059532 334.225947247126 -Inf 3544.98079129217 3650.29884904459 3771.72382465514 3974.61963492755 4200.05161059532 4425.48358626308 4628.3793965355 4749.80437214604 4855.12242989847 Inf 4365.74589368901 367.275546556599 -Inf 3645.89905003581 3761.6313788448 3895.06334201315 4118.02230203892 4365.74589368901 4613.4694853391 4836.42844536487 4969.86040853321 5085.5927373422 Inf
"19" 61.717379809337 4192.70013615364 334.203056265305 -Inf 3537.67418235043 3642.98502691738 3764.40168618705 3967.28360021848 4192.70013615364 4418.11667208879 4620.99858612023 4742.41524538989 4847.72608995685 Inf 4361.77878841303 367.250468958372 -Inf 3641.98109594918 3757.70552254722 3891.12837497244 4114.0721113459 4361.77878841303 4609.48546548016 4832.42920185362 4965.85205427884 5081.57648087688 Inf
"20" 61.9880012878759 4183.88503806064 334.166073025636 -Inf 3528.93157007521 3634.23076084029 3755.63398402275 3958.49344694157 4183.88503806064 4409.27662917971 4612.13609209854 4733.53931528099 4838.83850604607 Inf 4358.85159356773 367.210433591352 -Inf 3639.13236898134 3754.84418002057 3888.25248751442 4111.17191994531 4358.85159356773 4606.53126719016 4829.45069962104 4962.85900711489 5078.57081815412 Inf
"21" 62.2538364341476 4174.66466816356 334.125951208307 -Inf 3519.78983749509 3625.07638545997 3746.46503230348 3949.30013879904 4174.66466816356 4400.02919752808 4602.86430402365 4724.25295086716 4829.53949883203 Inf 4356.35904712314 367.167099366301 -Inf 3636.72475605715 3752.42291203323 3885.81547611379 4108.70860199135 4356.35904712314 4604.00949225494 4826.9026181325 4960.29518221305 5075.99333818913 Inf
"22" 62.5152867815331 4165.90358729106 334.094794839077 -Inf 3511.08982198417 3616.36655225439 3737.74387992474 3940.56007257824 4165.90358729106 4391.24710200388 4594.06329465738 4715.44062232772 4820.71735259795 Inf 4353.44058725209 367.133307334588 -Inf 3633.87252735122 3749.56003510811 3882.94032247388 4105.81293449932 4353.44058725209 4601.06824000486 4823.9408520303 4957.32113939608 5073.00864715296 Inf
"23" 62.7727845143588 4158.14645990587 334.078143636673 -Inf 3503.36533035599 3608.63681365987 3730.00809191406 3932.8141762584 4158.14645990587 4383.47874355334 4586.28482789768 4707.65610615187 4812.92758945575 Inf 4349.22180042065 367.114958098095 -Inf 3629.68970436245 3745.37143008486 3878.74505113519 4101.60652403982 4349.22180042065 4596.83707680147 4819.6985497061 4953.07217075643 5068.75389647884 Inf
"24" 63.0267468962914 4151.61351039433 334.072997299106 -Inf 3496.84246748074 3602.11232912035 3723.48173769948 3926.2846978988 4151.61351039433 4376.94232288986 4579.74528308918 4701.11469166832 4806.38455330793 Inf 4343.05420088053 367.108941118812 -Inf 3623.53389788502 3739.21372759493 3872.58516266429 4095.44298289055 4343.05420088053 4590.6654188705 4813.52323909676 4946.89467416612 5062.57450387603 Inf
"25" 63.2775605093924 4146.27643474629 334.071850581253 -Inf 3491.50763935838 3596.77713965532 3718.1461316295 3920.94839570019 4146.27643474629 4371.60447379238 4574.40673786307 4695.77572983725 4801.04523013419 Inf 4334.69395191821 367.107381236827 -Inf 3615.17670623522 3730.85604441016 3864.22691277118 4087.08378605265 4334.69395191821 4582.30411778378 4805.16099106525 4938.53185942626 5054.21119760121 Inf
"26" 63.5255103105323 4141.97024723914 334.068843974806 -Inf 3487.20734469159 3592.47589757569 3713.84379724355 3916.64423611828 4141.97024723914 4367.29625836 4570.09669723472 4691.46459690258 4796.73314978669 Inf 4324.38576165543 367.104100883009 -Inf 3604.87494534777 3720.55324984925 3853.92292645096 4076.77780835489 4324.38576165543 4571.99371495597 4794.84859685989 4928.2182734616 5043.89657796308 Inf
"27" 63.7707908802424 4138.49725757796 334.063385382778 -Inf 3483.74505367419 3589.01188649941 3710.37780304953 3913.17492822147 4138.49725757796 4363.81958693444 4566.61671210638 4687.98262865651 4793.24946148173 Inf 4312.83488084207 367.098420981685 -Inf 3593.33519693644 3709.01171164218 3842.37932472404 4065.23075857675 4312.83488084207 4560.43900310738 4783.2904369601 4916.65805004195 5032.33456474769 Inf
"28" 64.0134246790347 4135.69895545891 334.05906778227 -Inf 3480.95521389664 3586.22068620122 3707.58503415817 3910.37953827971 4135.69895545891 4361.01837263811 4563.81287675965 4685.17722471661 4790.44269702119 Inf 4301.08146156676 367.094023250591 -Inf 3581.59039705569 3697.26552599082 3830.6315413679 4053.480305526 4301.08146156676 4548.68261760753 4771.53138176562 4904.8973971427 5020.57252607783 Inf
"29" 64.2532519377886 4133.48034022491 334.059264969496 -Inf 3478.73621218277 3584.00174662309 3705.36616621857 3908.16079004495 4133.48034022491 4358.79989040487 4561.59451423124 4682.95893382673 4788.22446826704 Inf 4290.29763233903 367.094329675921 -Inf 3570.80596724535 3686.48119273827 3819.84731944031 4042.69626961752 4290.29763233903 4537.89899506054 4760.74794523775 4894.11407193978 5009.7892974327 Inf
"30" 64.489982145599 4131.79123550112 334.06301288458 -Inf 3477.03976168041 3582.30647712759 3703.67225834834 3906.46915739085 4131.79123550112 4357.11331361139 4559.9102126539 4681.27599387466 4786.54270932184 Inf 4281.55017486381 367.098192695928 -Inf 3562.05093839005 3677.72738116058 3811.09491130575 4033.9462065749 4281.55017486381 4529.15414315272 4752.00543842187 4885.37296856704 5001.04941133757 Inf
"31" 64.7232445113704 4130.58178503712 334.06431577606 -Inf 3475.82775759602 3581.0948835978 3702.46113816172 3905.2588281399 4130.58178503712 4355.90474193434 4558.70243191251 4680.06868647643 4785.33581247821 Inf 4275.58849235846 367.09919282472 -Inf 3556.08729566829 3671.76405358976 3805.13194708378 4027.98384949293 4275.58849235846 4523.19313522399 4746.04503763314 4879.41293112716 4995.08968904864 Inf
"32" 64.9526108246116 4129.75539125321 334.055330488113 -Inf 3475.01897465288 3580.28326929736 3701.64625948765 3904.43849484061 4129.75539125321 4355.0722876658 4557.86452301877 4679.22751320905 4784.49180785353 Inf 4272.70925465618 367.089015563099 -Inf 3553.22800503225 3668.90155599317 3802.26575206707 4025.1114762493 4272.70925465618 4520.30703306306 4743.1527572453 4876.51695331919 4992.19050428012 Inf
"33" 65.1777570391298 4129.13993688913 334.031096751549 -Inf 3474.45101753968 3579.70767588277 3701.0618619066 3903.83938588345 4129.13993688913 4354.44048789481 4557.21801187166 4678.57219789549 4783.82885623858 Inf 4272.7245033472 367.062448724322 -Inf 3553.29532377045 3668.96050324531 3802.31504753191 4025.14464400077 4272.7245033472 4520.30436269363 4743.13395916249 4876.48850344909 4992.15368292395 Inf
"34" 65.3985089677291 4128.48939661396 333.992640526635 -Inf 3473.87585008032 3579.12039046862 3700.46060526667 3903.21478393782 4128.48939661396 4353.7640092901 4556.51818796124 4677.85840275929 4783.10294314759 Inf 4275.03672834567 367.020655789929 -Inf 3555.68946141514 3671.3414715035 3804.68083233088 4027.48505790512 4275.03672834567 4522.58839878622 4745.39262436046 4878.73198518784 4994.3839952762 Inf
"35" 65.6149198774954 4127.51176277423 333.946754362132 -Inf 3472.98815147041 3578.21823265301 3699.5417769129 3902.26809984572 4127.51176277423 4352.75542570274 4555.48174863556 4676.80529289546 4782.03537407805 Inf 4278.7810787084 366.970933778483 -Inf 3559.53126512954 3675.16760729709 3808.48890401522 4031.26294525493 4278.7810787084 4526.29921216187 4749.07325340158 4882.39455011971 4998.03089228726 Inf
"36" 65.8272219764369 4125.91155577114 333.903054320573 -Inf 3471.4735949749 3576.68990582177 3697.99757376649 3900.69736807275 4125.91155577114 4351.12574346953 4553.82553777579 4675.13320572051 4780.34951656738 Inf 4282.98559460153 366.92358801553 -Inf 3563.82857701288 3679.45000004014 3812.75409594498 4035.49939537988 4282.98559460153 4530.47179382317 4753.21709325807 4886.52118916292 5002.14261219018 Inf
"37" 66.0358666270817 4123.43232418983 333.870190700566 -Inf 3469.0587749052 3574.26473008502 3695.56045860884 3898.24030266628 4123.43232418983 4348.62434571337 4551.30418977081 4672.59991829463 4777.80587347446 Inf 4286.71261319968 366.887902927842 -Inf 3567.62553709768 3683.2357153842 3816.52684682313 4039.25048320391 4286.71261319968 4534.17474319544 4756.89837957623 4890.18951101516 5005.79968930168 Inf
"38" 66.2413885786393 4119.89174234746 333.853066105988 -Inf 3465.55175665145 3570.75231569416 3692.04182281747 3894.71127118744 4119.89174234746 4345.07221350748 4547.74166187745 4669.03116900076 4774.23172804347 Inf 4289.15745448735 366.869173386687 -Inf 3570.10708761147 3685.71136402557 3818.99569098359 4041.70795737512 4289.15745448735 4536.60695159958 4759.31921799111 4892.60354494913 5008.20782136324 Inf
"39" 66.4445048809414 4115.20093885406 333.851864865733 -Inf 3460.86330754569 3566.06348806515 3687.3525587754 3890.02127791828 4115.20093885406 4340.38059978985 4543.04931893273 4664.33838964298 4769.53857016243 Inf 4289.70842222543 366.867651850595 -Inf 3570.66103750549 3686.26483446781 3819.54860864863 4042.2599513737 4289.70842222543 4537.15689307716 4759.86823580224 4893.15200998305 5008.75580694538 Inf
"40" 66.6459339774547 4109.37544161412 333.862850462494 -Inf 3455.01627893175 3560.21992112653 3681.51298292673 3884.18837100592 4109.37544161412 4334.56251222232 4537.23790030151 4658.53096210171 4763.73460429649 Inf 4287.96809622723 366.879375755747 -Inf 3568.89773307543 3684.50522436169 3817.79325786142 4040.51171772164 4287.96809622723 4535.42447473281 4758.14293459303 4891.43096809276 5007.03845937903 Inf
"41" 66.846378038272 4102.53448301809 333.880186282589 -Inf 3448.14134275269 3553.35044764393 3674.64980758331 3877.33571957692 4102.53448301809 4327.73324645925 4530.41915845286 4651.71851839224 4756.92762328349 Inf 4283.75565350671 366.898093283932 -Inf 3564.64860467378 3680.26199404705 3813.55682766335 4036.28665022021 4283.75565350671 4531.2246567932 4753.95447935006 4887.24931296636 5002.86270233963 Inf
"42" 67.0465149673237 4094.89045501391 333.898012449628 -Inf 3440.46237610313 3545.67709820425 3666.98293442686 3869.67966800579 4094.89045501391 4320.10124202203 4522.79797560096 4644.10381182357 4749.31853392469 Inf 4277.09365636774 366.917478885487 -Inf 3557.94861245395 3673.56811043106 3806.86998687637 4029.61157769169 4277.09365636774 4524.57573504379 4747.31732585912 4880.61920230442 4996.23870028153 Inf
"43" 67.2469281788166 4086.73231396859 333.912084118481 -Inf 3432.27665509366 3537.49581132338 3658.80675981229 3861.51203576406 4086.73231396859 4311.95259217312 4514.65786812489 4635.9688166138 4741.18797284352 Inf 4268.18711943103 366.932899065566 -Inf 3549.01185251965 3664.63620955521 3797.94368818373 4020.69464000157 4268.18711943103 4515.67959886048 4738.43055067832 4871.73802930684 4987.36238634241 Inf
"44" 67.4479839237561 4078.40348621929 333.920564366853 -Inf 3423.93120636297 3529.15303480679 3650.46706418741 3853.17748817416 4078.40348621929 4303.62948426442 4506.33990825117 4627.65393763179 4732.87576607561 Inf 4257.4011893866 366.942290314018 -Inf 3538.20751596649 3653.83483228171 3787.14572277015 4009.90237565632 4257.4011893866 4504.90000311688 4727.65665600305 4860.9675464915 4976.59486280672 Inf
"45" 67.6499493098016 4070.26098446505 333.923891874592 -Inf 3415.7821828134 3521.00505978938 3642.32029806042 3845.03274205005 4070.26098446505 4295.48922688005 4498.20167086968 4619.51690914072 4724.7397861167 Inf 4245.21973374334 366.946051329951 -Inf 3526.01868886745 3641.64719031775 3774.95944719104 3997.71838324637 4245.21973374334 4492.72108424032 4715.48002029565 4848.79227716893 4964.42077861923 Inf
"46" 67.8530419743186 4062.63161110644 333.923904629492 -Inf 3408.15278445565 3513.37566545082 3634.69090835575 3837.40336008839 4062.63161110644 4287.85986212448 4490.57231385713 4611.88755676206 4717.11043775723 Inf 4232.19542401784 366.946129348457 -Inf 3512.99422622848 3628.62275226322 3761.93503748079 3984.69402089818 4232.19542401784 4479.6968271375 4702.45581055488 4835.76809577245 4951.39662180719 Inf
"47" 68.057338352954 4055.77455479722 333.922719043988 -Inf 3401.29805185132 3506.52055925622 3627.83537143549 3830.54710344444 4055.77455479722 4281.00200614999 4483.71373815895 4605.02855033822 4710.25105774312 Inf 4218.90638510147 366.944822403946 -Inf 3499.70774887628 3615.33586307927 3748.6476734812 3971.40586350248 4218.90638510147 4466.40690670045 4689.16509672173 4822.47690712366 4938.10502132665 Inf
"48" 68.2630664142886 4049.83882288088 333.921901013638 -Inf 3395.363923245 3500.58617288006 3621.90068786722 3824.61192328119 4049.83882288088 4275.06572248057 4477.77695789453 4599.09147288169 4704.31372251676 Inf 4205.89190866415 366.943873079548 -Inf 3486.6951330806 3602.32294814164 3735.63441365206 3958.39202737474 4205.89190866415 4453.39178995356 4676.14940367625 4809.46086918667 4925.0886842477 Inf
"49" 68.4704209120146 4044.85274163693 333.922268980121 -Inf 3390.3771208 3495.59948638511 3616.91413505525 3819.62559384762 4044.85274163693 4270.07988942624 4472.79134821861 4594.10599688875 4699.32836247386 Inf 4193.62991887619 366.944228368211 -Inf 3474.43244693965 3590.06037395583 3723.37196854335 3946.12979794822 4193.62991887619 4441.13003980416 4663.88786920903 4797.19946379655 4912.82739081272 Inf
"50" 68.679682457641 4040.71957562571 333.9243034116 -Inf 3386.23996737635 3491.46297403189 3612.77836181518 3815.49105563322 4040.71957562571 4265.9480956182 4468.66078943623 4589.97617721952 4695.19918387507 Inf 4182.50893352024 366.946454186291 -Inf 3463.30709906043 3578.93572745494 3712.24813068676 3935.00731130079 4182.50893352024 4430.01055573969 4652.76973635372 4786.08213958554 4901.71076798005 Inf
"51" 68.891158290437 4037.23471378416 333.928813038279 -Inf 3382.74626682892 3487.97069451454 3609.2877206545 3812.0031520947 4037.23471378416 4262.46627547362 4465.18170691382 4586.49873305377 4691.7231607394 Inf 4172.82374633908 366.951441288528 -Inf 3453.6121373385 3569.24233722057 3702.55655227692 3925.31876037029 4172.82374633908 4420.32873230787 4643.09094040124 4776.40515545758 4892.03535533966 Inf
"52" 69.1051152019618 4034.11514208751 333.937359038874 -Inf 3379.60994527889 3484.83706589782 3606.15719681741 3808.87781620824 4034.11514208751 4259.35246796678 4462.0730873576 4583.39321827719 4688.62033889612 Inf 4164.77754643786 366.960867760703 -Inf 3445.54746189132 3561.18063215241 3694.49827186553 3917.26620241021 4164.77754643786 4412.28889046551 4635.05682101019 4768.37446072331 4884.0076309844 Inf
"53" 69.3217293016874 4031.03785610334 333.952028374575 -Inf 3376.50390792507 3481.73565100362 3603.06111132311 3805.7906359075 4031.03785610334 4256.28507629918 4459.01460088357 4580.34006120306 4685.5718042816 Inf 4158.48301791632 366.9769672094 -Inf 3439.22137903016 3554.85962239429 3688.18311107031 3910.96081497554 4158.48301791632 4406.00522085711 4628.78292476234 4762.10641343835 4877.74465680248 Inf
"54" 69.5410779840885 4027.68246510775 333.974445155675 -Inf 3373.10458084587 3478.34338768433 3599.6769920666 3802.42012502282 4027.68246510775 4252.94480519267 4455.68793814889 4577.02154253116 4682.26034936962 Inf 4153.95770152518 367.001469823393 -Inf 3434.64803839806 3550.29400278965 3683.62639331584 3906.4189718224 4153.95770152518 4401.49643122795 4624.28900973451 4757.6214002607 4873.26736465229 Inf
"55" 69.7629435319336 4023.77496691179 334.004302284186 -Inf 3369.13856375336 3474.38677888225 3595.73123042086 3798.49248849971 4023.77496691179 4249.05744532387 4451.81870340272 4573.16315494133 4678.41137007023 Inf 4151.11499524141 367.034013826786 -Inf 3431.74154703973 3547.39776638386 3680.74198021357 3903.55431494192 4151.11499524141 4398.6756755409 4621.48801026925 4754.83222409895 4870.48844344309 Inf
"56" 69.9868736384241 4019.11871747778 334.038167552294 -Inf 3364.41593961353 3469.67482603917 3591.03158089949 3793.81339728948 4019.11871747778 4244.42403766609 4447.20585405607 4568.5626089164 4673.82149534204 Inf 4149.74149269253 367.070847823909 -Inf 3430.29585118309 3545.96367730122 3679.32127299802 3902.15596823952 4149.74149269253 4397.32701714554 4620.16171238704 4753.51930808384 4869.18713420197 Inf
"57" 70.2122595200062 4013.6065587123 334.069428010036 -Inf 3358.84251147673 3464.11124839638 3585.47936024545 3788.28015366566 4013.6065587123 4238.93296375893 4441.73375717915 4563.10186902821 4668.37060594786 Inf 4149.48031545508 367.104774099296 -Inf 3429.96817966775 3545.64669630665 3679.01661748923 3901.87190807706 4149.48031545508 4397.0887228331 4619.94401342093 4753.31393460351 4868.99245124241 Inf
"58" 70.4382759072848 4007.21444054147 334.089830297313 -Inf 3352.41040555764 3457.68557144933 3579.06109549142 3781.87427436118 4007.21444054147 4232.55460672175 4435.36778559152 4556.7433096336 4662.0184755253 Inf 4149.83063820495 367.126833670279 -Inf 3430.27526645298 3545.96073429119 3679.33866976138 3902.20735187241 4149.83063820495 4397.4539245375 4620.32260664853 4753.70054211872 4869.38600995693 Inf
"59" 70.6640379583794 3999.97318037005 334.092321231314 -Inf 3345.16426324529 3450.44021405608 3571.81664305963 3774.63133408031 3999.97318037005 4225.31502665978 4428.12971768047 4549.50614668401 4654.78209749481 Inf 4150.17468579345 367.129402461514 -Inf 3430.61427930317 3546.3005565941 3679.67942531144 3902.54966683755 4150.17468579345 4397.79970474935 4620.66994627546 4754.0488149928 4869.73509228373 Inf
"60" 70.8888110215979 3991.93091602761 334.073916804967 -Inf 3337.15807091565 3442.42822230108 3563.79796493859 3766.6014833348 3991.93091602761 4217.26034872042 4420.06386711663 4541.43360975415 4646.70376113958 Inf 4149.83899615686 367.109297158004 -Inf 3430.31799533736 3545.99793723891 3679.36950165804 3902.2275380221 4149.83899615686 4397.45045429162 4620.30849065568 4753.68005507481 4869.35999697636 Inf
"61" 71.1120181631057 3983.12929144006 334.037177157718 -Inf 3328.4284547135 3433.68702905555 3555.04342410348 3757.82463926274 3983.12929144006 4208.43394361737 4411.21515877663 4532.57155382456 4637.83012816661 Inf 4148.17876862462 367.069344082492 -Inf 3428.73607439419 3544.40342666783 3677.76047605227 3900.59425842978 4148.17876862462 4395.76327881946 4618.59706119697 4751.9541105814 4867.62146285504 Inf
"62" 71.3333966578231 3973.59141557455 333.989584293746 -Inf 3318.9838591473 3424.22743648497 3545.56654094731 3748.31886429617 3973.59141557455 4198.86396685293 4401.61629020179 4522.95539466413 4628.1989720018 Inf 4144.66675904686 367.017669300006 -Inf 3425.32534552901 3540.97641454346 3674.3146903729 3897.11710296315 4144.66675904686 4392.21641513057 4615.01882772081 4748.35710355025 4864.0081725647 Inf
"63" 71.5530498198226 3963.33020446498 333.941222664708 -Inf 3308.81743508888 3414.04577317632 3535.36730775914 3738.09027260969 3963.33020446498 4188.57013632027 4391.29310117081 4512.61463575363 4617.84297384108 Inf 4138.96546476376 366.965175494377 -Inf 3419.72693721436 3535.36146488695 3668.68066960859 3891.45121521389 4138.96546476376 4386.47971431362 4609.25025991892 4742.56946464056 4858.20399231315 Inf
"64" 71.7715190098292 3952.36717091553 333.901947002019 -Inf 3297.93138042377 3403.1473423431 3524.4546079967 3727.15373009215 3952.36717091553 4177.58061173891 4380.27973383436 4501.58699948796 4606.80296140729 Inf 4130.96869003011 366.922501679608 -Inf 3411.81380162075 3527.4348823323 3660.73858356907 3883.48322353091 4130.96869003011 4378.45415652931 4601.19879649116 4734.50249772793 4850.12357843948 Inf
"65" 71.989755524544 3940.76073530085 333.879255920526 -Inf 3286.36941851159 3391.57823023612 3512.87725217304 3715.56259937936 3940.76073530085 4165.95887122234 4368.64421842867 4489.94324036559 4595.15205209011 Inf 4120.81573853895 366.897766553895 -Inf 3401.70933008513 3517.32261650238 3650.61733141699 3873.34695562852 4120.81573853895 4368.28452144939 4591.01414566091 4724.30886057552 4839.92214699277 Inf
"66" 72.2092197965546 3928.62939820085 333.877427659736 -Inf 3274.24166473689 3379.44990035751 3500.74825808352 3703.43249542253 3928.62939820085 4153.82630097918 4356.51053831819 4477.8088960442 4583.01713166482 Inf 4108.88095915306 366.895664413329 -Inf 3389.77867081904 3505.39129483002 3638.68524603263 3861.41359411489 4108.88095915306 4356.34832419123 4579.07667227349 4712.37062347609 4827.98324748708 Inf
"67" 72.431653816646 3916.19477987556 333.897814722081 -Inf 3261.76708850365 3366.98174829877 3488.28751268656 3690.98412623265 3916.19477987556 4141.40543351847 4344.10204706456 4465.40781145235 4570.62247124747 Inf 4095.7749058598 366.917774822818 -Inf 3376.6292819195 3492.24887314952 3625.55085710948 3848.29262757705 4095.7749058598 4343.25718414254 4565.99895461012 4699.30093857007 4814.9205298001 Inf
"68" 72.6589505269431 3903.82326907807 333.939567344739 -Inf 3249.31374406949 3354.54156054847 3475.86249375013 3678.58445371912 3903.82326907807 4129.06208443701 4331.784044406 4453.10497760767 4558.33279408664 Inf 4082.34606623004 366.963286935699 -Inf 3363.11124018764 3478.74517275582 3612.06369136021 3834.83309049365 4082.34606623004 4329.85904196644 4552.62844109988 4685.94695970426 4801.58089227245 Inf
"69" 72.8931827077494 3892.05552075707 334.000112335104 -Inf 3237.42732974793 3342.67422458047 3464.01715390194 3666.7758684227 3892.05552075707 4117.33517309143 4320.09388761219 4441.43681693366 4546.6837117662 Inf 4069.65878903529 367.029430182217 -Inf 3350.29432461189 3465.94909960214 3599.29164818433 3822.10120035707 4069.65878903529 4317.2163777135 4540.02592988625 4673.36847846844 4789.02325345869 Inf
"70" 73.136507474025 3881.62573332797 334.074713424906 -Inf 3226.85132686962 3332.12172927824 3453.49176132942 3656.29576332318 3881.62573332797 4106.95570333277 4309.75970532653 4431.12973737771 4536.40013978633 Inf 4058.93452246061 367.110933937051 -Inf 3339.41031361312 3455.09077128071 3588.46293034504 3811.32196033516 4058.93452246061 4306.54708458606 4529.40611457618 4662.77827364051 4778.45873130809 Inf
