"mid_age" "mean_left" "std_left" "min_left" "l.q2.5" "l.q5" "l.q10" "l.q25" "l.q50" "l.q75" "l.q90" "l.q95" "l.q97.5" "max_left" "mean_right" "std_right" "min_right" "r.q2.5" "r.q5" "r.q10" "r.q25" "r.q50" "r.q75" "r.q90" "r.q95" "r.q97.5" "max_right"
"1" 55.7912985393618 4241.01897115649 334.272027063704 -Inf 3585.85783707243 3691.19041505234 3812.63213155524 4015.55591512476 4241.01897115649 4466.48202718823 4669.40581075775 4790.84752726064 4896.18010524055 Inf 4446.37259579483 365.266520693617 -Inf 3730.46337047708 3845.56263442799 3978.26471435889 4200.0040714972 4446.37259579483 4692.74112009246 4914.48047723076 5047.18255716167 5162.28182111257 Inf
"2" 56.1589209382377 4239.207562577 334.266549422725 -Inf 3584.05716447198 3689.38801639048 3810.82774285511 4013.74820115796 4239.207562577 4464.66692399604 4667.58738229888 4789.02710876352 4894.35796068202 Inf 4455.94183946744 365.260061672136 -Inf 3740.04527359917 3855.14250224551 3987.84223560059 4209.57767171359 4455.94183946744 4702.30600722128 4924.04144333428 5056.74117668937 5171.8384053357 Inf
"3" 56.5207562624378 4247.96934175365 334.27799752719 -Inf 3592.79650577619 3698.13096511098 3819.57485069557 4022.50225870549 4247.96934175365 4473.43642480181 4676.36383281174 4797.80771839633 4903.14217773111 Inf 4469.53534663722 365.272113174051 -Inf 3753.61516025924 3868.71618645865 4001.42029814923 4223.16305026886 4469.53534663722 4715.90764300558 4937.65039512521 5070.35450681578 5185.45553301519 Inf
"4" 56.8773297684263 4262.5970523982 334.278819486298 -Inf 3607.42260541049 3712.7573237531 3834.20150795713 4037.12941494704 4262.5970523982 4488.06468984935 4690.99259683926 4812.43678104329 4917.77149938591 Inf 4482.24762610862 365.273159733949 -Inf 3766.32538851094 3881.42674449221 4014.13123640016 4235.87462384634 4482.24762610862 4728.62062837091 4950.36401581709 5083.06850772503 5198.16986370631 Inf
"5" 57.2288658196064 4276.2540678268 334.264975529605 -Inf 3621.10675449561 3726.43711046408 3847.8762651301 4050.79576798253 4276.2540678268 4501.71236767106 4704.63187052349 4826.07102518951 4931.40138115799 Inf 4489.4979468781 365.25846253463 -Inf 3773.60451526175 3888.70124000329 4021.40039238843 4243.13485772611 4489.4979468781 4735.86103603009 4957.59550136777 5090.2946537529 5205.39137849445 Inf
"6" 57.5753081852512 4282.80550312069 334.247083280371 -Inf 3627.69325795361 3733.01797588903 3854.45063026402 4057.35927141515 4282.80550312069 4508.25173482624 4711.16037597737 4832.59303035236 4937.91774828778 Inf 4488.52464431467 365.239052754133 -Inf 3772.66925516904 3887.75986368771 4020.45196445958 4242.17464686068 4488.52464431467 4734.87464176866 4956.59732416976 5089.28942494162 5204.38003346029 Inf
"7" 57.9165535053445 4279.06414785832 334.230180563341 -Inf 3623.98503140785 3729.30442312206 3850.73093670511 4053.62931686216 4279.06414785832 4504.49897885448 4707.39735901152 4828.82387259458 4934.14326430879 Inf 4479.09918667868 365.220411992071 -Inf 3763.28033275535 3878.36506737682 4011.0503959214 4232.76176222764 4479.09918667868 4725.43661112973 4947.14797743597 5079.83330598055 5194.91804060202 Inf
"8" 58.2525455095175 4265.5838584088 334.209810358437 -Inf 3610.5446668263 3715.85763967796 3837.27675272358 4040.16276690706 4265.5838584088 4491.00494991054 4693.89096409402 4815.31007713963 4920.62304999129 Inf 4463.24812693479 365.198109535474 -Inf 3747.47298502315 3862.55069190954 3995.22791792567 4216.92574526213 4463.24812693479 4709.57050860745 4931.2683359439 5063.94556196003 5179.02326884643 Inf
"9" 58.5831431877921 4245.93014560947 334.183054889286 -Inf 3590.94339378289 3696.2479357091 3817.65732843762 4020.52710039743 4245.93014560947 4471.3331908215 4674.20296278131 4795.61235550983 4900.91689743604 Inf 4444.25685185554 365.169196374192 -Inf 3728.53837869868 3843.60697474849 3976.27369655353 4197.9539718138 4444.25685185554 4690.55973189727 4912.24000715754 5044.90672896258 5159.97532501239 Inf
"10" 58.9082097794954 4224.98032114216 334.155221457272 -Inf 3570.0481218399 3675.34389316339 3796.74317394869 3999.59604929473 4224.98032114216 4450.36459298959 4653.21746833563 4774.61674912093 4879.91252044442 Inf 4425.44413255168 365.139216032075 -Inf 3709.78441978562 3824.8435687191 3957.49939860404 4179.16147394341 4425.44413255168 4671.72679115994 4893.38886649931 5026.04469638425 5141.10384531773 Inf
"11" 59.2276951252914 4207.08243122773 334.133925277333 -Inf 3552.19197167116 3657.48103234777 3778.872576187 3981.71252343538 4207.08243122773 4432.45233902007 4635.29228626846 4756.68383010768 4861.9728907843 Inf 4409.20471244545 365.116111130142 -Inf 3693.59028445504 3808.64215279461 3941.28958862106 4162.93763785671 4409.20471244545 4655.47178703418 4877.11983626984 5009.76727209628 5124.81914043585 Inf
"12" 59.5415750431103 4194.80283316402 334.120392801704 -Inf 3539.9388967723 3645.22369322568 3766.61032068862 3969.44205288778 4194.80283316402 4420.16361344025 4622.99534563942 4744.38197310235 4849.66676955573 Inf 4396.61766598251 365.10118881118 -Inf 3681.03248519984 3796.07965136215 3928.72166587935 4150.36065634497 4396.61766598251 4642.87467562006 4864.51366608567 4997.15568060287 5112.20284676518 Inf
"13" 59.8498506700729 4188.56346542029 334.10921137536 -Inf 3533.72144422151 3639.00271729164 3760.38528251933 3963.21022690152 4188.56346542029 4413.91670393907 4616.74164832126 4738.12421354895 4843.40548661908 Inf 4387.6019928203 365.088837899072 -Inf 3672.04101938054 3787.08429364252 3919.72182104789 4141.35331374638 4387.6019928203 4633.85067189423 4855.48216459272 4988.11969199809 5103.16296626007 Inf
"14" 60.1525925805249 4187.07291800934 334.095412472015 -Inf 3532.25794216414 3637.5348670569 3758.91241911456 3961.72898670944 4187.07291800934 4412.41684930925 4615.23341690412 4736.61096896179 4841.88789385455 Inf 4381.40529644868 365.073877201247 -Inf 3665.87364543784 3780.91220542898 3913.54429758199 4135.1667082121 4381.40529644868 4627.64388468527 4849.26629531538 4981.89838746839 5096.93694745953 Inf
"15" 60.4498156130394 4188.19157729745 334.079570730535 -Inf 3533.407650695 3638.67958369094 3760.05138041127 3962.8583310898 4188.19157729745 4413.5248235051 4616.33177418364 4737.70357090396 4842.9755038999 Inf 4377.14462046408 365.0568623805 -Inf 3661.6463178891 3776.67951633399 3909.30542696755 4130.91750854969 4377.14462046408 4623.37173237847 4844.98381396061 4977.60972459417 5092.64292303905 Inf
"16" 60.7415849062974 4189.81374540463 334.065685345494 -Inf 3535.05703365677 3640.32459122406 3761.69134335538 3964.48986474686 4189.81374540463 4415.13762606239 4617.93614745387 4739.30289958519 4844.57045715248 Inf 4374.16764420566 365.041896730773 -Inf 3658.69867376515 3773.7271563788 3906.34762996097 4127.95062646862 4374.16764420566 4620.3846619427 4841.98765845035 4974.60813203251 5089.63661464616 Inf
"17" 61.0279810701384 4190.47103123831 334.055468837261 -Inf 3535.73434347864 3640.99868171837 3762.36172217119 3965.15404151064 4190.47103123831 4415.78802096599 4618.58034030544 4739.94338075826 4845.20771899799 Inf 4372.15384267329 365.030701002164 -Inf 3656.70681545764 3771.73177018124 3904.34817633212 4125.94437634044 4372.15384267329 4618.36330900614 4839.95950901445 4972.57591516533 5087.60086988894 Inf
"18" 61.309080372235 4189.53791757607 334.045720568885 -Inf 3534.82033607133 3640.08160253072 3761.44110141754 3964.22750295549 4189.53791757607 4414.84833219665 4617.6347337346 4738.99423262142 4844.25549908082 Inf 4370.9912251751 365.019886892279 -Inf 3655.56539322535 3770.58694031091 3903.19941767338 4124.78905284852 4370.9912251751 4617.19339750167 4838.78303267681 4971.39551003928 5086.41705712485 Inf
"19" 61.5851018343329 4187.09419467208 334.031101407075 -Inf 3532.40526619796 3637.66192600805 3759.01611372325 3961.7936405263 4187.09419467208 4412.39474881786 4615.1722756209 4736.5264633361 4841.78312314619 Inf 4370.55006435235 365.003856035824 -Inf 3655.1556523039 3770.17214790056 3902.77880121983 4124.35870467414 4370.55006435235 4616.74142403056 4838.32132748488 4970.92798080415 5085.94447640081 Inf
"20" 61.8563079850221 4183.59998547235 334.008996757516 -Inf 3528.95438131526 3634.20407572133 3755.55023277177 3958.31434068613 4183.59998547235 4408.88563025857 4611.64973817293 4732.99589522337 4838.24558962944 Inf 4370.48779473286 364.979884440873 -Inf 3655.14036614716 3770.14930804596 3902.74725243537 4124.31260364974 4370.48779473286 4616.66298581598 4838.22833703035 4970.82628141976 5085.83522331856 Inf
"21" 62.1229917905759 4179.55587160708 333.981859931614 -Inf 3524.96345465141 3630.20459796256 3751.54089614822 3954.28853033178 4179.55587160708 4404.82321288237 4607.57084706593 4728.90714525159 4834.14828856274 Inf 4370.1718923996 364.950581055274 -Inf 3654.8818973943 3769.88160549279 3902.4689039018 4124.01646614971 4370.1718923996 4616.32731864949 4837.8748808974 4970.46217930642 5085.4618874049 Inf
"22" 62.3855219763582 4175.26708146282 333.955470537391 -Inf 3520.72638676941 3625.95921450911 3747.28592537344 3950.01753956344 4175.26708146282 4400.5166233622 4603.2482375522 4724.57494841653 4829.80777615623 Inf 4368.74735462186 364.922069875873 -Inf 3653.51324050134 3768.50396443189 3901.08090467066 4122.61115887025 4368.74735462186 4614.88355037348 4836.41380457306 4968.99074481183 5083.98146874238 Inf
"23" 62.6443398598113 4170.76276619613 333.935144798486 -Inf 3516.26190921893 3621.48833210777 3742.80765858926 3945.5269337993 4170.76276619613 4395.99859859295 4598.71787380299 4720.03720028448 4825.26362317333 Inf 4365.31661630318 364.900011687038 -Inf 3650.12573543834 3765.10950860512 3897.67843505841 4119.19529857384 4365.31661630318 4611.43793403252 4832.95479754795 4965.52372400124 5080.50749716802 Inf
"24" 62.8998860480631 4165.8566596576 333.923022554284 -Inf 3511.37956184245 3616.60216488659 3737.91708733177 3940.62900359024 4165.8566596576 4391.08431572496 4593.79623198343 4715.11115442861 4820.33375747275 Inf 4359.16947354517 364.886737631304 -Inf 3644.0046093515 3758.98419972583 3891.54830368731 4113.05710903037 4359.16947354517 4605.28183805997 4826.79064340303 4959.35474736451 5074.33433773884 Inf
"25" 63.1525511709275 4160.29436698793 333.918005648146 -Inf 3505.82710212812 3611.04812429317 3732.36122408602 3935.07009477234 4160.29436698793 4385.51863920352 4588.22750988984 4709.54060968268 4814.76163184774 Inf 4349.99613411559 364.881155860902 -Inf 3634.84220999088 3749.82004149154 3882.38211758433 4103.88753444771 4349.99613411559 4596.10473378347 4817.61015064685 4950.17222673964 5065.1500582403 Inf
"26" 63.4026569300632 4153.92175079605 333.917658888582 -Inf 3499.4551655725 3604.67607847002 3725.9890522844 3928.69771246623 4153.92175079605 4379.14578912587 4581.8544493077 4703.16742312208 4808.3883360196 Inf 4338.0249430713 364.880724151297 -Inf 3622.87186508187 3737.84956054636 3870.41147979816 4091.91663458713 4338.0249430713 4584.13325155548 4805.63840634445 4938.20032559624 5053.17802106074 Inf
"27" 63.6504329915358 4146.81570306338 333.920146931373 -Inf 3492.34424136557 3597.56593827115 3718.8798159966 3921.5899865742 4146.81570306338 4372.04141955256 4574.75159013017 4696.06546785562 4801.2871647612 Inf 4324.04672489774 364.883474618363 -Inf 3608.88825609192 3723.86681825707 3856.42973675923 4077.93656125173 4324.04672489774 4570.15688854376 4791.66371303626 4924.22663153841 5039.20519370357 Inf
"28" 63.8959259685951 4139.33781836459 333.924677542824 -Inf 3484.85747683151 3590.08060137968 3711.39612508561 3914.10904602443 4139.33781836459 4364.56659070476 4567.27951164358 4688.59503534951 4793.81815989768 Inf 4309.31723150047 364.888482714934 -Inf 3594.14894700573 3709.12908727399 3841.69382522795 4063.20368994465 4309.31723150047 4555.43077305629 4776.94063777299 4909.50537572695 5024.48551599521 Inf
"29" 64.1390389322397 4132.08753907659 333.930386077774 -Inf 3477.5960090206 3582.82093238726 3704.1385300157 3906.85491638811 4132.08753907659 4357.32016176507 4560.03654813747 4681.35414576592 4786.57906913258 Inf 4295.33923229077 364.894711004015 -Inf 3580.15874057375 3695.14084344041 3827.70784414463 4049.2214898178 4295.33923229077 4541.45697476374 4762.97062043691 4895.53762114113 5010.51972400779 Inf
"30" 64.3795820551174 4125.76843739999 333.934932693324 -Inf 3471.26799614127 3576.49435219358 3697.81360161683 3900.53274806592 4125.76843739999 4351.00412673405 4553.72327318315 4675.0425226064 4780.26887865871 Inf 4283.57259646603 364.899562055495 -Inf 3568.38259686282 3683.36622834604 3815.93499144727 4037.45158200856 4283.57259646603 4529.6936109235 4751.21020148478 4883.77896458601 4998.76259606923 Inf
"31" 64.6172364241364 4121.00967226302 333.93431465052 -Inf 3466.51044234594 3571.73660364656 3693.05562853359 3895.77439979249 4121.00967226302 4346.24494473355 4548.96371599246 4670.28274087949 4775.50890218011 Inf 4275.14637320476 364.898717253708 -Inf 3559.95802938263 3674.94139466006 3807.50985084306 4029.02592855744 4275.14637320476 4521.26681785209 4742.78289556647 4875.35135174946 4990.3347170269 Inf
"32" 64.8516396070328 4118.19151958632 333.924409684268 -Inf 3463.71170304636 3568.93474318952 3690.25016958189 3892.962927914 4118.19151958632 4343.42011125864 4546.13286959075 4667.44829598312 4772.67133612628 Inf 4270.63373507036 364.887794309244 -Inf 3555.46679982598 3670.44672317047 3803.01121102523 4024.52065783712 4270.63373507036 4516.7468123036 4738.25625911548 4870.82074697024 4985.80067031473 Inf
"33" 65.0824485915271 4117.33357370427 333.903337781156 -Inf 3462.89505733549 3568.11145750373 3689.41922843026 3892.11919481462 4117.33357370427 4342.54795259392 4545.24791897828 4666.5556899048 4771.77209007305 Inf 4269.95577464903 364.86484913844 -Inf 3554.83381111305 3669.80650419656 3802.36265602347 4023.85817369831 4269.95577464903 4516.05337559975 4737.54889327459 4870.10504510149 4985.07773818501 Inf
"34" 65.3094104800726 4118.07673355791 333.873024980918 -Inf 3463.69762918587 3568.90447747679 3690.20123570051 3892.88280034132 4118.07673355791 4343.2706667745 4545.95223141532 4667.24898963904 4772.45583792995 Inf 4272.4307513465 364.832011567084 -Inf 3557.37314826772 3672.33549389238 3804.87971576192 4026.35529900109 4272.4307513465 4518.50620369192 4739.98178693109 4872.52600880062 4987.48835442529 Inf
"35" 65.532493145008 4119.75825933221 333.838870334075 -Inf 3465.44609683788 3570.64218264582 3691.92653241593 3894.58736307484 4119.75825933221 4344.92915558958 4547.58998624848 4668.87433601859 4774.07042182653 Inf 4276.94426300392 364.795101900628 -Inf 3561.95900154207 3676.90971654854 3809.44052906017 4030.89370585022 4276.94426300392 4522.99482015763 4744.44799694768 4876.9788094593 4991.92952446577 Inf
"36" 65.7517903449934 4121.54610945548 333.807732891768 -Inf 3467.29497522665 3572.48124930401 3693.75428677714 3896.3962150838 4121.54610945548 4346.69600382717 4549.33793213382 4670.61096960696 4775.79724368432 Inf 4282.17582714104 364.761473014163 -Inf 3567.2564770855 3682.19659528153 3814.71519034939 4036.14795232656 4282.17582714104 4528.20370195552 4749.6364639327 4882.15505900055 4997.09517719658 Inf
"37" 65.9675520038233 4122.59129720264 333.785330009547 -Inf 3468.38407181611 3573.56328651324 3694.82818497308 3897.45651334538 4122.59129720264 4347.72608105989 4550.35440943219 4671.61930789203 4776.79852258917 Inf 4286.82346082927 364.737240263042 -Inf 3571.95160609318 3686.88408829834 3819.39387955775 4040.81193075704 4286.82346082927 4532.8349909015 4754.25304210079 4886.76283336021 5001.69531556537 Inf
"38" 66.1801488009918 4122.16393077919 333.774329996133 -Inf 3467.97826502278 3573.15401350175 3694.41491563405 3897.03656631824 4122.16393077919 4347.29129524015 4549.91294592434 4671.17384805663 4776.3495965356 Inf 4289.78400712933 364.725258099761 -Inf 3574.93563700173 3689.86434350313 3822.36978161793 4043.78055890342 4289.78400712933 4535.78745535524 4757.19823264074 4889.70367075553 5004.63237725694 Inf
"39" 66.3900648346267 4119.75219380599 333.773844386477 -Inf 3465.56747982702 3570.74307528536 3692.00380099466 3894.62515688377 4119.75219380599 4344.87923072821 4547.50058661732 4668.76131232662 4773.93690778496 Inf 4290.2707454344 364.724586614788 -Inf 3575.42369139316 3690.35218630269 3822.85738046561 4044.26775011822 4290.2707454344 4536.27374075058 4757.68411040319 4890.18930456611 5005.11779947564 Inf
"40" 66.5978037696259 4115.11872297654 333.780289747446 -Inf 3460.9213763222 3566.09900278054 3687.36207010277 3889.98733872441 4115.11872297654 4340.25010722867 4542.87537585031 4664.13844317254 4769.31606963088 Inf 4287.86749923097 364.73140810401 -Inf 3573.00707531653 3687.93771974797 3820.44539217198 4041.85990289023 4287.86749923097 4533.8750955717 4755.28960628995 4887.79727871396 5002.7279231454 Inf
"41" 66.8038799905571 4108.31676953234 333.789041229903 -Inf 3454.10227028758 3559.28265442868 3680.54890118253 3883.17948249499 4108.31676953234 4333.45405656969 4536.08463788215 4657.350884636 4762.53126877711 Inf 4282.53204325314 364.74078278198 -Inf 3567.65324530752 3682.58684379708 3815.09792206093 4036.5181237882 4282.53204325314 4528.54596271808 4749.96616444535 4882.4772427092 4997.41084119877 Inf
"42" 67.0088101874298 4099.67002613 333.796145611345 -Inf 3445.44160255348 3550.62422535876 3671.89305314903 3874.52794726019 4099.67002613 4324.81210499981 4527.44699911098 4648.71582690125 4753.89844970653 Inf 4274.55718477203 364.748468300192 -Inf 3559.6633234875 3674.59934376346 3807.11321419192 4028.53808150383 4274.55718477203 4520.57628804023 4742.00115535214 4874.5150257806 4989.45104605656 Inf
"43" 67.2130836144544 4089.7240768251 333.79946612607 -Inf 3435.48914515931 3540.67281429317 3661.94284843328 3864.57975830214 4089.7240768251 4314.86839534806 4517.50530521692 4638.77533935703 4743.9590084909 Inf 4264.50217452471 364.752141791603 -Inf 3549.60111332932 3664.53829116047 3797.05349617593 4018.4805935242 4264.50217452471 4510.52375552521 4731.95085287348 4864.46605788894 4979.40323572009 Inf
"44" 67.4170855443108 4079.17849725043 333.798957593739 -Inf 3424.94456228969 3530.12807117974 3651.39792056901 3854.03452172731 4079.17849725043 4304.32247277354 4506.95907393184 4628.22892332111 4733.41243221117 Inf 4253.10762364982 364.751705421788 -Inf 3538.20741772355 3653.14445805006 3785.65950453146 4007.08633697628 4253.10762364982 4499.12891032336 4720.55574276818 4853.07078924958 4968.00782957609 Inf
"45" 67.6211095059373 4068.79789471746 333.796134708216 -Inf 3414.56949251068 3519.75211188027 3641.02093570941 3843.6558232017 4068.79789471746 4293.93996623323 4496.57485372551 4617.84367755465 4723.02629692425 Inf 4241.1943178892 364.748737759129 -Inf 3526.29992847487 3641.23603366013 3773.75000198358 3995.17503287371 4241.1943178892 4487.2136029047 4708.63863379483 4841.15260211828 4956.08870730354 Inf
"46" 67.8254563373095 4059.30891737688 333.793076667946 -Inf 3405.08650881889 3510.26816456832 3631.53587740513 3834.16890847794 4059.30891737688 4284.44892627583 4487.08195734864 4608.34967018544 4713.53132593487 Inf 4229.55222448096 364.745450148472 -Inf 3514.6642786651 3629.5993478902 3762.11212181792 3983.53515692516 4229.55222448096 4475.56929203676 4696.992327144 4829.50510107172 4944.44017029681 Inf
"47" 68.0303694495464 4051.30953680304 333.79147570056 -Inf 3397.09026608346 3502.27141735149 3623.53854855354 3826.17060774018 4051.30953680304 4276.44846586589 4479.08052505253 4600.34765625458 4705.52880752261 Inf 4218.84886719304 364.743675968519 -Inf 3503.96439870599 3618.89890886861 3751.41103823309 3972.83299630343 4218.84886719304 4464.86473808265 4686.28669615299 4818.79882551747 4933.73333568008 Inf
"48" 68.2361719356883 4045.18651986125 333.792139823046 -Inf 3390.96594748552 3496.14730802542 3617.41468050454 3820.04714285458 4045.18651986125 4270.32589686791 4472.95835921795 4594.22573169708 4699.40709223697 Inf 4209.54986168958 364.744329576155 -Inf 3494.66411215511 3609.59882827626 3742.11119509774 3963.53354994832 4209.54986168958 4455.56617343084 4676.98852828141 4809.5008951029 4924.43561122405 Inf
"49" 68.4432191239727 4041.0695331194 333.795101354366 -Inf 3386.84315624894 3492.02544999803 3613.29389840759 3815.92815859022 4041.0695331194 4266.21090764858 4468.8451678312 4590.11361624076 4695.29590998985 Inf 4201.8828337601 364.74749921427 -Inf 3486.99087184908 3601.92658675603 3734.44010511357 3955.86438413042 4201.8828337601 4447.90128338978 4669.32556240663 4801.83908076417 4916.77479567112 Inf
"50" 68.6518799324588 4038.81471728687 333.800151493215 -Inf 3384.57844232616 3489.76232742631 3611.03261056172 3813.6699364908 4038.81471728687 4263.95949808295 4466.59682401203 4587.86710714744 4693.05099224759 Inf 4195.8338962384 364.752994633589 -Inf 3480.93116350343 3595.86861007393 3728.38412492864 3949.81174000471 4195.8338962384 4441.85605247208 4663.28366754815 4795.79918240287 4910.73662897336 Inf
"51" 68.8625843967191 4038.02090259057 333.807426705994 -Inf 3383.77036847483 3488.95654606988 3610.22947230509 3812.87121473805 4038.02090259057 4263.1705904431 4465.81233287605 4587.08525911126 4692.27143670631 Inf 4191.17546276504 364.760961837649 -Inf 3476.25711459706 3591.19707171608 3723.71548107245 3945.14793273388 4191.17546276504 4437.2029927962 4658.63544445763 4791.153853814 4906.09381093302 Inf
"52" 69.0756706040731 4038.0789029727 333.817649555399 -Inf 3383.8083324403 3488.99773136108 3610.27437157856 3812.92231991303 4038.0789029727 4263.23548603236 4465.88343436684 4587.16007458431 4692.34947350509 Inf 4187.52679332826 364.772146778817 -Inf 3472.58652307842 3587.53000468825 3720.0524775568 3941.49171916893 4187.52679332826 4433.5618674876 4655.00110909972 4787.52358196827 4902.4670635781 Inf
"53" 69.2913664589281 4038.24753115888 333.831818188449 -Inf 3383.949190616 3489.14305421981 3610.42484193088 3813.08139150145 4038.24753115888 4263.41367081631 4466.07022038689 4587.35200809796 4692.54587170177 Inf 4184.4294309169 364.787582993017 -Inf 3469.45890624317 3584.40725196397 3716.93533284097 3938.3839451893 4184.4294309169 4430.47491664449 4651.92352899283 4784.45160986982 4899.39995559063 Inf
"54" 69.5097594180961 4037.75574904636 333.850425199732 -Inf 3383.4209394315 3488.62066629729 3609.90921397391 3812.57705915054 4037.75574904636 4262.93443894218 4465.60228411881 4586.89083179543 4692.09055866122 Inf 4181.43386817805 364.80777479294 -Inf 3466.42376830369 3581.37847666979 3713.91389326932 3935.37476328837 4181.43386817805 4427.49297306773 4648.95384308679 4781.48925968632 4896.44396805241 Inf
"55" 69.730681415528 4035.91986630073 333.872571224488 -Inf 3381.54165127495 3486.74835658252 3608.04494995559 3810.72623913821 4035.91986630073 4261.11349346326 4463.79478264588 4585.09137601895 4690.29808132651 Inf 4178.18265751323 364.831752704466 -Inf 3463.12556179585 3578.08782585023 3710.63195367444 3932.107379768 4178.18265751323 4424.25793525846 4645.73336135202 4778.27748917623 4893.2397532306 Inf
"56" 69.9537575571547 4032.25639216516 333.895512400851 -Inf 3377.83321325994 3483.0471475698 3604.35207551953 3807.04729141431 4032.25639216516 4257.465492916 4460.16070881078 4581.46563676052 4686.67957107037 Inf 4174.46764326885 364.85657334991 -Inf 3459.36189998033 3574.33198527717 3706.88513049304 3928.37562425267 4174.46764326885 4420.55966228503 4642.05015604467 4774.60330126054 4889.57338655737 Inf
"57" 70.1784646122951 4026.56092723897 333.915019231875 -Inf 3372.0995156475 3477.31959676185 3598.63161158351 3801.33866933054 4026.56092723897 4251.7831851474 4454.49024289444 4575.80225771609 4681.02233883045 Inf 4170.24432562556 364.877681848143 -Inf 3455.09721044074 3570.073947244 3702.63476122079 3924.13806914368 4170.24432562556 4416.35058210744 4637.85389003034 4770.41470400713 4885.39144081039 Inf
"58" 70.4041392804833 4018.93037747862 333.926525771737 -Inf 3364.44641348343 3469.67012042767 3590.98631559898 3793.70035852699 4018.93037747862 4244.16039643024 4446.87443935826 4568.19063452956 4673.41434147381 Inf 4165.59625101679 364.890137046207 -Inf 3450.42472409234 3565.40538565751 3697.97072463344 3919.48159363148 4165.59625101679 4411.7109084021 4633.22177740014 4765.78711637606 4880.76777794124 Inf
"59" 70.6299955623628 4009.72043937604 333.926645427832 -Inf 3355.23624085922 3460.45998550834 3581.77622415095 3784.49033971761 4009.72043937604 4234.95053903448 4437.66465460114 4558.98089324375 4664.20463789287 Inf 4160.65934521747 364.890257955315 -Inf 3445.48758131552 3560.46828098041 3693.03366388286 3914.5446062802 4160.65934521747 4406.77408415473 4628.28502655207 4760.85040945452 4875.83110911941 Inf
"60" 70.8553842815396 3999.43824797151 333.914408748743 -Inf 3344.97803290499 3450.19792164979 3571.50971468166 3774.2164018277 3999.43824797151 4224.66009411532 4427.36678126136 4548.67857429324 4653.89846303803 Inf 4155.52809773183 364.876984751807 -Inf 3440.38234883072 3555.35886597171 3687.91942669196 3909.42231143429 4155.52809773183 4401.63388402938 4623.1367687717 4755.69732949196 4870.67384663294 Inf
"61" 71.0797662013228 3988.62145708251 333.891702526046 -Inf 3334.2057453947 3439.41847917354 3560.72202298791 3763.41492605318 3988.62145708251 4213.82798811185 4416.52089117712 4537.82443499148 4643.03716877032 Inf 4150.18883821919 364.852369063455 -Inf 3435.09133518071 3550.06009566333 3682.61171345327 3904.09965495113 4150.18883821919 4396.27802148725 4617.76596298512 4750.31758077505 4865.28634125768 Inf
"62" 71.3028810147953 3977.72364252449 333.86280824297 -Inf 3323.36456259087 3428.56819148184 3549.8612379436 3752.53660039293 3977.72364252449 4202.91068465606 4405.58604710539 4526.87909356714 4632.08272245812 Inf 4144.4940066088 364.821066509258 -Inf 3429.45785544917 3544.41675217274 3676.95699768021 3898.4259365927 4144.4940066088 4390.5620766249 4612.03101553739 4744.57126104486 4859.53015776844 Inf
"63" 71.524773341176 3967.04644745766 333.833300894573 -Inf 3312.74520086418 3417.93953168404 3539.2218580653 3741.87930773015 3967.04644745766 4192.21358718518 4394.87103685002 4516.15336323128 4621.34769405115 Inf 4138.18887970803 364.789123703856 -Inf 3423.21533529654 3538.16416651129 3670.69280713171 3892.14235478676 4138.18887970803 4384.23540462929 4605.68495228435 4738.21359290476 4853.16242411951 Inf
"64" 71.7458758230872 3956.71778131025 333.808756072203 -Inf 3302.46464168462 3407.65123817673 3528.92464737342 3731.56719681385 3956.71778131025 4181.86836580666 4384.51091524708 4505.78432444377 4610.97092093588 Inf 4130.97206280562 364.762565962977 -Inf 3416.05057060977 3530.99103320529 3663.5100253437 3884.94345080837 4130.97206280562 4377.00067480287 4598.43410026754 4730.95309240595 4845.89355500147 Inf
"65" 71.9670427765979 3946.71289542562 333.793715545049 -Inf 3292.48923469152 3397.67109175774 3518.93903669991 3721.57245561062 3946.71289542562 4171.85333524062 4374.48675415133 4495.7546990935 4600.93655615972 Inf 4122.57065557393 364.746287684853 -Inf 3407.68106821693 3522.61640135841 3655.12947956482 3876.55302310842 4122.57065557393 4368.58828803943 4590.01183158303 4722.52490978944 4837.46024293093 Inf
"66" 72.1895511023358 3936.90145818346 333.791168019364 -Inf 3282.68279050795 3387.86384482244 3509.13086424328 3711.76273664842 3936.90145818346 4162.0401797185 4364.67205212364 4485.93907154448 4591.12012585897 Inf 4112.81308461642 364.743513932315 -Inf 3397.9289337145 3512.86339281782 3645.37546331422 3866.79732301857 4112.81308461642 4358.82884621427 4580.25070591862 4712.76277641501 4827.69723551834 Inf
"67" 72.414981024122 3927.1098144165 333.802544791597 -Inf 3272.86884867716 3378.05348793041 3499.32464055606 3701.9634193652 3927.1098144165 4152.25620946781 4354.89498827695 4476.16614090259 4581.35078015585 Inf 4101.69835354215 364.755816066409 -Inf 3386.79009090047 3501.72842653367 3634.24496642075 3855.67429428095 4101.69835354215 4347.72241280335 4569.15174066355 4701.66828055063 4816.60661618383 Inf
"68" 72.6451285563959 3917.18417193042 333.828010925275 -Inf 3262.89329348623 3368.08595738198 3489.36636190649 3692.02060023297 3917.18417193042 4142.34774362786 4345.00198195434 4466.28238647885 4571.4750503746 Inf 4089.45738020247 364.783422447845 -Inf 3374.49501004744 3489.44204473736 3621.96861407972 3843.41470071995 4089.45738020247 4335.50005968499 4556.94614632523 4689.47271566758 4804.41975035751 Inf
"69" 72.8820396015183 3907.04959008121 333.866763595623 -Inf 3252.68275779884 3357.8876330624 3479.18211651193 3681.85988010483 3907.04959008121 4132.2393000576 4334.91706365049 4456.21154710002 4561.41642236358 Inf 4076.59603949833 364.825507303117 -Inf 3361.55118454266 3476.51148060638 3609.05333946341 3830.52497421229 4076.59603949833 4322.66710478436 4544.13873953324 4676.68059839027 4791.64089445399 Inf
"70" 73.127922181791 3896.77374956702 333.916950201136 -Inf 3242.30855334534 3347.52924292811 3468.84195927488 3671.55018923962 3896.77374956702 4121.99730989443 4324.70553985917 4446.01825620594 4551.23894578871 Inf 4063.91704385819 364.880055172486 -Inf 3348.76527704313 3463.74276170547 3596.30443791589 3817.80918659336 4063.91704385819 4310.02490112301 4531.52964980049 4664.0913260109 4779.06881067325 Inf
