"mid_age" "mean_left" "std_left" "min_left" "l.q2.5" "l.q5" "l.q10" "l.q25" "l.q50" "l.q75" "l.q90" "l.q95" "l.q97.5" "max_left" "mean_right" "std_right" "min_right" "r.q2.5" "r.q5" "r.q10" "r.q25" "r.q50" "r.q75" "r.q90" "r.q95" "r.q97.5" "max_right"
"1" 30 3.17669873615472e-08 2337.91765162398 -Inf -4582.2343959717 -3845.53232875581 -2996.16202652131 -1576.9014927911 3.17669873615472e-08 1576.90149285464 2996.16202658484 3845.53232881934 4582.23439603523 Inf 3.78503379056508e-08 2436.24405942639 -Inf -4774.95061398753 -4007.26487724862 -3122.17238836877 -1643.22164702134 3.78503379056508e-08 1643.22164709704 3122.17238844447 4007.26487732432 4774.95061406323 Inf
"2" 30.7070707070707 2.95611839804809e-07 2337.91765162398 -Inf -4582.23439570785 -3845.53232849197 -2996.16202625746 -1576.90149252726 2.95611839804809e-07 1576.90149311848 2996.16202684868 3845.53232908319 4582.23439629908 Inf 3.52030058214687e-07 2436.24405942639 -Inf -4774.95061367335 -4007.26487693444 -3122.17238805459 -1643.22164670716 3.52030058214687e-07 1643.22164741122 3122.17238875865 4007.2648776385 4774.95061437741 Inf
"3" 31.4141414141414 2.48888286023509e-06 2337.91765162398 -Inf -4582.23439351458 -3845.53232629869 -2996.16202406419 -1576.90149033399 2.48888286023509e-06 1576.90149531175 2996.16202904195 3845.53233127646 4582.23439849235 Inf 2.96166393275148e-06 2436.24405942639 -Inf -4774.95061106371 -4007.26487432481 -3122.17238544496 -1643.22164409753 2.96166393275148e-06 1643.22165002086 3122.17239136828 4007.26488024813 4774.95061698704 Inf
"4" 32.1212121212121 1.89581996911385e-05 2337.91765162398 -Inf -4582.23437704527 -3845.53230982938 -2996.16200759487 -1576.90147386467 1.89581996911385e-05 1576.90151178107 2996.16204551127 3845.53234774577 4582.23441496167 Inf 2.25367246662215e-05 2436.24405942639 -Inf -4774.95059148865 -4007.26485474975 -3122.1723658699 -1643.22162452247 2.25367246662215e-05 1643.22166959592 3122.17241094335 4007.2648998232 4774.9506365621 Inf
"5" 32.8282828282828 0.000130636352524707 2337.91765162398 -Inf -4582.2342653671 -3845.53219815122 -2996.16189591671 -1576.90136218651 0.000130636352524707 1576.90162345922 2996.16215718942 3845.53245942392 4582.23452663981 Inf 0.000155090686542408 2436.24405942638 -Inf -4774.95045893468 -4007.26472219578 -3122.17223331593 -1643.2214919685 0.000155090686542408 1643.22180214988 3122.1725434973 4007.26503237715 4774.95076911606 Inf
"6" 33.5353535353535 0.000814251093417612 2337.91765162378 -Inf -4582.23358175198 -3845.53151453615 -2996.16121230172 -1576.90067857164 0.000814251093417612 1576.90230707383 2996.1628408039 3845.53314303833 4582.23521025416 Inf 0.000965043147066815 2436.24405942619 -Inf -4774.94964898184 -4007.263912243 -3122.17142336322 -1643.22068201591 0.000965043147066815 1643.2226121022 3122.17335344951 4007.26584232929 4774.95157906814 Inf
"7" 34.2424242424242 0.00459006461076128 2337.9176516178 -Inf -4582.22980592673 -3845.52773871279 -2996.15743648053 -1576.89690275409 0.00459006461076128 1576.90608288331 2996.16661660975 3845.53691884201 4582.23898605595 Inf 0.00542852908721515 2436.2440594203 -Inf -4774.94518548436 -4007.25944874737 -3122.16695986973 -1643.216218526 0.00542852908721515 1643.22707558417 3122.1778169279 4007.27030580554 4774.95604254253 Inf
"8" 34.9494949494949 0.0233973335783738 2337.9176514709 -Inf -4582.21099836985 -3845.5089312022 -2996.13862902331 -1576.87809538604 0.0233973335783738 1576.92489005319 2996.18542369046 3845.55572586935 4582.257793037 Inf 0.0275980763040147 2436.24405927554 -Inf -4774.92301565341 -4007.23727896204 -3122.14479013699 -1643.19404888114 0.0275980763040147 1643.24924503375 3122.1999862896 4007.29247511464 4774.97821180602 Inf
"9" 35.6565656565657 0.107820169978587 2337.917648545 -Inf -4582.12656979879 -3845.42450355312 -2996.05420243721 -1576.79367057615 0.107820169978587 1577.0093109161 2996.26984277717 3845.64014389307 4582.34221013874 Inf 0.126764500077559 2436.24405638841 -Inf -4774.82384357098 -4007.13810778937 -3122.04562001322 -1643.09488051003 0.126764500077559 1643.34840951019 3122.29914901338 4007.39163678953 4775.07737257114 Inf
"10" 36.3636363636364 0.449047098460479 2337.91760134537 -Inf -4581.78525036074 -3845.08319898816 -2995.71291501998 -1576.452411812 0.449047098460479 1577.35050600892 2996.6110092169 3845.98129318508 4582.68334455766 Inf 0.525858842901075 2436.24400974539 -Inf -4774.42465780951 -4006.7389367256 -3121.64646589496 -1642.69575470697 0.525858842901075 1643.74747239277 3122.69818358076 4007.7906544114 4775.47637549531 Inf
"11" 37.0707070707071 1.68959343141423 2337.91698590962 -Inf -4580.54349779587 -3843.84164035347 -2994.47157997437 -1575.21145037394 1.68959343141423 1578.59063723677 2997.8507668372 3847.2208272163 4583.9226846587 Inf 1.96919383194168 2436.24340053018 -Inf -4772.9801287806 -4005.29459966671 -3120.20235016521 -1641.25200880851 1.96919383194168 1645.19039647239 3124.14073782909 4009.23298733059 4776.91851644448 Inf
"12" 37.7777777777778 5.74082223322444 2337.91051544519 -Inf -4576.47958711683 -3839.77976858479 -2990.41205893875 -1571.1558573102 5.74082223322444 1582.63750177665 3001.8937034052 3851.26141305124 4587.96123158328 Inf 6.65289085333764 2436.23698284737 -Inf -4768.28385333204 -4000.60034649647 -3115.51042855237 -1636.56398312584 6.65289085333764 1649.86976483252 3128.81621025904 4013.90612820315 4781.58963503871 Inf
"13" 38.4848484848485 17.6047335823625 2337.85582562046 -Inf -4564.50848568089 -3827.82590047908 -2978.47805975911 -1559.25505823484 17.6047335823625 1594.46452539956 3013.68752692383 3863.03536764381 4599.71795284562 Inf 20.2649824017221 2436.18261510284 -Inf -4754.56520296246 -3986.89882796631 -3101.82866193587 -1622.91522109103 20.2649824017221 1663.44518589448 3142.35862673931 4027.42879276976 4795.0951677659 Inf
"14" 39.1919191919192 48.6930929464129 2337.48554801361 -Inf -4532.69439554314 -3796.12848865043 -2946.91517054831 -1527.91695042024 48.6930929464129 1625.30313631307 3044.30135644114 3893.51467454325 4630.08058143597 Inf 55.6113234631476 2435.81353691349 -Inf -4718.49548194242 -3950.9454073065 -3066.00932814307 -1587.31994057387 55.6113234631476 1698.54258750016 3177.23197506936 4062.1680542328 4829.71812886872 Inf
"15" 39.8989898989899 121.385811236354 2335.48588557458 -Inf -4456.08241089145 -3720.14661834496 -2871.65978172906 -1453.87548031132 121.385811236354 1696.64710278403 3114.43140420177 3962.91824081767 4698.85403336416 Inf 137.369706268767 2433.81414533539 -Inf -4632.81836365273 -3865.89831801195 -2981.6886219304 -1504.21298864219 137.369706268767 1778.95240117973 3256.42803446793 4140.63773054948 4907.55777619027 Inf
"16" 40.6060606060606 272.512677271088 2326.91007676873 -Inf -4288.14726845896 -3554.91380209189 -2709.54257449339 -1296.9643191374 272.512677271088 1841.98967367958 3254.56792903556 4099.93915663406 4833.17262300113 Inf 305.169146376518 2425.20845413266 -Inf -4448.15207872554 -3683.94377551695 -2802.86054478919 -1330.60909802484 305.169146376518 1940.94739077788 3413.19883754222 4294.28206826999 5058.49037147858 Inf
"17" 41.3131313131313 550.539489677395 2297.79825101258 -Inf -3953.06232604639 -3229.0022975034 -2394.20745621342 -999.301878649074 550.539489677395 2100.38085800386 3495.28643556821 4330.08127685819 5054.14130540118 Inf 609.184232388563 2395.87428474115 -Inf -4086.64307718976 -3331.67827458769 -2461.25220806951 -1006.80841542771 609.184232388563 2225.17688020484 3679.62067284664 4550.04673936482 5305.01154196689 Inf
"18" 42.020202020202 1000.26561106658 2219.57452077566 -Inf -3350.02051065646 -2650.60958972034 -1844.23359087637 -496.81465299298 1000.26561106658 2497.34587512614 3844.76481300953 4651.1408118535 5350.55173278962 Inf 1092.10610333925 2316.69097926852 -Inf -3448.52477933588 -2718.51145643634 -1876.85284802538 -470.478216549094 1092.10610333925 2654.69042322759 4061.06505470388 4902.72366311483 5632.73698601438 Inf
"19" 42.7272727272727 1634.23587031967 2052.46781303108 -Inf -2388.52712264893 -1741.77325614566 -996.107468700213 249.867367822839 1634.23587031967 3018.6043728165 4264.57920933955 5010.24499678499 5656.99886328827 Inf 1758.40274925674 2146.6979805622 -Inf -2449.04797833004 -1772.6012100404 -992.701408484185 310.476964600906 1758.40274925674 3206.32853391257 4509.50690699767 5289.40670855388 5965.85347684352 Inf
"20" 43.4343434343434 2403.08021754044 1766.72177335871 -Inf -1059.63082894536 -502.918499182766 138.935163010857 1211.44448996175 2403.08021754044 3594.71594511913 4667.22527207003 5309.07893426365 5865.79126402624 Inf 2546.33179769137 1854.49684898701 -Inf -1088.41523576619 -504.044070534993 169.698457574535 1295.4926812787 2546.33179769137 3797.17091410403 4922.9651378082 5596.70766591772 6181.07883114892 Inf
"21" 44.1414141414141 3189.19887696092 1374.32928908728 -Inf 495.562967451313 928.628361180066 1427.92502495732 2262.22785807728 3189.19887696092 4116.16989584455 4950.47272896452 5449.76939274177 5882.83478647052 Inf 3329.15911304497 1451.02119571715 -Inf 485.209828635101 942.441636486144 1469.60062803525 2350.46018921648 3329.15911304497 4307.85803687345 5188.71759805468 5715.87658960379 6173.10839745483 Inf
"22" 44.8484848484848 3843.29217138304 946.377928940783 -Inf 1988.4255148955 2286.63900249797 2630.46005495213 3204.96995850069 3843.29217138304 4481.6143842654 5056.12428781396 5399.94534026811 5698.15882787059 Inf 3961.62922515126 1008.38333532974 -Inf 1985.2342052946 2302.98623867672 2669.33398309035 3281.48500120281 3961.62922515126 4641.7734490997 5253.92446721217 5620.27221162579 5938.02424500791 Inf
"23" 45.5555555555556 4253.85198438462 594.962813116251 -Inf 3087.74629853613 3275.2252433291 3491.37645979467 3852.55566518988 4253.85198438462 4655.14830357936 5016.32750897457 5232.47872544014 5419.95767023311 Inf 4352.26464340781 642.443837133714 -Inf 3093.09786053601 3295.5385677858 3528.93973815462 3918.94286018448 4352.26464340781 4785.58642663114 5175.589548661 5408.99071902982 5611.4314262796 Inf
"24" 46.2626262626263 4405.73982382951 410.796418195317 -Inf 3600.59363918864 3730.03984542227 3879.28303097119 4128.66185033951 4405.73982382951 4682.81779731952 4932.19661668783 5081.43980223675 5210.88600847039 Inf 4509.77262553691 448.317801464542 -Inf 3631.08588103822 3772.35546377104 3935.23024520851 4207.38686361863 4509.77262553691 4812.15838745518 5084.3150058653 5247.18978730277 5388.45937003559 Inf
"25" 46.969696969697 4382.27957649936 360.471653510519 -Inf 3675.76811817114 3789.35646980939 3920.3165646085 4139.14514097028 4382.27957649936 4625.41401202844 4844.24258839022 4975.20268318933 5088.79103482758 Inf 4523.51052565118 393.829390754123 -Inf 3751.61910371974 3875.71882386917 4018.79785337275 4257.87663826155 4523.51052565118 4789.1444130408 5028.2231979296 5171.30222743319 5295.40194758261 Inf
"26" 47.6767676767677 4307.62742899056 346.197047803961 -Inf 3629.0936837407 3738.18395927032 3863.95806039047 4074.12106869864 4307.62742899056 4541.13378928247 4751.29679759064 4877.07089871079 4986.16117424041 Inf 4494.84821231078 378.324403677896 -Inf 3753.34600662952 3872.55994475694 4010.00598049365 4239.672279781 4494.84821231078 4750.02414484057 4979.69044412792 5117.13647986462 5236.35041799205 Inf
"27" 48.3838383838384 4274.27990417932 338.306320838969 -Inf 3611.21169959269 3717.81552532673 3840.72290907451 4046.09575834689 4274.27990417932 4502.46405001175 4707.83689928414 4830.74428303191 4937.34810876595 Inf 4480.9167249729 369.811124222875 -Inf 3756.1002404138 3872.63155600791 4006.98469976927 4231.48291217608 4480.9167249729 4730.35053776972 4954.84875017654 5089.2018939379 5205.73320953201 Inf
"28" 49.0909090909091 4305.39252041742 335.236498654102 -Inf 3648.34105675208 3753.97754971971 3875.76966073957 4079.27893818361 4305.39252041742 4531.50610265124 4735.01538009528 4856.80749111514 4962.44398408277 Inf 4490.89528465508 366.473002920961 -Inf 3772.62139762375 3888.10083662074 4021.24123403189 4243.71300046131 4490.89528465508 4738.07756884884 4960.54933527827 5093.68973268942 5209.1691716864 Inf
"29" 49.7979797979798 4365.12138528971 334.379471232886 -Inf 3709.74966450371 3815.11609925419 3936.59685044523 4139.58585926715 4365.12138528971 4590.65691131228 4793.64592013419 4915.12667132524 5020.49310607572 Inf 4514.13721261454 365.542254687922 -Inf 3797.68755859865 3912.8737091871 4045.67596384653 4267.58270856397 4514.13721261454 4760.69171666511 4982.59846138255 5115.40071604199 5230.58686663044 Inf
"30" 50.5050505050505 4398.54262873706 334.023596866534 -Inf 3743.86840889212 3849.12270394376 3970.47416524391 4173.24713632695 4398.54262873706 4623.83812114716 4826.6110922302 4947.96255353035 5053.21684858199 Inf 4537.66139017162 365.153747246133 -Inf 3821.97319674935 3937.03692461889 4069.69803372386 4291.36893040841 4537.66139017162 4783.95384993482 5005.62474661938 5138.28585572434 5253.34958359388 Inf
"31" 51.2121212121212 4376.65110136617 333.679561762738 -Inf 3722.65117793409 3827.79706396115 3949.0235365989 4151.58765710728 4376.65110136617 4601.71454562506 4804.27866613344 4925.50513877119 5030.65102479825 Inf 4547.09952141308 364.780792604928 -Inf 3832.14230565545 3947.08851165464 4079.61412556964 4301.05861573266 4547.09952141308 4793.14042709351 5014.58491725653 5147.11053117153 5262.05673717072 Inf
"32" 51.9191919191919 4320.35859877145 333.388625059967 -Inf 3666.92890079859 3771.9831096572 3893.10388439109 4095.49138833654 4320.35859877145 4545.22580920637 4747.61331315182 4868.7340878857 4973.78829674432 Inf 4533.26164248106 364.464546927812 -Inf 3818.92425686084 3933.77081057163 4066.18153178022 4287.43404126839 4533.26164248106 4779.08924369373 5000.3417531819 5132.7524743905 5247.59902810128 Inf
"33" 52.6262626262626 4279.41722881218 333.148991670149 -Inf 3626.45720365286 3731.43590154831 3852.4696169777 4054.71164864251 4279.41722881218 4504.12280898186 4706.36484064667 4827.39855607605 4932.37725397151 Inf 4503.75906074942 364.203907551314 -Inf 3789.93251892009 3904.69694246374 4037.01297284957 4258.1072581247 4503.75906074942 4749.41086337414 4970.50514864927 5102.8211790351 5217.58560257875 Inf
"34" 53.3333333333333 4278.18332200831 332.96402544327 -Inf 3625.58582399202 3730.50623711359 3851.47275393146 4053.6024996628 4278.18332200831 4502.76414435383 4704.89389008517 4825.86040690304 4930.7808200246 Inf 4476.60207318507 364.003526244459 -Inf 3763.16827150035 3877.86955281875 4010.11278426273 4231.08542569796 4476.60207318507 4722.11872067219 4943.09136210742 5075.3345935514 5190.03587486979 Inf
"35" 54.040404040404 4288.76240391788 332.991105849542 -Inf 3636.11182928061 3741.04077571868 3862.01713090397 4064.1633161159 4288.76240391788 4513.36149171985 4715.50767693179 4836.48403211708 4941.41297855515 Inf 4459.33506951987 364.032545038826 -Inf 3745.84439204331 3860.55481748438 3992.80859151617 4213.79884915338 4459.33506951987 4704.87128988635 4925.86154752356 5058.11532155535 5172.82574699642 Inf
"36" 54.7474747474747 4272.01247662293 333.051498471108 -Inf 3619.24353462246 3724.1915114011 3845.1898073503 4047.37265461672 4272.01247662293 4496.65229862914 4698.83514589555 4819.83344184475 4924.78141862339 Inf 4446.15984233477 364.097371431577 -Inf 3732.54210746318 3847.27296037204 3979.55028596596 4200.57989723084 4446.15984233477 4691.73978743871 4912.76939870358 5045.0467242975 5159.77757720637 Inf
"37" 55.4545454545455 4235.63300116677 332.9573310917 -Inf 3583.04862383846 3687.96692750051 3808.93101224665 4011.05669409278 4235.63300116677 4460.20930824077 4662.33499008689 4783.29907483304 4888.21737849508 Inf 4437.27331861066 363.996051491204 -Inf 3723.85416717311 3838.55309311934 3970.79360897005 4191.761712768 4437.27331861066 4682.78492445332 4903.75302825126 5035.99354410198 5150.69247004821 Inf
"38" 56.1616161616162 4224.4767227803 332.89955173688 -Inf 3572.00559090649 3676.90568769537 3797.84878108281 3999.93938728891 4224.4767227803 4449.0140582717 4651.1046644778 4772.04775786523 4876.94785465411 Inf 4443.89382056715 363.932973099988 -Inf 3730.59830050458 3845.2773497964 3977.49494913755 4198.42476045282 4443.89382056715 4689.36288068147 4910.29269199674 5042.51029133789 5157.18934062971 Inf
"39" 56.8686868686869 4252.52848322063 332.897320480647 -Inf 3600.06172452867 3704.96111822561 3825.90340099305 4027.99265268869 4252.52848322063 4477.06431375256 4679.1535654482 4800.09584821564 4904.99524191258 Inf 4465.57990903777 363.930456387589 -Inf 3752.28932164088 3866.96757789054 3999.1842629049 4220.11254642016 4465.57990903777 4711.04727165539 4931.97555517065 5064.19224018501 5178.87049643467 Inf
"40" 57.5757575757576 4277.38886636732 332.886678164652 -Inf 3624.94296623142 3729.83900642436 3850.77742281647 4052.86021396844 4277.38886636732 4501.9175187662 4704.00030991817 4824.93872631027 4929.83476650321 Inf 4478.64033387044 363.919033388511 -Inf 3765.37213514033 3880.04679188467 4012.25932689992 4233.18067594862 4478.64033387044 4724.09999179226 4945.02134084096 5077.23387585621 5191.90853260055 Inf
"41" 58.2828282828283 4258.06130558641 332.872064396301 -Inf 3605.64404791016 3710.53548315333 3831.46859033326 4033.54251002449 4258.06130558641 4482.58010114832 4684.65402083955 4805.58712801949 4910.47856326265 Inf 4461.72937911606 363.902879277506 -Inf 3748.49284186173 3863.16240827838 3995.36907447179 4216.28061697655 4461.72937911606 4707.17814125558 4928.08968376034 5060.29634995375 5174.9659163704 Inf
"42" 58.989898989899 4210.34362708596 332.835626815917 -Inf 3557.99778575495 3662.87773913914 3783.79760847101 3985.84940829854 4210.34362708596 4434.83784587339 4636.88964570092 4757.80951503279 4862.68946841697 Inf 4423.07571999143 363.86356814865 -Inf 3709.91623113384 3824.57341020662 3956.76579458588 4177.65347280539 4423.07571999143 4668.49796717747 4889.38564539698 5021.57802977624 5136.23520884902 Inf
"43" 59.6969696969697 4179.81392399485 332.801640945553 -Inf 3527.53469374573 3632.40393783015 3753.31146002526 3955.34262832864 4179.81392399485 4404.28521966106 4606.31638796443 4727.22391015954 4832.09315424396 Inf 4388.7048813368 363.826369219505 -Inf 3675.6183010406 3790.26375834551 3922.44262827714 4143.30772444719 4388.7048813368 4634.10203822641 4854.96713439646 4987.14600432809 5101.791461633 Inf
"44" 60.4040404040404 4179.64850734528 332.761940873074 -Inf 3527.44708780841 3632.30382198879 3753.19692106573 3955.20398897104 4179.64850734528 4404.09302571952 4606.10009362483 4726.99319270177 4831.84992688215 Inf 4371.98581874043 363.783392309299 -Inf 3658.9834716404 3773.61538647577 3905.77864280732 4126.61764933625 4371.98581874043 4617.35398814461 4838.19299467354 4970.35625100509 5084.98816584046 Inf
"45" 61.1111111111111 4185.05004623897 332.732454466601 -Inf 3532.90641899682 3637.75386170512 3758.6362483098 3960.62541614367 4185.05004623897 4409.47467633428 4611.46384416814 4732.34623077283 4837.19367348112 Inf 4367.78202423707 363.751224455745 -Inf 3654.84272497147 3769.464503383 3901.61607306705 4122.4355517204 4367.78202423707 4613.12849675375 4833.9479754071 4966.09954509115 5080.72132350268 Inf
"46" 61.8181818181818 4177.82189592368 332.690293093996 -Inf 3525.76090345338 3630.59506067647 3751.46212996758 3953.42570324205 4177.82189592368 4402.21808860531 4604.18166187979 4725.04873117089 4829.88288839399 Inf 4367.50843522614 363.705291972544 -Inf 3654.65916197333 3769.26646658366 3901.40134890187 4122.19294369859 4367.50843522614 4612.82392675369 4833.61552155041 4965.75040386862 5080.35770847895 Inf
"47" 62.5252525252525 4164.8463477856 332.637461970407 -Inf 3512.8889024148 3617.70641200365 3738.55428763865 3940.48578915533 4164.8463477856 4389.20690641588 4591.13840793256 4711.98628356756 4816.80379315641 Inf 4364.29224744063 363.648127156409 -Inf 3651.55501516863 3766.1443065533 3898.25842077597 4119.01531299563 4364.29224744063 4609.56918188563 4830.32607410529 4962.44018832796 5077.02947971263 Inf
"48" 63.2323232323232 4154.73817284981 332.627932706641 -Inf 3502.79940449278 3607.61391131192 3728.45832494575 3930.38404161027 4154.73817284981 4379.09230408935 4581.01802075387 4701.8624343877 4806.67694120684 Inf 4349.97963975272 363.63753835028 -Inf 3637.26316115937 3751.84911590156 3883.95938318913 4104.70984734892 4349.97963975272 4595.24943215652 4815.99989631631 4948.11016360388 5062.69611834607 Inf
"49" 63.9393939393939 4144.42220157968 332.636916861812 -Inf 3492.46582460208 3597.28316242157 3718.1308400175 3920.06201061956 4144.42220157968 4368.7823925398 4570.71356314187 4691.56124073779 4796.37857855728 Inf 4323.20851867659 363.647397130467 -Inf 3610.47271722914 3725.06177857508 3857.17562757782 4077.9320766266 4323.20851867659 4568.48496072657 4789.24140977536 4921.3552587781 5035.94432012404 Inf
"50" 64.6464646464646 4132.34747754371 332.641713970476 -Inf 3480.3816984059 3585.20054784402 3706.04996823941 3907.98405098297 4132.34747754371 4356.71090410445 4558.64498684801 4679.4944072434 4784.31325668152 Inf 4296.60164355598 363.652425833508 -Inf 3583.85598603168 3698.44663197403 3830.56230791496 4051.32180969734 4296.60164355598 4541.88147741462 4762.64097919701 4894.75665513793 5009.34730108028 Inf
"51" 65.3535353535354 4122.66338463487 332.585825876077 -Inf 3470.80714414925 3575.60838266995 3696.43749880544 3898.33765402095 4122.66338463487 4346.98911524878 4548.8892704643 4669.71838659978 4774.51962512049 Inf 4282.24994055797 363.591595704903 -Inf 3569.62350789491 3684.19498563369 3816.2885618635 4037.01113599758 4282.24994055797 4527.48874511837 4748.21131925245 4880.30489548226 4994.87637322103 Inf
"52" 66.0606060606061 4112.06172080318 332.511821243046 -Inf 3460.35052673299 3565.12844562731 3685.93067572707 3887.78590555571 4112.06172080318 4336.33753605064 4538.19276587929 4658.99499597904 4763.77291487337 Inf 4274.44452636542 363.511600126734 -Inf 3561.9748821545 3676.52115245803 3808.58566612938 4029.25967800256 4274.44452636542 4519.62937472828 4740.30338660146 4872.36790027281 4986.91417057634 Inf
"53" 66.7676767676768 4091.40440940441 332.524243857702 -Inf 3439.6688674569 3544.45070084577 3665.25744410704 3867.12021523069 4091.40440940441 4315.68860357813 4517.55137470178 4638.35811796305 4743.13995135192 Inf 4259.73265530834 363.524680281088 -Inf 3547.23737446597 3661.78776646162 3793.85703218001 4014.53898451544 4259.73265530834 4504.92632610124 4725.60827843667 4857.67754415506 4972.22793615071 Inf
"54" 67.4747474747475 4064.22256160328 332.535932645992 -Inf 3412.4641100517 3517.24962669883 3638.06061652098 3839.93048346166 4064.22256160328 4288.5146397449 4490.38450668559 4611.19549650773 4715.98101315486 Inf 4238.07506648854 363.537476485589 -Inf 3525.5547055462 3640.10912975843 3772.1830443643 3992.87276478686 4238.07506648854 4483.27736819022 4703.96708861278 4836.04100321864 4950.59542743087 Inf
"55" 68.1818181818182 4045.92335059265 332.516756902018 -Inf 3394.20248280864 3498.98195698023 3619.78598021506 3821.6442062938 4045.92335059265 4270.20249489151 4472.06072097025 4592.86474420508 4697.64421837667 Inf 4218.94754246433 363.516708678345 -Inf 3506.46788567624 3621.0157657373 3753.08213535598 3973.75924843578 4218.94754246433 4464.13583649289 4684.81294957269 4816.87931919137 4931.42719925243 Inf
"56" 68.8888888888889 4039.98660812668 332.52377219571 -Inf 3388.25199061969 3493.03367538298 3613.84024728847 3815.70273208414 4039.98660812668 4264.27048416922 4466.13296896489 4586.93954087038 4691.72122563367 Inf 4202.02158109703 363.524367286599 -Inf 3489.52691371258 3604.07720708043 3736.14635908728 3956.8281214157 4202.02158109703 4447.21504077836 4667.89680310678 4799.96595511363 4914.51624848147 Inf
"57" 69.5959595959596 4031.02798657561 332.570272240499 -Inf 3379.20223065555 3483.99856806459 3604.8220335322 3806.71274672947 4031.02798657561 4255.34322642175 4457.23393961902 4578.05740508663 4682.85374249567 Inf 4179.39607200257 363.574852873916 -Inf 3466.80245468524 3581.36865658456 3713.45615010935 3934.16856031006 4179.39607200257 4424.62358369507 4645.33599389578 4777.42348742058 4891.98968931989 Inf
"58" 70.3030303030303 4007.09806349756 332.612573480821 -Inf 3355.18939866997 3459.99906563797 3580.8378992334 3782.75429189841 4007.09806349756 4231.44183509672 4433.35822776173 4554.19706135716 4659.00672832516 Inf 4153.72328902063 363.620667289643 -Inf 3441.03987709851 3555.62051559474 3687.72465359121 3908.4648759743 4153.72328902063 4398.98170206695 4619.72192445004 4751.82606244651 4866.40670094275 Inf
"59" 71.010101010101 3974.77649515938 332.587812956739 -Inf 3322.91636006723 3427.71822473763 3548.54806278361 3750.44942427993 3974.77649515938 4199.10356603883 4401.00492753514 4521.83476558113 4626.63663025153 Inf 4134.83144366687 363.593861703404 -Inf 3422.20056972836 3536.77276150673 3668.86716097846 3889.59111071371 4134.83144366687 4380.07177662003 4600.79572635527 4732.890125827 4847.46231760538 Inf
"60" 71.7171717171717 3945.92935079686 332.537476075421 -Inf 3294.16787417918 3398.95387717691 3519.76542773015 3721.63623162791 3945.92935079686 4170.2224699658 4372.09327386356 4492.9048244168 4597.69082741453 Inf 4119.17176150042 363.539326883719 -Inf 3406.6477738444 3521.20278113624 3653.27736799556 3873.96821172417 4119.17176150042 4364.37531127667 4585.06615500528 4717.1407418646 4831.69574915645 Inf
"61" 72.4242424242424 3922.02369518576 332.552215497268 -Inf 3270.23332983211 3375.02397737433 3495.84088278991 3697.72063442785 3922.02369518576 4146.32675594367 4348.20650758161 4469.02341299719 4573.81406053941 Inf 4093.5562852779 363.555338634591 -Inf 3381.00091516684 3495.56096792723 3627.64137188865 3848.34193573981 4093.5562852779 4338.770634816 4559.47119866716 4691.55160262858 4806.11165538897 Inf
"62" 73.1313131313131 3899.39766986104 332.637919534553 -Inf 3247.43932768098 3352.25698145304 3473.10502332203 3675.03680260843 3899.39766986104 4123.75853711364 4325.69031640004 4446.53835826904 4551.35601204109 Inf 4061.59152082419 363.648427150639 -Inf 3348.8537005743 3463.44308649026 3595.55730970145 3816.31438403616 4061.59152082419 4306.86865761222 4527.62573194692 4659.73995515811 4774.32934107408 Inf
"63" 73.8383838383838 3880.24903923974 332.747938163351 -Inf 3228.07506450961 3332.92738629113 3453.81539815476 3655.81396554968 3880.24903923974 4104.6841129298 4306.68268032472 4427.57069218835 4532.42301396987 Inf 4043.57613461621 363.767985922325 -Inf 3330.60398347978 3445.23104360304 3577.38870276245 3798.21835666213 4043.57613461621 4288.93391257029 4509.76356646997 4641.92122562938 4756.54828575264 Inf
"64" 74.5454545454545 3868.71954296972 332.832429199273 -Inf 3216.37996885217 3321.25891463422 3442.17762226538 3644.22748094194 3868.71954296972 4093.21160499749 4295.26146367406 4416.18017130521 4521.05911708727 Inf 4042.91965502726 363.859791419556 -Inf 3329.76756842268 3444.423557409 3576.6145696948 3797.49995520629 4042.91965502726 4288.33935484824 4509.22474035973 4641.41575264553 4756.07174163185 Inf
"65" 75.2525252525253 3861.00599924917 332.94310738535 -Inf 3208.44949987303 3313.36332149788 3434.32223874219 3636.43928591931 3861.00599924917 4085.57271257902 4287.68975975614 4408.64867700045 4513.5624986253 Inf 4036.09181371791 363.980629521457 -Inf 3322.70288878564 3437.39695510946 3569.63186812678 3790.59060983577 4036.09181371791 4281.59301760005 4502.55175930904 4634.78667232636 4749.48073865018 Inf
"66" 75.959595959596 3848.13142498727 333.14279572298 -Inf 3195.18354366125 3300.16028914957 3421.19175357858 3623.43002392046 3848.13142498727 4072.83282605409 4275.07109639596 4396.10256082497 4501.0793063133 Inf 4009.41723006007 364.19678375206 -Inf 3295.60465062071 3410.36682938143 3542.68027167631 3763.77023236492 4009.41723006007 4255.06422775521 4476.15418844383 4608.4676307387 4723.22980949943 Inf
"67" 76.6666666666667 3827.48256452786 333.363176652593 -Inf 3174.10274451691 3279.14893431878 3400.26046359381 3602.63251878288 3827.48256452786 4052.33261027284 4254.70466546191 4375.81619473694 4480.8623845388 Inf 3983.52726444283 364.437307035416 -Inf 3269.24326803065 3384.0812381692 3516.48206306873 3737.71803625838 3983.52726444283 4229.33649262728 4450.57246581692 4582.97329071646 4697.81126085501 Inf
"68" 77.3737373737374 3805.62299683942 333.639845951555 -Inf 3151.70091496688 3256.83428613048 3378.04632993215 3580.5863404881 3805.62299683942 4030.65965319075 4233.1996637467 4354.41170754837 4459.54507871196 Inf 3979.66829666046 364.736658397547 -Inf 3264.79758235978 3379.7298812131 3512.23946107958 3733.65715905055 3979.66829666046 4225.67943427038 4447.09713224135 4579.60671210783 4694.53901096114 Inf
"69" 78.0808080808081 3790.64058291799 333.870060783718 -Inf 3136.2672882657 3241.47320250738 3362.76888383214 3565.44864902203 3790.64058291799 4015.83251681395 4218.51228200383 4339.8079633286 4445.01387757028 Inf 3979.01873124106 364.987701250793 -Inf 3263.65598198944 3378.66738704601 3511.26817129858 3732.83826779977 3979.01873124106 4225.19919468235 4446.76929118354 4579.37007543611 4694.38148049268 Inf
"70" 78.7878787878788 3787.75716565014 334.367596895443 -Inf 3132.40871813786 3237.77141116162 3359.2478483814 3562.22964874647 3787.75716565014 4013.28468255381 4216.26648291888 4337.74292013866 4443.10561316242 Inf 3945.67047942179 365.529334174509 -Inf 3229.24614914685 3344.42822834769 3477.22578895797 3699.12469012509 3945.67047942179 4192.2162687185 4414.11516988561 4546.91273049589 4662.09480969673 Inf
"71" 79.4949494949495 3800.30653662285 335.803144419223 -Inf 3142.14446766587 3247.95951658318 3369.9574911776 3573.81075762847 3800.30653662285 4026.80231561723 4230.65558206811 4352.65355666252 4458.46860557983 Inf 3883.99397472161 367.086118261225 -Inf 3164.518403705 3280.1910416961 3413.55418517425 3636.39815051515 3883.99397472161 4131.58979892807 4354.43376426897 4487.79690774712 4603.46954573822 Inf
"72" 80.2020202020202 3820.9673486065 338.923158182714 -Inf 3156.69016504181 3263.48836261182 3386.61984463813 3592.36715230818 3820.9673486065 4049.56754490483 4255.31485257488 4378.44633460119 4485.24453217119 Inf 3836.77536518406 370.474815527609 -Inf 3110.65806957083 3227.3985211693 3361.99278534981 3586.89389940491 3836.77536518406 4086.65683096322 4311.55794501832 4446.15220919883 4562.8926607973 Inf
"73" 80.9090909090909 3810.84694738172 345.165685465467 -Inf 3134.33463517032 3243.09991774465 3368.49932280117 3578.03623041586 3810.84694738172 4043.65766434758 4253.19457196226 4378.59397701878 4487.35925959311 Inf 3809.32686779196 377.221710056784 -Inf 3069.98590189406 3188.85236984023 3325.89779471128 3554.89469080723 3809.32686779196 4063.7590447767 4292.75594087265 4429.8013657437 4548.66783368987 Inf
"74" 81.6161616161616 3693.88522732734 371.852554859999 -Inf 2965.06761224254 3082.2422037747 3217.33700349475 3443.07449049005 3693.88522732734 3944.69596416464 4170.43345115993 4305.52825087998 4422.70284241214 Inf 3716.2963881432 406.23453971947 -Inf 2920.09132101683 3048.10003209267 3195.68587778742 3442.29535492679 3716.2963881432 3990.2974213596 4236.90689849897 4384.49274419373 4512.50145526956 Inf
"75" 82.3232323232323 3391.94216919105 506.512822503732 -Inf 2399.19527937601 2558.80271599836 2742.81986854298 3050.3044620694 3391.94216919105 3733.57987631271 4041.06446983912 4225.08162238374 4384.68905900609 Inf 3431.3432024737 548.571977759689 -Inf 2356.1618831368 2529.02259521173 2728.31992556187 3061.33702622999 3431.3432024737 3801.3493787174 4134.36647938552 4333.66380973566 4506.52452181059 Inf
"76" 83.030303030303 2882.45182755804 821.6941257817 -Inf 1271.96093471778 1530.88526452129 1829.4084342637 2328.22756192195 2882.45182755804 3436.67609319413 3935.49522085238 4234.01839059479 4492.9427203983 Inf 2897.16058273071 877.321595168075 -Inf 1177.64185334205 1454.09497491565 1772.82771895698 2305.41615916417 2897.16058273071 3488.90500629725 4021.49344650444 4340.22619054577 4616.67931211937 Inf
"77" 83.7373737373737 2228.03797018186 1248.0566588347 -Inf -218.108131799533 175.167448256678 628.589005163896 1386.23654613389 2228.03797018186 3069.83939422983 3827.48693519983 4280.90849210705 4674.18407216326 Inf 2184.62305462583 1319.23869270102 -Inf -401.037270079878 14.6685061218332 493.950642667821 1294.81007833691 2184.62305462583 3074.43603091474 3875.29546658383 4354.57760312982 4770.28337933153 Inf
"78" 84.4444444444444 1549.19641334617 1666.57848682226 -Inf -1717.23739823472 -1192.08125530272 -586.609855543849 425.106306087262 1549.19641334617 2673.28652060509 3685.0026822362 4290.47408199507 4815.63022492707 Inf 1449.56651494815 1750.65284108837 -Inf -1981.65000301778 -1430.00116024896 -793.985374273756 268.769117482392 1449.56651494815 2630.3639124139 3693.11840417005 4329.13419014525 4880.78303291407 Inf
"79" 85.1515151515152 962.618074772787 1988.87802139624 -Inf -2935.51121680713 -2308.79515228489 -1586.23166722481 -378.859765049241 962.618074772787 2304.09591459482 3511.46781677039 4234.03130183046 4860.7473663527 Inf 837.224295666592 2081.14698406287 -Inf -3241.7488396308 -2585.95786928835 -1829.87287988761 -566.488013735305 837.224295666592 2240.93660506849 3504.32147122079 4260.40646062153 4916.19743096398 Inf
"80" 85.8585858585859 532.473847598915 2187.23850375835 -Inf -3754.43484536673 -3065.21333831593 -2270.58508111203 -942.796104420309 532.473847598915 2007.74379961814 3335.53277630986 4130.16103351375 4819.38254056456 Inf 415.916101054825 2283.54188625908 -Inf -4059.74375320163 -3340.17605285403 -2510.56057826717 -1124.30949537035 415.916101054825 1956.14169748 3342.39278037682 4172.00825496367 4891.57595531128 Inf
"81" 86.5656565656566 261.556848570278 2284.72606985553 -Inf -4216.4239628863 -3496.48311402217 -2666.43742309364 -1279.46746755305 261.556848570278 1802.58116469361 3189.55112023419 4019.59681116272 4739.53766002686 Inf 174.267510077041 2382.54281461359 -Inf -4495.43059819028 -3744.66667990729 -2879.08396396804 -1432.73319778315 174.267510077041 1781.26821793723 3227.61898412213 4093.20170006137 4843.96561834437 Inf
"82" 87.2727272727273 113.853370319054 2322.73829159454 -Inf -4438.63002671835 -3706.7111330693 -2862.85552362432 -1452.80979974942 113.853370319054 1680.51654038753 3090.56226426243 3934.4178737074 4666.33676735645 Inf 59.0373839749069 2420.97412116915 -Inf -4685.98470102013 -3923.11067998582 -3043.56579115238 -1573.88484624365 59.0373839749069 1691.95961419346 3161.64055910219 4041.18544793563 4804.05946896994 Inf
"83" 87.979797979798 43.8072119489099 2334.4374634328 -Inf -4531.60614054042 -3796.00071666993 -2947.89477397936 -1530.74692961025 43.8072119489099 1618.36135350807 3035.50919787718 3883.61514056774 4619.22056443824 Inf 14.2865904805238 2432.75449898505 -Inf -4753.82461075795 -3987.23847065754 -3103.41374627943 -1626.58138382829 14.2865904805238 1655.15456478934 3131.98692724048 4015.81165161859 4782.397791719 Inf
"84" 88.6868686868687 14.8436546001155 2337.27760098814 -Inf -4566.13626520881 -3829.63588457766 -2980.49811405856 -1561.62613062927 14.8436546001155 1591.3134398295 3010.18542325879 3859.32319377789 4595.82357440904 Inf 1.01653604272179 2435.60413643751 -Inf -4772.67985197157 -4005.19576159452 -3120.33575805567 -1641.77348951956 1.01653604272179 1643.806561605 3122.36883014112 4007.22883367996 4774.71292405702 Inf
"85" 89.3939393939394 4.40219385483431 2337.82312415829 -Inf -4577.64693172033 -3840.97465108795 -2991.63869087659 -1572.43554116131 4.40219385483431 1581.23992887098 3000.44307858626 3849.77903879762 4586.45131942999 Inf -1.28430449214821 2436.14978960508 -Inf -4776.05015306293 -4008.39412172113 -3123.33588126169 -1644.44236752311 -1.28430449214821 1641.87375853882 3120.76727227739 4005.82551273683 4773.48154407864 Inf
"86" 90.1010101010101 1.13051383020582 2337.90641800956 -Inf -4581.08186469357 -3844.38333730594 -2995.01711626671 -1575.76340203488 1.13051383020582 1578.02442969529 2997.27814392712 3846.64436496635 4583.34289235398 Inf -0.936658149419577 2436.23288115044 -Inf -4775.86536315654 -4008.18314880816 -3123.094721019 -1644.15076557606 -0.936658149419577 1642.27744927722 3121.22140472016 4006.30983250932 4773.9920468577 Inf
"87" 90.8080808080808 0.246314531907487 2337.91657507495 -Inf -4581.98597147424 -3845.2842434901 -2995.91433236807 -1576.65445216968 0.246314531907487 1577.14708123349 2996.40696143189 3845.77687255391 4582.47860053805 Inf -0.421194349217366 2436.24299024685 -Inf -4775.36971282121 -4007.68431299185 -3122.59221254713 -1643.64212025777 -0.421194349217366 1642.79973155934 3121.7498238487 4006.84192429342 4774.52732412278 Inf
"88" 91.5151515151515 0.0435199832834498 2337.91756826333 -Inf -4582.19071263631 -3845.48867168822 -2996.11839973881 -1576.85791661368 0.0435199832834498 1576.94495658025 2996.20543970538 3845.57571165479 4582.27775260287 Inf -0.148650113817847 2436.24397677628 -Inf -4775.09910214795 -4007.41339145295 -3122.32093260006 -1643.37024142636 -0.148650113817847 1643.07294119872 3122.02363237242 4007.11609122531 4774.80180192032 Inf
"89" 92.2222222222222 0.005450622976939 2337.91764639929 -Inf -4582.22893514029 -3845.52686957075 -2996.15656923439 -1576.89603867589 0.005450622976939 1576.90693992185 2996.16747048034 3845.5377708167 4582.23983638624 Inf -0.0440132629264206 2436.24405425392 -Inf -4774.99461715046 -4007.30888204145 -3122.21639504076 -1643.26565683334 -0.0440132629264206 1643.17763030749 3122.12836851491 4007.22085551559 4774.9065906246 Inf
"90" 92.9292929292929 0.00016060970541527 2337.91765135853 -Inf -4582.23423487348 -3845.53216774124 -2996.16186560317 -1576.90133203412 0.00016060970541527 1576.90165325353 2996.16218682258 3845.53248896064 4582.23455609289 Inf -0.0112476139843541 2436.24405916393 -Inf -4774.96186112495 -4007.27612446875 -3122.18363568425 -1643.23289449615 -0.0112476139843541 1643.21039926818 3122.16114045628 4007.25362924078 4774.93936589698 Inf
"91" 93.6363636363636 -0.000156212992703932 2337.91765161303 -Inf -4582.234552195 -3845.53248498256 -2996.16218275203 -1576.90164902848 -0.000156212992703932 1576.90133660249 2996.16187032605 3845.53217255657 4582.23423976902 Inf -0.00251792647776137 2436.24405941558 -Inf -4774.95313193067 -4007.26739519517 -3122.17490631924 -1643.22416497838 -0.00251792647776137 1643.21912912542 3122.16987046629 4007.26235934221 4774.94809607771 Inf
"92" 94.3434343434343 -5.86860612296917e-05 2337.91765162362 -Inf -4582.23445468881 -3845.53238747303 -2996.16208523866 -1576.90155150868 -5.86860612296917e-05 1576.90143413656 2996.16196786654 3845.53227010091 4582.23433731669 Inf -0.000498141880597624 2436.24405942603 -Inf -4774.95111216655 -4007.26537542776 -3122.17288654804 -1643.22214520083 -0.000498141880597624 1643.22114891707 3122.17189026428 4007.26437914399 4774.95011588279 Inf
"93" 95.0505050505051 -1.40091919283617e-05 2337.91765162397 -Inf -4582.23441001264 -3845.53234279675 -2996.16204056225 -1576.90150683206 -1.40091919283617e-05 1576.90147881367 2996.16201254387 3845.53231477837 4582.23438199426 Inf -8.75899646752117e-05 2436.24405942638 -Inf -4774.95070161533 -4007.26496487642 -3122.17247599657 -1643.22173464915 -8.75899646752117e-05 1643.22155946922 3122.17230081664 4007.26478969649 4774.95052643539 Inf
"94" 95.7575757575758 -2.64552887263606e-06 2337.91765162398 -Inf -4582.234398649 -3845.53233143311 -2996.1620291986 -1576.9014954684 -2.64552887263606e-06 1576.90149017734 2996.16202390754 3845.53232614204 4582.23439335794 Inf -1.37415110945983e-05 2436.24405942639 -Inf -4774.95062776689 -4007.26489102798 -3122.17240214813 -1643.2216608007 -1.37415110945983e-05 1643.22163331768 3122.17237466511 4007.26486354496 4774.95060028387 Inf
"95" 96.4646464646465 -4.2073938410857e-07 2337.91765162398 -Inf -4582.23439642421 -3845.53232920832 -2996.16202697381 -1576.90149324361 -4.2073938410857e-07 1576.90149240213 2996.16202613233 3845.53232836684 4582.23439558273 Inf -1.92887009520044e-06 2436.24405942639 -Inf -4774.95061595425 -4007.26487921534 -3122.17239033549 -1643.22164898806 -1.92887009520044e-06 1643.22164513032 3122.17238647775 4007.2648753576 4774.95061209651 Inf
"96" 97.1717171717172 -5.788754202668e-08 2337.91765162398 -Inf -4582.23439606135 -3845.53232884546 -2996.16202661096 -1576.90149288076 -5.788754202668e-08 1576.90149276498 2996.16202649518 3845.53232872969 4582.23439594558 Inf -2.4274915786003e-07 2436.24405942639 -Inf -4774.95061426813 -4007.26487752922 -3122.17238864937 -1643.22164730194 -2.4274915786003e-07 1643.22164681644 3122.17238816387 4007.26487704372 4774.95061378263 Inf
"97" 97.8787878787879 -6.98779121799725e-09 2337.91765162398 -Inf -4582.23439601045 -3845.53232879456 -2996.16202656006 -1576.90149282986 -6.98779121799725e-09 1576.90149281588 2996.16202654608 3845.53232878059 4582.23439599648 Inf -2.74336930870096e-08 2436.24405942639 -Inf -4774.95061405281 -4007.26487731391 -3122.17238843405 -1643.22164708663 -2.74336930870096e-08 1643.22164703176 3122.17238837919 4007.26487725904 4774.95061399794 Inf
"98" 98.5858585858586 -7.462608597667e-10 2337.91765162398 -Inf -4582.23439600421 -3845.53232878832 -2996.16202655382 -1576.90149282362 -7.462608597667e-10 1576.90149282212 2996.16202655233 3845.53232878683 4582.23439600272 Inf -2.78752008794619e-09 2436.24405942639 -Inf -4774.95061402817 -4007.26487728926 -3122.17238840941 -1643.22164706198 -2.78752008794619e-09 1643.2216470564 3122.17238840383 4007.26487728368 4774.95061402259 Inf
"99" 99.2929292929293 -7.0885385013825e-11 2337.91765162398 -Inf -4582.23439600354 -3845.53232878765 -2996.16202655314 -1576.90149282294 -7.0885385013825e-11 1576.9014928228 2996.162026553 3845.5323287875 4582.23439600339 Inf -2.54908883523173e-10 2436.24405942639 -Inf -4774.95061402563 -4007.26487728673 -3122.17238840688 -1643.22164705945 -2.54908883523173e-10 1643.22164705894 3122.17238840637 4007.26487728622 4774.95061402512 Inf
"100" 100 -6.0106095370353e-12 2337.91765162398 -Inf -4582.23439600347 -3845.53232878758 -2996.16202655308 -1576.90149282288 -6.0106095370353e-12 1576.90149282286 2996.16202655307 3845.53232878757 4582.23439600346 Inf -2.09956613273305e-11 2436.24405942639 -Inf -4774.9506140254 -4007.26487728649 -3122.17238840664 -1643.22164705921 -2.09956613273305e-11 1643.22164705917 3122.1723884066 4007.26487728645 4774.95061402536 Inf
