"mid_age" "mean_left" "std_left" "min_left" "l.q2.5" "l.q5" "l.q10" "l.q25" "l.q50" "l.q75" "l.q90" "l.q95" "l.q97.5" "max_left" "mean_right" "std_right" "min_right" "r.q2.5" "r.q5" "r.q10" "r.q25" "r.q50" "r.q75" "r.q90" "r.q95" "r.q97.5" "max_right"
"1" 56.7718433153798 4387.05608585319 356.018104880419 -Inf 3689.27342244336 3801.45841478024 3930.80052618146 4146.92552322711 4387.05608585319 4627.18664847926 4843.31164552491 4972.65375692613 5084.83874926301 Inf 4679.78832287753 370.915284034219 -Inf 3952.80772485501 4069.68697264211 4204.44125993905 4429.60976560538 4679.78832287753 4929.96688014968 5155.135385816 5289.88967311295 5406.76892090004 Inf
"2" 57.1804994687144 4407.80207441191 357.622854647839 -Inf 3706.87415925374 3819.56482486367 3949.48994516344 4166.58912451608 4407.80207441191 4649.01502430774 4866.11420366038 4996.03932396014 5108.72998957007 Inf 4688.8643126703 372.574076604731 -Inf 3958.63254095176 4076.03449145891 4211.39142151617 4437.56691681164 4688.8643126703 4940.16170852896 5166.33720382443 5301.69413388169 5419.09608438884 Inf
"3" 57.5841250819642 4402.36985169165 358.457329037319 -Inf 3699.80639678408 3812.76001391728 3942.98830048294 4160.59405737332 4402.36985169165 4644.14564600999 4861.75140290037 4991.97968946602 5104.93330659922 Inf 4648.87291656934 373.440471478924 -Inf 3916.94304210099 4034.61800260676 4170.28969570781 4396.99114624841 4648.87291656934 4900.75468689027 5127.45613743087 5263.12783053192 5380.80279103769 Inf
"4" 57.9820031406671 4370.41061982277 357.894075649251 -Inf 3668.95112126998 3781.72725142665 3911.75090687533 4129.01473414144 4370.41061982277 4611.80650550409 4829.0703327702 4959.09398821888 5071.87011837555 Inf 4573.57951525468 372.858126806504 -Inf 3842.79101537087 3960.28247303867 4095.74259911978 4322.09053044639 4573.57951525468 4825.06850006298 5051.41643138959 5186.87655747069 5304.3680151385 Inf
"5" 58.3733345264137 4318.91549630519 356.225134316138 -Inf 3620.72706265762 3732.97729211402 3862.39461773601 4078.64529444673 4318.91549630519 4559.18569816365 4775.43637487437 4904.85370049637 5017.10392995276 Inf 4484.52237701271 371.127344015508 -Inf 3757.12614906431 3874.07221914793 4008.90354827322 4234.20078745675 4484.52237701271 4734.84396656866 4960.14120575219 5094.97253487748 5211.91860496111 Inf
"6" 58.7572155737558 4259.32356629092 354.300515817307 -Inf 3564.90731558503 3676.55107781804 3805.26918557199 4020.35149988296 4259.32356629092 4498.29563269887 4713.37794700985 4842.09605476379 4953.7398169968 Inf 4402.85185549447 369.132873482464 -Inf 3679.36471795906 3795.68230971982 3929.78904358904 4153.87551587012 4402.85185549447 4651.82819511882 4875.91466739989 5010.02140126912 5126.33899302988 Inf
"7" 59.132736115397 4203.53496269742 353.007219248854 -Inf 3511.65352668704 3622.88975777589 3751.13800822051 3965.43521156885 4203.53496269742 4441.634713826 4655.93191717434 4784.18016761896 4895.41639870781 Inf 4342.95446752201 367.795155452684 -Inf 3622.08920914644 3737.98527210049 3871.60601025191 4094.8804049974 4342.95446752201 4591.02853004662 4814.30292479212 4947.92366294354 5063.81972589758 Inf
"8" 59.499165275015 4160.53744516814 352.779801748402 -Inf 3469.10173926809 3580.26630874706 3708.43193794496 3922.59108481264 4160.53744516814 4398.48380552364 4612.64295239132 4740.80858158922 4851.97315106819 Inf 4309.9651186593 367.559877767864 -Inf 3589.56099607234 3705.38292059099 3838.91818187451 4062.04974852155 4309.9651186593 4557.88048879705 4781.01205544409 4914.54731672761 5030.36924124626 Inf
"9" 59.8560471501248 4134.69963775175 353.382483142512 -Inf 3442.0826980251 3553.43717865367 3681.82176324443 3896.34677497329 4134.69963775175 4373.05250053022 4587.57751225908 4715.96209684983 4827.31657747841 Inf 4301.10164147145 368.179716348068 -Inf 3579.48265759107 3695.49989966637 3829.26034958382 4052.76819656458 4301.10164147145 4549.43508637833 4772.94293335909 4906.70338327654 5022.72062535184 Inf
"10" 60.2032555025362 4125.78767230679 354.154440505082 -Inf 3431.65772395189 3543.25545634103 3671.92049463293 3886.91413219968 4125.78767230679 4364.66121241389 4579.65484998065 4708.31988827254 4819.91762066168 Inf 4309.07635435254 368.973777762337 -Inf 3585.90103869868 3702.16849775018 3836.21743181632 4060.20732316072 4309.07635435254 4557.94538554437 4781.93527688877 4915.98421095491 5032.25167000641 Inf
"11" 60.5407740772269 4130.12144556377 354.51848605693 -Inf 3435.27798103852 3546.99042795168 3675.78772474301 3891.00236046334 4130.12144556377 4369.2405306642 4584.45516638453 4713.25246317586 4824.96491008902 Inf 4325.57926459989 369.349859266777 -Inf 3601.66684274207 3718.05280897092 3852.23837422287 4076.45657028808 4325.57926459989 4574.7019589117 4798.92015497691 4933.10572022886 5049.49168645771 Inf
"12" 60.8688529679041 4142.15524497142 354.314437277867 -Inf 3447.71170870423 3559.35985773365 3688.08302318292 3903.17378868101 4142.15524497142 4381.13670126183 4596.22746675992 4724.95063220919 4836.59878123862 Inf 4343.63450815226 369.142680071167 -Inf 3620.12815005618 3736.44883197462 3870.55912859773 4094.65155408435 4343.63450815226 4592.61746222018 4816.7098877068 4950.82018432991 5067.14086624834 Inf
"13" 61.1878515316589 4156.00419291855 353.743634735846 -Inf 3462.679409076 3574.1476923123 3702.66348402139 3917.40773709211 4156.00419291855 4394.60064874498 4609.34490181571 4737.8606935248 4849.3289767611 Inf 4358.56091708268 368.555981587076 -Inf 3636.2044668852 3752.34027403452 3886.23742188894 4109.97368512874 4358.56091708268 4607.14814903662 4830.88441227642 4964.78156013084 5080.91736728016 Inf
"14" 61.4983141099349 4166.63306406487 353.088715594192 -Inf 3474.59189815275 3585.85380958413 3714.131667819 3928.47834448669 4166.63306406487 4404.78778364306 4619.13446031074 4747.41231854562 4858.674229977 Inf 4367.8968786147 367.877790728302 -Inf 3646.86965807507 3762.79176026036 3896.44251997776 4119.76707944368 4367.8968786147 4616.02667778572 4839.35123725165 4973.00199696904 5088.92409915433 Inf
"15" 61.8008050354662 4170.60967851187 352.500582737922 -Inf 3479.72123181616 3590.79781649289 3718.8620048487 3932.851648517 4170.60967851187 4408.36770850675 4622.35735217504 4750.42154053085 4861.49812520758 Inf 4370.81716051127 367.264351505947 -Inf 3650.99225875416 3766.72105988674 3900.14895587011 4123.1011198081 4370.81716051127 4618.53320121445 4841.48536515244 4974.91326113581 5090.64206226839 Inf
"16" 62.0957968271051 4166.46088613767 351.989908275579 -Inf 3476.57334299597 3587.48900886026 3715.3676681312 3929.04730083333 4166.46088613767 4403.874471442 4617.55410414414 4745.43276341507 4856.34842927936 Inf 4367.50926756819 366.730664397444 -Inf 3648.73037332276 3764.29100411973 3897.52501047644 4120.15319334952 4367.50926756819 4614.86534178687 4837.49352465995 4970.72753101665 5086.28816181363 Inf
"17" 62.3838681160186 4154.67288271793 351.545413187687 -Inf 3465.65653393981 3576.43213479801 3704.14930808722 3917.55910479438 4154.67288271793 4391.78666064147 4605.19645734863 4732.91363063785 4843.68923149604 Inf 4358.7252973207 366.268824083273 -Inf 3640.85159345765 3756.26669358808 3889.3329124066 4111.68072966016 4358.7252973207 4605.76986498124 4828.1176822348 4961.18390105332 5076.59900118375 Inf
"18" 62.6657457756615 4137.37978203619 351.224104247988 -Inf 3448.9931872078 3559.66754029111 3687.26798138018 3900.48272369912 4137.37978203619 4374.27684037326 4587.4915826922 4715.09202378128 4825.76637686459 Inf 4345.54277274938 365.938297930339 -Inf 3628.31688824203 3743.62783615821 3876.57397414403 4098.72114159117 4345.54277274938 4592.3644039076 4814.51157135473 4947.45770934055 5062.76865725673 Inf
"19" 62.9421325618642 4117.86825963863 351.132662415615 -Inf 3429.66088750837 3540.30642632318 3667.87364640606 3881.03287788024 4117.86825963863 4354.70364139703 4567.86287287121 4695.43009295409 4806.0756317689 Inf 4329.30414411192 365.846876098491 -Inf 3612.25744310239 3727.53958305245 3860.4525072983 4082.54417604223 4329.30414411192 4576.06411218161 4798.15578092554 4931.06870517139 5046.35084512145 Inf
"20" 63.2132712199638 4099.99958780303 351.333467566205 -Inf 3411.3986448097 3522.10745940732 3649.74763241535 3863.02876502878 4099.99958780303 4336.97041057729 4550.25154319072 4677.89171619874 4788.60053079637 Inf 4311.65548599355 366.055984012337 -Inf 3594.198941004 3709.54697302357 3842.53586660557 4064.75447677929 4311.65548599355 4558.55649520781 4780.77510538153 4913.76399896353 5029.1120309831 Inf
"21" 63.4793104703184 4087.50495698934 351.765197264883 -Inf 3398.05783933554 3508.90269643289 3636.69971773042 3850.24293695847 4087.50495698934 4324.7669770202 4538.31019624825 4666.10721754578 4776.95207464313 Inf 4294.50429725474 366.500961862003 -Inf 3576.17561170593 3691.66386085482 3824.81441580689 4047.30315504182 4294.50429725474 4541.70543946767 4764.1941787026 4897.34473365466 5012.83298280356 Inf
"22" 63.7401083913328 4083.33225066534 352.245992499482 -Inf 3392.94279166779 3503.93915232344 3631.91084752081 3845.74593917679 4083.33225066534 4320.91856215388 4534.75365380986 4662.72534900723 4773.72170966288 Inf 4279.90675634872 366.994842153293 -Inf 3560.6100832163 3676.25395916039 3809.58394184037 4032.37249694149 4279.90675634872 4527.44101575594 4750.22957085706 4883.55955353704 4999.20342948113 Inf
"23" 63.9952729651387 4089.10145456576 352.556193284984 -Inf 3398.10401320065 3509.19812133675 3637.28251311895 3851.30591582689 4089.10145456576 4326.89699330463 4540.92039601258 4669.00478779477 4780.09889593087 Inf 4269.83054257074 367.312597919656 -Inf 3549.91107958038 3665.65508365763 3799.10050766255 4022.08196015604 4269.83054257074 4517.57912498545 4740.56057747893 4874.00600148386 4989.75000556111 Inf
"24" 64.244186311832 4104.80134352475 352.542080048845 -Inf 3413.83156359418 3524.92122450339 3653.0004889178 3867.015324019 4104.80134352475 4342.5873630305 4556.6021981317 4684.68146254611 4795.77112345532 Inf 4265.84830466055 367.296702848788 -Inf 3545.95999543662 3661.6989908124 3795.13864010532 4018.11044330823 4265.84830466055 4513.58616601287 4736.55796921578 4869.9976185087 4985.73661388448 Inf
"25" 64.4859763262442 4128.79851710454 352.176278180577 -Inf 3438.54569566125 3549.52008861295 3677.46645645455 3891.25922720954 4128.79851710454 4366.33780699954 4580.13057775453 4708.07694559613 4819.05133854783 Inf 4268.84062408924 366.91879313873 -Inf 3549.69300428643 3665.31291639834 3798.61527031456 4021.35765896285 4268.84062408924 4516.32358921563 4739.06597786391 4872.36833178014 4987.98824389205 Inf
"26" 64.7198009149187 4158.20624334445 351.547929221988 -Inf 3469.18496322972 3579.96135691639 3707.67944428605 3921.09076838156 4158.20624334445 4395.32171830734 4608.73304240286 4736.45112977252 4847.22752345919 Inf 4278.80934893532 366.269910487415 -Inf 3560.93351575927 3676.3489582269 3809.41557173829 4031.76404850632 4278.80934893532 4525.85464936431 4748.20312613234 4881.26973964373 4996.68518211136 Inf
"27" 64.9449653094369 4189.49633773239 350.802657445454 -Inf 3501.93576345836 3612.47731428902 3739.92464288596 3952.88354094388 4189.49633773239 4426.1091345209 4639.06803257882 4766.51536117576 4877.05691200642 Inf 4294.89040892111 365.499406999538 -Inf 3578.52473483127 3693.6973836693 3826.48407167523 4048.36480519717 4294.89040892111 4541.41601264504 4763.29674616699 4896.08343417291 5011.25608301095 Inf
"28" 65.1608426484486 4219.13752890257 350.077109070384 -Inf 3532.99900331271 3643.31192633546 3770.49566171209 3983.01410705632 4219.13752890257 4455.26095074882 4667.77939609304 4794.96313146967 4905.27605449242 Inf 4315.52876716472 364.747996275621 -Inf 3600.63583103135 3715.57170256748 3848.08540150844 4069.50998227226 4315.52876716472 4561.54755205718 4782.972132821 4915.48583176196 5030.42170329809 Inf
"29" 65.3671097879959 4244.16504829136 349.458876880919 -Inf 3559.23823552694 3669.35634718339 3796.31547753116 4008.45861772014 4244.16504829136 4479.87147886257 4692.01461905156 4818.97374939932 4929.09186105577 Inf 4338.7884917527 364.106446776072 -Inf 3625.15296953275 3739.88668217667 3872.16730486194 4093.20242542193 4338.7884917527 4584.37455808348 4805.40967864346 4937.69030132874 5052.42401397265 Inf
"30" 65.563878651428 4262.50498989914 348.980553782489 -Inf 3578.51567318062 3688.48306027448 3815.26841485457 4027.1211833551 4262.50498989914 4497.88879644318 4709.74156494371 4836.5269195238 4946.49430661766 Inf 4362.6919162937 363.609105596627 -Inf 3650.03116487349 3764.60816016051 3896.70809777007 4117.44130149081 4362.6919162937 4607.94253109659 4828.67573481733 4960.77567242689 5075.35266771391 Inf
"31" 65.7519139726052 4273.02563141395 348.635757671084 -Inf 3589.71210265579 3699.5708409237 3826.23093036575 4037.87438631296 4273.02563141395 4508.17687651494 4719.82033246216 4846.48042190421 4956.33916017211 Inf 4385.50122982438 363.250046608447 -Inf 3673.54422108933 3788.00807317019 3919.97756390918 4140.49279662874 4385.50122982438 4630.50966302003 4851.02489573959 4982.99438647858 5097.45823855943 Inf
"32" 65.9323999545478 4275.33813424688 348.401251265879 -Inf 3592.48422959707 3702.26907246777 3828.8439652494 4040.34506131256 4275.33813424688 4510.33120718121 4721.83230324436 4848.40719602599 4958.19203889669 Inf 4405.81546691597 363.005690349842 -Inf 3694.33738764718 3808.72424054 3940.60495614653 4160.97184951215 4405.81546691597 4650.65908431979 4871.0259776854 5002.90669329193 5117.29354618475 Inf
"33" 66.1069849182605 4269.54120901382 348.252663852927 -Inf 3586.97853034195 3696.71655177982 3823.23746244802 4034.64835676654 4269.54120901382 4504.4340612611 4715.84495557961 4842.36586624781 4952.10388768569 Inf 4422.57666611099 362.851005600785 -Inf 3711.40176337931 3825.73987350555 3957.56439182387 4177.83738198492 4422.57666611099 4667.31595023706 4887.5889403981 5019.41345871643 5133.75156884267 Inf
"34" 66.27751742636 4255.98043583727 348.172764680505 -Inf 3573.57435666575 3683.28720104682 3809.77908418098 4021.14147476284 4255.98043583727 4490.81939691171 4702.18178749357 4828.67367062772 4938.3865150088 Inf 4434.96516503755 362.768129995908 -Inf 3723.95269550662 3838.26469067138 3970.0591001116 4190.28177965751 4434.96516503755 4679.64855041759 4899.87122996349 5031.66563940372 5145.97763456847 Inf
"35" 66.4459312611414 4235.10652982808 348.153604763932 -Inf 3552.73800340298 3662.44481029589 3788.92973259286 4000.28049192099 4235.10652982808 4469.93256773517 4681.28332706329 4807.76824936026 4917.47505625318 Inf 4442.29482920709 362.748677591185 -Inf 3731.32048568883 3845.62635119938 3977.41369354087 4197.62456427465 4442.29482920709 4686.96509413953 4907.17596487331 5038.9633072148 5153.26917272534 Inf
"36" 66.6140997936736 4207.43529974349 348.195517954781 -Inf 3524.98462497385 3634.70463914732 3761.20478859293 3972.58099181877 4207.43529974349 4442.28960766821 4653.66581089405 4780.16596033966 4889.88597451313 Inf 4443.92907660824 362.792783844369 -Inf 3732.86828642226 3847.18805027001 3978.99141650421 4199.22906246011 4443.92907660824 4688.62909075637 4908.86673671228 5040.67010294647 5154.98986679423 Inf
"37" 66.7836179965308 4173.61650371917 348.304341528637 -Inf 3490.9525386641 3600.70684427284 3727.24652954716 3938.68879540931 4173.61650371917 4408.54421202903 4619.98647789117 4746.52616316549 4856.28046877424 Inf 4439.25475797785 362.906283608168 -Inf 3727.97151234256 3842.32704114147 3974.17164207383 4194.47818940238 4439.25475797785 4684.03132655331 4904.33787388187 5036.18247481422 5150.53800361314 Inf
"38" 66.9559072112266 4134.50130206893 348.487508824473 -Inf 3451.47833571088 3561.29035923172 3687.89658956219 3899.45004929546 4134.50130206893 4369.55255484241 4581.10601457567 4707.71224490615 4817.52426842698 Inf 4427.71796283951 363.096703752467 -Inf 3716.06150057947 3830.47703273814 3962.39081370145 4182.81295782849 4427.71796283951 4672.62296785053 4893.04511197757 5024.95889294088 5139.37442509955 Inf
"39" 67.1321267200717 4091.24910204648 348.749073858165 -Inf 3407.71347764278 3517.60792301491 3644.30918046132 3856.02142633877 4091.24910204648 4326.47677775419 4538.18902363164 4664.89028107805 4774.78472645018 Inf 4408.90260390775 363.368133311023 -Inf 3696.7141494886 3811.21521191253 3943.22760379399 4163.81452244158 4408.90260390775 4653.99068537392 4874.57760402151 5006.58999590297 5121.09105832691 Inf
"40" 67.3130442220978 4045.43484799663 349.083796272613 -Inf 3361.24317971579 3471.24309958763 3598.06596237721 3809.98140545122 4045.43484799663 4280.88829054204 4492.80373361605 4619.62659640563 4729.62651627747 Inf 4382.67236247514 363.715104912037 -Inf 3669.80385621434 3784.41425298354 3916.5527003629 4137.35025222048 4382.67236247514 4627.9944727298 4848.79202458738 4980.93047196674 5095.54086873594 Inf
"41" 67.4988067629378 3999.1200883233 349.471400743458 -Inf 3314.16872923936 3424.29078729461 3551.25446758746 3763.40521053517 3999.1200883233 4234.83496611143 4446.98570905914 4573.94938935199 4684.07144740724 Inf 4349.37782625901 364.116642332743 -Inf 3635.72232111518 3750.4592464846 3882.74357323664 4103.78488312976 4349.37782625901 4594.97076938826 4816.01207928138 4948.29640603341 5063.03333140284 Inf
"42" 67.6892752957971 3954.66555755404 349.875151910688 -Inf 3268.92286072361 3379.17214495355 3506.28250887774 3718.67835374199 3954.66555755404 4190.6527613661 4403.04860623034 4530.15897015453 4640.40825438447 Inf 4309.95423372283 364.53476854698 -Inf 3595.4792162581 3710.34789752841 3842.78413039601 4064.07926874779 4309.95423372283 4555.82919869787 4777.12433704965 4909.56056991725 5024.42925118756 Inf
"43" 67.8841104304242 3914.5025765929 350.245899618258 -Inf 3228.03322760828 3338.39933828092 3465.64439561154 3678.26530725218 3914.5025765929 4150.73984593362 4363.36075757425 4490.60581490487 4600.97192557751 Inf 4265.95023509815 364.918678925334 -Inf 3550.72276711856 3665.71242252548 3798.28813082492 4019.81632650792 4265.95023509815 4512.08414368839 4733.61233937138 4866.18804767083 4981.17770307774 Inf
"44" 68.0828038818874 3880.85753148276 350.53230334187 -Inf 3193.82684151483 3304.28320096724 3431.63230936104 3644.42708576605 3880.85753148276 4117.28797719948 4330.08275360449 4457.43186199829 4567.8882214507 Inf 4219.4687799482 365.215323701743 -Inf 3503.65989889064 3618.74303013913 3751.42651009735 3973.13478749683 4219.4687799482 4465.80277239957 4687.51104979904 4820.19452975726 4935.27766100575 Inf
"45" 68.2847987447396 3855.45549268942 350.695439674469 -Inf 3168.10506138502 3278.61282678553 3406.02120294525 3618.91501318848 3855.45549268942 4091.99597219036 4304.88978243359 4432.29815859331 4542.80592399382 Inf 4172.98647662083 365.384530999114 -Inf 3456.84595535451 3571.98240557497 3704.72735889313 3926.53835558172 4172.98647662083 4419.43459765993 4641.24559434852 4773.99054766668 4889.12699788715 Inf
"46" 68.4896666545108 3839.29352107718 350.722740832591 -Inf 3151.88958048613 3262.40594876433 3389.82424349108 3602.73462722492 3839.29352107718 4075.85241492944 4288.76279866328 4416.18109339003 4526.69746166823 Inf 4129.08452613375 365.413416277612 -Inf 3412.88739076189 3528.03294303279 3660.78839043218 3882.61692227037 4129.08452613375 4375.55212999714 4597.38066183533 4730.13610923471 4845.28166150561 Inf
"47" 68.6971235088875 3832.55447421232 350.635531138719 -Inf 3145.32146148036 3255.81034908074 3383.19696034593 3596.05440240469 3832.55447421232 4069.05454601994 4281.9119880787 4409.29859934389 4519.78748694428 Inf 4090.19627723508 365.324126534499 -Inf 3374.17414654391 3489.29156269194 3622.01457094358 3843.78889838823 4090.19627723508 4336.60365608194 4558.37798352659 4691.10099177823 4806.21840792626 Inf
"48" 68.9069902286799 3834.62621578759 350.486706539788 -Inf 3147.68489390955 3258.12688533734 3385.45942831895 3598.22652464652 3834.62621578759 4071.02590692866 4283.79300325623 4411.12554623784 4521.56753766563 Inf 4058.38117381985 365.17135702615 -Inf 3342.65846586298 3457.7277427566 3590.39524953094 3812.07683644052 4058.38117381985 4304.68551119918 4526.36709810876 4659.0346048831 4774.10388177672 Inf
"49" 69.1190063250261 3844.19473405395 350.347540283928 -Inf 3157.52617302525 3267.9243117244 3395.20629531838 3607.88890912603 3844.19473405395 4080.50055898187 4293.18317278952 4420.46515638349 4530.86329508264 Inf 4035.14305900897 365.028637452268 -Inf 3319.7000762768 3434.72438075446 3567.34003721341 3788.93498451938 4035.14305900897 4281.35113349857 4502.94608080454 4635.56173726349 4750.58604174115 Inf
"50" 69.3330035790921 3859.41411995057 350.285425207722 -Inf 3172.86730223414 3283.24586782941 3410.50528488816 3623.15019100489 3859.41411995057 4095.67804889626 4308.32295501298 4435.58237207173 4545.96093766701 Inf 4021.23932299423 364.965326746123 -Inf 3305.92042696594 3420.92478158435 3553.51743713324 3775.07395092701 4021.23932299423 4267.40469506146 4488.96120885523 4621.55386440412 4736.55821902253 Inf
"51" 69.5488417268601 3878.13753117002 350.339544146951 -Inf 3191.48464228181 3301.88026131538 3429.15933989631 3641.83709955453 3878.13753117002 4114.4379627855 4327.11572244372 4454.39480102465 4564.79042005822 Inf 4016.60924984741 365.021573816218 -Inf 3301.18011158749 3416.20219024026 3548.81528046568 3770.40593970792 4016.60924984741 4262.81255998689 4484.40321922913 4617.01630945455 4732.03838810732 Inf
"52" 69.7661168501962 3898.13879521289 350.503086945603 -Inf 3211.1653683294 3321.61252139273 3448.95101540954 3661.728055656 3898.13879521289 4134.54953476979 4347.32657501625 4474.66506903306 4585.11222209639 Inf 4020.36550058862 365.190118648671 -Inf 3304.60602052732 3419.68120940252 3552.355532313 3774.04850868721 4020.36550058862 4266.68249249004 4488.37546886425 4621.04979177473 4736.12498064993 Inf
"53" 69.9842064019709 3917.36142280729 350.720537248302 -Inf 3229.96180116208 3340.47747506805 3467.89496922809 3680.80401525005 3917.36142280729 4153.91883036453 4366.8278763865 4494.24537054653 4604.7610444525 Inf 4030.8483583005 365.413644838947 -Inf 3314.65077495665 3429.7963992496 3562.55192968579 3784.38060027484 4030.8483583005 4277.31611632616 4499.14478691521 4631.9003173514 4747.04594164435 Inf
"54" 70.2022099445824 3934.13784145607 350.904594680362 -Inf 3246.37747387293 3356.95114618214 3484.43550878665 3697.45628904745 3934.13784145607 4170.81939386468 4383.84017412548 4511.32453673 4621.8982090392 Inf 4045.80389117291 365.602285592427 -Inf 3329.23657874623 3444.44164569446 3577.26570970525 3799.20889689256 4045.80389117291 4292.39888545327 4514.34207264057 4647.16613665137 4762.3712035996 Inf
"55" 70.4190550033361 3947.35474478271 350.968139441609 -Inf 3259.46983175612 3370.06352767777 3497.57097622504 3710.63033208395 3947.35474478271 4184.07915748146 4397.13851334038 4524.64596188765 4635.23965780929 Inf 4062.68138565396 365.666495536821 -Inf 3345.98822404881 3461.21352421559 3594.06091583154 3816.04308242425 4062.68138565396 4309.31968888367 4531.30185547638 4664.14924709233 4779.3745472591 Inf
"56" 70.6336818647955 3956.5116500788 350.857264736461 -Inf 3268.8440474811 3379.40280563476 3506.86997317309 3719.86202123223 3956.5116500788 4193.16127892538 4406.15332698451 4533.62049452284 4644.1792526765 Inf 4079.00411558817 365.550931717889 -Inf 3362.53745490605 3477.72633971651 3610.53174675882 3832.44375896983 4079.00411558817 4325.56447220651 4547.47648441752 4680.28189145983 4795.47077627029 Inf
"57" 70.8450102703847 3961.65130387323 350.569916981734 -Inf 3274.54689252584 3385.01510442575 3512.37787793245 3725.19548814196 3961.65130387323 4198.1071196045 4410.92472981401 4538.28750332071 4648.75571522062 Inf 4092.69815415577 365.253530544135 -Inf 3376.81438906316 3491.90955968342 3624.60692026624 3846.33839158082 4092.69815415577 4339.05791673072 4560.7893880453 4693.48674862812 4808.58191924838 Inf
"58" 71.0520152169063 3963.21993992073 350.152996170757 -Inf 3276.93267834725 3387.26951418133 3514.48081949796 3727.04533300311 3963.21993992073 4199.39454683835 4411.9590603435 4539.17036566012 4649.5072014942 Inf 4102.33137627849 364.822507803449 -Inf 3387.29240023415 3502.25175112445 3634.79252025707 3856.26233412423 4102.33137627849 4348.40041843275 4569.87023229991 4702.41100143252 4817.37035232283 Inf
"59" 71.2539620232588 3961.89158920153 349.681162648071 -Inf 3276.52910433922 3386.71726054325 3513.75714776844 3726.03522915876 3961.89158920153 4197.74794924431 4410.02603063463 4537.06591785982 4647.25407406385 Inf 4107.2152260644 364.334628164919 -Inf 3393.13247654037 3507.93809150332 3640.30161295754 3861.47525372566 4107.2152260644 4352.95519840314 4574.12883917126 4706.49236062548 4821.29797558843 Inf
"60" 71.4504781736982 3958.39845354893 349.230090077775 -Inf 3273.92005467881 3383.96607324391 3510.84208487448 3722.84633733142 3958.39845354893 4193.95056976644 4405.95482222338 4532.83083385395 4642.87685241905 Inf 4107.34243465624 363.867790074325 -Inf 3394.17467097639 3508.83318042167 3641.02709863524 3861.91733982461 4107.34243465624 4352.76752948787 4573.65777067725 4705.85168889081 4820.5101983361 Inf
"61" 71.641687823034 3953.4081268785 348.856337009137 -Inf 3269.66227056202 3379.59051566402 3506.33074203429 3718.10810327489 3953.4081268785 4188.70815048211 4400.48551172272 4527.22573809299 4637.15398319498 Inf 4103.21879203389 363.480371525377 -Inf 3390.81035475692 3505.34678460471 3637.39995286081 3858.05500704256 4103.21879203389 4348.38257702523 4569.03763120698 4701.09079946308 4815.62722931087 Inf
"62" 71.8283211413308 3947.45598694894 348.589829192477 -Inf 3264.23247635472 3374.0767420833 3500.7201456144 3712.33572013601 3947.45598694894 4182.57625376187 4394.19182828348 4520.83523181458 4630.67949754316 Inf 4095.64950159993 363.203473688039 -Inf 3383.78377411153 3498.23295058278 3630.18552128379 3850.67248136174 4095.64950159993 4340.62652183812 4561.11348191607 4693.06605261708 4807.51522908833 Inf
"63" 72.0116710510503 3940.93119871583 348.437484252772 -Inf 3258.00627871666 3367.80253897681 3494.39059527727 3705.91368700323 3940.93119871583 4175.94871042843 4387.47180215439 4514.05985845485 4623.85611871501 Inf 4085.55431113228 363.044580377988 -Inf 3374.00000880896 3488.39911635247 3620.29396078639 3840.68446280309 4085.55431113228 4330.42415946147 4550.81466147817 4682.70950591209 4797.10861345559 Inf
"64" 72.1936726853176 3934.09213130013 348.392091486995 -Inf 3251.25617948704 3361.03813601654 3487.60970103161 3699.10523654278 3934.09213130013 4169.07902605748 4380.57456156865 4507.14612658372 4616.92808311322 Inf 4073.84435012665 362.996618025101 -Inf 3362.38405228761 3476.76804639695 3608.64546600919 3829.00685191288 4073.84435012665 4318.68184834043 4539.04323424412 4670.92065385636 4785.3046479657 Inf
"65" 72.3766974784646 3927.10972947857 348.441978216107 -Inf 3244.17600147311 3353.97367782766 3480.56336679426 3692.08918663376 3927.10972947857 4162.13027232338 4373.65609216288 4500.24578112948 4610.04345748403 Inf 4061.39186339438 363.047850468819 -Inf 3349.83115181081 3464.23128979381 3596.12732225846 3816.51980942244 4061.39186339438 4306.26391736632 4526.6564045303 4658.55243699495 4772.95257497795 Inf
"66" 72.5633769604885 3920.11922585544 348.578577979001 -Inf 3236.91776723441 3346.75848758909 3473.39780353114 3685.00654787067 3920.11922585544 4155.2319038402 4366.84064817974 4493.47996412178 4603.32068447647 Inf 4049.0646032453 363.189633542795 -Inf 3337.22600194312 3451.67081724126 3583.61835978896 3804.09691804322 4049.0646032453 4294.03228844739 4514.51084670164 4646.45838924935 4760.90320454748 Inf
"67" 72.756407315211 3913.27761244072 348.80196146892 -Inf 3229.6383302247 3339.54944103077 3466.26991265519 3678.01426458164 3913.27761244072 4148.54096029979 4360.28531222624 4487.00578385066 4596.91689465673 Inf 4037.78712064906 363.422082017399 -Inf 3325.4929287084 3440.01099092849 3572.04298248619 3792.66265133341 4037.78712064906 4282.91158996472 4503.53125881194 4635.56325036964 4750.08131258973 Inf
"68" 72.9583969498459 3906.82588822163 349.124665740487 -Inf 3222.55411725569 3332.56691552017 3459.40462627167 3671.34487963904 3906.82588822163 4142.30689680422 4354.24715017159 4481.08486092309 4591.09765918757 Inf 4028.57890535833 363.757998239097 -Inf 3315.62632972131 3430.25024262214 3562.40427323564 3783.22786399421 4028.57890535833 4273.92994672244 4494.75353748101 4626.90756809452 4741.53148099534 Inf
"69" 73.1721458385534 3901.14928165443 349.57366848282 -Inf 3215.99748148455 3326.15176516373 3453.1525995371 3665.36542532432 3901.14928165443 4136.93313798453 4349.14596377175 4476.14679814512 4586.3010818243 Inf 4022.5152884451 364.224942605387 -Inf 3308.64751866737 3423.41857057444 3555.74224303877 3776.84929789201 4022.5152884451 4268.18127899819 4489.28833385142 4621.61200631576 4736.38305822283 Inf
"70" 73.4000855357036 3896.8743549 350.185057122802 -Inf 3210.52425501521 3320.87119358735 3448.09414671395 3660.67812319884 3896.8743549 4133.07058660116 4345.65456308605 4472.87751621265 4583.22445478479 Inf 4020.62418462935 364.859841531041 -Inf 3305.51203582352 3420.48315095808 3553.03748351089 3774.5299612585 4020.62418462935 4266.71840800021 4488.21088574781 4620.76521830062 4735.73633343518 Inf
