"mid_age" "mean_left" "std_left" "min_left" "l.q2.5" "l.q5" "l.q10" "l.q25" "l.q50" "l.q75" "l.q90" "l.q95" "l.q97.5" "max_left" "mean_right" "std_right" "min_right" "r.q2.5" "r.q5" "r.q10" "r.q25" "r.q50" "r.q75" "r.q90" "r.q95" "r.q97.5" "max_right"
"1" 30 5.4024501381622e-08 2322.77737723805 -Inf -4552.56000343696 -3820.62879349682 -2976.75898415698 -1566.68953288038 5.4024501381622e-08 1566.68953298843 2976.75898426503 3820.62879360486 4552.56000354501 Inf 3.52111113187063e-08 2405.85027598253 -Inf -4715.37989308631 -3957.27155231686 -3083.22118761612 -1622.72135162142 3.52111113187063e-08 1622.72135169185 3083.22118768654 3957.27155238728 4715.37989315673 Inf
"2" 30.7070707070707 4.93113156884873e-07 2322.77737723805 -Inf -4552.56000299788 -3820.62879305773 -2976.7589837179 -1566.68953244129 4.93113156884873e-07 1566.68953342752 2976.75898470412 3820.62879404395 4552.5600039841 Inf 3.26537736422641e-07 2405.85027598253 -Inf -4715.37989279498 -3957.27155202554 -3083.22118732479 -1622.7213513301 3.26537736422641e-07 1622.72135198317 3083.22118797786 3957.27155267861 4715.37989344805 Inf
"3" 31.4141414141414 4.06630115241048e-06 2322.77737723805 -Inf -4552.55999942469 -3820.62878948454 -2976.75898014471 -1566.6895288681 4.06630115241048e-06 1566.68953700071 2976.75898827731 3820.62879761714 4552.56000755729 Inf 2.73930013122364e-06 2405.85027598253 -Inf -4715.37989038222 -3957.27154961277 -3083.22118491203 -1622.72134891733 2.73930013122364e-06 1622.72135439593 3083.22119039063 3957.27155509137 4715.37989586082 Inf
"4" 32.1212121212121 3.02886995987193e-05 2322.77737723805 -Inf -4552.55997320229 -3820.62876326214 -2976.75895392231 -1566.6895026457 3.02886995987193e-05 1566.6895632231 2976.75901449971 3820.62882383954 4552.56003377969 Inf 2.07854528929087e-05 2405.85027598253 -Inf -4715.37987233606 -3957.27153156662 -3083.22116686587 -1622.72133087118 2.07854528929087e-05 1622.72137244209 3083.22120843678 3957.27157313752 4715.37991390697 Inf
"5" 32.8282828282828 0.000203756945284635 2322.77737723805 -Inf -4552.55979973403 -3820.62858979388 -2976.75878045405 -1566.68932917745 0.000203756945284635 1566.68973669134 2976.75918796795 3820.62899730777 4552.56020724792 Inf 0.000142640806054054 2405.85027598253 -Inf -4715.3797504807 -3957.27140971126 -3083.22104501051 -1622.72120901582 0.000142640806054054 1622.72149429744 3083.22133029213 3957.27169499287 4715.38003576231 Inf
"6" 33.5353535353535 0.00123767894189718 2322.77737723782 -Inf -4552.55876581159 -3820.62755587151 -2976.75774653176 -1566.6882952553 0.00123767894189718 1566.69077061319 2976.76022188965 3820.63003122939 4552.56124116947 Inf 0.000885178542599779 2405.85027598231 -Inf -4715.37900794253 -3957.27066717316 -3083.22030247249 -1622.72046647794 0.000885178542599779 1622.72223683502 3083.22207282958 3957.27243753024 4715.38077829961 Inf
"7" 34.2424242424242 0.00678687624918607 2322.77737723099 -Inf -4552.55321660089 -3820.62200666297 -2976.75219732571 -1566.68274605339 0.00678687624918607 1566.69631980589 2976.7657710782 3820.63558041547 4552.56679035339 Inf 0.00496642916546071 2405.85027597568 -Inf -4715.37492667892 -3957.26658591164 -3083.21622121338 -1622.71638522285 0.00496642916546071 1622.72631808118 3083.22615407171 3957.27651876996 4715.38485953725 Inf
"8" 34.9494949494949 0.03358840005973 2322.77737706568 -Inf -4552.52641475308 -3820.59520486725 -2976.72539559004 -1566.65594441808 0.03358840005973 1566.7231212182 2976.79257239016 3820.66238166736 4552.5935915532 Inf 0.0251877623873581 2405.85027581504 -Inf -4715.35470503084 -3957.24636431418 -3083.19599967428 -1622.69616378127 0.0251877623873581 1622.74653930605 3083.24637519906 3957.29673983895 4715.40508055562 Inf
"9" 35.6565656565657 0.149984100783959 2322.77737381961 -Inf -4552.41001269017 -3820.47880382721 -2976.60899572931 -1566.53954652791 0.149984100783959 1566.83951472948 2976.90896393088 3820.77877202878 4552.70998089174 Inf 0.115438754265204 2405.85027265515 -Inf -4715.2644478457 -3957.15610812475 -3083.10574463285 -1622.60591065808 0.115438754265204 1622.83678816661 3083.33662214138 3957.38698563328 4715.49532535423 Inf
"10" 36.3636363636364 0.604094348530295 2322.77732219778 -Inf -4551.95580126551 -3820.02460866912 -2976.15481932553 -1566.08540146178 0.604094348530295 1567.29359015884 2977.36300802259 3821.23279736618 4553.16398996257 Inf 0.477959081044482 2405.85022230473 -Inf -4714.90182883392 -3956.7935049789 -3082.74315977941 -1622.24335637046 0.477959081044482 1623.19927453255 3083.6990779415 3957.74942314099 4715.857746996 Inf
"11" 37.0707070707071 2.19393944334796 2322.77665857651 -Inf -4550.36465549691 -3818.43367201445 -2974.56412376584 -1564.49510876121 2.19393944334796 1568.88298764791 2978.95200265254 3822.82155090115 4554.7525343836 Inf 1.78706125255649 2405.84957357845 -Inf -4713.59145518225 -3955.48333574761 -3081.43322623171 -1620.93381663972 1.78706125255649 1624.50793914483 3085.00734873683 3959.05745825272 4717.16557768736 Inf
"12" 37.7777777777778 7.18215911544354 2322.76977786094 -Inf -4545.36294987011 -3813.4341345724 -2969.56708610193 -1559.50224811699 7.18215911544354 1573.86656634788 2983.93140433282 3827.79845280328 4559.727268101 Inf 6.0311468186227 2405.8428301355 -Inf -4709.33415271088 -3951.22815820495 -3077.18049859578 -1616.68518269051 6.0311468186227 1628.74747632775 3089.24279223303 3963.2904518422 4721.39644634812 Inf
"13" 38.4848484848485 21.1859551860591 2322.71239666629 -Inf -4531.24668872458 -3799.33595483564 -2955.48975307148 -1545.45974901873 21.1859551860591 1587.83165939085 2997.8616634436 3841.70786520775 4573.6185990967 Inf 18.3629601643507 2405.78642946183 -Inf -4696.89179607604 -3938.80357400657 -3064.77640487841 -1604.31532766848 18.3629601643507 1641.04124799718 3101.50232520711 3975.52949433527 4733.61771640474 Inf
"14" 39.1919191919192 56.2954850940687 2322.3288089877 -Inf -4495.38534078162 -3763.59547934325 -2919.88863577345 -1510.09149315321 56.2954850940687 1622.68246334135 3032.47960596159 3876.18644953138 4607.97631096976 Inf 50.4091713951084 2405.40813110517 -Inf -4664.10413369082 -3906.13511735179 -3032.24538479643 -1572.01395807364 50.4091713951084 1672.83230086386 3133.06372758665 4006.95346014201 4764.92247648104 Inf
"15" 39.8989898989899 134.724725218935 2320.28139476012 -Inf -4412.94324250927 -3681.79854250027 -2838.83552873991 -1430.28129311744 134.724725218935 1699.73074355531 3108.28497917778 3951.24799293814 4682.39269294714 Inf 124.687631725799 2403.38114953975 -Inf -4585.85286249459 -3828.52256904147 -2955.36924306726 -1496.36831945324 124.687631725799 1745.74358290484 3204.74450651885 4077.89783249306 4835.22812594619 Inf
"16" 40.6060606060606 290.388125917002 2311.59116365747 -Inf -4240.24730183267 -3511.84098365396 -2672.03514876729 -1268.75642061379 290.388125917002 1849.5326724478 3252.8114006013 4092.61723548796 4821.02355366668 Inf 277.722886459662 2394.73958538954 -Inf -4415.88045325623 -3661.2732061726 -2791.25937826794 -1337.5044182744 277.722886459662 1892.95019119372 3346.70515118726 4216.71897909192 4971.32622617555 Inf
"17" 41.3131313131313 563.96241283234 2282.34191457658 -Inf -3909.34554014394 -3190.15596330231 -2360.97644090133 -975.453814992461 563.96241283234 2103.37864065714 3488.90126656601 4318.08078896699 5037.27036580862 Inf 556.742477970772 2365.50919885992 -Inf -4079.57035689287 -3334.17390736104 -2474.77953913831 -1038.76923065479 556.742477970772 2152.25418659633 3588.26449507986 4447.65886330258 5193.05531283441 Inf
"18" 42.020202020202 987.957812913536 2204.24133868662 -Inf -3332.27582414659 -2637.69654770152 -1836.89112551843 -498.780376989078 987.957812913536 2474.69600281615 3812.8067513455 4613.61217352859 5308.19144997366 Inf 1004.32270521541 2287.03307607109 -Inf -3478.17975533577 -2757.5119449181 -1926.62811387578 -538.257662953955 1004.32270521541 2546.90307338477 3935.27352430659 4766.15735534891 5486.82516576659 Inf
"19" 42.7272727272727 1564.57593136404 2037.99420115511 -Inf -2429.81930360145 -1787.62622211201 -1047.2187276971 189.969731725872 1564.57593136404 2939.18213100222 4176.37059042519 4916.77808484009 5558.97116632953 Inf 1631.13866464152 2119.01857117629 -Inf -2522.06141743553 -1854.33671773532 -1084.49290266753 201.882357907972 1631.13866464152 3060.39497137508 4346.77023195058 5116.61404701837 5784.33874671857 Inf
"20" 43.4343434343434 2248.511794084 1753.8389133697 -Inf -1188.94931080548 -636.296503660784 0.876788942017811 1065.5654235211 2248.511794084 3431.4581646469 4496.14679922599 5133.32009182879 5685.97289897349 Inf 2389.43910448723 1830.11192342013 -Inf -1197.51435309354 -620.827130477497 44.0563039063309 1155.04737042872 2389.43910448723 3623.83083854575 4734.82190506814 5399.70533945196 5976.39256206801 Inf
"21" 44.1414141414141 2950.48742669441 1362.33744161044 -Inf 280.355106347517 709.641744729694 1204.58174559853 2031.60478601982 2950.48742669441 3869.370067369 4696.39310779029 5191.33310865912 5620.6197470413 Inf 3169.97521813313 1429.59642017631 -Inf 368.017722160179 818.498361329291 1337.87368775923 2205.7270858072 3169.97521813313 4134.22335045906 5002.07674850704 5521.45207493697 5971.93271410609 Inf
"22" 44.8484848484848 3566.60737418303 932.054410420029 -Inf 1739.81429812806 2033.51429668753 2372.13158533649 2937.94622772967 3566.60737418303 4195.26852063639 4761.08316302957 5099.70045167853 5393.400450238 Inf 3837.75409871012 986.66304171917 -Inf 1903.9300720638 2214.83781595937 2573.29453292992 3172.25999017325 3837.75409871012 4503.24820724698 5102.21366449032 5460.67038146086 5771.57812535643 Inf
"23" 45.5555555555556 4018.43256469454 575.172001143565 -Inf 2891.11615753733 3072.35881249261 3281.31998617159 3630.48494532344 4018.43256469454 4406.38018406565 4755.5451432175 4964.50631689647 5145.74897185176 Inf 4293.23321082809 617.072772307165 -Inf 3083.79280126576 3278.23882320565 3502.4226334229 3877.02395078183 4293.23321082809 4709.44247087436 5084.04378823329 5308.22759845053 5502.67362039042 Inf
"24" 46.2626262626263 4278.76072254292 391.826923059403 -Inf 3510.79406517334 3634.26278701142 3776.61431587362 4014.47747908848 4278.76072254292 4543.04396599735 4780.90712921222 4923.25865807441 5046.7273799125 Inf 4517.78317339683 425.486109235587 -Inf 3683.845723373 3817.9208034032 3972.50078398848 4230.79715386661 4517.78317339683 4804.76919292704 5063.06556280517 5217.64554339045 5351.72062342065 Inf
"25" 46.969696969697 4371.6581356627 351.728674318219 -Inf 3682.28260166897 3793.11595000754 3920.89970244325 4134.420749985 4371.6581356627 4608.89552134039 4822.41656888214 4950.20032131785 5061.03366965642 Inf 4568.90355853379 382.43574153773 -Inf 3819.34327871898 3939.85274198958 4078.79243524591 4310.95457075796 4568.90355853379 4826.85254630963 5059.01468182168 5197.954375078 5318.46383834861 Inf
"26" 47.6767676767677 4356.84727025889 343.773266616881 -Inf 3683.06404884212 3791.39056581516 3916.28410223364 4124.97572553438 4356.84727025889 4588.7188149834 4797.41043828413 4922.30397470262 5030.63049167566 Inf 4533.82074895639 373.806841665145 -Inf 3801.17280211804 3918.9632096642 4054.76800580914 4281.69186570008 4533.82074895639 4785.9496322127 5012.87349210364 5148.67828824858 5266.46869579474 Inf
"27" 48.3838383838384 4310.08909709305 337.45014728897 -Inf 3648.69896182893 3755.03299840948 3877.62933254161 4082.48243154448 4310.08909709305 4537.69576264162 4742.54886164448 4865.14519577662 4971.47923235716 Inf 4484.59976705308 367.03858913572 -Inf 3765.21735141068 3880.87501248204 4014.22088853092 4237.03600075461 4484.59976705308 4732.16353335156 4954.97864557525 5088.32452162412 5203.98218269549 Inf
"28" 49.0909090909091 4295.84881939813 334.883234529458 -Inf 3639.48974069412 3745.01491647711 3866.67868591227 4069.9735101955 4295.84881939813 4521.72412860076 4725.018952884 4846.68272231915 4952.20789810215 Inf 4462.803259286 364.260311729302 -Inf 3748.86616729923 3863.64836438358 3995.98488652355 4217.11341262135 4462.803259286 4708.49310595064 4929.62163204845 5061.95815418841 5176.74035127276 Inf
"29" 49.7979797979798 4332.53218296603 334.215353411291 -Inf 3677.48212719958 3782.7968467246 3904.21797357275 4107.10735273196 4332.53218296603 4557.95701320011 4760.84639235932 4882.26751920746 4987.58223873249 Inf 4481.09005106812 363.538536446062 -Inf 3768.56761264143 3883.12237085818 4015.19667054987 4235.88703443396 4481.09005106812 4726.29306770227 4946.98343158636 5079.05773127805 5193.6124894948 Inf
"30" 50.5050505050505 4380.31283554086 333.861998938285 -Inf 3725.95534181527 3831.15871568596 3952.45146812565 4155.12633927701 4380.31283554086 4605.49933180471 4808.17420295607 4929.46695539577 5034.67032926645 Inf 4522.84527260512 363.155471339432 -Inf 3811.07362799116 3925.50767842518 4057.44280977398 4277.90062945904 4522.84527260512 4767.78991575119 4988.24773543625 5120.18286678505 5234.61691721907 Inf
"31" 51.2121212121212 4382.54999512005 333.563819601676 -Inf 3728.77692215515 3833.88633662845 3955.07075990049 4157.56461776246 4382.54999512005 4607.53537247764 4810.02923033961 4931.21365361165 5036.32306808495 Inf 4550.8979757624 362.833513143343 -Inf 3839.7573576173 3954.08995568902 4085.9081189615 4306.17049011958 4550.8979757624 4795.62546140522 5015.8878325633 5147.70599583577 5262.03859390749 Inf
"32" 51.9191919191919 4331.23364168482 333.273625704474 -Inf 3678.02933830697 3783.04730967755 3904.12630490853 4106.44399713647 4331.23364168482 4556.02328623317 4758.34097846111 4879.41997369209 4984.43794506267 Inf 4539.2931299014 362.519557463248 -Inf 3828.76785358203 3943.00152096713 4074.70562349384 4294.77740414682 4539.2931299014 4783.80885565598 5003.88063630896 5135.58473883567 5249.81840622076 Inf
"33" 52.6262626262626 4278.10463542857 333.032525929537 -Inf 3625.37287892628 3730.31487726056 3851.3062804463 4053.47761020719 4278.10463542857 4502.73166064995 4704.90299041084 4825.89439359658 4930.83639193086 Inf 4500.63835247969 362.259276508649 -Inf 3790.6232174572 3904.77486761762 4036.38440953697 4256.29818356116 4500.63835247969 4744.97852139822 4964.8922954224 5096.50183734176 5210.65348750218 Inf
"34" 53.3333333333333 4268.98399811355 332.932712207689 -Inf 3616.44787291124 3721.35841890794 3842.31355956278 4044.42429622448 4268.98399811355 4493.54370000262 4695.65443666432 4816.60957731916 4921.52012331586 Inf 4469.3051828816 362.151288987298 -Inf 3759.50169951174 3873.61932168569 4005.18963151593 4225.03785043937 4469.3051828816 4713.57251532383 4933.42073424727 5064.99104407751 5179.10866625146 Inf
"35" 54.040404040404 4285.53677349638 332.971520938679 -Inf 3632.92458457905 3737.84735960885 3858.81659955565 4060.95089551604 4285.53677349638 4510.12265147672 4712.25694743711 4833.22618738392 4938.14896241372 Inf 4458.11228333731 362.193054301185 -Inf 3748.22694145643 3862.35772431338 3993.94320756825 4213.81678061895 4458.11228333731 4702.40778605568 4922.28135910638 5053.86684236125 5167.9976252182 Inf
"36" 54.7474747474747 4277.2559768907 332.996553261597 -Inf 3624.59472552199 3729.52538849602 3850.50372273734 4052.65321486513 4277.2559768907 4501.85873891627 4704.00823104405 4824.98656528538 4929.9172282594 Inf 4449.64657765353 362.219677369367 -Inf 3739.70905551785 3853.84822757933 3985.44338304975 4205.33311794856 4449.64657765353 4693.9600373585 4913.8497722573 5045.44492772772 5159.5840997892 Inf
"37" 55.4545454545455 4238.57200076027 332.918964486988 -Inf 3586.06282059541 3690.96903454292 3811.91918062248 4014.02157156791 4238.57200076027 4463.12242995264 4665.22482089806 4786.17496697762 4891.08118092514 Inf 4433.16175058149 362.136327943313 -Inf 3723.38759031901 3837.50049811304 3969.06537256517 4188.90450921008 4433.16175058149 4677.4189919529 4897.25812859782 5028.82300304994 5142.93591084397 Inf
"38" 56.1616161616162 4216.65580354476 332.871399655066 -Inf 3564.2398487374 3669.13107451372 3790.06394019179 3992.137456344 4216.65580354476 4441.17415074553 4643.24766689774 4764.18053257581 4869.07175835213 Inf 4425.97930437297 362.084855863549 -Inf 3716.30602753304 3830.40271594161 3961.94889048105 4181.75678039178 4425.97930437297 4670.20182835416 4890.00971826489 5021.55589280433 5135.6525812129 Inf
"39" 56.8686868686869 4238.5642905168 332.873554369887 -Inf 3586.14411254598 3691.03601729526 3811.96966578567 4014.04448998297 4238.5642905168 4463.08409105063 4665.15891524792 4786.09256373834 4890.98446848761 Inf 4443.48432154129 362.086961607542 -Inf 3733.80691751897 3847.90426946929 3979.45120902986 4199.26037725736 4443.48432154129 4687.70826582522 4907.51743405272 5039.0643736133 5153.16172556361 Inf
"40" 57.5757575757576 4268.979902396 332.870468609607 -Inf 3616.5657724042 3721.45670479845 3842.38923222579 4044.46218317585 4268.979902396 4493.49762161614 4695.5705725662 4816.50309999354 4921.3940323878 Inf 4466.94728026887 362.083880567452 -Inf 3757.27591497416 3871.37229605683 4002.91811626919 4222.7254141149 4466.94728026887 4711.16914642284 4930.97644426855 5062.52226448091 5176.61864556358 Inf
"41" 58.2828282828283 4260.87780530318 332.880917924879 -Inf 3608.44319502978 3713.33742011151 3834.27374379663 4036.35303812699 4260.87780530318 4485.40257247937 4687.48186680973 4808.41819049485 4913.31241557658 Inf 4463.3436600802 362.09487100554 -Inf 3753.65075392267 3867.75059820621 3999.30041126738 4219.11438098839 4463.3436600802 4707.57293917201 4927.38690889302 5058.93672195419 5173.03656623774 Inf
"42" 58.989898989899 4219.12208694272 332.852650038918 -Inf 3566.74288070773 3671.6281982858 3792.55425218968 3994.61638616587 4219.12208694272 4443.62778771957 4645.68992169576 4766.61597559964 4871.50129317771 Inf 4428.03664680108 362.064378790168 -Inf 3718.40350428748 3832.49374015814 3964.0324753346 4183.827934396 4428.03664680108 4672.24535920615 4892.04081826755 5023.57955344401 5137.66978931467 Inf
"43" 59.6969696969697 4185.09815524054 332.786142218866 -Inf 3532.84930193754 3637.71366221265 3758.6155536884 3960.63731330662 4185.09815524054 4409.55899717446 4611.58075679268 4732.48264826843 4837.34700854354 Inf 4387.5212932872 361.992557769883 -Inf 3678.0289173867 3792.09652170997 3923.60916416172 4143.36102342416 4387.5212932872 4631.68156315025 4851.43342241269 4982.94606486444 5097.01366918771 Inf
"44" 60.4040404040404 4177.30462694512 332.747964524469 -Inf 3525.13060054815 3629.98293063633 3750.87095207701 3952.86953547476 4177.30462694512 4401.73971841549 4603.73830181324 4724.62632325391 4829.47865334209 Inf 4364.88796029062 361.951290878205 -Inf 3655.47646601156 3769.53106670984 3901.02871681477 4120.75552452304 4364.88796029062 4609.02039605821 4828.74720376648 4960.24485387141 5074.29945456969 Inf
"45" 61.1111111111111 4179.28767456086 332.741111013064 -Inf 3527.12708079941 3631.97725127516 3752.86278282101 3954.85720571369 4179.28767456086 4403.71814340802 4605.7125663007 4726.59809784656 4831.44826832231 Inf 4360.92125511781 361.94371616162 -Inf 3651.52460701045 3765.57682083708 3897.07171903186 4116.79392841892 4360.92125511781 4605.04858181671 4824.77079120377 4956.26568939855 5070.31790322518 Inf
"46" 61.8181818181818 4176.63717451023 332.714761962972 -Inf 3524.52822393799 3629.37009155514 3750.24605043678 3952.22447782728 4176.63717451023 4401.04987119318 4603.02829858368 4723.90425746532 4828.74612508247 Inf 4365.54540387092 361.915220417675 -Inf 3656.20460639541 3770.24784091797 3901.73238655023 4121.43729725925 4365.54540387092 4609.6535104826 4829.35842119161 4960.84296682388 5074.88620134644 Inf
"47" 62.5252525252525 4172.9189814682 332.671938428435 -Inf 3520.89396348134 3625.72233695921 3746.58273796248 3948.53516882036 4172.9189814682 4397.30279411604 4599.25522497392 4720.11562597719 4824.94399945506 Inf 4368.7658393308 361.869006967116 -Inf 3659.51561855398 3773.54429073961 3905.01204693002 4124.68890321784 4368.7658393308 4612.84277544375 4832.51963173158 4963.98738792199 5078.01606010762 Inf
"48" 63.2323232323232 4168.91289864035 332.659467609541 -Inf 3516.91232300938 3621.73676680305 3742.59263713211 3944.53749743203 4168.91289864035 4393.28829984867 4595.23316014859 4716.08903047765 4820.91347427132 Inf 4360.18144352988 361.85550667784 -Inf 3650.95768283382 3764.98210093848 3896.44495244596 4116.11361322367 4360.18144352988 4604.2492738361 4823.9179346138 4955.38078612129 5069.40520422594 Inf
"49" 63.9393939393939 4155.11523838331 332.680819872538 -Inf 3503.07281308588 3607.90398519878 3728.767612849 3930.72543529245 4155.11523838331 4379.50504147417 4581.46286391762 4702.32649156784 4807.15766368074 Inf 4334.88390644708 361.878512724076 -Inf 3625.61505472897 3739.64672227708 3871.11793192859 4090.80055879849 4334.88390644708 4578.96725409567 4798.64988096557 4930.12109061708 5044.15275816519 Inf
"50" 64.6464646464646 4131.54209437811 332.686274135032 -Inf 3479.48897892263 3584.32186973013 3705.18747892516 3907.14861244311 4131.54209437811 4355.93557631311 4557.89670983106 4678.76231902609 4783.59520983359 Inf 4302.91161456828 361.884283119082 -Inf 3593.63145308378 3707.66493894313 3839.13824499104 4058.8243748474 4302.91161456828 4546.99885428916 4766.68498414553 4898.15829019344 5012.19177605278 Inf
"51" 65.3535353535354 4112.37620455758 332.626398295741 -Inf 3460.44044359065 3565.25446690103 3686.09832308021 3888.02310826246 4112.37620455758 4336.7293008527 4538.65408603495 4659.49794221414 4764.31196552451 Inf 4280.05846575554 361.819565072544 -Inf 3570.90514931141 3684.91824184396 3816.36803569215 4036.0148776937 4280.05846575554 4524.10205381738 4743.74889581893 4875.19868966712 4989.21178219967 Inf
"52" 66.0606060606061 4102.60795869605 332.571128466017 -Inf 3450.78052460482 3555.57713181938 3676.4009083555 3878.29214133458 4102.60795869605 4326.92377605753 4528.81500903661 4649.63878557272 4754.43539278729 Inf 4267.78692479576 361.760074707811 -Inf 3558.75020732393 3672.74455382638 3804.17273470244 4023.78346237518 4267.78692479576 4511.79038721635 4731.40111488909 4862.82929576514 4976.82364226759 Inf
"53" 66.7676767676768 4088.85281161704 332.581994226401 -Inf 3437.00408102678 3541.80411215499 3662.63183624425 3864.52966541156 4088.85281161704 4313.17595782252 4515.07378698983 4635.90151107909 4740.70154220729 Inf 4254.02794937378 361.771440291438 -Inf 3544.96895576738 3658.96688368295 3790.39919369896 4010.01682098353 4254.02794937378 4498.03907776403 4717.6567050486 4849.08901506461 4963.08694298018 Inf
"54" 67.4747474747475 4062.85351248994 332.579064751964 -Inf 3411.01052356408 3515.80963158455 3636.63629138971 3838.53234218495 4062.85351248994 4287.17468279494 4489.07073359018 4609.89739339534 4714.69650141581 Inf 4233.67374021853 361.768458200854 -Inf 3524.62059140227 3638.61757963022 3770.04880624657 3989.66462321782 4233.67374021853 4477.68285721925 4697.29867419049 4828.72990080685 4942.72688903479 Inf
"55" 68.1818181818182 4037.54672083934 332.563087390814 -Inf 3385.73504696589 3490.52912035438 3611.34997555129 3813.23632710067 4037.54672083934 4261.857114578 4463.74346612738 4584.5643213243 4689.35839471278 Inf 4214.11820095917 361.751128305564 -Inf 3505.09901811354 3619.09054551198 3750.51547614165 3970.1207727952 4214.11820095917 4458.11562912314 4677.72092577669 4809.14585640636 4923.1373838048 Inf
"56" 68.8888888888889 4027.43581471721 332.564684758928 -Inf 3375.62101005979 3480.41558679551 3601.23702231956 3803.12434357012 4027.43581471721 4251.7472858643 4453.63460711486 4574.4560426389 4679.25061937462 Inf 4198.79892316739 361.752921925976 -Inf 3489.77622489035 3603.76831747716 3735.19389973282 3954.80028522484 4198.79892316739 4442.79756110994 4662.40394660196 4793.82952885762 4907.82162144443 Inf
"57" 69.5959595959596 4025.23029795325 332.583658507356 -Inf 3373.37830543226 3478.17886099263 3599.00718971859 3800.90602920732 4025.23029795325 4249.55456669917 4451.4534061879 4572.28173491386 4677.08229047423 Inf 4180.53954763277 361.7733639817 -Inf 3471.47678366274 3585.47531775303 3716.90832664968 3936.52712173315 4180.53954763277 4424.55197353238 4644.17076861585 4775.6037775125 4889.6023116028 Inf
"58" 70.3030303030303 4011.82138409126 332.60755636015 -Inf 3359.92255263949 3464.7306386608 3585.56764952595 3787.48099648858 4011.82138409126 4236.16177169395 4438.07511865658 4558.91212952172 4663.72021554304 Inf 4156.11774462371 361.799243269453 -Inf 3447.00425818173 3561.01094710365 3692.45335799889 3912.08786340976 4156.11774462371 4400.14762583765 4619.78213124852 4751.22454214376 4865.23123106568 Inf
"59" 71.010101010101 3982.41288027179 332.61722316632 -Inf 3330.49510222808 3435.30623436014 3556.14675719589 3758.06597250742 3982.41288027179 4206.75978803616 4408.67900334769 4529.51952618344 4634.3306583155 Inf 4133.22491324532 361.809620122304 -Inf 3424.09108854549 3538.10104732122 3669.54722814849 3889.18803295049 4133.22491324532 4377.26179354016 4596.90259834216 4728.34877916943 4842.35873794516 Inf
"60" 71.7171717171717 3949.52629396534 332.597278989829 -Inf 3297.64760578925 3402.45245330473 3523.28573038005 3725.19283834359 3949.52629396534 4173.85974958708 4375.76685755063 4496.60013462595 4601.40498214142 Inf 4116.18978172857 361.788132003158 -Inf 3407.09807296836 3521.10126061518 3652.53963476446 3872.16739494985 4116.18978172857 4360.21216850729 4579.83992869267 4711.27830284196 4825.28149048878 Inf
"61" 72.4242424242424 3923.04782454711 332.592148077112 -Inf 3271.17919277516 3375.98242348689 3496.81383649104 3698.7178296734 3923.04782454711 4147.37781942082 4349.28181260317 4470.11322560733 4574.91645631906 Inf 4097.89041921477 361.782726346073 -Inf 3388.80930534776 3502.81078961604 3634.24719987897 3853.87167849635 4097.89041921477 4341.90915993319 4561.53363855058 4692.9700488135 4806.97153308179 Inf
"62" 73.1313131313131 3899.96752668491 332.656280743548 -Inf 3247.97319719651 3352.7966367757 3473.65134930977 3675.59427498504 3899.96752668491 4124.34077838479 4326.28370406005 4447.13841659412 4551.96185617331 Inf 4073.87932305496 361.852015045876 -Inf 3364.6624058318 3478.68572368705 3610.14730667745 3829.81384781872 4073.87932305496 4317.9447982912 4537.61133943247 4669.07292242287 4783.09624027812 Inf
"63" 73.8383838383838 3875.65904880092 332.76778851392 -Inf 3223.44616809859 3328.30474493118 3449.19996846809 3651.21058625286 3875.65904880092 4100.10751134897 4302.11812913375 4423.01335267066 4527.87192950324 Inf 4051.97444496147 361.972555568477 -Inf 3342.52127265533 3456.58257407776 3588.0879496885 3807.82766637825 4051.97444496147 4296.12122354469 4515.86094023443 4647.36631584517 4761.4276172676 Inf
"64" 74.5454545454545 3854.33643638443 332.85622097496 -Inf 3201.9502312434 3306.83667406041 3427.76402529271 3629.82832704782 3854.33643638443 4078.84454572104 4280.90884747615 4401.83619870845 4506.72264152546 Inf 4037.83429273081 362.068068530217 -Inf 3328.19391845961 3442.28531700557 3573.8253926722 3793.62309163389 4037.83429273081 4282.04549382774 4501.84319278942 4633.38326845605 4747.47466700202 Inf
"65" 75.2525252525253 3841.41110242555 332.933401155005 -Inf 3188.87362691131 3293.78439000245 3414.73978095326 3616.85093584857 3841.41110242555 4065.97126900252 4268.08242389783 4389.03781484864 4493.94857793978 Inf 4022.7531536381 362.152089109658 -Inf 3312.94810205723 3427.06597635803 3558.63657687437 3778.48528152154 4022.7531536381 4267.02102575467 4486.86973040183 4618.44033091818 4732.55820521897 Inf
"66" 75.959595959596 3832.11759046353 333.069474248223 -Inf 3179.31341658733 3284.26705771952 3405.27188430561 3607.46564397991 3832.11759046353 4056.76953694716 4258.96329662146 4379.96812320754 4484.92176433974 Inf 3998.72945379631 362.298601257844 -Inf 3288.6372436817 3402.8012854779 3534.4251141597 3754.36276073752 3998.72945379631 4243.0961468551 4463.03379343292 4594.65762211472 4708.82166391092 Inf
"67" 76.6666666666667 3817.1084237179 333.254512585128 -Inf 3163.9415813656 3268.95352999431 3390.02558138963 3592.33167077264 3817.1084237179 4041.88517666316 4244.19126604618 4365.2633174415 4470.2752660702 Inf 3975.8037378003 362.499550025225 -Inf 3265.31767533888 3379.54503817303 3511.24187195626 3731.3015068576 3975.8037378003 4220.30596874301 4440.36560364434 4572.06243742757 4686.28980026172 Inf
"68" 77.3737373737374 3797.08599779073 333.536695732132 -Inf 3143.36608663326 3248.46695409433 3369.64152320865 3572.11891520514 3797.08599779073 4022.05308037633 4224.53047237282 4345.70504148714 4450.80590894821 Inf 3967.01607110603 362.803296630504 -Inf 3255.93467623783 3370.25775277339 3502.06493832446 3722.3089661914 3967.01607110603 4211.72317602065 4431.96720388759 4563.77438943866 4678.09746597422 Inf
"69" 78.0808080808081 3782.59118699574 333.719319396713 -Inf 3128.51334003296 3233.67175410228 3354.9126707704 3557.50092662024 3782.59118699574 4007.68144737123 4210.26970322107 4331.5106198892 4436.66903395851 Inf 3960.58277081855 363.001179008213 -Inf 3249.11353361687 3363.49896493923 3495.37804156603 3715.74219626841 3960.58277081855 4205.42334536868 4425.78750007106 4557.66657669786 4672.05200802022 Inf
"70" 78.7878787878788 3779.26552104107 334.068718186735 -Inf 3124.50286503361 3229.77137828059 3351.13923224938 3553.93959476298 3779.26552104107 4004.59144731917 4207.39180983276 4328.75966380155 4434.02817704853 Inf 3928.01404639335 363.380937591201 -Inf 3215.8004960462 3330.30559323144 3462.32263693428 3682.91732857144 3928.01404639335 4173.11076421526 4393.70545585242 4525.72249955526 4640.2275967405 Inf
"71" 79.4949494949495 3781.85540415003 335.296823599423 -Inf 3124.68570576448 3230.34120774721 3352.15523494406 3555.70113335891 3781.85540415003 4008.00967494114 4211.555573356 4333.36960055285 4439.02510253558 Inf 3865.01100898704 364.703985464249 -Inf 3150.20433245889 3265.12633573251 3397.62404545497 3619.02190893574 3865.01100898704 4111.00010903833 4332.3979725191 4464.89568224156 4579.81768551519 Inf
"72" 80.2020202020202 3781.04652622487 337.63320298604 -Inf 3119.29760838733 3225.68932771404 3348.35216635828 3553.31639148492 3781.04652622487 4008.77666096483 4213.74088609147 4336.4037247357 4442.79544406241 Inf 3803.57294126864 367.232272934537 -Inf 3083.81091235616 3199.52960519863 3332.94584697088 3555.87853723308 3803.57294126864 4051.26734530419 4274.2000355664 4407.61627733865 4523.33497018112 Inf
"73" 80.9090909090909 3760.33658214609 342.480923756565 -Inf 3089.08630619121 3197.00559254341 3321.4296181367 3529.3367094346 3760.33658214609 3991.33645485758 4199.24354615547 4323.66757174876 4431.58685810096 Inf 3763.28661085319 372.454435816224 -Inf 3033.28933077121 3150.65358122671 3285.96704553888 3512.06991148008 3763.28661085319 4014.5033102263 4240.6061761675 4375.91964047967 4493.28389093517 Inf
"74" 81.6161616161616 3677.98886482137 368.627613302922 -Inf 2955.49201904069 3071.65039808559 3205.57356989004 3429.3533180093 3677.98886482137 3926.62441163344 4150.4041597527 4284.32733155715 4400.48571060206 Inf 3694.89740778714 400.673008128314 -Inf 2909.59274227832 3035.84895714572 3181.41428694883 3424.64757062436 3694.89740778714 3965.14724494992 4208.38052862544 4353.94585842855 4480.20207329596 Inf
"75" 82.3232323232323 3466.29710934978 501.680109983277 -Inf 2483.02216202246 2641.10676087437 2823.36817899812 3127.91901728882 3466.29710934978 3804.67520141074 4109.22603970144 4291.48745782519 4449.5720566771 Inf 3492.37169025755 540.492687072056 -Inf 2433.02548968904 2603.34033358633 2799.70244097495 3127.81491277151 3492.37169025755 3856.92846774359 4185.04093954015 4381.40304692877 4551.71789082606 Inf
"76" 83.030303030303 3071.08383712075 811.964022539447 -Inf 1479.66359620116 1735.52186969263 2030.51007286943 2523.42242638991 3071.08383712075 3618.74524785158 4111.65760137206 4406.64580454886 4662.50407804033 Inf 3074.74347981083 862.298757500582 -Inf 1384.66897119606 1656.38824102025 1969.6631571688 2493.13180626987 3074.74347981083 3656.35515335179 4179.82380245287 4493.09871860141 4764.81798842561 Inf
"77" 83.7373737373737 2502.67663737549 1233.3419919516 -Inf 85.3707525294549 474.009588642337 922.085276738012 1670.80010531771 2502.67663737549 3334.55316943326 4083.26799801296 4531.34368610863 4919.98252222152 Inf 2459.73387274961 1296.45328903795 -Inf -81.2678814032711 327.25797810237 798.262130527576 1585.28941768551 2459.73387274961 3334.1783278137 4121.20561497164 4592.20976739685 5000.73562690249 Inf
"78" 84.4444444444444 1846.92130352219 1649.19209658944 -Inf -1385.43580938121 -865.758298092647 -266.603409745784 734.55813826823 1846.92130352219 2959.28446877615 3960.44601679017 4559.60090513703 5079.27841642559 Inf 1761.05069696281 1722.46720939254 -Inf -1614.92299799777 -1072.15573971148 -446.379851833434 599.264219178699 1761.05069696281 2922.83717474693 3968.48124575906 4594.25713363711 5137.0243919234 Inf
"79" 85.1515151515152 1222.67753074064 1971.14507683949 -Inf -2640.6958281682 -2019.56759814634 -1303.44652839855 -106.839619737068 1222.67753074064 2552.19468121834 3748.80158987982 4464.92265962761 5086.05088964948 Inf 1119.01455093511 2050.50573843536 -Inf -2899.9028464909 -2253.7672500151 -1508.81428831492 -264.030552357791 1119.01455093511 2502.059654228 3746.84339018513 4491.79635188531 5137.93194836112 Inf
"80" 85.8585858585859 722.435379630996 2170.32227862596 -Inf -3531.3181213208 -2847.42709202051 -2058.94453427843 -741.424751924421 722.435379630996 2186.29551118641 3503.81529354043 4292.29785128249 4976.18888058279 Inf 628.134719138461 2252.40482296018 -Inf -3786.49761246781 -3076.74152327058 -2258.43820796637 -891.0892472404 628.134719138461 2147.35868551732 3514.70764624329 4333.0109615475 5042.76705074473 Inf
"81" 86.5656565656566 380.093880421683 2268.71499445698 -Inf -4066.50579989999 -3351.61020673007 -2527.38137249917 -1150.13112945571 380.093880421683 1910.31889029908 3287.56913334254 4111.79796757344 4826.69356074335 Inf 310.449009612236 2351.65281616982 -Inf -4298.7058142228 -3557.67565439534 -2703.31533856757 -1275.71671091406 310.449009612236 1896.61473013853 3324.21335779204 4178.57367361981 4919.60383344727 Inf
"82" 87.2727272727273 177.913193148584 2307.27759761081 -Inf -4344.2678005047 -3617.22073166544 -2778.98202421554 -1378.32189729695 177.913193148584 1734.14828359412 3134.8084105127 3973.0471179626 4700.09418680187 Inf 134.613038419611 2390.37044804468 -Inf -4550.42694945684 -3797.1964628043 -2928.7699515036 -1477.66732795814 134.613038419611 1746.89340479737 3197.99602834282 4066.42253964352 4819.65302629606 Inf
"83" 87.979797979798 74.0736357318667 2319.20697555384 -Inf -4471.48850904773 -3740.68236965903 -2898.10969461112 -1490.20769786246 74.0736357318667 1638.35496932619 3046.25696607485 3888.82964112276 4619.63578051147 Inf 50.930784897504 2402.29681834384 -Inf -4657.48445923157 -3900.49584976934 -3027.73646355385 -1569.39379600407 50.930784897504 1671.25536579908 3129.59803334886 4002.35741956434 4759.34602902658 Inf
"84" 88.6868686868687 27.4313112620322 2322.11763760608 -Inf -4523.83562631111 -3792.11230716231 -2948.48218259076 -1538.8132340528 27.4313112620322 1593.67585657687 3003.34480511483 3846.97492968637 4578.69824883517 Inf 16.6546586159687 2405.19570218634 -Inf -4697.44229343978 -3939.54021565333 -3065.72765896208 -1605.62518972439 16.6546586159687 1638.93450695632 3099.03697619402 3972.84953288526 4730.75161067172 Inf
"85" 89.3939393939394 9.0340413617344 2322.67948333778 -Inf -4543.33409361042 -3811.43373105219 -2967.59948676812 -1557.58946314033 9.0340413617344 1575.6575458638 2985.66756949159 3829.50181377565 4561.40217633388 Inf 4.62192980563238 2405.75341505889 -Inf -4710.56811939404 -3952.49030050488 -3078.47512557736 -1618.03409015081 4.62192980563238 1627.27794976208 3087.71898518863 3961.73416011614 4719.8119790053 Inf
"86" 90.1010101010101 2.64438489621163 2322.76568888728 -Inf -4549.89270984823 -3817.96518302847 -2974.09962009057 -1564.0372643654 2.64438489621163 1569.32603415782 2979.38838988299 3823.25395282089 4555.18147964065 Inf 1.04587153335469 2405.83873898992 -Inf -4714.31140949814 -3956.20670415457 -3082.16053086702 -1621.66769854001 1.04587153335469 1623.75944160672 3084.25227393373 3958.29844722128 4716.40315256485 Inf
"87" 90.8080808080808 0.687149641857012 2322.77625184985 -Inf -4551.87064812878 -3819.93979281011 -2976.07039232614 -1566.00162422974 0.687149641857012 1567.37592351345 2977.44469160985 3821.31409209383 4553.2449474125 Inf 0.172212417596493 2405.84916754848 -Inf -4715.20550821309 -3957.0975167227 -3083.04755471833 -1622.54839161163 0.172212417596493 1622.89281644682 3083.39197955352 3957.44194155789 4715.54993304828 Inf
"88" 91.5151515151515 0.158168219959594 2322.77728968663 -Inf -4552.4016636734 -3820.47048132161 -2976.60070378939 -1566.53130566191 0.158168219959594 1566.84764210183 2976.91704022931 3820.78681776153 4552.71800011332 Inf 0.0101530080734007 2405.85018991403 -Inf -4715.36957142227 -3957.26125777391 -3083.21092434203 -1622.71114059624 0.0101530080734007 1622.73144661238 3083.23123035817 3957.28156379005 4715.38987743842 Inf
"89" 92.2222222222222 0.0321317307184264 2322.777371725 -Inf -4552.52786095488 -3820.59665275195 -2976.72684541502 -1566.65739748519 0.0321317307184264 1566.72166094662 2976.79110887646 3820.66091621338 4552.59212441631 Inf -0.00593559328784769 2405.85027057202 -Inf -4715.38581811039 -3957.27747904586 -3083.22711631076 -1622.72728360059 -0.00593559328784769 1622.71541241401 3083.21524512419 3957.26560785928 4715.37394692382 Inf
"90" 92.9292929292929 0.0057255951615846 2322.77737695664 -Inf -4552.55427734427 -3820.62306749279 -2976.7532582552 -1566.68380714943 0.0057255951615846 1566.69525833975 2976.76470944552 3820.63451868311 4552.56572853459 Inf -0.00305260436641978 2405.85027570677 -Inf -4715.3829451854 -3957.27460450285 -3083.22423990229 -1622.724404075 -0.00305260436641978 1622.71829886627 3083.21813469356 3957.26849929411 4715.37683997666 Inf
"91" 93.6363636363636 0.000885378764330588 2322.77737722639 -Inf -4552.55911808937 -3820.6279081529 -2976.7580988173 -1566.68864754778 0.000885378764330588 1566.6904183053 2976.75986957483 3820.62967891042 4552.5608888469 Inf -0.000932565176053508 2405.85027597112 -Inf -4715.38082566433 -3957.27248489848 -3083.22212020188 -1622.72228421411 -0.000932565176053508 1622.72041908376 3083.22025507153 3957.27061976813 4715.37896053398 Inf
"92" 94.3434343434343 0.000116439860366456 2322.77737723766 -Inf -4552.55988705036 -3820.62867711033 -2976.75886777064 -1566.68941649428 0.000116439860366456 1566.689649374 2976.75910065037 3820.62890999005 4552.56011993008 Inf -0.000222125478569651 2405.85027598215 -Inf -4715.38011524624 -3957.27177447692 -3083.22140977631 -1622.72157378185 -0.000222125478569651 1622.7211295309 3083.22096552536 3957.27133022596 4715.37967099528 Inf
"93" 95.0505050505051 1.24626519424976e-05 2322.77737723804 -Inf -4552.55999102832 -3820.62878108817 -2976.75897174834 -1566.68952047174 1.24626519424976e-05 1566.68954539705 2976.75899667365 3820.62880601347 4552.56001595362 Inf -4.42972873577277e-05 2405.85027598252 -Inf -4715.37993741878 -3957.27159664934 -3083.2212319486 -1622.72139595391 -4.42972873577277e-05 1622.72130735934 3083.22114335403 3957.27150805477 4715.37984882421 Inf
"94" 95.7575757575758 9.54367174545723e-07 2322.77737723805 -Inf -4552.56000253662 -3820.62879259647 -2976.75898325664 -1566.68953198004 9.54367174545723e-07 1566.68953388877 2976.75898516538 3820.6287945052 4552.56000444536 Inf -7.61878802030148e-06 2405.85027598253 -Inf -4715.3799007403 -3957.27155997086 -3083.22119527012 -1622.72135927542 -7.61878802030148e-06 1622.72134403785 3083.22118003254 3957.27154473328 4715.37988550273 Inf
"95" 96.4646464646465 1.99163090548903e-08 2322.77737723805 -Inf -4552.56000347107 -3820.62879353092 -2976.75898419109 -1566.68953291449 1.99163090548903e-08 1566.68953295432 2976.75898423092 3820.62879357075 4552.56000351091 Inf -1.14751596803844e-06 2405.85027598253 -Inf -4715.37989426903 -3957.27155349959 -3083.22118879884 -1622.72135280415 -1.14751596803844e-06 1622.72135050912 3083.22118650381 3957.27155120456 4715.379891974 Inf
"96" 97.1717171717172 -9.31478859555198e-09 2322.77737723805 -Inf -4552.5600035003 -3820.62879356015 -2976.75898422032 -1566.68953294372 -9.31478859555198e-09 1566.68953292509 2976.75898420169 3820.62879354152 4552.56000348167 Inf -1.5271628458599e-07 2405.85027598253 -Inf -4715.37989327423 -3957.27155250479 -3083.22118780404 -1622.72135180935 -1.5271628458599e-07 1622.72135150392 3083.22118749861 3957.27155219935 4715.3798929688 Inf
"97" 97.8787878787879 -2.16493013421117e-09 2322.77737723805 -Inf -4552.56000349315 -3820.62879355301 -2976.75898421317 -1566.68953293657 -2.16493013421117e-09 1566.68953293224 2976.75898420884 3820.62879354867 4552.56000348882 Inf -1.80614673171001e-08 2405.85027598253 -Inf -4715.37989313958 -3957.27155237014 -3083.22118766939 -1622.7213516747 -1.80614673171001e-08 1622.72135163857 3083.22118763327 3957.27155233401 4715.37989310345 Inf
"98" 98.5858585858586 -3.14812448182484e-10 2322.77737723805 -Inf -4552.5600034913 -3820.62879355116 -2976.75898421132 -1566.68953293472 -3.14812448182484e-10 1566.68953293409 2976.75898421069 3820.62879355052 4552.56000349067 Inf -1.90570205838767e-09 2405.85027598253 -Inf -4715.37989312342 -3957.27155235398 -3083.22118765323 -1622.72135165854 -1.90570205838767e-09 1622.72135165473 3083.22118764942 3957.27155235017 4715.37989311961 Inf
"99" 99.2929292929293 -3.61061861569179e-11 2322.77737723805 -Inf -4552.56000349103 -3820.62879355088 -2976.75898421104 -1566.68953293444 -3.61061861569179e-11 1566.68953293437 2976.75898421097 3820.6287935508 4552.56000349095 Inf -1.79886937337865e-10 2405.85027598253 -Inf -4715.3798931217 -3957.27155235225 -3083.22118765151 -1622.72135165681 -1.79886937337865e-10 1622.72135165645 3083.22118765115 3957.27155235189 4715.37989312134 Inf
"100" 100 -3.48426050301273e-12 2322.77737723805 -Inf -4552.56000349099 -3820.62879355084 -2976.75898421101 -1566.68953293441 -3.48426050301273e-12 1566.6895329344 2976.758984211 3820.62879355083 4552.56000349099 Inf -1.52223437633239e-11 2405.85027598253 -Inf -4715.37989312153 -3957.27155235209 -3083.22118765134 -1622.72135165665 -1.52223437633239e-11 1622.72135165662 3083.22118765131 3957.27155235206 4715.3798931215 Inf
