"mid_age" "mean_left" "std_left" "min_left" "l.q2.5" "l.q5" "l.q10" "l.q25" "l.q50" "l.q75" "l.q90" "l.q95" "l.q97.5" "max_left" "mean_right" "std_right" "min_right" "r.q2.5" "r.q5" "r.q10" "r.q25" "r.q50" "r.q75" "r.q90" "r.q95" "r.q97.5" "max_right"
"1" 55.7567336583753 4264.06011057679 334.676969334749 -Inf 3608.10530422567 3713.5654837094 3835.15431657412 4038.32392513381 4264.06011057679 4489.79629601977 4692.96590457946 4814.55473744418 4920.01491692791 Inf 4476.04277120444 366.06174966016 -Inf 3758.57492575281 3873.92477458772 4006.91576284146 4229.13787311981 4476.04277120444 4722.94766928906 4945.16977956741 5078.16076782115 5193.51061665607 Inf
"2" 56.1284317472278 4261.40054259383 334.671318307373 -Inf 3605.45681205284 3710.91521083932 3832.50199067414 4035.6681687109 4261.40054259383 4487.13291647677 4690.29909451352 4811.88587434835 4917.34427313482 Inf 4484.17916016066 366.054916134265 -Inf 3766.72470817367 3882.0724036938 4015.06090931349 4237.27887121921 4484.17916016066 4731.07944910211 4953.29741100782 5086.28591662752 5201.63361214765 Inf
"3" 56.4951233348559 4266.59579921642 334.685241689494 -Inf 3610.62477934793 3716.08756553632 3837.67940376457 4040.85403415496 4266.59579921642 4492.33756427788 4695.51219466826 4817.10403289651 4922.56681908491 Inf 4492.54191369672 366.069662644342 -Inf 3775.05855908108 3890.41090137927 4023.40476443648 4245.63167838537 4492.54191369672 4739.45214900807 4961.67906295696 5094.67292601417 5210.02526831236 Inf
"4" 56.8572192999664 4276.11283261022 334.690965234754 -Inf 3620.13059479916 3725.59518453595 3847.18910213999 4050.36720707615 4276.11283261022 4501.8584581443 4705.03656308046 4826.6304806845 4932.09507042129 Inf 4497.82833229145 366.076227716378 -Inf 3780.33211037106 3895.68652139145 4028.68276955286 4250.9136689063 4497.82833229145 4744.74299567659 4966.97389503004 5099.97014319145 5215.32455421183 Inf
"5" 57.2147622049191 4284.20064627473 334.685824943524 -Inf 3628.22848324934 3733.69145322713 3855.28350335277 4058.4584878144 4284.20064627473 4509.94280473506 4713.11778919669 4834.70983932233 4940.17280930011 Inf 4497.27104048342 366.071038736527 -Inf 3779.78498877666 3895.13776469575 4028.13212769009 4250.359877012 4497.27104048342 4744.18220395484 4966.40995327676 5099.40431627109 5214.75709219018 Inf
"6" 57.5675107857103 4285.55025327402 334.677313091935 -Inf 3629.59477317119 3735.05506097637 3856.64401872879 4059.81383597034 4285.55025327402 4511.28667057769 4714.45648781925 4836.04544557166 4941.50573337684 Inf 4489.64508216324 366.061597549794 -Inf 3772.17753484245 3887.52733574581 4020.51826873755 4242.7402866755 4489.64508216324 4736.54987765098 4958.77189558894 5091.76282858067 5207.11262948404 Inf
"7" 57.9151986661868 4277.52441865716 334.662383810815 -Inf 3621.59819940764 3727.05378284171 3848.63731675552 4051.79807100058 4277.52441865716 4503.25076631374 4706.4115205588 4827.9950544726 4933.45063790668 Inf 4475.64024940722 366.044884096479 -Inf 3758.20545985298 3873.5499941741 4006.53485513379 4228.74672697243 4475.64024940722 4722.53377184201 4944.74564368065 5077.73050464034 5193.07503896146 Inf
"8" 58.2575439375291 4261.01001558851 334.632517483291 -Inf 3605.14233326529 3710.58850551022 3832.16118892567 4035.30381246372 4261.01001558851 4486.7162187133 4689.85884225136 4811.43152566681 4916.87769791173 Inf 4457.48481565067 366.012338450658 -Inf 3740.11381439009 3855.44809324111 3988.42113030059 4210.6132449204 4457.48481565067 4704.35638638094 4926.54850100075 5059.52153806022 5174.85581691124 Inf
"9" 58.5941882301688 4239.73755561722 334.590661051341 -Inf 3583.95191039314 3689.38489324283 3810.94237013027 4014.05958422676 4239.73755561722 4465.41552700768 4668.53274110417 4790.09021799161 4895.5232008413 Inf 4438.07368280793 365.9672664528 -Inf 3720.79102103987 3836.11109723753 3969.06775954727 4191.23251267824 4438.07368280793 4684.91485293762 4907.0796060686 5040.03626837834 5155.35634457599 Inf
"10" 58.9248220204693 4218.58376337472 334.551654723573 -Inf 3562.87456914823 3668.29526070003 3789.83856650818 3992.93210135253 4218.58376337472 4444.2354253969 4647.32896024125 4768.8722660494 4874.2929576012 Inf 4420.007608812 365.925226743217 -Inf 3702.80734336064 3818.11417241038 3951.05556160697 4173.19479403552 4420.007608812 4666.82042358848 4888.95965601703 5021.90104521362 5137.20787426336 Inf
"11" 59.2492803869324 4201.73039781766 334.525861761393 -Inf 3546.07175686811 3651.48432079037 3773.01825596219 3976.09613288409 4201.73039781766 4427.36466275123 4630.44253967313 4751.97647484496 4857.38903876722 Inf 4404.93998710384 365.897039156036 -Inf 3687.79496830817 3803.09291515723 3936.02406374529 4158.146184566 4404.93998710384 4651.73378964168 4873.8559104624 5006.78705905045 5122.08500589952 Inf
"12" 59.5674833284437 4191.44251572549 334.508873886622 -Inf 3535.81717039866 3641.22438126563 3762.75214470753 3965.81970893933 4191.44251572549 4417.06532251165 4620.13288674345 4741.66065018535 4847.06786105232 Inf 4393.41689998202 365.878121876267 -Inf 3676.30895837338 3791.60094419165 3924.52522009297 4146.63585695548 4393.41689998202 4640.19794300855 4862.30857987107 4995.23285577239 5110.52484159066 Inf
"13" 59.8794160885488 4187.76315215683 334.489234216705 -Inf 3532.1762998757 3637.57732207926 3759.09795038859 3962.15359212672 4187.76315215683 4413.37271218693 4616.42835392506 4737.94898223439 4843.35000443795 Inf 4385.12474129358 365.856553798253 -Inf 3668.05907234107 3783.34426183456 3916.26070200868 4138.3582457146 4385.12474129358 4631.89123687257 4853.98878057849 4986.90522075261 5102.1904102461 Inf
"14" 60.1851786358541 4189.00148477692 334.462675464864 -Inf 3533.46668669288 3638.85933995864 3760.37031941869 3963.40983835271 4189.00148477692 4414.59313120113 4617.63265013515 4739.14362959519 4844.53628286096 Inf 4379.32809891668 365.827907598097 -Inf 3662.31857548477 3777.59473826388 3910.50077121444 4132.58092490609 4379.32809891668 4626.07527292728 4848.15542661893 4981.06145956948 5096.3376223486 Inf
"15" 60.484845264185 4192.63429051315 334.436106371216 -Inf 3537.15156689576 3642.53584796493 3764.03717481848 3967.06056467028 4192.63429051315 4418.20801635602 4621.23140620783 4742.73273306138 4848.11701413054 Inf 4375.27356929753 365.799401394091 -Inf 3658.3199169988 3773.58709717778 3906.48277376565 4128.54562242935 4375.27356929753 4622.0015161657 4844.0643648294 4976.96004141727 5092.22722159626 Inf
"16" 60.7785745396072 4196.20725703587 334.418837444125 -Inf 3540.75837989363 3646.137219345 3767.63227236174 3970.64517890731 4196.20725703587 4421.76933516442 4624.78224170999 4746.27729472673 4851.65613417811 Inf 4372.40619059477 365.780737839329 -Inf 3655.4891181912 3770.75041729077 3903.63931337072 4125.69083210299 4372.40619059477 4619.12154908656 4841.17306781883 4974.06196389878 5089.32326299835 Inf
"17" 61.0665280999678 4197.95304140404 334.412214050884 -Inf 3542.51714587401 3647.89389822557 3769.38654494989 3972.39543068634 4197.95304140404 4423.51065212174 4626.51953785819 4748.01218458251 4853.38893693407 Inf 4370.38324375172 365.773269015089 -Inf 3653.48080997467 3768.73975557035 3901.62593821107 4123.67292290533 4370.38324375172 4617.09356459811 4839.14054929237 4972.02673193309 5087.28567752878 Inf
"18" 61.3488566332122 4197.02550865164 334.408097244928 -Inf 3541.59768191301 3646.97313701638 3768.46428809661 3971.47067467736 4197.02550865164 4422.58034262591 4625.58672920667 4747.0778802869 4852.45333539026 Inf 4368.94725643972 365.768403255572 -Inf 3652.05435937607 3767.31177172054 3900.19618662079 4122.24021749825 4368.94725643972 4615.65429538119 4837.69832625865 4970.5827411589 5085.84015350337 Inf
"19" 61.6258293159676 4193.40315424905 334.3962152603 -Inf 3537.99861577236 3643.3703267393 3764.85716107002 3967.85633455161 4193.40315424905 4418.94997394649 4621.94914742808 4743.4359817588 4848.80769272574 Inf 4367.76654107647 365.755308125586 -Inf 3650.89930999597 3766.15259592934 3899.03225334187 4121.06833466595 4367.76654107647 4614.46474748698 4836.50082881106 4969.38048622359 5084.63377215697 Inf
"20" 61.8977218584266 4187.60227777967 334.372487069579 -Inf 3532.24424570221 3637.60847967049 3759.08669350061 3962.07146250367 4187.60227777967 4413.13309305567 4616.11786205873 4737.59607588885 4842.96030985713 Inf 4366.33800672493 365.729659928986 -Inf 3649.52104518604 3764.76624910701 3897.63658847684 4119.65709976013 4366.33800672493 4613.01891368973 4835.03942497302 4967.90976434285 5083.15496826383 Inf
"21" 62.1648229592366 4180.35485199776 334.3413411976 -Inf 3525.05786470765 3630.41228428907 3751.87918275969 3954.84504429317 4180.35485199776 4405.86465970235 4608.83052123583 4730.29741970645 4835.65183928787 Inf 4363.99714605968 365.696110453146 -Inf 3647.24594028513 3762.48057241877 3895.33872319488 4117.33886787246 4363.99714605968 4610.6554242469 4832.65556892448 4965.51371970058 5080.74835183423 Inf
"22" 62.4274375822752 4172.35777908075 334.311443846666 -Inf 3517.1193895217 3622.46438813818 3743.92042483958 3946.86813683292 4172.35777908075 4397.84742132858 4600.79513332192 4722.25117002332 4827.5961686398 Inf 4360.03188398844 365.663820387078 -Inf 3643.34396558044 3758.56842277982 3891.41484250836 4113.39538511981 4360.03188398844 4606.66838285706 4828.64892546851 4961.49534519705 5076.71980239643 Inf
"23" 62.6859336658556 4164.14064257522 334.289395235778 -Inf 3508.94546749942 3614.28351837024 3735.73154476585 3938.66587188944 4164.14064257522 4389.615413261 4592.54974038459 4713.99776678021 4819.33581765102 Inf 4353.85568192677 365.639822521594 -Inf 3637.21479847083 3752.43169369424 3885.26939494878 4107.23536937244 4353.85568192677 4600.4759944811 4822.44196890477 4955.27967015931 5070.49656538272 Inf
"24" 62.9406627772532 4156.05200985773 334.276334851932 -Inf 3500.88243266389 3606.21636807248 3727.65964960372 3930.58604826699 4156.05200985773 4381.51797144847 4584.44437011173 4705.88765164297 4811.22158705157 Inf 4345.18360028613 365.625414687553 -Inf 3628.57095566601 3743.78331083167 3876.61577769041 4098.57300566819 4345.18360028613 4591.79419490408 4813.75142288186 4946.58388974059 5061.79624490626 Inf
"25" 63.1919334569771 4148.31912351605 334.269045898029 -Inf 3493.16383240934 3598.49547099307 3719.93610443233 3922.85807825 4148.31912351605 4373.78016878209 4576.70214259977 4698.14277603903 4803.47441462275 Inf 4334.1572876771 365.617281603757 -Inf 3617.56058360829 3732.77037595502 3865.59988804764 4087.55217874081 4334.1572876771 4580.76239661338 4802.71468730655 4935.54419939917 5050.7539917459 Inf
"26" 63.4400057607534 4141.1310258874 334.263638581503 -Inf 3485.98633292634 3591.31626760862 3712.75493655864 3915.67362780093 4141.1310258874 4366.58842397387 4569.50711521616 4690.94578416618 4796.27571884846 Inf 4321.38138878822 365.611347371326 -Inf 3604.79631560126 3720.00423800988 3852.83159418363 4074.78028243088 4321.38138878822 4567.98249514556 4789.93118339282 4922.75853956656 5037.96646197518 Inf
"27" 63.6850334412977 4134.70391094774 334.258553096283 -Inf 3479.56918535455 3584.89751754776 3706.33433893052 3909.24994296892 4134.70391094774 4360.15787892655 4563.07348296495 4684.51030434771 4789.83863654092 Inf 4307.86100230713 365.60593437046 -Inf 3591.28653840692 3706.4927551229 3839.31814474227 4061.2635469634 4307.86100230713 4554.45845765087 4776.40385987199 4909.22924949137 5024.43546620735 Inf
"28" 63.9270690095175 4129.2985256127 334.254806506551 -Inf 3474.17114320045 3579.49829480443 3700.93375504342 3903.84708467025 4129.2985256127 4354.74996655514 4557.66329618198 4679.09875642096 4784.42590802494 Inf 4294.84416017363 365.6020346222 -Inf 3578.27733963955 3693.48232750446 3826.30630033725 4048.24933517012 4294.84416017363 4541.43898517713 4763.38202001 4896.20599284279 5011.4109807077 Inf
"29" 64.166040014732 4125.18652284561 334.253778831887 -Inf 3470.06115463869 3575.38798241174 3696.8230692944 3899.73577505919 4125.18652284561 4350.63727063202 4553.54997639681 4674.98506327947 4780.31189105252 Inf 4283.60358974948 365.600995663289 -Inf 3567.03880553745 3682.24346601565 3815.06706139253 4037.00946551311 4283.60358974948 4530.19771398585 4752.14011810643 4884.96371348331 5000.16837396151 Inf
"30" 64.4017672929223 4122.57789341577 334.254606797852 -Inf 3467.45090242538 3572.77799109908 3694.21337878349 3897.1265871748 4122.57789341577 4348.02919965674 4550.94240804805 4672.37779573245 4777.70488440616 Inf 4275.20082846694 365.601795469207 -Inf 3558.63447666412 3673.83938916945 3806.66327511746 4028.60616476968 4275.20082846694 4521.79549216421 4743.73838181642 4876.56226776444 4991.76718026977 Inf
"31" 64.6339784945013 4121.53877852786 334.253350067813 -Inf 3466.41425068309 3571.74094334814 3693.17587445993 3896.08831993842 4121.53877852786 4346.9892371173 4549.90168259579 4671.33661370758 4776.66330637263 Inf 4270.28872095486 365.600189164032 -Inf 3553.72551745233 3668.92992379426 3801.75322616829 4023.69514069397 4270.28872095486 4516.88230121575 4738.82421574143 4871.64751811546 4986.85192445739 Inf
"32" 64.8623723914679 4121.93145034532 334.244644513352 -Inf 3466.82398507375 3572.14793452843 3693.57970289433 3896.48686356313 4121.93145034532 4347.37603712751 4550.2831977963 4671.71496616221 4777.03891561688 Inf 4268.99751391247 365.590475499331 -Inf 3552.45334884291 3667.65469430848 3800.47446768811 4022.41048541886 4268.99751391247 4515.58454240608 4737.52056013683 4870.34033351646 4985.54167898203 Inf
"33" 65.0866810222659 4123.40181495528 334.224722191705 -Inf 3468.33339671663 3573.6510684414 3695.07559898679 3897.97066557484 4123.40181495528 4348.83296433571 4551.72803092376 4673.15256146915 4778.47023319392 Inf 4270.93251176238 365.568695447058 -Inf 3554.43103481086 3669.62551715637 3802.43737779811 4024.36017369079 4270.93251176238 4517.50484983398 4739.42764572666 4872.23950636839 4987.43398871391 Inf
"34" 65.3067590841814 4125.42075430713 334.193795997048 -Inf 3470.41295029618 3575.7208768567 3697.13417185181 3900.010464328 4125.42075430713 4350.83104428625 4553.70733676244 4675.12063175755 4780.42855831807 Inf 4275.27608904136 365.535144604653 -Inf 3558.8403705326 3674.02428066017 3806.8239522117 4028.72638066908 4275.27608904136 4521.82579741364 4743.72822587103 4876.52789742256 4991.71180755012 Inf
"35" 65.522671213931 4127.36572783204 334.156386519377 -Inf 3472.43124505001 3577.72738349664 3699.1270875514 3901.98067016216 4127.36572783204 4352.75078550192 4555.60436811267 4677.00407216743 4782.30021061406 Inf 4280.95807174172 365.494699317752 -Inf 3564.60162453863 3679.77278993738 3812.5577676328 4034.4356433009 4280.95807174172 4527.48050018254 4749.35837585064 4882.14335354606 4997.31451894481 Inf
"36" 65.7346332364142 4128.61517764123 334.119608067584 -Inf 3473.75277930013 3579.03732847566 3700.42367084307 3903.25492666012 4128.61517764123 4353.97542862235 4556.8066844394 4678.1930268068 4783.47757598234 Inf 4286.83818870154 365.45498302015 -Inf 3570.55958401134 3685.71823439335 3818.48878307599 4040.34254849636 4286.83818870154 4533.33382890671 4755.18759432708 4887.95814300972 5003.11679339173 Inf
"37" 65.9430791321005 4128.63431177173 334.090465849669 -Inf 3473.82903112817 3579.10439728899 3700.48015222856 3903.29371691789 4128.63431177173 4353.97490662557 4556.7884713149 4678.16422625446 4783.43959241529 Inf 4291.86473213908 365.423489973118 -Inf 3575.64785268683 3690.79657928353 3823.55568647726 4045.39033367133 4291.86473213908 4538.33913060683 4760.1737778009 4892.93288499463 5008.08161159132 Inf
"38" 66.148539857369 4127.03616485241 334.073531915485 -Inf 3472.26407410997 3577.53410421274 3698.90370701911 3901.70699176361 4127.03616485241 4352.36533794121 4555.16862268571 4676.53822549208 4781.80825559485 Inf 4295.18086802186 365.405116010167 -Inf 3579.00000087526 3694.14293764592 3826.89536954103 4048.7188626038 4295.18086802186 4541.64287343993 4763.4663665027 4896.21879839781 5011.36173516847 Inf
"39" 66.3516772498567 4123.61595817777 334.0697938219 -Inf 3468.85119396412 3574.12004615489 3695.48829090415 3898.28930639478 4123.61595817777 4348.94260996076 4551.74362545139 4673.11187020065 4778.38072239142 Inf 4296.18508476091 365.400934838222 -Inf 3580.01241256073 3695.1540318008 3827.90494466753 4049.72589950046 4296.18508476091 4542.64427002136 4764.4652248543 4897.21613772102 5012.35775696109 Inf
"40" 66.5532102654758 4118.36072851614 334.076890042308 -Inf 3463.58205596607 3568.85314424938 3690.22396707015 3893.02929040522 4118.36072851614 4343.69216662706 4546.49748996213 4667.8683127829 4773.13940106621 Inf 4294.54777334767 365.408444866443 -Inf 3578.36038176265 3693.5043674904 3826.25800876586 4048.08352265016 4294.54777334767 4541.01202404517 4762.83753792948 4895.59117920493 5010.73516493269 Inf
"41" 66.7538267656835 4111.44232736497 334.090355519624 -Inf 3456.63726296433 3561.91259435901 3683.28830921545 3886.10180692762 4111.44232736497 4336.78284780232 4539.5963455145 4660.97206037093 4766.24739176562 Inf 4290.20178803138 365.422887637318 -Inf 3573.98608913561 3689.13462593006 3821.89351429395 4043.72779583296 4290.20178803138 4536.67578022981 4758.51006176882 4891.2689501327 5006.41748692715 Inf
"42" 66.9541938032103 4103.19344164836 334.105310116614 -Inf 3448.35906677621 3553.6391105193 3675.02025841165 3877.84283448862 4103.19344164836 4328.5440488081 4531.36662488507 4652.74777277742 4758.02781652051 Inf 4283.31449818905 365.439038805992 -Inf 3567.06714358438 3682.22076977936 3814.98552589612 4036.8296121929 4283.31449818905 4529.7993841852 4751.64347048199 4884.40822659875 4999.56185279373 Inf
"43" 67.1549254383639 4094.07074453882 334.117987743684 -Inf 3439.2115219742 3544.49556056889 3665.88131426929 3868.71158644956 4094.07074453882 4319.42990262807 4522.26017480835 4643.64592850874 4748.92996710343 Inf 4274.2457983296 365.452836488178 -Inf 3557.97140076476 3673.12937475231 3805.89914359546 4027.75160593824 4274.2457983296 4520.73999072096 4742.59245306374 4875.36222190688 4990.52019589443 Inf
"44" 67.3564609144645 4084.61039374621 334.126631207542 -Inf 3429.73423030373 3535.02099254341 3656.40988643204 3859.24540572918 4084.61039374621 4309.97538176325 4512.81090106038 4634.19979494902 4739.48655718869 Inf 4263.50161044166 365.462343478793 -Inf 3547.20857951762 3662.36954925639 3795.14277200882 4017.00100568258 4263.50161044166 4510.00221520075 4731.86044887451 4864.63367162694 4979.79464136571 Inf
"45" 67.5591235099079 4075.36349685594 334.131544547844 -Inf 3420.47770344343 3525.76601392752 3647.15669284282 3849.99519484123 4075.36349685594 4300.73179887065 4503.57030086907 4624.96097978436 4730.24929026845 Inf 4251.67109903978 365.467821852918 -Inf 3535.36733069976 3650.53002673095 3783.305239788 4005.1667991735 4251.67109903978 4498.17539890606 4720.03695829156 4852.81217134861 4967.9748673798 Inf
"46" 67.7631690462452 4066.82418553456 334.134359631855 -Inf 3411.93287465877 3517.22207220499 3638.61377384611 3841.45398477454 4066.82418553456 4292.19438629457 4495.034597223 4616.42629886412 4721.71549641035 Inf 4239.35574466805 365.470972586239 -Inf 3523.04580100419 3638.20948986409 3770.98584758904 3992.84931966443 4239.35574466805 4485.86216967166 4707.72564174705 4840.501999472 4955.6656883319 Inf
"47" 67.9687424262936 4059.36459244296 334.13691506099 -Inf 3404.4682730181 3509.75827580652 3631.15090584031 3833.99266807219 4059.36459244296 4284.73651681374 4487.57827904562 4608.97090907941 4714.26091186782 Inf 4227.10646057456 365.47375467788 -Inf 3510.79106411129 3625.95562963708 3758.73299810166 3980.59815907865 4227.10646057456 4473.61476207047 4695.47992304746 4828.25729151204 4943.42185703783 Inf
"48" 68.17603173774 4053.17715814536 334.140320154208 -Inf 3398.27416486042 3503.56524062898 3624.95910774016 3827.80293707411 4053.17715814536 4278.55137921661 4481.39520855055 4602.78907566173 4708.08015143029 Inf 4215.36244714161 365.477386775353 -Inf 3499.03993189811 3614.20564193543 3746.98432994851 3968.85169583319 4215.36244714161 4461.87319845004 4683.74056433472 4816.5192523478 4931.68496238512 Inf
"49" 68.385224096598 4048.25164701602 334.144666887876 -Inf 3393.34013428965 3498.63257975901 3620.02802604749 3822.87449411747 4048.25164701602 4273.62879991458 4476.47526798456 4597.87071427304 4703.1631597424 Inf 4204.42559791787 365.482024147422 -Inf 3488.09399359212 3603.26116491341 3736.04153769333 3957.91171874951 4204.42559791787 4450.93947708622 4672.8096581424 4805.59003092232 4920.75720224361 Inf
"50" 68.5965409071682 4044.38040658661 334.149510661916 -Inf 3389.45940023758 3494.7533720303 3616.15057807187 3818.99998661212 4044.38040658661 4269.76082656111 4472.61023510136 4594.00744114293 4699.30141293565 Inf 4194.45818215883 365.487247936104 -Inf 3478.1163393954 3593.28515678662 3726.06742737973 3947.94077959855 4194.45818215883 4440.97558471911 4662.84893693793 4795.63120753104 4910.80002492226 Inf
"51" 68.8102681292424 4041.19594271708 334.154806666502 -Inf 3386.26455638979 3491.56019700841 3612.95932709937 3815.81195064177 4041.19594271708 4266.57993479239 4469.43255833479 4590.83168842574 4696.12732904437 Inf 4185.50755135944 365.493045838353 -Inf 3469.15434491643 3584.32498928669 3717.10936626964 3938.98623817353 4185.50755135944 4432.02886454536 4653.90573644925 4786.6901134322 4901.86075780246 Inf
"52" 69.0266345799799 4038.23658741569 334.161701692582 -Inf 3383.29168708561 3488.58950039837 3609.99113546651 3812.84794471596 4038.23658741569 4263.62523011542 4466.48203936487 4587.88367443301 4693.18148774577 Inf 4177.55554416258 365.50065200344 -Inf 3461.18742990993 3576.36047106159 3709.14761138 3931.02910069627 4177.55554416258 4424.08198762888 4645.96347694516 4778.75061726357 4893.92365841523 Inf
"53" 69.245801967044 4035.0270421208 334.172585599968 -Inf 3380.06080972424 3485.36205266894 3606.76764188308 3809.6310583371 4035.0270421208 4260.4230259045 4463.28644235853 4584.69203157266 4689.99327451737 Inf 4170.56781720214 365.512609425058 -Inf 3454.17626683377 3569.35307589284 3702.14456036717 3924.03330857752 4170.56781720214 4417.10232582677 4638.99107403712 4771.78255851145 4886.95936757051 Inf
"54" 69.4678161059684 4031.16486017009 334.190109314602 -Inf 3376.16428192397 3481.47104677266 3602.88300238844 3805.75705682048 4031.16486017009 4256.5726635197 4459.44671795174 4580.85867356752 4686.16543841621 Inf 4164.53639572403 365.531731421799 -Inf 3448.10736693074 3563.29020152903 3696.0886330642 3917.9889895086 4164.53639572403 4411.08380193946 4632.98415838387 4765.78258991903 4880.96542451733 Inf
"55" 69.6924895438165 4026.39680457883 334.215418266696 -Inf 3371.34662169812 3476.66136165976 3598.08251207001 3800.97193060045 4026.39680457883 4251.82167855722 4454.71109708766 4576.13224749791 4681.44698745955 Inf 4159.49928102514 365.559216033012 -Inf 3443.01638338374 3558.20787866771 3691.01629541878 3912.93333672116 4159.49928102514 4406.06522532913 4627.98226663151 4760.79068338258 4875.98217866655 Inf
"56" 69.9193933666983 4020.66302753637 334.246444891125 -Inf 3365.55203358921 3470.87655036157 3592.30897280843 3795.21722641783 4020.66302753637 4246.10882865491 4449.01708226431 4570.44950471117 4675.77402148353 Inf 4155.51980114705 365.592811103727 -Inf 3438.97105837699 3554.1731398157 3686.99376172521 3908.93119731221 4155.51980114705 4402.10840498188 4624.04584056888 4756.8664624784 4872.06854391711 Inf
"57" 70.1479287247958 4014.09024052438 334.277376664 -Inf 3358.91862141641 3464.25288511077 3585.69654513449 3788.62357624207 4014.09024052438 4239.55690480668 4442.48393591427 4563.92759593798 4669.26185963235 Inf 4152.62728953478 365.626236344575 -Inf 3436.01303449649 3551.22564857479 3684.05841394321 3906.0161407176 4152.62728953478 4399.23843835197 4621.19616512635 4754.02893049477 4869.24154457308 Inf
"58" 70.3773387008686 4006.93234315478 334.299994208463 -Inf 3351.71639447424 3457.05778519113 3578.50966221537 3781.45042357056 4006.93234315478 4232.414262739 4435.35502409419 4556.80690111843 4662.14829183532 Inf 4150.7367837116 365.650622293511 -Inf 3434.07473309166 3549.29503143505 3682.13665626899 3904.1091868218 4150.7367837116 4397.36438060139 4619.3369111542 4752.17853598814 4867.39883433154 Inf
"59" 70.6067634265748 3999.47220859444 334.306614505968 -Inf 3344.24328436922 3449.58676121043 3571.0410434024 3773.98582368741 3999.47220859444 4224.95859350146 4427.90337378648 4549.35765597845 4654.70113281965 Inf 4149.57591643932 365.657688377801 -Inf 3432.90001654866 3548.1225414884 3680.96673344533 3902.9435535481 4149.57591643932 4396.20827933054 4618.18509943331 4751.02929139024 4866.25181632998 Inf
"60" 70.8354615723458 3991.91278409277 334.293315810873 -Inf 3336.70992483099 3442.04921111562 3563.49866186425 3766.43536901927 3991.91278409277 4217.39019916627 4420.32690632129 4541.77635706992 4647.11564335456 Inf 4148.65536718544 365.643225607845 -Inf 3432.00781380301 3547.22578137414 3680.06471897693 3902.03275928432 4148.65536718544 4395.27797508657 4617.24601539396 4750.08495299674 4865.30292056787 Inf
"61" 71.0628342605315 3984.3062855623 334.261778260926 -Inf 3329.16523876257 3434.49458723857 3555.93258033029 3758.85014224299 3984.3062855623 4209.76242888161 4412.67999079431 4534.11798388603 4639.44733236203 Inf 4147.30625064583 365.609075585429 -Inf 3430.72563007741 3545.93283662276 3678.75936745201 3900.70667658479 4147.30625064583 4393.90582470687 4615.85313383965 4748.6796646689 4863.88687121425 Inf
"62" 71.2885850174562 3976.53359909334 334.218854279696 -Inf 3321.47668175089 3426.79250443581 3548.21490315667 3751.1064075594 3976.53359909334 4201.96079062727 4404.85229503 4526.27469375086 4631.59051643578 Inf 4144.77659182591 365.562649621615 -Inf 3428.2869644745 3543.4795417178 3676.28920589869 3898.2083316016 4144.77659182591 4391.34485205021 4613.26397775312 4746.07364193401 4861.26621917731 Inf
"63" 71.5127373520904 3968.3423301861 334.174225460255 -Inf 3313.37288372243 3418.6746434041 3540.08082838285 3742.94524033344 3968.3423301861 4193.73942003875 4396.60383198934 4518.0100169681 4623.31177664977 Inf 4140.3604818643 365.514388449475 -Inf 3423.96544467215 3539.14281432023 3671.9349451178 3893.82477330594 4140.3604818643 4386.89619042266 4608.7860186108 4741.57814940837 4856.75551905645 Inf
"64" 71.7357308355468 3959.41704095622 334.13738474536 -Inf 3304.51980096691 3409.80995175773 3531.20275242882 3734.04479978815 3959.41704095622 4184.78928212429 4387.63132948361 4509.0241301547 4614.31428094552 Inf 4133.5226082952 365.47451559727 -Inf 3417.20572045733 3532.3705257567 3665.14817066486 3887.01379356696 4133.5226082952 4380.03142302343 4601.89704592553 4734.6746908337 4849.83949613307 Inf
"65" 71.958446642195 3949.46212126691 334.115315100662 -Inf 3294.60813698636 3399.89133340355 3521.27611612723 3724.10476584798 3949.46212126691 4174.81947668584 4377.64812640659 4499.03290913027 4604.31610554746 Inf 4123.99291547118 365.450561778152 -Inf 3407.72297625608 3522.88023345894 3655.64917589524 3877.50025734842 4123.99291547118 4370.48557359395 4592.33665504713 4725.10559748343 4840.26285468629 Inf
"66" 72.1822471687887 3938.27688987073 334.111598534828 -Inf 3283.43018992536 3388.71221521416 3510.09564770181 3712.92204123736 3938.27688987073 4163.6317385041 4366.45813203965 4487.8415645273 4593.1235898161 Inf 4111.82351907736 365.446431724729 -Inf 3395.56167461821 3510.71763039846 3643.48507237784 3865.33364663329 4111.82351907736 4358.31339152142 4580.16196577687 4712.92940775625 4828.0853635365 Inf
"67" 72.40882164784 3925.82988081228 334.126889924128 -Inf 3270.95321029461 3376.24005405857 3497.62904193947 3700.46471829357 3925.82988081228 4151.195043331 4354.0307196851 4475.419707566 4580.70655132995 Inf 4097.43137776609 365.462919537344 -Inf 3381.13721778804 3496.29836904882 3629.07180108451 3850.93038446142 4097.43137776609 4343.93237107077 4565.79095444768 4698.56438648337 4813.72553774415 Inf
"68" 72.6400422209343 3912.33089169717 334.160075629225 -Inf 3257.38917839271 3362.68647931606 3484.08752363204 3686.94334576051 3912.33089169717 4137.71843763383 4340.57425976231 4461.97530407828 4567.27260500164 Inf 4081.63520316173 365.498922123536 -Inf 3365.27047941139 3480.44297545997 3613.22948730944 3835.10992648168 4081.63520316173 4328.16047984177 4550.04091901401 4682.82743086348 4797.99992691207 Inf
"69" 72.8779899894899 3898.29085725617 334.209328709791 -Inf 3243.25260968767 3348.56543076685 3469.98436882853 3672.8700906215 3898.29085725617 4123.71162389084 4326.59734568381 4448.01628374549 4553.32910482467 Inf 4065.66422460052 365.552508971306 -Inf 3349.19447255851 3464.38385437786 3597.18983443959 3819.10280414091 4065.66422460052 4312.22564506013 4534.13861476146 4666.94459482319 4782.13397664254 Inf
"70" 73.1248827251352 3884.57229470595 334.272199139747 -Inf 3229.41082335905 3334.74345556189 3456.18523458037 3659.10912261069 3884.57229470595 4110.03546680122 4312.95935483153 4434.40113385001 4539.73376605286 Inf 4051.12409858355 365.620953150181 -Inf 3334.52019841599 3449.73114770502 3582.56199367803 3804.51651322683 4051.12409858355 4297.73168394027 4519.68620348907 4652.51704946208 4767.72799875111 Inf
