"mid_age" "mean_left" "std_left" "min_left" "l.q2.5" "l.q5" "l.q10" "l.q25" "l.q50" "l.q75" "l.q90" "l.q95" "l.q97.5" "max_left" "mean_right" "std_right" "min_right" "r.q2.5" "r.q5" "r.q10" "r.q25" "r.q50" "r.q75" "r.q90" "r.q95" "r.q97.5" "max_right"
"1" 30 3.61950927608787e-09 2340.12811518719 -Inf -4586.56682497288 -3849.16821779315 -2998.99484958946 -1578.39242783582 3.61950927608787e-09 1578.39242784306 2998.9948495967 3849.16821780038 4586.56682498012 Inf 3.35431469106393e-09 2446.23860495299 -Inf -4794.53956329601 -4023.70444174228 -3134.98091386979 -1649.9628655714 3.35431469106393e-09 1649.96286557811 3134.9809138765 4023.70444174899 4794.53956330272 Inf
"2" 30.7070707070707 3.72802877004053e-08 2340.12811518719 -Inf -4586.56682493922 -3849.16821775949 -2998.9948495558 -1578.39242780216 3.72802877004053e-08 1578.39242787672 2998.99484963036 3849.16821783404 4586.56682501378 Inf 3.46696881686628e-08 2446.23860495299 -Inf -4794.53956326469 -4023.70444171097 -3134.98091383847 -1649.96286554008 3.46696881686628e-08 1649.96286560942 3134.98091390781 4023.7044417803 4794.53956333403 Inf
"3" 31.4141414141414 3.47200100324882e-07 2340.12811518719 -Inf -4586.5668246293 -3849.16821744957 -2998.99484924588 -1578.39242749224 3.47200100324882e-07 1578.39242818664 2998.99484994028 3849.16821814396 4586.5668253237 Inf 3.24042397253968e-07 2446.23860495299 -Inf -4794.53956297532 -4023.70444142159 -3134.9809135491 -1649.96286525071 3.24042397253968e-07 1649.9628658988 3134.98091419719 4023.70444206967 4794.5395636234 Inf
"4" 32.1212121212121 2.92351359335072e-06 2340.12811518719 -Inf -4586.56682205298 -3849.16821487325 -2998.99484666957 -1578.39242491592 2.92351359335072e-06 1578.39243076295 2998.9948525166 3849.16822072028 4586.56682790001 Inf 2.7385042154361e-06 2446.23860495299 -Inf -4794.53956056086 -4023.70443900713 -3134.98091113464 -1649.96286283625 2.7385042154361e-06 1649.96286831326 3134.98091661165 4023.70444448414 4794.53956603787 Inf
"5" 32.8282828282828 2.22536024886137e-05 2340.12811518719 -Inf -4586.56680272289 -3849.16819554316 -2998.99482733948 -1578.39240558583 2.22536024886137e-05 1578.39245009304 2998.99487184668 3849.16824005037 4586.5668472301 Inf 2.0923315873261e-05 2446.23860495299 -Inf -4794.53954237605 -4023.70442082232 -3134.98089294983 -1649.96284465144 2.0923315873261e-05 1649.96288649807 3134.98093479646 4023.70446266895 4794.53958422268 Inf
"6" 33.5353535353535 0.00015310891968978 2340.12811518719 -Inf -4586.56667186757 -3849.16806468784 -2998.99469648416 -1578.39227473051 0.00015310891968978 1578.39258094835 2998.995002702 3849.16837090568 4586.56697808541 Inf 0.000144507095668484 2446.23860495298 -Inf -4794.53941879226 -4023.70429723853 -3134.98076936604 -1649.96272106765 0.000144507095668484 1649.96301008185 3134.98105838023 4023.70458625272 4794.53970780645 Inf
"7" 34.2424242424242 0.000951980940085466 2340.12811518702 -Inf -4586.56587299522 -3849.16726581554 -2998.99389761192 -1578.39147585838 0.000951980940085466 1578.39337982026 2998.9958015738 3849.16916977742 4586.5677769571 Inf 0.000902014495230381 2446.23860495282 -Inf -4794.53866128454 -4023.70353973086 -3134.98001185843 -1649.96196356014 0.000902014495230381 1649.96376758913 3134.98181588742 4023.70534375985 4794.54046531353 Inf
"8" 34.9494949494949 0.00534799863698811 2340.12811518193 -Inf -4586.56147696755 -3849.16286978948 -2998.98950158771 -1578.38707983725 0.00534799863698811 1578.39777583453 2999.00019758498 3849.17356578675 4586.57217296482 Inf 0.00508760262060382 2446.23860494786 -Inf -4794.53447568669 -4023.69935413458 -3134.97582626395 -1649.95777796867 0.00508760262060382 1649.96795317391 3134.98600146919 4023.70952933982 4794.54465089193 Inf
"9" 35.6565656565657 0.0271380927924363 2340.12811505687 -Inf -4586.53968662828 -3849.14107948962 -2998.96771133328 -1578.36528965875 0.0271380927924363 1578.41956584433 2999.02198751886 3849.1953556752 4586.59396281386 Inf 0.0259227041659111 2446.23860482561 -Inf -4794.51364034555 -4023.67851883195 -3134.95499100574 -1649.93694278467 0.0259227041659111 1649.98878819301 3135.00683641407 4023.73036424028 4794.56548575388 Inf
"10" 36.3636363636364 0.12435428466018 2340.12811255874 -Inf -4586.44246554016 -3849.04385918868 -2998.87049193992 -1578.26807178191 0.12435428466018 1578.51678035123 2999.11920050924 3849.292567758 4586.69117410948 Inf 0.119285054947721 2446.23860237776 -Inf -4794.42027319706 -4023.58515245481 -3134.86162551791 -1649.84357878284 0.119285054947721 1650.08214889273 3135.1001956278 4023.8237225647 4794.65884330695 Inf
"11" 37.0707070707071 0.514373979429968 2340.12807207549 -Inf -4586.05236649968 -3848.65377290489 -2998.48042036378 -1577.8780247816 0.514373979429968 1578.90677274046 2999.50916832264 3849.68252086375 4587.08111445854 Inf 0.495537733711023 2446.23856260361 -Inf -4794.0439425624 -4023.2088343534 -3134.48532186652 -1649.46729927682 0.495537733711023 1650.45837474424 3135.47639733395 4024.19990982082 4795.03501802982 Inf
"12" 37.7777777777778 1.91976831422134 2340.12754078402 -Inf -4584.64593085275 -3847.24750467341 -2997.07434515158 -1576.47227209617 1.91976831422134 1580.31180872461 3000.91388178002 3851.08704130185 4588.48546748119 Inf 1.85767632006913 2446.23803909244 -Inf -4792.68077791299 -4021.84583466778 -3133.1225123736 -1648.10480758754 1.85767632006913 1651.82016022768 3136.83786501374 4025.56118730792 4796.39613055313 Inf
"13" 38.4848484848485 6.46179698193925 2340.12190661013 -Inf -4580.09285940713 -3842.69620861433 -2992.52509599949 -1571.92644323591 6.46179698193925 1584.85003719979 3005.44868996337 3855.61980257821 4593.016453371 Inf 6.2813286918173 2446.23246959423 -Inf -4788.24620952534 -4017.41302128671 -3128.6917224027 -1643.67739864634 6.2813286918173 1656.24005602997 3141.25437978633 4029.97567867034 4800.80886690897 Inf
"14" 39.1919191919192 19.6038921901998 2340.07375996709 -Inf -4566.85639851253 -3829.47491922564 -2979.32129838547 -1558.75187361041 19.6038921901998 1597.95965799081 3018.52908276587 3868.68270360604 4606.06418289292 Inf 19.1457643034824 2446.1847073118 -Inf -4775.28816156029 -4004.47002371155 -3115.76607696321 -1630.78074786473 19.1457643034824 1669.07227647169 3154.05760557017 4042.76155231851 4813.57969016725 Inf
"15" 39.8989898989899 53.5715639061552 2339.74336115873 -Inf -4532.24115703165 -3794.96378983142 -2944.93020355941 -1524.56135128474 53.5715639061552 1631.70447909705 3052.07333137172 3902.10691764372 4639.38428484396 Inf 52.5717920708871 2445.85566709243 -Inf -4741.21722681346 -3970.50277294591 -3081.91836718755 -1597.13278584196 52.5717920708871 1702.27636998373 3187.06195132932 4075.64635708768 4846.36081095524 Inf
"16" 40.6060606060606 131.772589933399 2337.93022928828 -Inf -4450.4864578391 -3713.78042727092 -2864.40555554504 -1445.13738639512 131.772589933399 1708.68256626192 3127.95073541184 3977.32560713771 4714.0316377059 Inf 129.953219652069 2444.04221015187 -Inf -4660.28148894127 -3890.13847413873 -3002.21290102515 -1518.52820014195 129.953219652069 1778.43463944608 3262.11934032929 4150.04491344287 4920.18792824541 Inf
"17" 41.3131313131313 291.546807522662 2330.00959374207 -Inf -4275.1880798446 -3540.97792357571 -2694.48063507143 -1280.0207813149 291.546807522662 1863.11439636023 3277.57425011676 4124.07153862103 4858.28169488993 Inf 288.98039067168 2436.08262148993 -Inf -4485.65381081251 -3718.01894483949 -2832.98510669474 -1354.13236815408 288.98039067168 1932.09314949744 3410.9458880381 4295.97972618285 5063.61459215587 Inf
"18" 42.020202020202 579.853893022789 2302.56699184403 -Inf -3933.09448298225 -3207.53177481061 -2371.00444014625 -973.203942115836 579.853893022789 2132.91172816141 3530.71222619183 4367.23956085619 5092.80226902783 Inf 577.739501524014 2408.36348293462 -Inf -4142.56618670928 -3383.66590839847 -2508.70249043129 -1046.67698246192 577.739501524014 2202.15598550995 3664.18149347932 4539.14491144649 5298.0451897573 Inf
"19" 42.7272727272727 1036.36701264667 2227.21682328216 -Inf -3328.89774674807 -2627.07865713633 -1817.92619403785 -465.867906121425 1036.36701264667 2538.60193141476 3890.66021933119 4699.81268242966 5401.63177204141 Inf 1038.10671411024 2331.84190247513 -Inf -3532.21943238238 -2797.4318966534 -1950.26892660927 -534.696748186966 1038.10671411024 2610.91017640745 4026.48235482975 4873.64532487389 5608.43286060287 Inf
"20" 43.4343434343434 1665.03869448179 2062.69672830297 -Inf -2377.77260402064 -1727.79550036829 -978.413526918609 273.770893478443 1665.03869448179 3056.30649548514 4308.49091588219 5057.87288933187 5707.84999298421 Inf 1677.05827822385 2163.84027035405 -Inf -2563.9907199675 -1882.14223861167 -1096.01460783684 217.570194808524 1677.05827822385 3136.54636163917 4450.13116428453 5236.25879505936 5918.1072764152 Inf
"21" 44.1414141414141 2408.35941315937 1775.40878245401 -Inf -1071.3778582866 -511.928161981608 133.081508523799 1210.86438698604 2408.35941315937 3605.85443933271 4683.63731779494 5328.64698830035 5888.09668460534 Inf 2439.84373478582 1868.85840107802 -Inf -1223.05142353221 -634.154784486091 44.8053251031047 1179.31789869086 2439.84373478582 3700.36957088079 4834.88214446854 5513.84225405773 6102.73889310385 Inf
"22" 44.8484848484848 3148.21633727186 1373.41765838486 -Inf 456.367191106192 889.145320558318 1388.11078702214 2221.86020395296 3148.21633727186 4074.57247059075 4908.32188752158 5407.28735398539 5840.06548343752 Inf 3209.30830157808 1453.88257040826 -Inf 359.750825827374 817.884282480527 1346.08281735337 2228.67940984898 3209.30830157808 4189.93719330719 5072.5337858028 5600.73232067564 6058.86577732879 Inf
"23" 45.5555555555556 3748.05475746381 928.989862749491 -Inf 1927.268084472 2220.00241231916 2557.50634448213 3121.46061700321 3748.05475746381 4374.6488979244 4938.60317044548 5276.10710260846 5568.84143045562 Inf 3846.97017752085 992.781466655975 -Inf 1901.15425835629 2213.98998132157 2574.66953468422 3177.34925407677 3846.97017752085 4516.59110096494 5119.27082035748 5479.95037372013 5792.78609668542 Inf
"24" 46.2626262626263 4120.0635791691 565.22614691332 -Inf 3012.24068809865 3190.34930137092 3395.69712570559 3738.82433653324 4120.0635791691 4501.30282180496 4844.43003263261 5049.77785696728 5227.88647023955 Inf 4260.00657339338 613.63132993195 -Inf 3057.31126694134 3250.67285474375 3473.60638185187 3846.11853095509 4260.00657339338 4673.89461583167 5046.40676493488 5269.340292043 5462.70187984542 Inf
"25" 46.969696969697 4271.90190139988 388.215197527844 -Inf 3511.0140959942 3633.34472570852 3774.38410723986 4010.054729797 4271.90190139988 4533.74907300276 4769.41969555989 4910.45907709123 5032.78970680555 Inf 4448.10081197669 427.3038904509 -Inf 3610.60057623907 3745.24845795805 3900.48884220604 4159.88871764865 4448.10081197669 4736.31290630473 4995.71278174734 5150.95316599532 5285.6010477143 Inf
"26" 47.6767676767677 4293.81063616194 350.836774158113 -Inf 3606.18319435982 3716.73549572001 3844.19521898899 4057.17482800043 4293.81063616194 4530.44644432344 4743.42605333489 4870.88577660386 4981.43807796405 Inf 4491.02193839519 386.500821324163 -Inf 3733.49424860468 3855.28466062042 3995.70120574293 4230.33109596967 4491.02193839519 4751.7127808207 4986.34267104744 5126.75921616996 5248.5496281857 Inf
"27" 48.3838383838384 4292.73728318875 340.881617684075 -Inf 3624.62158953621 3732.03691798002 3855.87991238035 4062.81612603059 4292.73728318875 4522.65844034692 4729.59465399716 4853.43764839749 4960.85297684129 Inf 4486.11866981875 375.651257432215 -Inf 3749.85573450442 3868.22733656249 4004.70221275769 4232.74574703245 4486.11866981875 4739.49159260504 4967.5351268798 5104.01000307501 5222.38160513307 Inf
"28" 49.0909090909091 4324.78555108715 335.86570969581 -Inf 3666.50085644137 3772.33562032536 3894.35632501373 4098.24757245499 4324.78555108715 4551.3235297193 4755.21477716056 4877.23548184893 4983.07024573292 Inf 4489.30857041791 370.210407701778 -Inf 3763.70950462054 3880.36663857446 4014.8648428468 4239.60544500715 4489.30857041791 4739.01169582868 4963.75229798903 5098.25050226137 5214.90763621529 Inf
"29" 49.7979797979798 4376.55588990124 334.713726774445 -Inf 3720.52904029214 3826.00080242585 3947.60298934418 4150.79491194194 4376.55588990124 4602.31686786053 4805.50879045829 4927.11097737663 5032.58273951033 Inf 4504.72454522161 368.939148091323 -Inf 3781.61710247573 3897.87364935921 4031.91000239449 4255.87887138794 4504.72454522161 4753.57021905529 4977.53908804874 5111.57544108401 5227.8319879675 Inf
"30" 50.5050505050505 4401.92995428122 334.389139259968 -Inf 3746.53928451033 3851.90876575628 3973.3930293615 4176.38790727348 4401.92995428122 4627.47200128896 4830.46687920094 4951.95114280616 5057.3206240521 Inf 4516.20169983871 368.588342874766 -Inf 3793.78182268286 3909.92782720912 4043.83673198606 4267.59264052792 4516.20169983871 4764.81075914949 4988.56666769135 5122.4755724683 5238.62157699455 Inf
"31" 51.2121212121212 4376.3696496041 334.086331290524 -Inf 3721.57247254755 3826.84653586597 3948.22078871167 4151.03184346803 4376.3696496041 4601.70745574017 4804.51851049652 4925.89276334223 5031.16682666064 Inf 4517.57167272557 368.250674088296 -Inf 3795.81361422992 3911.85321582412 4045.63944483486 4269.19036755022 4517.57167272557 4765.95297790093 4989.50390061629 5123.29012962703 5239.32973122123 Inf
"32" 51.9191919191919 4321.2481460405 333.566857840365 -Inf 3667.46911823719 3772.57949009097 3893.76501716139 4096.26071942206 4321.2481460405 4546.23557265894 4748.73127491961 4869.91680199003 4975.02717384381 Inf 4514.1861315528 367.688665731429 -Inf 3793.52958919561 3909.39209613551 4042.97414635168 4266.18389525368 4514.1861315528 4762.18836785192 4985.39811675392 5118.98016697009 5234.84267390999 Inf
"33" 52.6262626262626 4279.67002722352 333.249562473219 -Inf 3626.51288691228 3731.52327570945 3852.59352871891 4054.89661307801 4279.67002722352 4504.44344136904 4706.74652572813 4827.81677873759 4932.82716753476 Inf 4507.8223961283 367.338062151924 -Inf 3787.85302415979 3903.60505228038 4037.05972749338 4260.05663834993 4507.8223961283 4755.58815390666 4978.58506476322 5112.03973997621 5227.7917680968 Inf
"34" 53.3333333333333 4271.4900479204 333.008111052841 -Inf 3618.80614369711 3723.74044865087 3844.72298186158 4046.8794902831 4271.4900479204 4496.1006055577 4698.25711397921 4819.23964718992 4924.17395214368 Inf 4492.5732732428 367.075524934007 -Inf 3773.11846476601 3888.78776468998 4022.14705959052 4244.98459412697 4492.5732732428 4740.16195235863 4962.99948689508 5096.35878179562 5212.02808171959 Inf
"35" 54.040404040404 4278.53534453883 332.960846438029 -Inf 3625.94407725832 3730.8634886424 3851.82885052112 4053.95666639977 4278.53534453883 4503.11402267789 4705.24183855654 4826.20720043525 4931.12661181934 Inf 4468.59243586272 367.023565281002 -Inf 3749.23946643447 3864.8923933336 3998.23281118509 4221.03880300026 4468.59243586272 4716.14606872518 4938.95206054035 5072.29247839184 5187.94540529097 Inf
"36" 54.7474747474747 4277.07346925587 333.028695887073 -Inf 3624.34921949886 3729.2900109471 3850.28002267051 4052.44902735887 4277.07346925587 4501.69791115287 4703.86691584122 4824.85692756464 4929.79771901287 Inf 4452.76545486576 367.096081578891 -Inf 3733.27035610536 3848.94613364105 3982.31289681305 4205.16291050366 4452.76545486576 4700.36799922787 4923.21801291848 5056.58477609048 5172.26055362617 Inf
"37" 55.4545454545455 4272.2685630638 332.92927934548 -Inf 3619.73916614778 3724.64863041405 3845.60252390296 4047.7111766051 4272.2685630638 4496.82594952249 4698.93460222463 4819.88849571355 4924.79795997981 Inf 4464.92191662052 366.989440856333 -Inf 3745.63582983561 3861.27800377508 3994.60602415275 4217.39130033273 4464.92191662052 4712.45253290831 4935.23780908829 5068.56582946595 5184.20800340542 Inf
"38" 56.1616161616162 4283.88242567458 332.887457023899 -Inf 3631.43499900261 3736.33128462217 3857.26998397544 4059.35324794312 4283.88242567458 4508.41160340604 4710.49486737372 4831.433566727 4936.32985234655 Inf 4499.92264005601 366.942449733125 -Inf 3780.72865418018 3896.35602073002 4029.66696913575 4252.42371879917 4499.92264005601 4747.42156131284 4970.17831097626 5103.489259382 5219.11662593183 Inf
"39" 56.8686868686869 4304.80247289641 332.872957394852 -Inf 3652.38346497516 3757.27518161142 3878.20861321957 4080.28307501612 4304.80247289641 4529.32187077669 4731.39633257324 4852.32976418139 4957.22148081765 Inf 4523.01823884168 366.926978017446 -Inf 3803.85457697136 3919.47706822334 4052.78239572287 4275.52975309849 4523.01823884168 4770.50672458487 4993.25408196049 5126.55940946002 5242.18190071199 Inf
"40" 57.5757575757576 4300.70472336228 332.84449381102 -Inf 3648.34150304022 3753.2242505064 3874.14734123587 4076.20452387755 4300.70472336228 4525.20492284702 4727.2621054887 4848.18519621817 4953.06794368435 Inf 4504.37565339176 366.895927905095 -Inf 3785.27284862337 3900.88555566334 4034.17960259305 4256.9081106311 4504.37565339176 4751.84319615243 4974.57170419048 5107.86575112018 5223.47845816015 Inf
"41" 58.2828282828283 4258.49788604457 332.823952429855 -Inf 3606.17492608978 3711.051200754 3831.96682875735 4034.01154151089 4258.49788604457 4482.98423057826 4685.02894333179 4805.94457133514 4910.82084599936 Inf 4454.42563296624 366.872873416752 -Inf 3735.36801416468 3850.97345649659 3984.25912768315 4206.97364022165 4454.42563296624 4701.87762571082 4924.59213824932 5057.87780943589 5173.4832517678 Inf
"42" 58.989898989899 4210.43880940755 332.767951525247 -Inf 3558.2256092089 3663.08423740804 3783.9795201673 3985.99023691002 4210.43880940755 4434.88738190508 4636.8980986478 4757.79338140706 4862.6520096062 Inf 4411.41892668608 366.812267764103 -Inf 3692.48009278098 3808.066437644 3941.33009067203 4164.00781183301 4411.41892668608 4658.83004153915 4881.50776270013 5014.77141572816 5130.35776059119 Inf
"43" 59.6969696969697 4193.12725177928 332.714462366073 -Inf 3541.01888840617 3645.86066161724 3766.73651165471 3968.71475717137 4193.12725177928 4417.5397463872 4619.51799190385 4740.39384194132 4845.23561515239 Inf 4395.17125041403 366.752977520818 -Inf 3676.3486232504 3791.91628514366 3925.15839790408 4147.80012622235 4395.17125041403 4642.54237460572 4865.18410292398 4998.4262156844 5113.99387757766 Inf
"44" 60.4040404040404 4201.17302574368 332.646619708174 -Inf 3549.19763153667 3654.01802682354 3774.86922948355 3976.80629031314 4201.17302574368 4425.53976117422 4627.47682200381 4748.32802466382 4853.14841995069 Inf 4390.54335541499 366.679304371732 -Inf 3671.8651249702 3787.40957169111 3920.6249188446 4143.22192300723 4390.54335541499 4637.86478782276 4860.46179198539 4993.67713913888 5109.22158585979 Inf
"45" 61.1111111111111 4202.49766183212 332.62126676765 -Inf 3550.57195847544 3655.38436478816 3776.22635667261 3978.14802670011 4202.49766183212 4426.84729696414 4628.76896699163 4749.61095887608 4854.42336518881 Inf 4379.30904030016 366.651142591833 -Inf 3660.6860059297 3776.22157858208 3909.42669450288 4132.00660272428 4379.30904030016 4626.61147787603 4849.19138609744 4982.39650201823 5097.93207467061 Inf
"46" 61.8181818181818 4185.20271339535 332.553574042452 -Inf 3533.40968534207 3638.20076097595 3759.01815995379 3960.89873631264 4185.20271339535 4409.50669047806 4611.3872668369 4732.20466581475 4836.99574144863 Inf 4365.43641699393 366.576564738148 -Inf 3646.95955253074 3762.47162492897 3895.64964656179 4118.18428141596 4365.43641699393 4612.6885525719 4835.22318742606 4968.40120905888 5083.91328145711 Inf
"47" 62.5252525252525 4164.41149596532 332.434932552344 -Inf 3512.85100095972 3617.60469143123 3738.37898771115 3940.18754135164 4164.41149596532 4388.635450579 4590.44400421949 4711.21830049941 4815.97199097092 Inf 4356.29605160382 366.447659483299 -Inf 3638.07183679756 3753.54328981484 3886.67447990285 4109.13086129899 4356.29605160382 4603.46124190865 4825.9176233048 4959.0488133928 5074.52026641009 Inf
"48" 63.2323232323232 4151.18179930275 332.411671850098 -Inf 3499.66689443581 3604.41325521911 3725.17910083795 3926.97353379431 4151.18179930275 4375.39006481118 4577.18449776754 4697.95034338638 4802.69670416968 Inf 4340.88135765416 366.421319972157 -Inf 3622.70876734111 3738.17192050561 3871.29354139492 4093.73393307962 4340.88135765416 4588.0287822287 4810.4691739134 4943.59079480271 5059.05394796722 Inf
"49" 63.9393939393939 4141.2303797063 332.409274853998 -Inf 3489.72017286539 3594.46577833039 3715.23075311561 3917.02373094717 4141.2303797063 4365.43702846543 4567.23000629699 4687.99498108221 4792.74058654721 Inf 4308.99062656061 366.419149444014 -Inf 3590.82229040454 3706.28475961315 3839.40559194511 4061.84466598505 4308.99062656061 4556.13658713616 4778.57566117611 4911.69649350807 5027.15896271668 Inf
"50" 64.6464646464646 4132.61769377073 332.416465143688 -Inf 3481.09339422098 3585.84126542074 3706.60885245303 3908.4061952349 4132.61769377073 4356.82919230656 4558.62653508842 4679.39412212071 4784.14199332047 Inf 4277.52014043646 366.426664188832 -Inf 3559.3370756512 3674.80191283373 3807.92547528798 4030.36911124255 4277.52014043646 4524.67116963037 4747.11480558495 4880.23836803919 4995.70320522173 Inf
"51" 65.3535353535354 4129.70122989052 332.353907916656 -Inf 3478.29954025273 3583.02769902231 3703.77255888506 3905.53192556312 4129.70122989052 4353.87053421792 4555.62990089598 4676.37476075873 4781.10291952831 Inf 4271.54563422157 366.357752726789 -Inf 3553.49763342003 3668.94075588712 3802.03928266515 4024.44108510248 4271.54563422157 4518.65018334066 4741.05198577799 4874.15051255602 4989.59363502311 Inf
"52" 66.0606060606061 4126.58452864847 332.223160585802 -Inf 3475.43909907023 3580.12605800163 3700.82341708956 3902.5034120556 4126.58452864847 4350.66564524134 4552.34564020738 4673.0429992953 4777.7299582267 Inf 4285.09954091373 366.21554101949 -Inf 3567.33026993668 3682.72858002183 3815.77544099344 4038.09091213358 4285.09954091373 4532.10816969389 4754.42364083402 4887.47050180564 5002.86881189078 Inf
"53" 66.7676767676768 4108.40723891911 332.217427830561 -Inf 3457.27304533467 3561.95819781552 3682.65347418165 3884.32998901089 4108.40723891911 4332.48448882733 4534.16100365656 4654.85628002269 4759.54143250354 Inf 4285.02926369592 366.208672912295 -Inf 3567.27345396161 3682.66959983505 3815.71396560916 4038.02526738367 4285.02926369592 4532.03326000817 4754.34456178268 4887.38892755679 5002.78507343023 Inf
"54" 67.4747474747475 4075.0125433725 332.26222290369 -Inf 3423.79055305805 3528.48982093041 3649.20137143895 3850.90507964659 4075.0125433725 4299.1200070984 4500.82371530605 4621.53526581459 4726.23453368695 Inf 4253.57930979898 366.257755280118 -Inf 3535.72730039146 3651.13891262737 3784.20111012689 4006.54220793271 4253.57930979898 4500.61641166524 4722.95750947106 4856.01970697058 4971.43131920649 Inf
"55" 68.1818181818182 4045.43986670568 332.263883678812 -Inf 3394.21462133181 3498.91441253161 3619.62656640317 3821.33128280398 4045.43986670568 4269.54845060738 4471.25316700819 4591.96532087976 4696.66511207956 Inf 4206.9528194791 366.259588743087 -Inf 3489.0972165502 3604.50940652928 3737.57227012967 3959.91448096085 4206.9528194791 4453.99115799734 4676.33336882852 4809.39623242892 4924.808422408 Inf
"56" 68.8888888888889 4032.21944489895 332.259525715994 -Inf 3381.00274097525 3485.70115893582 3606.41172955051 3808.1138003985 4032.21944489895 4256.3250893994 4458.02716024739 4578.73773086208 4683.43614882266 Inf 4170.38780634451 366.25498959957 -Inf 3452.54121757126 3567.95195831258 3701.01315103466 3923.35256990143 4170.38780634451 4417.42304278759 4639.76246165436 4772.82365437644 4888.23439511776 Inf
"57" 69.5959595959596 4026.03853190497 332.315751607616 -Inf 3374.71162725868 3479.42776258007 3600.15876017709 3801.89496361692 4026.03853190497 4250.18210019301 4451.91830363284 4572.64930122986 4677.36543655125 Inf 4152.83922435505 366.316620827992 -Inf 3434.87184059377 3550.30200197352 3683.38558544793 3905.7624182801 4152.83922435505 4399.91603042999 4622.29286326217 4755.37644673658 4870.80660811633 Inf
"58" 70.3030303030303 4011.79930988736 332.418177464586 -Inf 3360.27165425033 3465.02006502014 3585.78827414214 3787.58665640864 4011.79930988736 4236.01196336609 4437.81034563258 4558.57855475458 4663.32696552439 Inf 4148.17181793176 366.428293527797 -Inf 3429.98555970081 3545.45091030493 3678.57506470138 3901.01968976543 4148.17181793176 4395.3239460981 4617.76857116215 4750.8927255586 4866.35807616272 Inf
"59" 71.010101010101 3985.8009818767 332.390462229875 -Inf 3334.32764710152 3439.06732451381 3559.82546463391 3761.60702203971 3985.8009818767 4209.99494171368 4411.77649911948 4532.53463923958 4637.27431665187 Inf 4143.86854937469 366.397739007011 -Inf 3425.74217690404 3541.19789946219 3674.31095333825 3896.73702991944 4143.86854937469 4391.00006882994 4613.42614541113 4746.53919928719 4861.99492184534 Inf
"60" 71.7171717171717 3951.05971009794 332.238667332003 -Inf 3299.88388785563 3404.57573312337 3525.27872584416 3726.96813436369 3951.05971009794 4175.15128583218 4376.84069435172 4497.5436870725 4602.23553234025 Inf 4125.26070821996 366.232390970658 -Inf 3407.45841194548 3522.86203162477 3655.91501421838 3878.24071432045 4125.26070821996 4372.28070211948 4594.60640222155 4727.65938481516 4843.06300449445 Inf
"61" 72.4242424242424 3910.55022615617 332.218786657601 -Inf 3259.41336931968 3364.098949981 3484.7947200118 3686.47205973304 3910.55022615617 4134.62839257931 4336.30573230055 4457.00150233135 4561.68708299267 Inf 4088.16307991232 366.210531195064 -Inf 3370.40362801071 3485.80035944829 3618.84540034036 3841.15783020738 4088.16307991232 4335.16832961725 4557.48075948427 4690.52580037634 4805.92253181392 Inf
"62" 73.1313131313131 3874.34501249082 332.403899197971 -Inf 3222.84534174211 3327.58925328222 3448.35227508053 3650.14198955658 3874.34501249082 4098.54803542506 4300.33774990111 4421.10077169941 4525.84468323952 Inf 4051.83460384207 366.413136982055 -Inf 3333.6780518949 3449.13862651447 3582.25727450661 3804.69269861048 4051.83460384207 4298.97650907366 4521.41193317753 4654.53058116967 4769.99115578924 Inf
"63" 73.8383838383838 3859.90295870489 332.60518514186 -Inf 3208.00877475557 3312.81611358143 3433.65226297809 3635.56417046463 3859.90295870489 4084.24174694514 4286.15365443169 4406.98980382834 4511.79714265421 Inf 4041.89182166966 366.632735863652 -Inf 3323.30486382351 3438.83463632519 3572.03306504369 3794.60179924327 4041.89182166966 4289.18184409604 4511.75057829562 4644.94900701412 4760.4787795158 Inf
"64" 74.5454545454545 3871.3543747287 332.667973390952 -Inf 3219.33712807251 3324.164252126 3445.02321262298 3646.973236458 3871.3543747287 4095.7355129994 4297.68553683442 4418.5444973314 4523.3716213849 Inf 4053.7627946044 366.702671542217 -Inf 3335.03876534703 3450.59057530539 3583.81441180008 3806.42560127965 4053.7627946044 4301.09998792914 4523.71117740871 4656.93501390341 4772.48682386176 Inf
"65" 75.2525252525253 3885.96351020781 332.877897219207 -Inf 3233.53482040874 3338.42809363482 3459.36331989134 3661.44078046663 3885.96351020781 4110.48623994899 4312.56370052428 4433.4989267808 4538.39220000688 Inf 4052.23117743791 366.93274366955 -Inf 3333.05621509713 3448.6805231658 3581.98794533862 3804.73880282147 4052.23117743791 4299.72355205435 4522.4744095372 4655.78183171003 4771.4061397787 Inf
"66" 75.959595959596 3875.39212720764 333.204784029515 -Inf 3222.32275103334 3327.31902967911 3448.37301458766 3650.64891566343 3875.39212720764 4100.13533875185 4302.41123982762 4423.46522473617 4528.46150338194 Inf 4019.09370717867 367.287972075036 -Inf 3299.22250995684 3414.95875417539 3548.3952315602 3771.36173464375 4019.09370717867 4266.82567971358 4489.79218279713 4623.22866018194 4738.96490440049 Inf
"67" 76.6666666666667 3838.7108769734 333.408188211012 -Inf 3185.24283592906 3290.30320933919 3411.43109140619 3613.83047139362 3838.7108769734 4063.59128255317 4265.99066254061 4387.1185446076 4492.17891801773 Inf 3982.31640352448 367.515201992377 -Inf 3261.99984384846 3377.80769056752 3511.32672104971 3734.43116673938 3982.31640352448 4230.20164030958 4453.30608599925 4586.82511648144 4702.6329632005 Inf
"68" 77.3737373737374 3803.69156590285 333.877092457122 -Inf 3149.30448942394 3254.51261941874 3375.81085536495 3578.49488921525 3803.69156590285 4028.88824259045 4231.57227644076 4352.87051238696 4458.07864238176 Inf 3977.96111833708 368.023501240269 -Inf 3256.64831044182 3372.61632751864 3506.3200241654 3729.73303891924 3977.96111833708 4226.18919775491 4449.60221250875 4583.30590915551 4699.27392623233 Inf
"69" 78.0808080808081 3796.40618540227 334.377261283336 -Inf 3141.0387960378 3246.40453441028 3367.8844827221 3570.87214996803 3796.40618540227 4021.94022083652 4224.92788808245 4346.40783639427 4451.77357476675 Inf 3996.59415177978 368.574383149881 -Inf 3274.20163518194 3390.34324085429 3524.24707403441 3747.99450816034 3996.59415177978 4245.19379539921 4468.94122952514 4602.84506270526 4718.98666837761 Inf
"70" 78.7878787878788 3819.18737981532 335.141758703281 -Inf 3162.32160304148 3267.92824246934 3389.68593426976 3593.13769870727 3819.18737981532 4045.23706092337 4248.68882536088 4370.44651716131 4476.05315658916 Inf 3993.91986361073 369.410555924538 -Inf 3269.88847848971 3386.29357086409 3520.50118733693 3744.75623002539 3993.91986361073 4243.08349719606 4467.33853988452 4601.54615635736 4717.95124873174 Inf
"71" 79.4949494949495 3855.66053791303 336.952206974282 -Inf 3195.24634773215 3301.42347816207 3423.83890955142 3628.38972800292 3855.66053791303 4082.93134782313 4287.48216627463 4409.89759766398 4516.0747280939 Inf 3950.57527524518 371.390029156771 -Inf 3222.66419388063 3339.69303877306 3474.61980195167 3700.07650725392 3950.57527524518 4201.07404323645 4426.5307485387 4561.45751171731 4678.48635660974 Inf
"72" 80.2020202020202 3879.15085087436 341.059349125559 -Inf 3210.68680999759 3318.15814345947 3442.06570805887 3649.10981568062 3879.15085087436 4109.19188606809 4316.23599368984 4440.14355828924 4547.61489175113 Inf 3889.93589596049 375.880349600438 -Inf 3153.22394824731 3271.66773962043 3408.2258454726 3636.40845285488 3889.93589596049 4143.46333906611 4371.64594644839 4508.20405230056 4626.64784367368 Inf
"73" 80.9090909090909 3845.10990744977 348.401051036315 -Inf 3162.25639524269 3272.04117501898 3398.61599505679 3610.11696956823 3845.10990744977 4080.1028453313 4291.60381984274 4418.17863988055 4527.96341965684 Inf 3821.74304179068 383.832531435101 -Inf 3069.44510408304 3190.39471031768 3329.84186022307 3562.85193354589 3821.74304179068 4080.63415003547 4313.64422335828 4453.09137326367 4574.04097949831 Inf
"74" 81.6161616161616 3687.50802979411 373.147570849913 -Inf 2956.15223000967 3073.7348944935 3209.30017619224 3435.82381794528 3687.50802979411 3939.19224164294 4165.71588339598 4301.28116509472 4418.86382957855 Inf 3687.88146970676 411.05825775193 -Inf 2882.2220889652 3011.75080355515 3161.08911595474 3410.62688811963 3687.88146970676 3965.1360512939 4214.67382345879 4364.01213585838 4493.54085044833 Inf
"75" 82.3232323232323 3346.61878609596 508.30305028185 -Inf 2350.36311431168 2510.53467024936 2695.20221623616 3003.77358868745 3346.61878609596 3689.46398350447 3998.03535595576 4182.70290194256 4342.87445788024 Inf 3390.31211179753 554.386659851541 -Inf 2303.73422497905 2478.42720360721 2679.83701994775 3016.38399208222 3390.31211179753 3764.24023151284 4100.78720364732 4302.19701998785 4476.88999861601 Inf
"76" 83.030303030303 2815.64621204764 831.111758433152 -Inf 1186.69709839091 1448.58902178686 1750.53363688511 2255.06984971704 2815.64621204764 3376.22257437825 3880.75878721017 4182.70340230843 4444.59532570437 Inf 2879.23839638813 891.807506770353 -Inf 1131.32780197578 1412.34558433437 1736.34108992216 2277.72337392361 2879.23839638813 3480.75341885266 4022.13570285411 4346.1312084419 4627.14899080048 Inf
"77" 83.7373737373737 2162.15057551752 1263.64478954342 -Inf -314.547701239283 83.6398602586919 542.724617185869 1309.83511708179 2162.15057551752 3014.46603395324 3781.57653384916 4240.66129077634 4638.84885227431 Inf 2209.29321936234 1341.16103016024 -Inf -419.33409722037 3.27963457729402 490.526201513074 1304.69385115684 2209.29321936234 3113.89258756785 3928.06023721161 4415.30680414739 4837.92053594506 Inf
"78" 84.4444444444444 1500.21338228135 1682.56166239318 -Inf -1797.54687777712 -1267.35427067557 -656.076150283956 365.342786924269 1500.21338228135 2635.08397763843 3656.50291484665 4267.78103523827 4797.97364233982 Inf 1511.5254126518 1773.89236804706 -Inf -1965.23974117091 -1406.26788275195 -761.809128726531 315.053192453003 1511.5254126518 2707.9976328506 3784.85995403013 4429.31870805555 4988.29056647451 Inf
"79" 85.1515151515152 935.120083885215 2001.11608313914 -Inf -2986.99536795136 -2356.42296341713 -1629.41336529823 -414.612203144666 935.120083885215 2284.8523709151 3499.65353306866 4226.66313118756 4857.23553572179 Inf 915.293670370396 2101.08412580911 -Inf -3202.75554470428 -2540.68217449688 -1777.35398040118 -501.866036787543 915.293670370396 2332.45337752834 3607.94132114197 4371.26951523767 5033.34288544507 Inf
"80" 85.8585858585859 522.083651708305 2194.95956024372 -Inf -3779.95803389127 -3088.30354197039 -2290.87020902913 -958.394073770986 522.083651708305 2002.5613771876 3335.03751244574 4132.470845387 4824.12533730788 Inf 488.306625754413 2299.08478434927 -Inf -4017.81674897418 -3293.35132045142 -2458.08907894816 -1062.40249612093 488.306625754413 2039.01574762976 3434.70233045699 4269.96457196024 4994.43000048301 Inf
"81" 86.5656565656566 260.732603251076 2289.26683678305 -Inf -4226.14794784564 -3504.77625629125 -2673.08089537758 -1283.3544136229 260.732603251076 1804.81962012505 3194.54610187973 4026.2414627934 4747.61315434779 Inf 228.562580797407 2394.90330738797 -Inf -4465.36164813888 -3710.70281055778 -2840.62950211359 -1386.77515274648 228.562580797407 1843.90031434129 3297.75466370841 4167.82797215259 4922.48680973369 Inf
"82" 87.2727272727273 116.419911181015 2325.71139627034 -Inf -4441.89066394321 -3709.03491421662 -2864.09916971416 -1452.24858751754 116.419911181015 1685.08840987958 3096.93899207619 3941.87473657865 4674.73048630524 Inf 93.3272168879133 2431.74656389349 -Inf -4672.80846787236 -3906.53993855907 -3023.08139907749 -1546.86091553279 93.3272168879133 1733.51534930861 3209.73583285332 4093.1943723349 4859.46290164818 Inf
"83" 87.979797979798 46.4713978529371 2336.84192502384 -Inf -4533.65461275704 -3797.29151813479 -2948.31202959163 -1529.70452840413 46.4713978529371 1622.64732411 3041.2548252975 3890.23431384066 4626.59740846292 Inf 32.9164462520277 2442.94742919388 -Inf -4755.17253109269 -3985.3744931093 -3097.84665617454 -1614.82655500711 32.9164462520277 1680.65944751117 3163.6795486786 4051.20738561335 4821.00542359674 Inf
"84" 88.6868686868687 16.5823143723603 2339.52666378671 -Inf -4568.80568752073 -3831.59660390688 -2981.64174423683 -1561.40444066221 16.5823143723603 1594.56906940693 3014.80637298155 3864.7612326516 4601.97031626545 Inf 9.83810032836935 2445.63820939951 -Inf -4783.5247093097 -4012.87877861353 -3124.37337568327 -1639.7198045995 9.83810032836935 1659.39600525624 3144.04957634001 4032.55497927026 4803.20090996644 Inf
"85" 89.3939393939394 5.28835358711153 2340.03963890905 -Inf -4581.10506107074 -3843.73433368266 -2993.59310909321 -1573.04439790958 5.28835358711153 1583.62110508381 3004.16981626743 3854.31104085688 4591.68176824496 Inf 2.38768700029902 2446.15053657936 -Inf -4791.97926545857 -4021.17189516155 -3132.48036271074 -1647.51577735912 2.38768700029902 1652.29115135972 3137.25573671134 4025.94726916214 4796.75463945917 Inf
"86" 90.1010101010101 1.50662667354361 2340.11763412082 -Inf -4585.03965579035 -3847.64435130319 -2997.47479089253 -1576.87873179406 1.50662667354361 1579.89198514114 3000.48804423961 3850.65760465028 4588.05290913744 Inf 0.415050481464761 2446.22819822873 -Inf -4794.10411601315 -4023.27227372602 -3134.55252663791 -1649.54079586444 0.415050481464761 1650.37089682737 3135.38262760084 4024.10237468895 4794.93421697608 Inf
"87" 90.8080808080808 0.383102647030919 2340.12711330189 -Inf -4586.18175867036 -3848.78346719507 -2998.61046297838 -1578.00864943104 0.383102647030919 1578.7748547251 2999.37666827244 3849.54967248913 4586.94796396442 Inf 0.0207733733517534 2446.23761233893 -Inf -4794.5168444382 -4023.68203566744 -3134.95886841368 -1649.94142269339 0.0207733733517534 1649.98296944009 3135.00041516039 4023.72358241414 4794.5583911849 Inf
"88" 91.5151515151515 0.0868184123447352 2340.12803776299 -Inf -4586.4798548155 -3849.08127203294 -2998.90793195763 -1578.30555720526 0.0868184123447352 1578.47919402995 2999.08156878232 3849.25490885763 4586.65349164019 Inf -0.0198675134166914 2446.23852839118 -Inf -4794.55928075439 -4023.72418332608 -3135.00068326865 -1649.98268144801 -0.0198675134166914 1649.94294642118 3134.96094824182 4023.68444829925 4794.51954572756 Inf
"89" 92.2222222222222 0.0174943680856808 2340.12811034212 -Inf -4586.54932111225 -3849.15071545925 -2998.97734901579 -1578.3749302034 0.0174943680856808 1578.40991893957 2999.01233775196 3849.18570419542 4586.58430984842 Inf -0.0104864551178118 2446.23860016987 -Inf -4794.55004037975 -4023.71492033323 -3134.99139419845 -1649.97334880371 -0.0104864551178118 1649.95237589347 3134.97042128822 4023.69394742299 4794.52906746951 Inf
"90" 92.9292929292929 0.00312344148134457 2340.12811494132 -Inf -4586.56370105311 -3849.16509395086 -2998.9917258365 -1578.38930423212 0.00312344148134457 1578.39555111508 2998.99797271946 3849.17134083382 4586.56994793607 Inf -0.00343363106722413 2446.23860471061 -Inf -4794.54299645538 -4023.70787497803 -3134.98434719359 -1649.96629904234 -0.00343363106722413 1649.95943178021 3134.97747993146 4023.70100771589 4794.53612919325 Inf
"91" 93.6363636363636 0.000491355534059783 2340.12811517706 -Inf -4586.5663336011 -3849.16772642457 -2998.99435822457 -1578.39193647707 0.000491355534059783 1578.39291918814 2998.99534093563 3849.16870913563 4586.56731631217 Inf -0.000884862171009585 2446.23860494301 -Inf -4794.54044814198 -4023.7053265914 -3134.98179872253 -1649.9637504302 -0.000884862171009585 1649.96198070585 3134.98002899819 4023.70355686705 4794.53867841764 Inf
"92" 94.3434343434343 6.74849600470425e-05 2340.12811518685 -Inf -4586.56675749087 -3849.16815031125 -2998.99478210769 -1578.39236035425 6.74849600470425e-05 1578.39249532417 2998.99491707761 3849.16828528117 4586.56689246079 Inf -0.000191691391949692 2446.23860495266 -Inf -4794.5397549901 -4023.70463343648 -3134.98110556411 -1649.96305726592 -0.000191691391949692 1649.96267388314 3134.98072218132 4023.70425005369 4794.53937160732 Inf
"93" 95.0505050505051 7.96154836627725e-06 2340.12811518718 -Inf -4586.56681701493 -3849.1682098352 -2998.99484163152 -1578.39241987788 7.96154836627725e-06 1578.39243580098 2998.99485755462 3849.1682257583 4586.56683293803 Inf -3.58984760271724e-05 2446.23860495298 -Inf -4794.53959919782 -4023.7044776441 -3134.98094977161 -1649.96290147322 -3.58984760271724e-05 1649.96282967627 3134.98087797466 4023.70440584714 4794.53952740087 Inf
"94" 95.7575757575758 7.80684985624425e-07 2340.12811518719 -Inf -4586.56682419581 -3849.16821701608 -2998.9948488124 -1578.39242705875 7.80684985624425e-07 1578.39242862012 2998.99485037377 3849.16821857745 4586.56682575718 Inf -5.89681278036636e-06 2446.23860495299 -Inf -4794.53956919617 -4023.70444764245 -3134.98091976996 -1649.96287147157 -5.89681278036636e-06 1649.96285967794 3134.98090797633 4023.70443584882 4794.53955740255 Inf
"95" 96.4646464646465 5.85151801543479e-08 2340.12811518719 -Inf -4586.56682491798 -3849.16821773825 -2998.99484953457 -1578.39242778092 5.85151801543479e-08 1578.39242789795 2998.9948496516 3849.16821785528 4586.56682503501 Inf -8.56941308005715e-07 2446.23860495299 -Inf -4794.5395641563 -4023.70444260258 -3134.98091473008 -1649.96286643169 -8.56941308005715e-07 1649.96286471781 3134.9809130162 4023.70444088869 4794.53956244242 Inf
"96" 97.1717171717172 2.32204112180557e-09 2340.12811518719 -Inf -4586.56682497417 -3849.16821779445 -2998.99484959076 -1578.39242783712 2.32204112180557e-09 1578.39242784176 2998.9948495954 3849.16821779909 4586.56682497882 Inf -1.10780348521767e-07 2446.23860495299 -Inf -4794.53956341014 -4023.70444185642 -3134.98091398392 -1649.96286568553 -1.10780348521767e-07 1649.96286546397 3134.98091376236 4023.70444163485 4794.53956318858 Inf
"97" 97.8787878787879 -1.86720975457499e-10 2340.12811518719 -Inf -4586.56682497668 -3849.16821779695 -2998.99484959327 -1578.39242783962 -1.86720975457499e-10 1578.39242783925 2998.9948495929 3849.16821779658 4586.56682497631 Inf -1.27871897922336e-08 2446.23860495299 -Inf -4794.53956331215 -4023.70444175842 -3134.98091388593 -1649.96286558754 -1.27871897922336e-08 1649.96286556197 3134.98091386036 4023.70444173285 4794.53956328657 Inf
"98" 98.5858585858586 -5.49280803939573e-11 2340.12811518719 -Inf -4586.56682497655 -3849.16821779682 -2998.99484959314 -1578.39242783949 -5.49280803939573e-11 1578.39242783938 2998.99484959303 3849.16821779671 4586.56682497644 Inf -1.32142842029028e-09 2446.23860495299 -Inf -4794.53956330068 -4023.70444174696 -3134.98091387446 -1649.96286557607 -1.32142842029028e-09 1649.96286557343 3134.98091387182 4023.70444174431 4794.53956329804 Inf
"99" 99.2929292929293 -7.59776357627949e-12 2340.12811518719 -Inf -4586.5668249765 -3849.16821779678 -2998.99484959309 -1578.39242783944 -7.59776357627949e-12 1578.39242783943 2998.99484959307 3849.16821779676 4586.56682497649 Inf -1.22495666272176e-10 2446.23860495299 -Inf -4794.53956329949 -4023.70444174576 -3134.98091387327 -1649.96286557488 -1.22495666272176e-10 1649.96286557463 3134.98091387302 4023.70444174551 4794.53956329924 Inf
"100" 100 -7.89710114076372e-13 2340.12811518719 -Inf -4586.5668249765 -3849.16821779677 -2998.99484959308 -1578.39242783944 -7.89710114076372e-13 1578.39242783944 2998.99484959308 3849.16821779676 4586.56682497649 Inf -1.0201249875419e-11 2446.23860495299 -Inf -4794.53956329937 -4023.70444174564 -3134.98091387315 -1649.96286557476 -1.0201249875419e-11 1649.96286557474 3134.98091387313 4023.70444174562 4794.53956329935 Inf
