"mid_age" "mean_left" "std_left" "min_left" "l.q2.5" "l.q5" "l.q10" "l.q25" "l.q50" "l.q75" "l.q90" "l.q95" "l.q97.5" "max_left" "mean_right" "std_right" "min_right" "r.q2.5" "r.q5" "r.q10" "r.q25" "r.q50" "r.q75" "r.q90" "r.q95" "r.q97.5" "max_right"
"1" 55.7677854722545 4254.53391834842 334.12981009574 -Inf 3599.65152439956 3704.93928833984 3826.3293371251 4029.16678620388 4254.53391834842 4479.90105049296 4682.73849957173 4804.128548357 4909.41631229728 Inf 4450.89809500157 361.617440128228 -Inf 3742.14093616868 3856.09033703775 3987.46669847701 4206.99083814294 4450.89809500157 4694.80535186021 4914.32949152614 5045.7058529654 5159.65525383447 Inf
"2" 56.1376997940327 4258.84608327839 334.12383159959 -Inf 3603.97540696667 3709.26128702088 3830.64916380617 4033.48298356822 4258.84608327839 4484.20918298856 4687.04300275061 4808.4308795359 4913.71675959011 Inf 4467.5026765346 361.610586794924 -Inf 3758.75894998815 3872.70619130091 4004.08006291006 4223.60004217903 4467.5026765346 4711.40531089016 4930.92529015913 5062.29916176828 5176.24640308104 Inf
"3" 56.5023531878411 4267.49753279346 334.178025745498 -Inf 3612.52063790759 3717.8235950985 3839.23116072871 4042.09787968736 4267.49753279346 4492.89718589956 4695.76390485821 4817.17147048843 4922.47442767934 Inf 4482.10678215169 361.668664647064 -Inf 3773.24922510675 3887.21476735227 4018.60973876482 4238.16497488014 4482.10678215169 4726.04858942324 4945.60382553856 5076.99879695111 5190.96433919663 Inf
"4" 56.862995854117 4276.4320314369 334.229846202181 -Inf 3621.35357032226 3726.67285667581 3848.09924878476 4050.99742596391 4276.4320314369 4501.86663690988 4704.76481408903 4826.19120619799 4931.51049255153 Inf 4489.15420859044 361.724552393405 -Inf 3780.1871135755 3894.17026662875 4025.58554217476 4245.17470560683 4489.15420859044 4733.13371157406 4952.72287500613 5084.13815055213 5198.12130360539 Inf
"5" 57.2203376327086 4281.68650618175 334.234010133183 -Inf 3626.59988391232 3731.92048236365 3853.34838723732 4056.24909217999 4281.68650618175 4507.12392018352 4710.02462512619 4831.45252999985 4936.77312845119 Inf 4486.14769408103 361.729194931435 -Inf 3777.17149985875 3891.15611582382 4022.57307801346 4242.1650597531 4486.14769408103 4730.13032840896 4949.7223101486 5081.13927233823 5195.12388830331 Inf
"6" 57.5746147960112 4280.81590035533 334.187123699779 -Inf 3625.82117380673 3731.12699785726 3852.53786879303 4055.41011077232 4280.81590035533 4506.22168993834 4709.09393191763 4830.50480285339 4935.81062690393 Inf 4474.25579869087 361.6786742292 -Inf 3765.37862322545 3879.34731959397 4010.74592750835 4230.30724005877 4474.25579869087 4718.20435732297 4937.7656698734 5069.16427778777 5183.1329741563 Inf
"7" 57.9258560579858 4273.64639139142 334.11371365287 -Inf 3618.79554589086 3724.07823767527 3845.46243858966 4048.29011613261 4273.64639139142 4499.00266665023 4701.83034419317 4823.21454510757 4928.49723689197 Inf 4457.61441077671 361.599465755633 -Inf 3748.89248106675 3862.83621802484 3994.20604933749 4213.71927744816 4457.61441077671 4701.50954410526 4921.02277221593 5052.39260352858 5166.33634048668 Inf
"8" 58.2737864027417 4262.09212213836 334.045289130827 -Inf 3607.37538623667 3712.63651674547 3833.99585888995 4036.78199851833 4262.09212213836 4487.40224575839 4690.18838538677 4811.54772753125 4916.80885804005 Inf 4441.58946929067 361.525702828878 -Inf 3733.01211226053 3846.93260575641 3978.27563884571 4197.74408830015 4441.58946929067 4685.43485028118 4904.90329973563 5036.24633282493 5150.1668263208 Inf
"9" 58.6178847596535 4249.18640260097 334.006907117538 -Inf 3594.54489406298 3699.79393000184 3821.13932788178 4023.90216725549 4249.18640260097 4474.47063794644 4677.23347732016 4798.57887520009 4903.82791113896 Inf 4430.67002109488 361.484419619674 -Inf 3722.17357766796 3836.08106239701 3967.40909721131 4186.85248520583 4430.67002109488 4674.48755698393 4893.93094497846 5025.25897979275 5139.16646452181 Inf
"10" 58.9574084021724 4237.79466126962 334.006752321859 -Inf 3583.15345612558 3688.40244328673 3809.74778492907 4012.51053033224 4237.79466126962 4463.07879220699 4665.84153761016 4787.18687925251 4892.43586641365 Inf 4426.82785435572 361.484282845154 -Inf 3718.33167900193 3832.23912063192 3963.56710575575 4183.01041071968 4426.82785435572 4670.64529799176 4890.0886029557 5021.41658807953 5135.32402970951 Inf
"11" 59.2915729818344 4229.58111485109 334.02898947057 -Inf 3574.89632569646 3680.15232001349 3801.5057404578 4004.28198518483 4229.58111485109 4454.88024451734 4657.65648924438 4779.00990968869 4884.26590400572 Inf 4428.98883148013 361.508082878856 -Inf 3720.44600891745 3834.36095018457 3965.69758190971 4185.15533496531 4428.98883148013 4672.82232799496 4892.28008105056 5023.61671277569 5137.53165404281 Inf
"12" 59.6195174320686 4224.64001714997 334.040122557352 -Inf 3569.93340754622 3675.1929100142 3796.55037513189 3999.3333783308 4224.64001714997 4449.94665596915 4652.72965916806 4774.08712428575 4879.34662675373 Inf 4433.75946833894 361.519774566859 -Inf 3725.19373048885 3839.11235592796 3970.45323526745 4189.91808590039 4433.75946833894 4677.60085077748 4897.06570141043 5028.40658074991 5142.32520618902 Inf
"13" 59.9404442496992 4221.81279245398 334.01071648903 -Inf 3567.16381768506 3672.41405399634 3793.76083582879 3996.52598772648 4221.81279245398 4447.09959718148 4649.86474907917 4771.21153091162 4876.4617672229 Inf 4436.97047983648 361.487856145254 -Inf 3728.46730094319 3842.37586855705 3973.70515186817 4193.15062604615 4436.97047983648 4680.79033362681 4900.2358078048 5031.56509111592 5145.47365872978 Inf
"14" 60.2537016637947 4219.41235987171 333.936062833628 -Inf 3564.90970357869 3670.13641574992 3791.45607575547 3994.17590826959 4219.41235987171 4444.64881147382 4647.36864398794 4768.68830399349 4873.91501616472 Inf 4435.29732396091 361.407413762341 -Inf 3726.95180924096 3840.83502862678 3972.13508705436 4191.53172773334 4435.29732396091 4679.06292018849 4898.45956086747 5029.75961929505 5143.64283868087 Inf
"15" 60.5587253281141 4215.95131773489 333.837174800034 -Inf 3561.64247842622 3666.83802995382 3788.12176373292 3990.78156509785 4215.95131773489 4441.12107037193 4643.78087173686 4765.06460551596 4870.26015704356 Inf 4427.29928800603 361.301016038376 -Inf 3719.16230899308 3833.01200135405 3964.27340526919 4183.60545595271 4427.29928800603 4670.99312005935 4890.32517074287 5021.58657465801 5135.43626701898 Inf
"16" 60.8552213606932 4210.58154375982 333.742127372332 -Inf 3556.45899398626 3661.62459508493 3782.87379793762 3985.47589963854 4210.58154375982 4435.68718788109 4638.28928958201 4759.5384924347 4864.70409353337 Inf 4413.59564788386 361.198674660047 -Inf 3705.65925428657 3819.47669781922 3950.70092090065 4169.97084404125 4413.59564788386 4657.22045172648 4876.49037486708 5007.71459794851 5121.53204148116 Inf
"17" 61.1429795069346 4203.17625718976 333.665942530106 -Inf 3549.20302696314 3654.34462142893 3775.56614617139 3978.12199896369 4203.17625718976 4428.23051541583 4630.78636820813 4752.00789295059 4857.14948741638 Inf 4396.32407705008 361.116408850923 -Inf 3688.54892147583 3802.34044219995 3933.53477794334 4152.75476065252 4396.32407705008 4639.89339344765 4859.11337615683 4990.30771190021 5104.09923262433 Inf
"18" 61.4221633949271 4194.14021441038 333.60524358543 -Inf 3540.28595192923 3645.40841952886 3766.60789221959 3969.12689700034 4194.14021441038 4419.15353182042 4621.67253660118 4742.87200929191 4847.99447689154 Inf 4378.23027450126 361.050642195147 -Inf 3670.58401920371 3784.35481617341 3915.52525875518 4134.70531703892 4378.23027450126 4621.7552319636 4840.93529024733 4972.1057328291 5085.8765297988 Inf
"19" 61.6933247671551 4184.12474365446 333.548335403611 -Inf 3530.38201916009 3635.4865544022 3756.66535223316 3959.14981022976 4184.12474365446 4409.09967707916 4611.58413507575 4732.76293290671 4837.86746814882 Inf 4361.81579637243 360.988995797234 -Inf 3654.29036579457 3768.04173734578 3899.18978366411 4118.33241877362 4361.81579637243 4605.29917397124 4824.44180908075 4955.58985539908 5069.34122695029 Inf
"20" 61.9572579722285 4173.79371038142 333.488701312513 -Inf 3520.16786655786 3625.2536104802 3746.41074312293 3948.85899953993 4173.79371038142 4398.72842122291 4601.17667763991 4722.33381028264 4827.41955420498 Inf 4348.80332114217 360.924632850305 -Inf 3641.40403962223 3755.13512974222 3886.25979286925 4105.36335569136 4348.80332114217 4592.24328659298 4811.34684941509 4942.47151254212 5056.20260266211 Inf
"21" 62.2149936959674 4163.69124932633 333.430966802047 -Inf 3510.17856306395 3615.24611424405 3736.38227182012 3938.79547982038 4163.69124932633 4388.58701883228 4591.00022683254 4712.13638440861 4817.20393558871 Inf 4339.94334623285 360.862543493091 -Inf 3632.66575761687 3746.37728273731 3877.47938867287 4096.54525941707 4339.94334623285 4583.34143304863 4802.40730379283 4933.5094097284 5047.22093484883 Inf
"22" 62.4677973442212 4154.21024073403 333.387184060546 -Inf 3500.78336706813 3605.8371218529 3726.95737306873 3929.34400223846 4154.21024073403 4379.0764792296 4581.46310839933 4702.58335961516 4807.63711439993 Inf 4335.0937882357 360.815557774399 -Inf 3627.90828993615 3741.60500936996 3872.69004529707 4091.72739280559 4335.0937882357 4578.46018366581 4797.49753117433 4928.58256710144 5042.27928653525 Inf
"23" 62.7169900439588 4145.6337771873 333.368356813507 -Inf 3492.24380424753 3597.29162637175 3718.40503760992 3920.78023747688 4145.6337771873 4370.48731689772 4572.86251676468 4693.97592800285 4799.02375012707 Inf 4333.45398092472 360.795346332554 -Inf 3626.30809632326 3739.99844692241 3871.07613999103 4090.10121790497 4333.45398092472 4576.80674394447 4795.83182185841 4926.90951492703 5040.59986552618 Inf
"24" 62.9637162971033 4138.2020126598 333.377480921832 -Inf 3484.79415679632 3589.84485402158 3710.96158006711 3913.34231883183 4138.2020126598 4363.06170648776 4565.44244525249 4686.55917129802 4791.60986852328 Inf 4333.83952175308 360.805060101674 -Inf 3626.67459851398 3740.36801002239 3871.44923212336 4090.48020689562 4333.83952175308 4577.19883661054 4796.22981138279 4927.31103348376 5041.00444499217 Inf
"25" 63.2090179719981 4132.16045060339 333.40796124137 -Inf 3478.69285441138 3583.75315630103 3704.88095590948 3907.28019811232 4132.16045060339 4357.04070309447 4559.4399452973 4680.56774490576 4785.6280467954 Inf 4334.95062866626 360.837675104913 -Inf 3627.72178119547 3741.42547002921 3872.51854122808 4091.56931532341 4334.95062866626 4578.33194200911 4797.38271610444 4928.47578730331 5042.17947613705 Inf
"26" 63.4536841717612 4127.78704611259 333.447625987528 -Inf 3474.24170844666 3579.31450910865 3700.45671900114 3902.88004015679 4127.78704611259 4352.6940520684 4555.11737322404 4676.25958311653 4781.33238377853 Inf 4335.61398400263 360.880252501611 -Inf 3628.30168636776 3742.0187917802 3873.12733143506 4092.20395264212 4335.61398400263 4579.02401536314 4798.1006365702 4929.20917622507 5042.92628163751 Inf
"27" 63.6982854652912 4125.37191540396 333.485279410378 -Inf 3471.75277838534 3576.83744403087 3697.99333348951 3900.43951260038 4125.37191540396 4350.30431820753 4552.7504973184 4673.90638677704 4778.99105242257 Inf 4334.97537634923 360.920864967981 -Inf 3627.58347974294 3741.31338256418 3872.4366768118 4091.53795229642 4334.97537634923 4578.41280040203 4797.51407588665 4928.63737013427 5042.36727295551 Inf
"28" 63.9429778043573 4125.15331682279 333.515373234218 -Inf 3471.47519699329 3576.56934551441 3697.73616812129 3900.20061604349 4125.15331682279 4350.10601760209 4552.5704655243 4673.73728813117 4778.83143665229 Inf 4332.62288299763 360.953521425396 -Inf 3625.16698091095 3738.90717412016 3870.04233252608 4089.16343249902 4332.62288299763 4576.08233349624 4795.20343346918 4926.3385918751 5040.07878508431 Inf
"29" 64.1875780676567 4127.21132191897 333.537793892591 -Inf 3473.48925840655 3578.59047190935 3699.76543998762 3902.2434986354 4127.21132191897 4352.17914520253 4554.65720385031 4675.83217192859 4780.93338543139 Inf 4328.61872976721 360.977936150203 -Inf 3621.11497569921 3734.86286224109 3866.00689056685 4085.14281178696 4328.61872976721 4572.09464774745 4791.23056896756 4922.37459729332 5036.1224838352 Inf
"30" 64.4316623446065 4131.35873756507 333.553203627108 -Inf 3477.60647152799 3582.71254079774 3703.89310726434 3906.38052057352 4131.35873756507 4356.33695455662 4558.82436786581 4680.0049343324 4785.11100360216 Inf 4323.42142471766 360.994624256725 -Inf 3615.88496256191 3729.638107699 3860.78819884827 4079.93425078061 4323.42142471766 4566.90859865471 4786.05465058705 4917.20474173632 5030.95788687341 Inf
"31" 64.6745607764078 4137.06932987768 333.558114960951 -Inf 3483.30743780315 3588.41505468507 3709.59740544937 3912.08780024179 4137.06932987768 4362.05085951357 4564.541254306 4685.7236050703 4790.83122195222 Inf 4317.71703789145 360.999743110115 -Inf 3610.17054296741 3723.92530110822 3855.07725194748 4074.22641134025 4317.71703789145 4561.20766444264 4780.35682383541 4911.50877467467 5025.26353281548 Inf
"32" 64.9154419363372 4143.48484407489 333.544472784896 -Inf 3489.7496901741 3594.85300826504 3716.03040279866 3918.51251594693 4143.48484407489 4368.45717220286 4570.93928535113 4692.11667988475 4797.21999797569 Inf 4312.20569049493 360.984707471888 -Inf 3604.6886648803 3718.43868513578 3849.58517349667 4068.72520532761 4312.20569049493 4555.68617566225 4774.82620749319 4905.97269585408 5019.72271610956 Inf
"33" 65.1535284913065 4149.52298830688 333.504794796807 -Inf 3495.86560183372 3600.95641697965 3722.1193964184 3924.57742257519 4149.52298830688 4374.46855403858 4576.92658019536 4698.08955963412 4803.18037478004 Inf 4307.40748579819 360.941657379699 -Inf 3599.97483681379 3713.71129153932 3844.84213971298 4063.9560374768 4307.40748579819 4550.85893411958 4769.97283188341 4901.10368005706 5014.8401347826 Inf
"34" 65.3882085978262 4154.05624462216 333.43897383871 -Inf 3500.52786485629 3605.59793913658 3726.73700568557 3929.15507445205 4154.05624462216 4378.95741479227 4581.37548355874 4702.51455010774 4807.58462438802 Inf 4303.55183803349 360.870641220251 -Inf 3596.25837816392 3709.97245496205 3841.07750281859 4060.14828938374 4303.55183803349 4546.95538668323 4766.02617324839 4897.13122110492 5010.84529790306 Inf
"35" 65.6190613489995 4156.107393179 333.35730821027 -Inf 3502.73907510365 3607.78341569856 3728.89281295639 3931.26130563822 4156.107393179 4380.95348071978 4583.3219734016 4704.43137065944 4809.47571125435 Inf 4300.56883139517 360.78277427095 -Inf 3593.44758758167 3707.13397659399 3838.20710220671 4057.22454810211 4300.56883139517 4543.91311468823 4762.93056058363 4894.00368619636 5007.69007520868 Inf
"36" 65.8458714534307 4155.0101529814 333.277297226612 -Inf 3501.79865355239 3606.81778185762 3727.89811096016 3930.218032029 4155.0101529814 4379.8022739338 4582.12219500264 4703.20252410518 4808.22165241041 Inf 4298.1594931315 360.696789241595 -Inf 3591.20677687874 3704.86607111771 3835.90795819202 4054.87320585941 4298.1594931315 4541.44578040359 4760.41102807098 4891.45291514529 5005.11220938426 Inf
"37" 66.068650712347 4150.49854411516 333.216252721619 -Inf 3497.40668971739 3602.40658226683 3723.46473377487 3925.74759705568 4150.49854411516 4375.24949117464 4577.53235445546 4698.5905059635 4803.59039851293 Inf 4295.90370352768 360.631168972426 -Inf 3589.07960063914 3702.71821725163 3833.73626434688 4052.66167645454 4295.90370352768 4539.14573060081 4758.07114270847 4889.08918980372 5002.72780641621 Inf
"38" 66.2875451355448 4142.71858385366 333.184223393059 -Inf 3489.68950578632 3594.67930556258 3715.72582074953 3917.989240248 4142.71858385366 4367.44792745932 4569.7113469578 4690.75786214475 4795.74766192101 Inf 4293.36689943302 360.596630168609 -Inf 3586.61049135604 3700.2382244337 3831.24372351033 4050.14816842905 4293.36689943302 4536.58563043699 4755.49007535571 4886.49557443233 5000.12330751 Inf
"39" 66.5028498950223 4132.17332617025 333.180744476868 -Inf 3479.15106665335 3584.13977018709 3705.18502147661 3907.44632905791 4132.17332617025 4356.9003232826 4559.1616308639 4680.20688215342 4785.19558568716 Inf 4290.17816361912 360.592676188196 -Inf 3583.42950520134 3697.05599233882 3828.06005492622 4046.9620995344 4290.17816361912 4533.39422770383 4752.29627231202 4883.30033489941 4996.92682203689 Inf
"40" 66.7148995362062 4119.62894521584 333.196391225072 -Inf 3466.57601863598 3571.56965262214 3692.62058840754 3894.8913945322 4119.62894521584 4344.36649589947 4546.63730202414 4667.68823780954 4772.6818717957 Inf 4286.07421059844 360.609253044472 -Inf 3579.29306213939 3692.92477281598 3823.93485780943 4042.84696559408 4286.07421059844 4529.3014556028 4748.21356338745 4879.2236483809 4992.8553590575 Inf
"41" 66.9240873660739 4105.99575794691 333.217596207481 -Inf 3452.90127036524 3557.90158626098 3678.9602258602 3881.24390471999 4105.99575794691 4330.74761117383 4533.03129003362 4654.08992963284 4759.09024552858 Inf 4280.90961303824 360.631873564807 -Inf 3574.08412917401 3687.72296781086 3818.74127088598 4037.66711072477 4280.90961303824 4524.15211535171 4743.0779551905 4874.09625826562 4987.73509690246 Inf
"42" 67.1308140089413 4092.21052661059 333.232161537946 -Inf 3439.08749150578 3544.09239708802 3665.15632830182 3867.44884921756 4092.21052661059 4316.97220400362 4519.26472491936 4640.32865613316 4745.3335617154 Inf 4274.64491970296 360.647486143214 -Inf 3567.78883574735 3681.43259406936 3812.4565692264 4031.39188686538 4274.64491970296 4517.89795254054 4736.83327017952 4867.85724533655 4981.50100365856 Inf
"43" 67.335450518876 4079.13055578113 333.233176287367 -Inf 3426.00553180401 3531.0107571443 3652.07505701866 3854.36819395002 4079.13055578113 4303.89291761225 4506.18605454361 4627.25035441797 4732.25557975826 Inf 4267.3226395607 360.648656101255 -Inf 3560.46426252947 3674.10838951738 3805.13278972258 4024.06881759841 4267.3226395607 4510.57646152299 4729.51248939882 4860.53688960402 4974.18101659193 Inf
"44" 67.5382936908469 4067.44842614157 333.220212939363 -Inf 3414.34880985965 3519.34995031472 3640.40954057803 3842.69480795582 4067.44842614157 4292.20204432733 4494.48731170512 4615.54690196843 4720.54804242349 Inf 4259.04108638596 360.634859510365 -Inf 3552.20975017598 3665.8495297152 3796.86891759049 4015.79657008281 4259.04108638596 4502.2856026891 4721.21325518142 4852.23264305672 4965.87242259594 Inf
"45" 67.7396375024962 4057.62629628796 333.197933384098 -Inf 3404.57034713196 3509.5644670684 3630.61596312335 3832.88770543387 4057.62629628796 4282.36488714206 4484.63662945258 4605.68812550753 4710.68224544397 Inf 4249.92743012039 360.611021218835 -Inf 3543.14281610326 3656.77508394991 3787.78581132475 4006.69899250054 4249.92743012039 4493.15586774023 4712.06904891602 4843.07977629086 4956.71204413751 Inf
"46" 67.9398337491733 4049.86576019199 333.173195777691 -Inf 3396.8582958536 3501.84462071404 3622.88712954559 3825.14385459986 4049.86576019199 4274.58766578411 4476.84439083838 4597.88689966993 4702.87322453037 Inf 4240.11771811798 360.584448450524 -Inf 3533.38518576972 3647.00908026184 3778.01015369518 3996.907203558 4240.11771811798 4483.32823267797 4702.22528254079 4833.22635597412 4946.85025046625 Inf
"47" 68.1391809570182 4044.11791954899 333.152176966952 -Inf 3391.15165132265 3496.13135293812 3617.1662255924 3819.41019092927 4044.11791954899 4268.82564816871 4471.06961350558 4592.10448615986 4697.08418777533 Inf 4229.75576336563 360.561767262689 -Inf 3523.06768532865 3636.68443274357 3767.67726605461 3986.56054703436 4229.75576336563 4472.9509796969 4691.83426067666 4822.8270939877 4936.44384140262 Inf
"48" 68.3382099611895 4040.10888691817 333.138610048572 -Inf 3387.16920936324 3492.14463590221 3613.17457966707 3815.41030904584 4040.10888691817 4264.8074647905 4467.04319416927 4588.07313793414 4693.04856447311 Inf 4218.98226033443 360.547032025259 -Inf 3512.32306283211 3625.93516702109 3756.92264699 3975.79698276977 4218.98226033443 4462.16753789908 4681.04187367886 4812.02935364777 4925.64145783675 Inf
"49" 68.5375269878015 4037.40251765087 333.133678792692 -Inf 3384.47250517986 3489.44637782903 3610.47453005847 3812.70726586009 4037.40251765087 4262.09776944166 4464.33050524328 4585.35865747272 4690.33253012188 Inf 4207.95390723415 360.541590978381 -Inf 3501.30537398775 3614.9157636465 3745.90126687186 3964.77229959984 4207.95390723415 4451.13551486846 4670.00654759643 4800.99205082179 4914.60244048055 Inf
"50" 68.7378834196762 4035.46336172032 333.137147647123 -Inf 3382.52655041955 3487.50151614068 3608.53092861208 3810.76577022277 4035.46336172032 4260.16095321786 4462.39579482855 4583.42520729995 4688.40017302108 Inf 4196.85661927211 360.545267358702 -Inf 3490.20088045269 3603.81242857696 3734.79926743887 3953.67253195696 4196.85661927211 4440.04070658726 4658.91397110535 4789.90080996726 4903.51235809153 Inf
"51" 68.940060474983 4033.72376760366 333.148942821013 -Inf 3380.76383818688 3485.74252068947 3606.77621837186 3809.01822038223 4033.72376760366 4258.42931482509 4460.67131683546 4581.70501451785 4686.68369702044 Inf 4185.92961162302 360.558026307885 -Inf 3479.24886572272 3592.86443432404 3723.85590853848 3942.73691852743 4185.92961162302 4429.12230471862 4648.00331470757 4778.99478892201 4892.61035752332 Inf
"52" 69.1447890594927 4031.64765699625 333.170245985264 -Inf 3378.64597414478 3483.63136949507 3604.67280666096 3806.92774100888 4031.64765699625 4256.36757298362 4458.62250733155 4579.66394449743 4684.64933984772 Inf 4175.48203125494 360.581131763269 -Inf 3468.75599949424 3582.37884886386 3713.37871733788 3932.27375376651 4175.48203125494 4418.69030874337 4637.585345172 4768.58521364602 4882.20806301564 Inf
"53" 69.3526328639373 4028.79304723897 333.203374526927 -Inf 3375.72643363898 3480.72226813588 3601.77574096924 3804.05078638981 4028.79304723897 4253.53530808812 4455.81035350869 4576.86382634205 4681.85966083895 Inf 4165.89636599872 360.617019318612 -Inf 3459.09999592206 3572.73415383207 3703.74706032893 3922.66388272205 4165.89636599872 4409.12884927539 4628.04567166852 4759.05857816537 4872.69273607539 Inf
"54" 69.563941869739 4024.86899817385 333.250187668874 -Inf 3371.71063250165 3476.72121830445 3597.79169844878 3800.09516234028 4024.86899817385 4249.64283400743 4451.94629789893 4573.01677804326 4678.02736384606 Inf 4157.6019352567 360.667605411838 -Inf 3450.7064182592 3564.35651637114 3695.38780089994 3914.33533217865 4157.6019352567 4400.86853833475 4619.81606961347 4750.84735414227 4864.49745225421 Inf
"55" 69.7786919401753 4019.77952245987 333.309463226701 -Inf 3366.50497882916 3471.53424297418 3592.62625805086 3794.9657058701 4019.77952245987 4244.59333904964 4446.93278686888 4568.02480194556 4673.05406609058 Inf 4151.01671841678 360.73150383184 -Inf 3443.9959628174 3557.66619598332 3688.72069493983 3907.70701650939 4151.01671841678 4394.32642032418 4613.31274189373 4744.36724085024 4858.03747401616 Inf
"56" 69.9964913234283 4013.63382493966 333.374650986914 -Inf 3360.2315156467 3465.28132113016 3586.3970190545 3788.77603987379 4013.63382493966 4238.49161000553 4440.87063082483 4561.98632874917 4667.03613423262 Inf 4146.44386954852 360.801643640272 -Inf 3439.28564245073 3552.97797739677 3684.05795829026 3903.08685905926 4146.44386954852 4389.80088003778 4608.82978080678 4739.90976170027 4853.60209664631 Inf
"57" 70.2166740886453 4006.70626103686 333.43378507315 -Inf 3353.18805106461 3458.25649031113 3579.3936717709 3781.80859063593 4006.70626103686 4231.60393143778 4434.01885030281 4555.15603176258 4660.2244710091 Inf 4143.94919122133 360.86518598857 -Inf 3436.66642340939 3550.37878120752 3681.48184716714 3900.54932206944 4143.94919122133 4387.34906037323 4606.41653527553 4737.51960123515 4851.23195903328 Inf
"58" 70.4383161245295 3999.35140414948 333.472468835382 -Inf 3345.75737539647 3450.83800429714 3571.98923964747 3774.42764194743 3999.35140414948 4224.27516635152 4426.71356865148 4547.86480400182 4652.94543290248 Inf 4143.26058000589 360.906712446772 -Inf 3435.89642183147 3549.62186504669 3680.74001765418 3899.83270168358 4143.26058000589 4386.68845832821 4605.78114235761 4736.8992949651 4850.62473818032 Inf
"59" 70.6602810225796 3991.89457076623 333.479074650882 -Inf 3338.28759485275 3443.3703053143 3564.52394057102 3766.96635300933 3991.89457076623 4216.82278852312 4419.26520096143 4540.41883621815 4645.5015466797 Inf 4143.72976254314 360.913773614055 -Inf 3436.35176473516 3550.07943299732 3681.20015094144 3900.29712153588 4143.72976254314 4387.16240355041 4606.25937414485 4737.38009208897 4851.10776035113 Inf
"60" 70.8814556537939 3984.52939994015 333.449534889572 -Inf 3330.98032089495 3436.05372307175 3557.1966264723 3759.62110644948 3984.52939994015 4209.43769343081 4411.862173408 4533.00507680854 4638.07847898534 Inf 4144.39313818369 360.882005031012 -Inf 3437.0774056543 3550.79506330691 3681.90423965932 3900.98192476006 4144.39313818369 4387.80435160732 4606.88203670806 4737.99121306047 4851.70887071308 Inf
"61" 71.1009022848997 3977.26797553414 333.388975849428 -Inf 3323.83759002656 3428.89190942257 3550.01281159899 3752.40052849533 3977.26797553414 4202.13542257294 4404.52313946928 4525.64404164571 4630.69836104171 Inf 4144.12990363966 360.816879692253 -Inf 3436.94181442872 3550.63895041254 3681.72446659513 3900.7626165895 4144.12990363966 4387.49719068981 4606.53534068418 4737.62085686677 4851.31799285059 Inf
"62" 71.3179146411212 3969.95815735556 333.309591955452 -Inf 3316.68336142114 3421.71266612992 3542.80472797402 3745.14425393957 3969.95815735556 4194.77206077155 4397.11158673711 4518.2036485812 4623.23295328999 Inf 4141.87120036546 360.731452299195 -Inf 3434.85054576821 3548.52076269566 3679.57524293025 3898.56153321631 4141.87120036546 4385.18086751461 4604.16715780067 4735.22163803526 4848.89185496271 Inf
"63" 71.5322428316988 3962.34503412822 333.226297068804 -Inf 3309.23349317172 3414.23655079899 3535.29835143907 3737.58731225952 3962.34503412822 4187.10275599693 4389.39171681738 4510.45351745745 4615.45657508472 Inf 4136.79615892992 360.641726285497 -Inf 3429.951364088 3543.59330741918 3674.61519000804 3893.54701105733 4136.79615892992 4380.04530680251 4598.97712785181 4729.99901044066 4843.64095377185 Inf
"64" 71.7440577232425 3954.1598543307 333.152755693792 -Inf 3301.1924518206 3406.17233579889 3527.20741870582 3729.45173536566 3954.1598543307 4178.86797329574 4381.11228995558 4502.14737286251 4607.1272568408 Inf 4128.4648721598 360.562414897806 -Inf 3421.77552478131 3535.39247627276 3666.38554487098 3885.26921900529 4128.4648721598 4371.66052531432 4590.54419944863 4721.53726804684 4835.15421953829 Inf
"65" 71.9540210872033 3945.19553160583 333.099264562919 -Inf 3292.33296978573 3397.29599815464 3518.31164762346 3720.52349186029 3945.19553160583 4169.86757135137 4372.07941558819 4493.09506505701 4598.05809342593 Inf 4116.87066444842 360.504661345536 -Inf 3410.29451195236 3523.8932647013 3654.86535131492 3873.71396547295 4116.87066444842 4360.02736342389 4578.87597758192 4709.84806419554 4823.44681694448 Inf
"66" 72.163515675001 3935.34933904302 333.072584265468 -Inf 3282.53906964502 3387.49369077587 3508.49964723763 3710.69529488464 3935.34933904302 4160.0033832014 4362.19903084842 4483.20498731018 4588.15960844102 Inf 4102.41270233498 360.475828174316 -Inf 3395.89306181608 3509.48272893413 3640.4443403972 3859.27545103796 4102.41270233498 4345.549953632 4564.38106427277 4695.34267573584 4808.93234285389 Inf
"67" 72.3743009589656 3924.66979484536 333.076925033671 -Inf 3271.85101769802 3376.80700664989 3497.81454012168 3700.01282288332 3924.66979484536 4149.3267668074 4351.52504956904 4472.53258304084 4577.4885719927 Inf 4085.87922733934 360.480516760243 -Inf 3379.35039736088 3492.94154190091 3623.90485673692 3842.73881363917 4085.87922733934 4329.01964103951 4547.85359794175 4678.81691277776 4792.4080573178 Inf
"68" 72.5884037846767 3913.39131326668 333.114548181893 -Inf 3260.49879610384 3365.46664049939 3486.4878425385 3688.7089648768 3913.39131326668 4138.07366165657 4340.29478399487 4461.31598603397 4566.28383042952 Inf 4068.44426449902 360.521176975377 -Inf 3361.83574196329 3475.43969895826 3606.41778573425 3825.2764259005 4068.44426449902 4311.61210309754 4530.4707432638 4661.44883003979 4775.05278703475 Inf
"69" 72.8081893189787 3901.96280615168 333.185350731852 -Inf 3248.93151854091 3353.9216735533 3474.96859830475 3677.23270216756 3901.96280615168 4126.6929101358 4328.95701399862 4450.00393875007 4554.99409376246 Inf 4051.66652114652 360.597642017843 -Inf 3344.90812988148 3458.53618180332 3589.54204848686 3808.44710766061 4051.66652114652 4294.88593463243 4513.79099380618 4644.79686048972 4758.42491241156 Inf
"70" 73.036317359077 3891.08535653913 333.285215228015 -Inf 3237.85833811254 3342.87996146202 3463.96316719079 3666.28789497594 3891.08535653913 4115.88281810232 4318.20754588746 4439.29075161623 4544.31237496572 Inf 4037.49225096224 360.705368817618 -Inf 3330.52271904948 3444.18471680172 3575.22972085368 3794.20017685406 4037.49225096224 4280.78432507042 4499.75478107081 4630.79978512277 4744.46178287501 Inf
