"mid_age" "mean_left" "std_left" "min_left" "l.q2.5" "l.q5" "l.q10" "l.q25" "l.q50" "l.q75" "l.q90" "l.q95" "l.q97.5" "max_left" "mean_right" "std_right" "min_right" "r.q2.5" "r.q5" "r.q10" "r.q25" "r.q50" "r.q75" "r.q90" "r.q95" "r.q97.5" "max_right"
"1" 56.0051167315232 4263.93561581044 337.812297908483 -Inf 3601.8356783751 3708.28383236686 3831.01173656561 4036.08468338099 4263.93561581044 4491.7865482399 4696.85949505528 4819.58739925402 4926.03555324578 Inf 4479.02144905504 359.365351873211 -Inf 3774.67830209198 3887.9180466257 4018.47621975944 4236.63320264095 4479.02144905504 4721.40969546913 4939.56667835064 5070.12485148438 5183.3645960181 Inf
"2" 56.3708936362379 4258.28764504152 337.88829105267 -Inf 3596.0387637805 3702.5108639991 3825.26637666378 4030.38545601522 4258.28764504152 4486.18983406782 4691.30891341926 4814.06442608394 4920.53652630254 Inf 4499.51149996266 359.446796791296 -Inf 3795.00872389343 3908.27413256441 4038.86189480478 4257.06831978612 4499.51149996266 4741.9546801392 4960.16110512054 5090.74886736091 5204.01427603189 Inf
"3" 56.7288604047666 4256.76954927438 337.966705112485 -Inf 3594.36697928024 3700.86378858127 3823.64778923552 4028.81447076847 4256.76954927438 4484.72462778029 4689.89130931324 4812.67530996749 4919.17211926852 Inf 4506.73488928534 359.530662981454 -Inf 3802.06773850388 3915.35957428003 4045.97780528017 4264.23514222315 4506.73488928534 4749.23463634753 4967.49197329051 5098.11020429065 5211.4020400668 Inf
"4" 57.081010528532 4258.4337099865 337.94516481524 -Inf 3596.07335819917 3702.56337992944 3825.3395549493 4030.49316019029 4258.4337099865 4486.3742597827 4691.5278650237 4814.30404004356 4920.79406177382 Inf 4499.44271500552 359.507556739466 -Inf 3794.82085162618 3908.10540638615 4038.71524284095 4256.95855286672 4499.44271500552 4741.92687714433 4960.1701871701 5090.7800236249 5204.06457838487 Inf
"5" 57.4285924095755 4261.36199274693 337.829092877501 -Inf 3599.22913777719 3705.68258403765 3828.41658988326 4033.49973228302 4261.36199274693 4489.22425321085 4694.30739561061 4817.04140145621 4923.49484771667 Inf 4481.31232882475 359.383538340633 -Inf 3776.93353704053 3890.1790123185 4020.74379263335 4238.91181582479 4481.31232882475 4723.7128418247 4941.88086501614 5072.44564533099 5185.69112060896 Inf
"6" 57.7725389803153 4263.55283024665 337.702040048683 -Inf 3601.66899424552 3708.08240484366 3830.77025213465 4035.7762656135 4263.55283024665 4491.32939487979 4696.33540835864 4819.02325564963 4925.43666624777 Inf 4459.42630794747 359.248053973855 -Inf 3755.31306064261 3868.51584339332 3999.03140195842 4217.11717776422 4459.42630794747 4701.73543813072 4919.82121393651 5050.33677250162 5163.53955525233 Inf
"7" 58.1135071177601 4263.60927217263 337.634826256021 -Inf 3601.85717278439 3708.24940362029 3830.91283200185 4035.87804255371 4263.60927217263 4491.34050179155 4696.30571234342 4818.96914072498 4925.36137156087 Inf 4441.71935977538 359.176623202941 -Inf 3737.7461142089 3850.92638838384 3981.41599600263 4199.45840891496 4441.71935977538 4683.9803106358 4902.02272354813 5032.51233116692 5145.69260534186 Inf
"8" 58.4515838271925 4261.04908853998 337.635831787165 -Inf 3599.29501834691 3705.68756603608 3828.35135972918 4033.31718070061 4261.04908853998 4488.78099637935 4693.74681735077 4816.41061104387 4922.80315873304 Inf 4434.23008267807 359.177888560128 -Inf 3730.25435705708 3843.43502995917 3973.92509728483 4191.96827834719 4434.23008267807 4676.49188700895 4894.5350680713 5025.02513539697 5138.20580829906 Inf
"9" 58.7865530633039 4256.22176558868 337.671395424018 -Inf 3594.39799194822 3700.80174610772 3823.4784601434 4028.46587044077 4256.22176558868 4483.97766073659 4688.96507103396 4811.64178506964 4918.04553922914 Inf 4438.99468215028 359.215760377626 -Inf 3734.94472913097 3848.13733583501 3978.64116207004 4196.70733366668 4438.99468215028 4681.28203063388 4899.34820223052 5029.85202846555 5143.0446351696 Inf
"10" 59.117892631137 4249.94158274854 337.708575661655 -Inf 3588.04493718138 3694.46040721885 3817.15062891151 4022.16060991144 4249.94158274854 4477.72255558565 4682.73253658558 4805.42275827823 4911.83822831571 Inf 4453.40787042111 359.255234484659 -Inf 3749.28054957369 3862.48559497772 3993.0037622372 4211.09389705692 4453.40787042111 4695.7218437853 4913.81197860502 5044.3301458645 5157.53519126853 Inf
"11" 59.4448717415461 4243.0397857674 337.730427793476 -Inf 3581.10031080889 3687.52266667943 3810.22082729663 4015.24407389137 4243.0397857674 4470.83549764344 4675.85874423818 4798.55690485537 4904.97926072592 Inf 4471.28989229059 359.278493056572 -Inf 3767.11698547988 3880.32935990083 4010.85597704743 4228.96023125804 4471.28989229059 4713.61955332314 4931.72380753374 5062.25042468035 5175.46279910129 Inf
"12" 59.7665280996711 4236.03244971734 337.726111140162 -Inf 3574.10143524386 3680.52243089223 3803.21902326038 4008.23964937972 4236.03244971734 4463.82525005497 4668.84587617431 4791.54246854245 4897.96346419083 Inf 4485.21917179596 359.274042751942 -Inf 3781.05498742206 3894.26595950591 4024.79095984768 4242.89251244827 4485.21917179596 4727.54583114366 4945.64738374425 5076.17238408601 5189.38335616987 Inf
"13" 60.0818627517871 4229.00062222765 337.685962875036 -Inf 3567.14829690785 3673.55664142205 3796.23864784271 4001.23490148335 4229.00062222765 4456.76634297196 4661.76259661259 4784.44460303326 4890.85294754745 Inf 4489.17772750076 359.231418649483 -Inf 3785.09708483254 3898.29462562023 4028.80414053771 4246.87981767329 4489.17772750076 4731.47563732823 4949.55131446381 5080.06082938128 5193.25837016898 Inf
"14" 60.3898385770579 4221.67893780068 337.60970517892 -Inf 3559.97607481881 3666.36038974311 3789.01469158558 3993.96465209077 4221.67893780068 4449.39322351058 4654.34318401577 4776.99748585824 4883.38180078254 Inf 4480.43165724989 359.150168443662 -Inf 3776.51026205882 3889.6822000651 4020.16219661531 4238.18854985344 4480.43165724989 4722.67476464634 4940.70111788447 5071.18111443468 5184.35305244096 Inf
"15" 60.6895475818113 4213.6524594063 337.510041427719 -Inf 3552.14493378735 3658.49784363138 3781.11593742759 3986.00539587505 4213.6524594063 4441.29952293756 4646.18898138502 4768.80707518123 4875.15998502526 Inf 4460.02127058138 359.043872759061 -Inf 3756.30821110384 3869.44665423894 3999.88803334781 4217.84985853469 4460.02127058138 4702.19268262808 4920.15450781496 5050.59588692383 5163.73433005893 Inf
"16" 60.9801920818333 4204.56364266937 337.401804037848 -Inf 3543.26825843635 3649.58706155774 3772.16583248709 3976.98958414817 4204.56364266937 4432.13770119056 4636.96145285164 4759.54022378099 4865.85902690239 Inf 4431.90251837641 358.928507847664 -Inf 3728.41556997029 3841.5176604269 3971.91712722565 4189.80891877999 4431.90251837641 4673.99611797284 4891.88790952717 5022.28737632592 5135.38946678254 Inf
"17" 61.2612377507612 4194.25081373029 337.289249809873 -Inf 3533.17603173041 3639.45936784878 3761.99724759508 3966.75267188221 4194.25081373029 4421.74895557837 4626.5043798655 4749.0422596118 4855.32559573017 Inf 4401.31621160345 358.808706019916 -Inf 3698.06407046499 3811.12841012482 3941.48435267259 4159.30341711189 4401.31621160345 4643.329006095 4861.1480705343 4991.50401308207 5104.5683527419 Inf
"18" 61.5327038386617 4182.79306226765 337.166752253507 -Inf 3521.95837106644 3628.20310693602 3750.69648306758 3955.37754376576 4182.79306226765 4410.20858076955 4614.88964146772 4737.38301759928 4843.62775346887 Inf 4373.12544411457 358.678403887222 -Inf 3670.1286904633 3783.15197057151 3913.46057408586 4131.20053707595 4373.12544411457 4615.05035115319 4832.79031414328 4963.09891765763 5076.12219776583 Inf
"19" 61.7950891355094 4170.49661821478 337.031301254862 -Inf 3509.92740609258 3616.12945994955 3738.57362645408 3943.17246002313 4170.49661821478 4397.82077640643 4602.41960997548 4724.86377648002 4831.06583033698 Inf 4350.75565922007 358.53424515401 -Inf 3648.04145149396 3761.01930569219 3891.2755360416 4108.9279857694 4350.75565922007 4592.58333267074 4810.23578239854 4940.49201274795 5053.46986694619 Inf
"20" 62.0492605688872 4157.84962449923 336.893109549931 -Inf 3497.55126314166 3603.70977136107 3726.10373253433 3930.61867519612 4157.84962449923 4385.08057380234 4589.59551646413 4711.98947763739 4818.1479858568 Inf 4335.8499670379 358.387017693241 -Inf 3633.42431983243 3746.35578113285 3876.55852344227 4094.12159700047 4335.8499670379 4577.57833707533 4795.14141063353 4925.34415294295 5038.27561424337 Inf
"21" 62.2964618770711 4145.46351534326 336.775071130337 -Inf 3485.39650503688 3591.51781812768 3713.86889569978 3918.31218174429 4145.46351534326 4372.61484894222 4577.05813498673 4699.40921255883 4805.53052564963 Inf 4328.44806500019 358.261138739536 -Inf 3626.26913601039 3739.1609315487 3869.31794177475 4086.8045990268 4328.44806500019 4570.09153097358 4787.57818822563 4917.73519845168 5030.62699398999 Inf
"22" 62.5382997521544 4134.02280635874 336.702757175123 -Inf 3474.09752880016 3580.19605501468 3702.52086077778 3906.92024778136 4134.02280635874 4361.12536493612 4565.5247519397 4687.8495577028 4793.94808391732 Inf 4327.44025825775 358.183959849635 -Inf 3625.41259711252 3738.28007278324 3868.40904375949 4085.84884865453 4327.44025825775 4569.03166786097 4786.47147275601 4916.60044373226 5029.46791940298 Inf
"23" 62.7763992900783 4124.26273131485 336.692448895483 -Inf 3464.35765761311 3570.45293558194 3692.7739963258 3897.16712556643 4124.26273131485 4351.35833706327 4555.7514663039 4678.07252704776 4784.16780501659 Inf 4331.05893278217 358.172934257134 -Inf 3629.05288140116 3741.91688279347 3872.04184814924 4089.47495982808 4331.05893278217 4572.64290573626 4790.07601741511 4920.20098277087 5033.06498416319 Inf
"24" 63.0122041312988 4116.93557951639 336.743259998441 -Inf 3456.93091788284 3563.0422069565 3685.3817274788 3889.80570219983 4116.93557951639 4344.06545683296 4548.48943155399 4670.82895207629 4776.94024114995 Inf 4337.27307450678 358.227155881019 -Inf 3635.16075069577 3748.04183788337 3878.18650206687 4095.65252962314 4337.27307450678 4578.89361939042 4796.35964694669 4926.50431113018 5039.38539831779 Inf
"25" 63.2470784272214 4112.74829097205 336.83667855796 -Inf 3452.56053232636 3558.70125855571 3681.07471823326 3885.55540379462 4112.74829097205 4339.94117814949 4544.42186371085 4666.7953233884 4772.93604961775 Inf 4344.10627986238 358.326852626603 -Inf 3641.79855402065 3754.7110566854 3884.89194090209 4102.41849054571 4344.10627986238 4585.79406917904 4803.32061882267 4933.50150303935 5046.41400570411 Inf
"26" 63.4819595833657 4112.28414293083 336.943243063534 -Inf 3451.88752169218 3558.06182750098 3680.47400228308 3885.01937908665 4112.28414293083 4339.54890677501 4544.09428357857 4666.50645836067 4772.68076416948 Inf 4349.877441034 358.440533520202 -Inf 3647.34690473508 3760.29522942688 3890.51741414654 4108.11297511981 4349.877441034 4591.64190694819 4809.23746792146 4939.45965264113 5052.40797733292 Inf
"27" 63.7174379325218 4115.87669117395 337.03356992714 -Inf 3455.3030325358 3561.5058012749 3683.95079199274 3888.5510027861 4115.87669117395 4343.20237956181 4547.80259035517 4670.24758107301 4776.45034981211 Inf 4353.39673563755 358.536802781091 -Inf 3650.67751505447 3763.65617518749 3893.91333472809 4111.56733709363 4353.39673563755 4595.22613418147 4812.88013654702 4943.13729608761 5056.11595622063 Inf
"28" 63.9536302141306 4123.47089973281 337.088713705502 -Inf 3462.78916127509 3569.00930638991 3691.47433095611 3896.10801743167 4123.47089973281 4350.83378203395 4555.46746850951 4677.93249307571 4784.15263819053 Inf 4354.08804728602 358.595455654653 -Inf 3651.25386918317 3764.25101144415 3894.52947969462 4112.21908798006 4354.08804728602 4595.95700659197 4813.64661487742 4943.92508312789 5056.92222538887 Inf
"29" 64.1901586713272 4134.50245017216 337.104843104891 -Inf 3473.78909867255 3580.01432632817 3702.48521073842 3907.12868875645 4134.50245017216 4361.87621158787 4566.5196896059 4688.99057401614 4795.21580167177 Inf 4352.01253103618 358.612474401792 -Inf 3649.14499680188 3762.14750184635 3892.43215304274 4110.13209275972 4352.01253103618 4593.89296931265 4811.59290902962 4941.87756022601 5054.88006527049 Inf
"30" 64.4263401623457 4147.86629037501 337.089833868686 -Inf 3487.18235643779 3593.40285452763 3715.86828605142 3920.50265253528 4147.86629037501 4375.22992821473 4579.86429469859 4702.32972622238 4808.55022431222 Inf 4347.75809182786 358.596356555392 -Inf 3644.92214799201 3757.91957413614 3888.19836968571 4105.88852487359 4347.75809182786 4589.62765878213 4807.31781397001 4937.59660951958 5050.59403566371 Inf
"31" 64.6612182222043 4162.00556934967 337.054454825625 -Inf 3501.39097706266 3607.60032684959 3730.0529050941 3934.66579431185 4162.00556934967 4389.34534438748 4593.95823360523 4716.41081184975 4822.62016163667 Inf 4342.20844523104 358.558653728496 -Inf 3639.44639757802 3752.43194317089 3882.69704120572 4100.36430844706 4342.20844523104 4584.05258201502 4801.71984925636 4931.98494729119 5044.97049288406 Inf
"32" 64.8936884989143 4175.13240426277 337.004711362394 -Inf 3514.61530737216 3620.8089824786 3743.24348882038 3947.82618068104 4175.13240426277 4402.43862784449 4607.02131970515 4729.45582604693 4835.64950115337 Inf 4336.26128135487 358.505765344289 -Inf 3633.6028930301 3746.57177294531 3876.81765652114 4094.45281724395 4336.26128135487 4578.0697454658 4795.70490618861 4925.95078976444 5038.91966967965 Inf
"33" 65.122740304519 4185.53642769228 336.940473585246 -Inf 3525.14523453133 3631.31866764884 3753.72983627377 3958.27353183282 4185.53642769228 4412.79932355174 4617.34301911079 4739.75418773572 4845.92762085323 Inf 4330.58479762489 358.437483120542 -Inf 3628.06023999945 3741.00760347871 3871.2286799819 4088.82238917401 4330.58479762489 4572.34720607578 4789.94091526789 4920.16199177107 5033.10935525034 Inf
"34" 65.347584862593 4191.87489788939 336.860181054518 -Inf 3531.64107519689 3637.78920730633 3760.17120548933 3964.66615851892 4191.87489788939 4419.08363725986 4623.57859028944 4745.96058847244 4852.10872058188 Inf 4325.49311446836 358.35205540079 -Inf 3623.13599209691 3736.05643641686 3866.24647685335 4083.78832613883 4325.49311446836 4567.19790279789 4784.73975208337 4914.92979251986 5027.85023683981 Inf
"35" 65.5677786500445 4193.36459236476 336.766755205171 -Inf 3533.31388097221 3639.43257362885 3761.7806300082 3966.21886777208 4193.36459236476 4420.51031695744 4624.94855472132 4747.29661110066 4853.41530375731 Inf 4320.95479276026 358.252541712269 -Inf 3618.79271363428 3731.68180016025 3861.83568706857 4079.31712539364 4320.95479276026 4562.59246012688 4780.07389845195 4910.22778536027 5023.11687188624 Inf
"36" 65.7832650018788 4189.8333212453 336.669955754452 -Inf 3529.97233328988 3636.060523437 3758.37341237635 3962.75288688996 4189.8333212453 4416.91375560065 4621.29323011425 4743.6061190536 4849.69430920072 Inf 4316.69600204517 358.149346601198 -Inf 3614.73618162027 3727.59275029789 3857.70914620963 4075.12793872324 4316.69600204517 4558.26406536711 4775.68285788072 4905.79925379245 5018.65582247008 Inf
"37" 65.9943596966028 4181.65121069316 336.583997278576 -Inf 3521.95869825462 3628.01980199567 3750.30146204354 3954.62875444873 4181.65121069316 4408.67366693758 4613.00095934277 4735.28261939065 4841.34372313169 Inf 4312.33496436265 358.057665892736 -Inf 3610.55483482441 3723.3825139612 3853.46560208257 4070.82873873886 4312.33496436265 4553.84118998643 4771.20432664273 4901.28741476409 5014.11509390088 Inf
"38" 66.201579939586 4169.60126183501 336.522566348224 -Inf 3510.0291518075 3616.07089802612 3738.33024009036 3942.62024012345 4169.60126183501 4396.58228354657 4600.87228357966 4723.1316256439 4829.17337186252 Inf 4307.50046784172 357.992143243324 -Inf 3605.8487603365 3718.65579260781 3848.71507621557 4066.03843657337 4307.50046784172 4548.96249911007 4766.28585946787 4896.34514307563 5009.15217534694 Inf
"39" 66.4057282555797 4154.72076063196 336.494036880503 -Inf 3495.20456733368 3601.23732362152 3723.48630087132 3927.75898175395 4154.72076063196 4381.68253950996 4585.95522039259 4708.20419764239 4814.23695393023 Inf 4301.90396225937 357.961740828888 -Inf 3600.31184239149 3713.10929454711 3843.15753289504 4060.46243710794 4301.90396225937 4543.3454874108 4760.65039162371 4890.69862997163 5003.49608212726 Inf
"40" 66.6076861685065 4138.16785171586 336.499054718656 -Inf 3478.64182363552 3584.67616109613 3706.92696133689 3911.20268835745 4138.16785171586 4365.13301507426 4569.40874209483 4691.65954233558 4797.6938797962 Inf 4295.37637823169 357.967150355945 -Inf 3593.7736558856 3706.57281263923 3836.62301627949 4053.9312044097 4295.37637823169 4536.82155205367 4754.12974018389 4884.17994382415 4996.97910057778 Inf
"41" 66.808328663765 4121.10968068694 336.530775469577 -Inf 3461.52148107724 3567.56581407502 3689.82813852997 3894.12312200718 4121.10968068694 4348.09623936671 4552.39122284392 4674.65354729887 4780.69788029665 Inf 4287.87210412916 358.001049571381 -Inf 3586.20294054171 3699.01277928924 3829.07529858435 4046.40406563382 4287.87210412916 4529.34014262449 4746.66890967397 4876.73142896908 4989.5412677166 Inf
"42" 67.0084291353136 4104.62870034268 336.577299925357 -Inf 3444.94931447524 3551.00830781092 3673.28753469656 3877.61076139435 4104.62870034268 4331.646639291 4535.96986598879 4658.24909287444 4764.30808621011 Inf 4279.4532667106 358.050713722804 -Inf 3577.68676317505 3690.51225161108 3820.59281399478 4037.95173025418 4279.4532667106 4520.95480316703 4738.31371942642 4868.39428181012 4981.21977024616 Inf
"43" 67.2086594063663 4089.63024002419 336.625343995647 -Inf 3429.85668950931 3535.93082202916 3658.22750342457 3862.57989584289 4089.63024002419 4316.68058420548 4521.0329766238 4643.32965801921 4749.40379053906 Inf 4270.25674400621 358.101947899401 -Inf 3568.38982332974 3681.23145618549 3811.33063205116 4028.72065062281 4270.25674400621 4511.79283738961 4729.18285596126 4859.28203182692 4972.12366468267 Inf
"44" 67.4095260709174 4076.76338374084 336.663931995594 -Inf 3416.91420213583 3523.00049413414 3645.31119462948 3849.6870123491 4076.76338374084 4303.83975513258 4508.21557285219 4630.52627334753 4736.61256534584 Inf 4260.45472066532 358.143040446164 -Inf 3558.50726007717 3671.36184162002 3801.47594649264 4018.89091078033 4260.45472066532 4502.01853055032 4719.43349483801 4849.54759971062 4962.40218125348 Inf
"45" 67.6113495445047 4066.35257104983 336.687004477889 -Inf 3406.45816821049 3512.55173058695 3634.87081336267 3839.26063750527 4066.35257104983 4293.44450459439 4497.83432873699 4620.15341151271 4726.24697388917 Inf 4250.21058292057 358.167548937167 -Inf 3548.21508657274 3661.07739099495 3791.20039985287 4008.6302423096 4250.21058292057 4491.79092353154 4709.22076598827 4839.34377484619 4952.2060792684 Inf
"46" 67.8144184542821 4058.35179317846 336.694182227986 -Inf 3398.44332220744 3504.53914636729 3626.86083683442 3831.25501831503 4058.35179317846 4285.44856804188 4489.84274952249 4612.16443998962 4718.26026414947 Inf 4239.63048883401 358.175106814051 -Inf 3537.62017931968 3650.48486530719 3780.61061995736 3998.04505051255 4239.63048883401 4481.21592715548 4698.65035771066 4828.77611236083 4941.64079834834 Inf
"47" 68.0188338560347 4052.36160261595 336.689581235184 -Inf 3392.46214942511 3498.55652376448 3620.87654268144 3825.267931075 4052.36160261595 4279.45527415689 4483.84666255045 4606.16668146741 4712.26105580678 Inf 4228.74584644556 358.170141544894 -Inf 3526.74526867996 3639.60839005972 3769.73234081737 3987.16375714725 4228.74584644556 4470.32793574388 4687.75935207375 4817.8833028314 4930.74642421117 Inf
"48" 68.2248135170859 4047.68225471517 336.679505214333 -Inf 3387.80255016231 3493.89374944314 3616.21010772095 3820.59537934701 4047.68225471517 4274.76913008332 4479.15440170937 4601.47075998719 4707.56195926802 Inf 4217.49632354018 358.159394226999 -Inf 3515.51681013058 3628.37654491916 3758.49659115406 3975.92148319763 4217.49632354018 4459.07116388273 4676.4960559263 4806.6161021612 4919.47583694978 Inf
"49" 68.4325877772657 4043.43354390855 336.670218728269 -Inf 3383.57204053392 3489.66031354681 3611.97329802509 3816.35293218006 4043.43354390855 4270.51415563704 4474.893789792 4597.20677427028 4703.29504728317 Inf 4205.76270701949 358.149533480223 -Inf 3503.80252031843 3616.65914788357 3746.77561168884 3964.19451764957 4205.76270701949 4447.33089638941 4664.74980235014 4794.86626615541 4907.72289372055 Inf
"50" 68.6424991538259 4038.6991562382 336.666861184713 -Inf 3378.84423352802 3484.93144854416 3607.24321321995 3811.62080913843 4038.6991562382 4265.77750333798 4470.15509925646 4592.46686393225 4698.55407894839 Inf 4193.41525878034 358.146001208257 -Inf 3491.46199520512 3604.31750971478 3734.43269023836 3951.84945189166 4193.41525878034 4434.98106566903 4652.39782732232 4782.51300784591 4895.36852235557 Inf
"51" 68.8549224992808 4032.68671042686 336.67371912682 -Inf 3372.81834639714 3478.90772242187 3601.22197860216 3805.60373771542 4032.68671042686 4259.76968313829 4464.15144225156 4586.46569843185 4692.55507445658 Inf 4180.38994684575 358.153321458764 -Inf 3478.42233584318 3591.28015703959 3721.39799702528 3938.81920252313 4180.38994684575 4421.96069116837 4639.38189666623 4769.49973665192 4882.35755784833 Inf
"52" 69.0702862968471 4024.87629922502 336.695124318821 -Inf 3364.96598178989 3471.06210281233 3593.384135543 3797.77888893098 4024.87629922502 4251.97370951906 4456.36846290704 4578.69049563771 4684.78661666014 Inf 4166.76383103283 358.176083467949 -Inf 3464.75160731204 3577.6166010533 3707.74271052384 3925.17773396832 4166.76383103283 4408.34992809733 4625.78495154181 4755.91106101235 4868.77605475362 Inf
"53" 69.288940983074 4015.14401691047 336.735684511333 -Inf 3355.15420295882 3461.26310491802 3583.59987325024 3788.01924918231 4015.14401691047 4242.26878463863 4446.6881605707 4569.02492890292 4675.13383086212 Inf 4152.82709789174 358.219206815131 -Inf 3450.73035396358 3563.60893631819 3693.75071258966 3911.21191457156 4152.82709789174 4394.44228121192 4611.90348319382 4742.04525946529 4854.9238418199 Inf
"54" 69.5111062049195 4003.83049689349 336.798736703567 -Inf 3343.71710291591 3449.84587327395 3572.20554859759 3776.66320110794 4003.83049689349 4230.99779267903 4435.45544518939 4557.81512051302 4663.94389087107 Inf 4139.11478308409 358.286293402257 -Inf 3436.88655186132 3549.78627389439 3679.95242286126 3897.45435054852 4139.11478308409 4380.77521561966 4598.27714330693 4728.44329227379 4841.34301430687 Inf
"55" 69.7366912630212 3991.73211843795 336.882947655545 -Inf 3331.45367402739 3437.60898012862 3559.9992494647 3764.50802322844 3991.73211843795 4218.95621364746 4423.46498741119 4545.85525674727 4652.01056284851 Inf 4126.382952709 358.375981471225 -Inf 3423.97893610121 3536.90691977377 3667.10565260097 3884.6620264902 4126.382952709 4368.10387892781 4585.66025281704 4715.85898564424 4828.7869693168 Inf
"56" 69.9652318798203 3979.97380210895 336.978762442891 -Inf 3319.50756416601 3425.69306249914 3548.11814154498 3752.68508080746 3979.97380210895 4207.26252341044 4411.82946267292 4534.25454171876 4640.4400400519 Inf 4115.48956796821 358.478123350425 -Inf 3412.88535695587 3525.8455265925 3656.08136777498 3873.69974809882 4115.48956796821 4357.27938783759 4574.89776816143 4705.13360934391 4818.09377898054 Inf
"57" 70.1960548668856 3969.7514369595 337.067752805165 -Inf 3309.11078111152 3415.32432122954 3537.78173065744 3742.40269257079 3969.7514369595 4197.10018134821 4401.72114326156 4524.17855268945 4630.39209280747 Inf 4107.18083541023 358.573063836373 -Inf 3404.39054446476 3517.38063083187 3647.6509640886 3865.32697915619 4107.18083541023 4349.03469166427 4566.71070673186 4696.98103998859 4809.97112635571 Inf
"58" 70.4281877944465 3962.02010685208 337.126864331135 -Inf 3301.26359454213 3407.49576131424 3529.97464608137 3734.63149234499 3962.02010685208 4189.40872135918 4394.06556762279 4516.54445238993 4622.77661916203 Inf 4101.85521472604 358.636171904867 -Inf 3398.94123423919 3511.95120661233 3642.24446716044 3859.95879272665 4101.85521472604 4343.75163672543 4561.46596229165 4691.75922283975 4804.7691952129 Inf
"59" 70.6604427357058 3957.19974123698 337.136897373934 -Inf 3296.4235645245 3402.6588928123 3525.14142260457 3729.80435954536 3957.19974123698 4184.59512292861 4389.2580598694 4511.74058966167 4617.97591794947 Inf 4099.36301430751 358.646918859313 -Inf 3396.427970177 3509.4413290268 3639.73849396561 3857.4593435975 4099.36301430751 4341.26668501752 4558.98753464941 4689.28469958822 4802.29805843802 Inf
"60" 70.8916762497415 3955.01655897448 337.090829094167 -Inf 3294.33067443116 3400.55148612686 3523.01727921812 3727.65224986536 3955.01655897448 4182.38086808359 4387.01583873084 4509.4816318221 4615.70244351779 Inf 4098.94326509928 358.597794291861 -Inf 3396.10450335173 3509.10238254152 3639.38170042371 3857.0727284065 4098.94326509928 4340.81380179207 4558.50482977486 4688.78414765705 4801.78202684683 Inf
"61" 71.1208834376214 3954.55641399922 336.996915359144 -Inf 3294.05459699421 3400.24581549927 3522.67748953701 3727.25544874178 3954.55641399922 4181.85737925666 4386.43533846143 4508.86701249917 4615.05823100424 Inf 4099.34836369047 358.497629044013 -Inf 3396.7059222212 3509.67223830392 3639.91516594508 3857.54538743068 4099.34836369047 4341.15133995025 4558.78156143585 4689.02448907701 4801.99080515973 Inf
"62" 71.3472375097618 3954.49907394962 336.87508930696 -Inf 3294.23603161926 3400.38886147346 3522.7762758553 3727.28027911568 3954.49907394962 4181.71786878355 4386.22187204393 4508.60928642577 4614.76211627997 Inf 4099.11570014671 358.367731429996 -Inf 3396.72785332259 3509.65323732171 3639.84897289193 3857.40033849615 4099.11570014671 4340.83106179726 4558.38242740149 4688.57816297171 4801.50354697082 Inf
"63" 71.5703225702341 3953.4448594159 336.74921309224 -Inf 3293.4285299329 3399.54169488807 3521.88337818162 3726.31096679858 3953.4448594159 4180.57875203321 4385.00634065017 4507.34802394372 4613.46118889889 Inf 4096.89704944953 358.233582683292 -Inf 3394.77212933752 3507.6552416771 3637.8022407311 3855.27216975363 4096.89704944953 4338.52192914543 4555.99185816795 4686.13885722196 4799.02196956153 Inf
"64" 71.7901277553118 3950.22052731557 336.639970723897 -Inf 3290.41830894011 3396.49705049353 3518.79904580947 3723.16031755599 3950.22052731557 4177.28073707515 4381.64200882167 4503.94400413761 4610.02274569103 Inf 4091.73885929693 358.117229756915 -Inf 3389.84198673012 3502.68843505746 3632.79316285346 3850.19245845728 4091.73885929693 4333.28526013658 4550.6845557404 4680.78928353641 4793.63573186374 Inf
"65" 72.007160934973 3944.08153023533 336.561300906232 -Inf 3284.43350186917 3390.48745374821 3512.76086815722 3717.07438246142 3944.08153023533 4171.08867800925 4375.40219231344 4497.67560672245 4603.72955860149 Inf 4083.2445690139 358.033485227034 -Inf 3381.51183270956 3494.33189226814 3624.40619550381 3841.75465300129 4083.2445690139 4324.73448502652 4542.082942524 4672.15724575967 4784.97730531824 Inf
"66" 72.2226406643656 3934.78124883076 336.520530948068 -Inf 3275.21312811425 3381.2542329572 3503.51283555636 3707.80159997575 3934.78124883076 4161.76089768578 4366.04966210516 4488.30826470433 4594.34936954727 Inf 4071.60173725573 357.99009978883 -Inf 3369.95403484772 3482.76042320535 3612.81896442188 3830.14108427649 4071.60173725573 4313.06239023497 4530.38451008957 4660.4430513061 4773.24943966373 Inf
"67" 72.4381585126738 3922.56841061178 336.52045462205 -Inf 3263.00043949151 3369.04152028334 3491.30009515311 3695.58881323788 3922.56841061178 4149.54800798568 4353.83672607045 4476.09530094021 4582.13638173204 Inf 4057.55455812911 357.990012596473 -Inf 3355.90702661499 3468.7133874974 3598.77189703677 3816.09396396023 4057.55455812911 4299.015152298 4516.33721922146 4646.39572876083 4759.20208964324 Inf
"68" 72.6557212414403 3908.14880966417 336.560876347818 -Inf 3248.5016134172 3354.55543151349 3476.82869167956 3681.14194825055 3908.14880966417 4135.15567107778 4339.46892764877 4461.74218781484 4567.79600591113 Inf 4042.34793942827 358.033019651965 -Inf 3340.61611563429 3453.43602848534 3583.51016257663 3800.85833744126 4042.34793942827 4283.83754141527 4501.1857162799 4631.25985037119 4744.07976322224 Inf
"69" 72.8777634759391 3892.65025339063 336.638800795718 -Inf 3232.85032803227 3338.9287009292 3461.23027120782 3665.59083273562 3892.65025339063 4119.70967404565 4324.07023557344 4446.37180585206 4552.45017874899 Inf 4027.67835477907 358.115975313697 -Inf 3325.78394087579 3438.62999391507 3568.73426596927 3786.13280004851 4027.67835477907 4269.22390950963 4486.62244358887 4616.72671564307 4729.57276868235 Inf
"70" 73.1070082672609 3877.61459048905 336.74716619777 -Inf 3217.6022728455 3323.71479280302 3446.05573245559 3650.48207848108 3877.61459048905 4104.74710249702 4309.17344852251 4431.51438817508 4537.6269081326 Inf 4015.65720363066 358.231415896366 -Inf 3313.53653034299 3426.41895990556 3556.56517176141 3774.03378541033 4015.65720363066 4257.28062185099 4474.7492354999 4604.89544735576 4717.77787691833 Inf
