"mid_age" "mean_left" "std_left" "min_left" "l.q2.5" "l.q5" "l.q10" "l.q25" "l.q50" "l.q75" "l.q90" "l.q95" "l.q97.5" "max_left" "mean_right" "std_right" "min_right" "r.q2.5" "r.q5" "r.q10" "r.q25" "r.q50" "r.q75" "r.q90" "r.q95" "r.q97.5" "max_right"
"1" 55.7652535174414 4246.14039337049 335.748081111988 -Inf 3588.08624651256 3693.88394441144 3815.86191439283 4019.68175401245 4246.14039337049 4472.59903272853 4676.41887234816 4798.39684232954 4904.19454022842 Inf 4458.09838771616 366.462277076368 -Inf 3739.84552295394 3855.3215821262 3988.4580828159 4210.92333799463 4458.09838771616 4705.27343743768 4927.73869261641 5060.87519330611 5176.35125247837 Inf
"2" 56.1354021280198 4241.54327694206 335.721488419136 -Inf 3583.54125080438 3689.3305690703 3811.29887787156 4015.10257408278 4241.54327694206 4467.98397980134 4671.78767601257 4793.75598481383 4899.54530307975 Inf 4462.66644736363 366.432985879487 -Inf 3744.47099229237 3859.9378215051 3993.0636806426 4215.51115425418 4462.66644736363 4709.82174047309 4932.26921408467 5065.39507322217 5180.8619024349 Inf
"3" 56.499919312316 4249.77017596634 335.721634764095 -Inf 3591.7678629978 3697.55722737854 3819.52558934722 4023.32937439888 4249.77017596634 4476.21097753379 4680.01476258546 4801.98312455414 4907.77248893487 Inf 4471.63282517932 366.432792674285 -Inf 3753.43774878329 3868.90451711507 4002.03030606071 4224.47766238479 4471.63282517932 4718.78798797385 4941.23534429793 5074.36113324358 5189.82790157535 Inf
"4" 56.8591773846989 4266.2130539094 335.727881600884 -Inf 3608.19849736574 3713.98983018945 3835.96046164682 4039.76803891456 4266.2130539094 4492.65806890424 4696.46564617199 4818.43627762935 4924.22761045306 Inf 4481.20377040832 366.439744098098 -Inf 3762.99506947197 3878.46402826939 4011.59234268164 4234.04391894967 4481.20377040832 4728.36362186696 4950.815198135 5083.94351254724 5199.41247134466 Inf
"5" 57.2132415018685 4282.82139738218 335.73344022306 -Inf 3624.79594613925 3730.58903054238 3852.56168145864 4056.37263315366 4282.82139738218 4509.2701616107 4713.08111330572 4835.05376422198 4940.84684862511 Inf 4486.9658464253 366.446052203645 -Inf 3768.74478182927 3884.21572837608 4017.34633453608 4239.80174021412 4486.9658464253 4734.12995263647 4956.58535831452 5089.71596447451 5205.18691102132 Inf
"6" 57.5619515303285 4291.64253706376 335.73704947147 -Inf 3633.61001182394 3739.40423353863 3861.37819570227 4065.19133843418 4291.64253706376 4518.09373569334 4721.90687842525 4843.88084058889 4949.67506230358 Inf 4485.56619425138 366.449804028908 -Inf 3767.33777621296 3882.80990499878 4015.94187420462 4238.39955747252 4485.56619425138 4732.73283103024 4955.19051429814 5088.32248350399 5203.7946122898 Inf
"7" 57.9051207045655 4287.97999102173 335.729402469445 -Inf 3629.96245363047 3735.75426569562 3857.72544968766 4061.53395021664 4287.97999102173 4514.42603182683 4718.23453235581 4840.20571634785 4945.997528413 Inf 4475.88981451753 366.441037029445 -Inf 3757.67857948231 3873.14794569579 4006.27672983266 4228.72909098994 4475.88981451753 4723.05053804511 4945.5028992024 5078.63168333927 5194.10104955275 Inf
"8" 58.2426533770287 4271.85841605658 335.6987565041 -Inf 3613.90094365366 3719.68309885771 3841.64314910737 4045.43304564099 4271.85841605658 4498.28378647216 4702.07368300578 4824.03373325545 4929.81588845949 Inf 4459.27865373409 366.40762857704 -Inf 3741.13289806236 3856.59173692646 3989.7083837037 4212.14046386522 4459.27865373409 4706.41684360296 4928.84892376448 5061.96557054172 5177.42440940582 Inf
"9" 58.5744059491576 4247.46735465105 335.647046138453 -Inf 3589.61123270243 3695.37709343467 3817.3183572019 4021.07686234707 4247.46735465105 4473.85784695503 4677.61635210021 4799.55761586743 4905.32347659967 Inf 4438.84789400066 366.351947578942 -Inf 3720.81127107983 3836.2525642847 3969.34898204055 4191.74726039429 4438.84789400066 4685.94852760702 4908.34680596076 5041.44322371661 5156.88451692149 Inf
"10" 58.9002985717116 4221.14434651608 335.592929959811 -Inf 3563.39429032857 3669.14309849241 3791.06470174038 3994.79035501991 4221.14434651608 4447.49833801224 4651.22399129177 4773.14559453974 4878.89440270358 Inf 4418.29141256859 366.293824464648 -Inf 3700.36870885845 3815.79168686799 3948.8669883766 4171.22998240707 4418.29141256859 4665.35284273012 4887.71583676058 5020.79113826919 5136.21411627874 Inf
"11" 59.2203443004606 4198.93543375003 335.556626823946 -Inf 3541.25653040135 3646.99389907106 3768.90231331494 3972.60592834691 4198.93543375003 4425.26493915316 4628.96855418513 4750.876968429 4856.61433709871 Inf 4400.71218737859 366.254616837861 -Inf 3682.86632920486 3798.27695248511 3931.33800978209 4153.67720235946 4400.71218737859 4647.74717239772 4870.08636497509 5003.14742227206 5118.55804555231 Inf
"12" 59.5346184821609 4184.72436282711 335.543664383201 -Inf 3527.07086539544 3632.80414946581 3754.70785442824 3958.4036004574 4184.72436282711 4411.04512519681 4614.74087122597 4736.6445761884 4842.37786025877 Inf 4387.8887469828 366.24022671979 -Inf 3670.07109292223 3785.47718172722 3918.53301106464 4140.86346795081 4387.8887469828 4634.91402601479 4857.24448290096 4990.30031223837 5105.70640104337 Inf
"13" 59.843238846583 4179.45438568618 335.543694759217 -Inf 3521.80082871861 3627.53412236078 3749.43783835888 3953.13360282816 4179.45438568618 4405.77516854419 4609.47093301347 4731.37464901157 4837.10794265374 Inf 4380.11512194175 366.239844416777 -Inf 3662.29821718131 3777.70418551867 3910.75987596462 4133.09010076923 4380.11512194175 4627.14014311427 4849.47036791888 4982.52605836483 5097.93202670218 Inf
"14" 60.1464166355156 4181.44830885146 335.542585278837 -Inf 3523.79692642548 3629.52987045889 3751.43318338048 3955.12827432659 4181.44830885146 4407.76834337633 4611.46343432244 4733.36674724403 4839.09969127744 Inf 4376.51384388664 366.238553278389 -Inf 3658.69946971095 3774.10503119722 3907.16025256993 4129.48969357373 4376.51384388664 4623.53799419956 4845.86743520335 4978.92265657606 5094.32821806234 Inf
"15" 60.4443039546233 4187.45457435477 335.533932858412 -Inf 3529.8201503612 3635.55036792732 3757.45053740673 3961.14037579879 4187.45457435477 4413.76877291075 4617.4586113028 4739.35878078222 4845.08899834834 Inf 4375.5915634364 366.229411976188 -Inf 3657.79510588379 3773.19778685106 3906.24968716983 4128.57357883812 4375.5915634364 4622.60954803467 4844.93343970296 4977.98534002173 5093.38802098901 Inf
"16" 60.737077195699 4193.90826702959 335.520409634361 -Inf 3536.30034806811 3642.02630432626 3763.92156079051 3967.60318974962 4193.90826702959 4420.21334430955 4623.89497326867 4745.79022973291 4851.51618599106 Inf 4375.78485579339 366.214997970575 -Inf 3658.01664917266 3773.41478813747 3906.46145181829 4128.77659329416 4375.78485579339 4622.79311829262 4845.1082597685 4978.15492344932 5093.55306241413 Inf
"17" 61.0249078047376 4197.9766355334 335.507122759374 -Inf 3540.39475836837 3646.11652779459 3768.00695710976 3971.68052011443 4197.9766355334 4424.27275095238 4627.94631395704 4749.83674327221 4855.55851269844 Inf 4375.83932318647 366.200587066592 -Inf 3658.09936141853 3773.49295935823 3906.53438752793 4128.84078069427 4375.83932318647 4622.83786567868 4845.14425884502 4978.18568701472 5093.57928495442 Inf
"18" 61.3078836111182 4198.13483989521 335.495419906851 -Inf 3540.57589989964 3646.29398163582 3768.18015928054 3971.84661793031 4198.13483989521 4424.42306186011 4628.08952050988 4749.9756981546 4855.69377989078 Inf 4374.96029103008 366.187675267777 -Inf 3657.24563592279 3772.63516522095 3905.67190250753 4127.97045741384 4374.96029103008 4621.95012464633 4844.24867955264 4977.28541683922 5092.67494613738 Inf
"19" 61.5861686464262 4194.23217140309 335.482423365014 -Inf 3536.69870416145 3642.41269055268 3764.29414652696 3967.95271547245 4194.23217140309 4420.51162733374 4624.17019627922 4746.05165225351 4851.76563864474 Inf 4372.77132947529 366.173380574158 -Inf 3655.08469145266 3770.4697163448 3903.50126033972 4125.79113748337 4372.77132947529 4619.7515214672 4842.04139861086 4975.07294260577 5090.45796749791 Inf
"20" 61.8599166155436 4187.16124808637 335.464885647975 -Inf 3529.66215413849 3635.37061421343 3757.24569869896 3960.89362116611 4187.16124808637 4413.42887500663 4617.07679747377 4738.9518819593 4844.66034203425 Inf 4369.16811854442 366.154363553782 -Inf 3651.51875319682 3766.89778562887 3899.92242070108 4122.20075333782 4369.16811854442 4616.13548375102 4838.41381638776 4971.43845145997 5086.81748389202 Inf
"21" 62.1292773116172 4178.34010394763 335.442615802783 -Inf 3520.88465809427 3626.58610071033 3748.4530945152 3952.08749780969 4178.34010394763 4404.59271008557 4608.22711338006 4730.09410718493 4835.79554980099 Inf 4364.16354034613 366.130390491345 -Inf 3646.5611613375 3761.93263960928 3894.94856521849 4117.21234472443 4364.16354034613 4611.11473596783 4833.37851547377 4966.39444108297 5081.76591935475 Inf
"22" 62.3944571814145 4169.20037664148 335.418580298163 -Inf 3511.79203951153 3617.48590829113 3739.34416994762 3942.96398220505 4169.20037664148 4395.43677107791 4599.05658333534 4720.91484499183 4826.60871377144 Inf 4357.78823064738 366.104507632217 -Inf 3640.23658111047 3755.59990342524 3888.60642573838 4110.85449274887 4357.78823064738 4604.72196854589 4826.97003555638 4959.97655786952 5075.33988018429 Inf
"23" 62.6557454638187 4160.82389828855 335.396507910808 -Inf 3503.45882224286 3609.14573578459 3730.99597849726 3934.60239145115 4160.82389828855 4387.04540512594 4590.65181807983 4712.5020607925 4818.18897433423 Inf 4350.07009884458 366.080617240179 -Inf 3632.56527361564 3747.92106782044 3880.9189107049 4103.15247477063 4350.07009884458 4596.98772291854 4819.22128698427 4952.21912986872 5067.57492407353 Inf
"24" 62.9134476900853 4153.78626567404 335.378672990917 -Inf 3496.456145429 3602.13743900276 3723.98120225226 3927.5767883073 4153.78626567404 4379.99574304078 4583.59132909582 4705.43509234532 4811.11638591907 Inf 4341.08070660391 366.061185623472 -Inf 3623.61396664387 3738.96363774498 3871.95442108303 4094.17618895625 4341.08070660391 4587.98522425156 4810.20699212478 4943.19777546283 5058.54744656394 Inf
"25" 63.1678427272798 4148.18213775173 335.365544216073 -Inf 3490.87774943255 3596.55490599337 3718.39389953191 3921.98151560906 4148.18213775173 4374.3827598944 4577.97037597156 4699.8093695101 4805.48652607091 Inf 4331.00959815896 366.04683526176 -Inf 3613.57098439105 3728.91613354455 3861.90170336661 4084.11475968319 4331.00959815896 4577.90443663473 4800.11749295132 4933.10306277338 5048.44821192688 Inf
"26" 63.4191655601349 4143.77014029449 335.356910997981 -Inf 3486.48267277184 3592.15710891622 3713.99296598883 3917.57534116893 4143.77014029449 4369.96493942005 4573.54731460016 4695.38317167276 4801.05760781714 Inf 4320.22430425307 366.037450957081 -Inf 3602.80408338435 3718.14627544625 3851.12843593107 4073.33579539462 4320.22430425307 4567.11281311152 4789.32017257507 4922.3023330599 5037.6445251218 Inf
"27" 63.6675887381104 4140.16474019542 335.352905117587 -Inf 3482.88512405407 3588.55829790405 3710.39269963205 3913.97264299513 4140.16474019542 4366.35683739571 4569.9367807588 4691.7711824868 4797.44435633677 Inf 4309.2848028547 366.033190683294 -Inf 3591.87293196916 3707.21378157467 3840.19439429324 4062.39916750725 4309.2848028547 4556.17043820215 4778.37521141616 4911.35582413474 5026.69667374024 Inf
"28" 63.9131386526296 4137.01048448592 335.353748454219 -Inf 3479.72921543515 3585.40265502923 3707.23736314317 3910.81781846372 4137.01048448592 4363.20315050813 4566.78360582868 4688.61831394262 4794.2917535367 Inf 4298.90052235382 366.034205568863 -Inf 3581.48666232912 3696.82783173558 3829.80881316417 4052.01420247646 4298.90052235382 4545.78684223119 4767.99223154347 4900.97321297207 5016.31438237852 Inf
"29" 64.1557318017778 4134.09191904612 335.358433319327 -Inf 3476.80146782846 3582.47638367206 3704.31279380715 3907.89609313042 4134.09191904612 4360.28774496182 4563.87104428509 4685.70745442018 4791.38237026377 Inf 4289.82552125216 366.039285559136 -Inf 3572.40170462948 3687.74447479349 3820.72730179302 4042.93577497343 4289.82552125216 4536.71526753089 4758.9237407113 4891.90656771083 5007.24933787484 Inf
"30" 64.395202043279 4131.36340256681 335.363649301813 -Inf 3474.06272821134 3579.73928766504 3701.57759277732 3905.16405852438 4131.36340256681 4357.56274660923 4561.1492123563 4682.98751746858 4788.66407692228 Inf 4282.72097476462 366.044790676782 -Inf 3565.28636830963 3680.63087319322 3813.61570021335 4035.82751534046 4282.72097476462 4529.61443418878 4751.8262493159 4884.81107633602 5000.15558121962 Inf
"31" 64.6312839405833 4128.90681924238 335.364201790975 -Inf 3471.60506202805 3577.28179557681 3699.12030140954 3902.70710255168 4128.90681924238 4355.10653593309 4558.69333707522 4680.53184290795 4786.20857645671 Inf 4278.0218855158 366.045146374147 -Inf 3560.58658190678 3675.9311988743 3808.91615512001 4031.12818617741 4278.0218855158 4524.91558485419 4747.12761591159 4880.1125721573 4995.45718912482 Inf
"32" 64.8636606344223 4126.84477873148 335.355055828304 -Inf 3469.56094727458 3575.23479883578 3697.06998192142 3900.65123089885 4126.84477873148 4353.0383265641 4556.61957554154 4678.45475862718 4784.12861018837 Inf 4275.84110838234 366.035023433165 -Inf 3558.42564537306 3673.76707249703 3806.74835105742 4028.95423686389 4275.84110838234 4522.72797990079 4744.93386570727 4877.91514426765 4993.25657139162 Inf
"33" 65.0920296061528 4125.24822641679 335.333863295844 -Inf 3468.00593156026 3573.67310513497 3695.50058892988 3899.06897273009 4125.24822641679 4351.42748010349 4554.9958639037 4676.82334769861 4782.49052127332 Inf 4275.94080507405 366.011994245733 -Inf 3558.57047844274 3673.90464883122 3806.87756084033 4029.06946650648 4275.94080507405 4522.81214364163 4745.00404930777 4877.97696131689 4993.31113170537 Inf
"34" 65.3161679836445 4124.07242161106 335.302400694412 -Inf 3466.89179232019 3572.54905170332 3694.36510507027 3897.91438912654 4124.07242161106 4350.23045409558 4553.77973815184 4675.59579151879 4781.25305090192 Inf 4277.77830999987 365.978019551828 -Inf 3560.47457254499 3675.79803715553 3808.75860608831 4030.9298870151 4277.77830999987 4524.62673298464 4746.79801391143 4879.75858284421 4995.08204745475 Inf
"35" 65.5360584601864 4123.13866618786 335.266042018493 -Inf 3466.02929859232 3571.67510098008 3693.47794516512 3897.00515725758 4123.13866618786 4349.27217511814 4552.7993872106 4674.60223139564 4780.2480337834 Inf 4280.61030338181 365.938860532888 -Inf 3563.38331619372 3678.6944413918 3811.64078377228 4033.78829275394 4280.61030338181 4527.43231400967 4749.57982299134 4882.52616537182 4997.83729056989 Inf
"36" 65.7518284730277 4122.16046259395 335.231670236698 -Inf 3465.11846245281 3570.75343393612 3692.54379078198 3896.05013707818 4122.16046259395 4348.27078810972 4551.77713440592 4673.56749125178 4779.20246273509 Inf 4283.61951216296 365.901856567658 -Inf 3566.46505141401 3681.76451627937 3814.697415043 4036.82246033036 4283.61951216296 4530.41656399556 4752.54160928292 4885.47450804655 5000.77397291191 Inf
"37" 65.9637642041754 4120.79654086925 335.20516490319 -Inf 3463.80649022719 3569.43310960538 3691.21383700894 3894.70409292927 4120.79654086925 4346.88898880924 4550.37924472957 4672.15997213313 4777.78659151132 Inf 4286.03286495312 365.873268463805 -Inf 3568.93443585811 3684.22489231584 3817.14740496242 4039.25509550355 4286.03286495312 4532.8106344027 4754.91832494383 4887.8408375904 5003.13129404813 Inf
"38" 66.1722941293404 4118.71241285204 335.18962206179 -Inf 3461.75282561934 3567.37454728721 3689.14962794445 3892.63044839926 4118.71241285204 4344.79437730482 4548.27519775963 4670.05027841687 4775.67200008474 Inf 4287.21072770395 365.856402508509 -Inf 3570.14535527389 3685.43049709442 3818.34688230466 4040.44433416835 4287.21072770395 4533.97712123956 4756.07457310325 4888.99095831349 5004.27610013402 Inf
"39" 66.3779843252817 4115.63475165736 335.184876046124 -Inf 3458.68446644443 3564.30469259361 3686.07804901357 3889.5559883435 4115.63475165736 4341.71351497121 4545.19145430114 4666.96481072111 4772.58503687028 Inf 4286.69948774145 365.851107366468 -Inf 3569.64449359908 3684.9279668655 3817.84242833973 4039.93666572488 4286.69948774145 4533.46230975802 4755.55654714317 4888.4710086174 5003.75448188382 Inf
"40" 66.5814599130318 4111.39160442202 335.188220334775 -Inf 3454.43476452379 3560.05604449296 3681.83061589988 3885.31058541975 4111.39160442202 4337.4726234243 4540.95259294416 4662.72716435109 4768.34844432026 Inf 4284.25041022296 365.854532904631 -Inf 3567.18870214916 3682.47325483814 3815.38896081744 4037.48527771601 4284.25041022296 4531.01554272991 4753.11185962848 4886.02756560777 5001.31211829676 Inf
"41" 66.7833632963257 4105.93601747032 335.195792687813 -Inf 3448.96433603285 3554.58800212889 3676.36532458729 3879.84989099354 4105.93601747032 4332.0221439471 4535.50671035335 4657.28403281174 4762.90769890778 Inf 4279.81475108582 365.862586252565 -Inf 3562.73725874012 3678.02434912244 3810.94298089965 4033.04418667824 4279.81475108582 4526.58531549341 4748.68652127199 4881.6051530492 4996.89224343153 Inf
"42" 66.9843475826252 4099.35284736742 335.204017946329 -Inf 3442.3650447195 3547.99130267969 3669.77161339146 3873.26117303808 4099.35284736742 4325.44452169676 4528.93408134338 4650.71439205515 4756.34065001534 Inf 4273.52133129289 365.871452340237 -Inf 3556.42646173466 3671.71634591305 3804.63819875818 4026.74478680004 4273.52133129289 4520.29787578573 4742.40446382759 4875.32631667273 4990.61620085111 Inf
"43" 67.185044524665 4091.85159958096 335.210619293329 -Inf 3434.85085853067 3540.47919664368 3662.26190563842 3865.75547271073 4091.85159958096 4317.9477264512 4521.44129352351 4643.22400251825 4748.85234063126 Inf 4265.64322269247 365.87866615767 -Inf 3548.53421431188 3663.82637163886 3796.75084527874 4018.86181255371 4265.64322269247 4512.42463283123 4734.5356001062 4867.46007374608 4982.75223107305 Inf
"44" 67.3859614221723 4083.74969347699 335.214950256573 -Inf 3426.74046389472 3532.37016673911 3654.15444918172 3857.65064541644 4083.74969347699 4309.84874153754 4513.34493777226 4635.12922021487 4740.75892305926 Inf 4256.56149760805 365.883477404554 -Inf 3539.44305935685 3654.73673275755 3787.66295433334 4009.77684233258 4256.56149760805 4503.34615288352 4725.46004088275 4858.38626245854 4973.67993585925 Inf
"45" 67.5875157772348 4075.43849164129 335.217676196444 -Inf 3418.42391931505 3524.05448113132 3645.83975391351 3849.33760496224 4075.43849164129 4301.53937832034 4505.03722936906 4626.82250215125 4732.45306396753 Inf 4246.71937407806 365.886534898644 -Inf 3529.59494324856 3644.88958009732 3777.81691246702 3999.93265655417 4246.71937407806 4493.50609160196 4715.62183568911 4848.5491680588 4963.84380490756 Inf
"46" 67.7900747045342 4067.33720186631 335.220039660612 -Inf 3410.31799723543 3515.94930380374 3637.73543523733 3841.23472105491 4067.33720186631 4293.43968267772 4496.93896849529 4618.72509992889 4724.3564064972 Inf 4236.57176765916 365.889130217851 -Inf 3519.44225009749 3634.73770475821 3767.66598001272 3989.78329961906 4236.57176765916 4483.36023569926 4705.4775553056 4838.40583056011 4953.70128522083 Inf
"47" 67.9939156404038 4059.84309178204 335.223095863544 -Inf 3402.81789710348 3508.45016671299 3630.23740847141 3833.73854959309 4059.84309178204 4285.947633971 4489.44877509268 4611.23601685109 4716.86828646061 Inf 4226.54053896374 365.892397941277 -Inf 3509.40461678184 3624.70110113606 3757.63056356123 3979.74986687768 4226.54053896374 4473.3312110498 4695.45051436625 4828.37997679142 4943.67646114564 Inf
"48" 68.1993472639182 4053.2753429037 335.227287923679 -Inf 3396.24193193825 3501.87552250934 3623.66428725184 3827.16797321315 4053.2753429037 4279.38271259426 4482.88639855557 4604.67516329807 4710.30875386916 Inf 4216.96980840174 365.896858349445 -Inf 3499.82514398047 3615.1230338555 3748.05411675615 3970.17612781609 4216.96980840174 4463.76348898738 4685.88550004732 4818.81658294797 4934.114472823 Inf
"49" 68.406675915443 4047.83296110758 335.232534645376 -Inf 3390.78926675657 3496.424510624 3618.21518151131 3821.72205255702 4047.83296110758 4273.94386965814 4477.45074070385 4599.24141159116 4704.87665545859 Inf 4208.1030166499 365.902487133227 -Inf 3490.94732001514 3606.24698357824 3739.18011142765 3961.30553950728 4208.1030166499 4454.90049379251 4677.02592187215 4809.95904972155 4925.25871328465 Inf
"50" 68.6161761135528 4043.56541746029 335.23872500151 -Inf 3386.50959023421 3492.14678474697 3613.93970460343 3817.45033357797 4043.56541746029 4269.68050134262 4473.19113031716 4594.98405017362 4700.62124468638 Inf 4200.07622797741 365.909211168487 -Inf 3482.90735247572 3598.20913485198 3731.14470555725 3953.27421554193 4200.07622797741 4446.87824041289 4669.00775039758 4801.94332110285 4917.24510347911 Inf
"51" 68.8281682907513 4040.35941760424 335.246279375757 -Inf 3383.2887840767 3488.92835905103 3610.72402342723 3814.23923837392 4040.35941760424 4266.47959683456 4469.99481178124 4591.79047615744 4697.43005113177 Inf 4192.92414100839 365.917486764771 -Inf 3475.73904563602 3591.04343573838 3723.98201298485 3946.11654676804 4192.92414100839 4439.73173524873 4661.86626903192 4794.80484627839 4910.10923638075 Inf
"52" 69.0428585553785 4037.95120456111 335.256358972025 -Inf 3380.86081538791 3486.50356654743 3608.30289286173 3811.82422674642 4037.95120456111 4264.0781823758 4467.5995162605 4589.39884257479 4695.04159373432 Inf 4186.60879424939 365.928523954699 -Inf 3469.40206638228 3584.70993441751 3717.65252149782 3939.79375553757 4186.60879424939 4433.42383296122 4655.56506700096 4788.50765408128 4903.81552211651 Inf
"53" 69.2603463504477 4035.95614704836 335.270469149712 -Inf 3378.83810243508 3484.48529985774 3606.28975242868 3809.81965206345 4035.95614704836 4262.09264203328 4465.62254166805 4587.42699423899 4693.07419166165 Inf 4181.04881683871 365.943885727536 -Inf 3463.8119804501 3579.12468913906 3712.07285718311 3934.22341676856 4181.04881683871 4427.87421690886 4650.02477649431 4782.97294453837 4898.28565322732 Inf
"54" 69.4805980921256 4033.91970457887 335.289511615117 -Inf 3376.76433741921 3482.41753531995 3604.22890605783 3807.77036564622 4033.91970457887 4260.06904351151 4463.6105030999 4585.42187383778 4691.07507173852 Inf 4176.15031615883 365.96450309242 -Inf 3458.87307047759 3574.19227591177 3707.14793428699 3929.31100988739 4176.15031615883 4422.98962243027 4645.15269803067 4778.10835640589 4893.42756184007 Inf
"55" 69.7033393000258 4031.38361360562 335.312697444771 -Inf 3374.18280305489 3479.8433070507 3601.66310124829 3805.21863606852 4031.38361360562 4257.54859114272 4461.10412596295 4582.92392016053 4688.58442415635 Inf 4171.82976246007 365.989524762584 -Inf 3454.50347520648 3569.83056522809 3702.79531402766 3924.97357932857 4171.82976246007 4418.68594559157 4640.86421089249 4773.82895969205 4889.15604971367 Inf
"56" 69.928088649039 4027.954976108 335.336966014686 -Inf 3370.70660003428 3476.37475130784 3598.2033623269 3801.77362966924 4027.954976108 4254.13632254676 4457.7065898891 4579.53520090816 4685.20335218172 Inf 4168.0154179955 366.01568058502 -Inf 3450.63786627194 3565.97319826412 3698.94744952789 3921.14159302986 4168.0154179955 4414.88924296114 4637.0833864631 4770.05763772688 4885.39296971905 Inf
"57" 70.154238378039 4023.36260907015 335.357403665144 -Inf 3366.07417593761 3471.74876732651 3593.58480338611 3797.16747764564 4023.36260907015 4249.55774049466 4453.14041475419 4574.97645081379 4680.65104220269 Inf 4164.62767920991 366.03770183654 -Inf 3447.20696662648 3562.5492377431 3695.53148937294 3917.73900113583 4164.62767920991 4411.51635728399 4633.72386904688 4766.70612067672 4882.04839179334 Inf
"58" 70.3810675324644 4017.48693388788 335.368660756581 -Inf 3360.17643726155 3465.85457587656 3587.69470166069 3791.28420967058 4017.48693388788 4243.68965810519 4447.27916611508 4569.1192918992 4674.79743051422 Inf 4161.54548469892 366.049824414541 -Inf 3444.10101229921 3559.44710336571 3692.43375915314 3914.64863007023 4161.54548469892 4408.4423393276 4630.6572102447 4763.64386603212 4878.98995709863 Inf
"59" 70.6077491542145 4010.35715559279 335.36684186515 -Inf 3353.05022392815 3458.72778939163 3580.56725436875 3784.15565819911 4010.35715559279 4236.55865298646 4440.14705681682 4561.98652179394 4667.66408725742 Inf 4158.57212455283 366.047832620892 -Inf 3441.13155599694 3556.47701942863 3689.46295159332 3911.67661336855 4158.57212455283 4405.46763573711 4627.68129751234 4760.66722967703 4876.01269310872 Inf
"60" 70.8336150827076 4002.11026180911 335.351038982337 -Inf 3344.83430322564 3450.50688903707 3572.34061279429 3775.91942329792 4002.11026180911 4228.3011003203 4431.87991082393 4553.71363458115 4659.38622039258 Inf 4155.41632979907 366.030738687544 -Inf 3438.00926473689 3553.34934169313 3686.3290635966 3908.53234829762 4155.41632979907 4402.30031130052 4624.50359600154 4757.483317905 4872.82339486125 Inf
"61" 71.0581240710633 3992.94147951482 335.323820991685 -Inf 3335.71886721276 3441.38287635342 3563.20671175852 3766.76899925934 3992.94147951482 4219.11395977029 4422.67624727111 4544.50008267621 4650.16409181687 Inf 4151.70859133092 366.001328177999 -Inf 3434.35916980822 3549.68997920829 3682.65901621301 3904.84444691671 4151.70859133092 4398.57273574514 4620.75816644884 4753.72720345356 4869.05801285363 Inf
"62" 71.2810385092964 3983.04994338839 335.29053592011 -Inf 3325.89256862784 3431.5460892977 3553.35783216769 3756.89991357253 3983.04994338839 4209.19997320426 4412.7420546091 4534.55379747909 4640.20731814894 Inf 4147.04534564513 365.96539586187 -Inf 3429.76635016792 3545.085836923 3678.0418196432 3900.20543720985 4147.04534564513 4393.88525408041 4616.04887164706 4749.00485436726 4864.32434112234 Inf
"63" 71.5024510732818 3972.60479178476 335.257801444673 -Inf 3315.51157541712 3421.15478111471 3542.9546314823 3746.47684103705 3972.60479178476 4198.73274253246 4402.25495208722 4524.05480245481 4629.6980081524 Inf 4141.05321308184 365.93009001024 -Inf 3423.84341580227 3539.15177731782 3672.09493334934 3894.2371180816 4141.05321308184 4387.86930808208 4610.01149281434 4742.95464884586 4858.26301036141 Inf
"64" 71.7228456251813 3961.7307062557 335.231822301137 -Inf 3304.68840807374 3410.32342747412 3532.11383956531 3735.62027817403 3961.7307062557 4187.84113433737 4391.34757294609 4513.13798503728 4618.77300443766 Inf 4133.4532133957 365.902083023313 -Inf 3416.29830880182 3531.5978450257 3664.53082606114 3886.65600882108 4133.4532133957 4380.25041797032 4602.37560073026 4735.30858176569 4850.60811798958 Inf
"65" 71.9431060383464 3950.51427948933 335.217142391393 -Inf 3293.50075340177 3399.13114701054 3520.91622586026 3724.41375285632 3950.51427948933 4176.61480612235 4380.11233311841 4501.89741196812 4607.5278055769 Inf 4124.11359327787 365.886240099982 -Inf 3406.98974024313 3522.28428419778 3655.21150946651 3877.32707459265 4124.11359327787 4370.90011196309 4593.01567708923 4725.94290235796 4841.23744631261 Inf
"66" 72.1645610949619 3939.02172347128 335.216154403198 -Inf 3282.01013380499 3387.64021608845 3509.42493600002 3712.92186322617 3939.02172347128 4165.12158371638 4368.61851094254 4490.4032308541 4596.03331313756 Inf 4113.08463024255 365.885127602543 -Inf 3395.96295766272 3511.25715105791 3644.18397215403 3866.29886192545 4113.08463024255 4359.87039855965 4581.98528833108 4714.9121094272 4830.20630282238 Inf
"67" 72.3888471900614 3927.33446179937 335.229374696919 -Inf 3270.29696083353 3375.93120896847 3497.72073184 3701.22568460166 3927.33446179937 4153.44323899709 4356.94819175875 4478.73771463028 4584.37196276522 Inf 4100.63077223447 365.899339916062 -Inf 3383.48124403201 3498.77991587439 3631.7119003333 3853.83541785757 4100.63077223447 4347.42612661136 4569.54964413563 4702.48162859455 4817.78030043693 Inf
"68" 72.6177927308469 3915.58911948386 335.256182642271 -Inf 3258.49907591062 3364.14177150681 3485.94103376015 3689.46226060178 3915.58911948386 4141.71597836593 4345.23720520757 4467.0364674609 4572.67916305709 Inf 4087.25926025426 365.928292617113 -Inf 3370.05298580048 3485.36078093884 3618.30328397373 3840.44437757726 4087.25926025426 4334.07414293125 4556.21523653478 4689.15773956968 4804.46553470803 Inf
"69" 72.8534411587536 3904.01195725933 335.295627402976 -Inf 3246.84460337573 3352.49972842457 3474.31332104078 3677.85849329045 3904.01195725933 4130.1654212282 4333.71059347787 4455.52418609408 4561.17931114292 Inf 4073.72997441973 365.971040966792 -Inf 3356.43991474019 3471.7611803263 3604.71921392475 3826.88625841904 4073.72997441973 4320.57369042043 4542.74073491471 4675.69876851317 4791.02003409928 Inf
"70" 73.0980208292779 3892.95212536951 335.346721281684 -Inf 3235.68462932382 3341.35585458305 3463.18800971072 3666.76419910315 3892.95212536951 4119.14005163587 4322.7162410283 4444.54839615597 4550.2196214152 Inf 4061.03744975845 366.026515889091 -Inf 3343.63866122916 3458.97740753787 3591.95559528995 3814.15631649128 4061.03744975845 4307.91858302563 4530.11930422695 4663.09749197904 4778.43623828775 Inf
