"mid_age" "mean_left" "std_left" "min_left" "l.q2.5" "l.q5" "l.q10" "l.q25" "l.q50" "l.q75" "l.q90" "l.q95" "l.q97.5" "max_left" "mean_right" "std_right" "min_right" "r.q2.5" "r.q5" "r.q10" "r.q25" "r.q50" "r.q75" "r.q90" "r.q95" "r.q97.5" "max_right"
"1" 30 3.04297267773409e-08 2345.35344828312 -Inf -4596.80828962132 -3857.76312586121 -3005.69138337223 -1581.91686142357 3.04297267773409e-08 1581.91686148443 3005.69138343309 3857.76312592207 4596.80828968217 Inf 3.53445442641374e-08 2442.39666290188 -Inf -4787.00949521316 -4017.38500939299 -3130.05726698747 -1647.37151500509 3.53445442641374e-08 1647.37151507578 3130.05726705816 4017.38500946368 4787.00949528385 Inf
"2" 30.7070707070707 2.8343006085432e-07 2345.35344828312 -Inf -4596.80828936831 -3857.76312560821 -3005.69138311923 -1581.91686117057 2.8343006085432e-07 1581.91686173743 3005.69138368609 3857.76312617507 4596.80828993517 Inf 3.28726182345389e-07 2442.39666290188 -Inf -4787.00949491978 -4017.38500909961 -3130.05726669409 -1647.37151471171 3.28726182345389e-07 1647.37151536916 3130.05726735154 4017.38500975706 4787.00949557723 Inf
"3" 31.4141414141414 2.38877467402506e-06 2345.35344828312 -Inf -4596.80828726297 -3857.76312350286 -3005.69138101389 -1581.91685906523 2.38877467402506e-06 1581.91686384278 3005.69138579144 3857.76312828041 4596.80829204052 Inf 2.76567846050232e-06 2442.39666290188 -Inf -4787.00949248283 -4017.38500666266 -3130.05726425714 -1647.37151227476 2.76567846050232e-06 1647.37151780611 3130.0572697885 4017.38501219401 4787.00949801419 Inf
"4" 32.1212121212121 1.82164091470892e-05 2345.35344828312 -Inf -4596.80827143534 -3857.76310767523 -3005.69136518626 -1581.91684323759 1.82164091470892e-05 1581.91687967041 3005.69140161907 3857.76314410804 4596.80830786815 Inf 2.1046581224605e-05 2442.39666290188 -Inf -4787.00947420193 -4017.38498838176 -3130.05724597624 -1647.37149399385 2.1046581224605e-05 1647.37153608702 3130.0572880694 4017.38503047492 4787.00951629509 Inf
"5" 32.8282828282828 0.00012568306082932 2345.35344828312 -Inf -4596.80816396867 -3857.76300020857 -3005.6912577196 -1581.91673577094 0.00012568306082932 1581.91698713706 3005.69150908572 3857.76325157469 4596.8084153348 Inf 0.000144850581933486 2442.39666290188 -Inf -4787.00935039792 -4017.38486457775 -3130.05712217223 -1647.37137018985 0.000144850581933486 1647.37165989101 3130.05741187339 4017.38515427891 4787.00964009908 Inf
"6" 33.5353535353535 0.000784465604688893 2345.35344828292 -Inf -4596.80750518574 -3857.7623414257 -3005.6905989368 -1581.91607698826 0.000784465604688893 1581.91764591947 3005.69216786801 3857.76391035691 4596.80907411695 Inf 0.00090146974117338 2442.39666290168 -Inf -4787.00859377837 -4017.38410795827 -3130.05636555282 -1647.37061357056 0.00090146974117338 1647.37241651004 3130.0581684923 4017.38591089775 4787.01039671786 Inf
"7" 34.2424242424242 0.00442890858287675 2345.35344827693 -Inf -4596.80386073103 -3857.75869697288 -3005.68695448615 -1581.91243254125 0.00442890858287675 1581.92129035841 3005.69581230332 3857.76755479004 4596.8127185482 Inf 0.00507215065405999 2442.3966628958 -Inf -4787.00442308593 -4017.37993726768 -3130.05219486437 -1647.36644288568 0.00507215065405999 1647.37658718699 3130.06233916568 4017.39008156898 4787.01456738724 Inf
"8" 34.9494949494949 0.0226135991407979 2345.35344812999 -Inf -4596.78567575248 -3857.74051204062 -3005.66876960728 -1581.89424775158 0.0226135991407979 1581.93947494986 3005.71399680556 3857.7857392389 4596.83090295076 Inf 0.0257954120761841 2442.39666275123 -Inf -4786.98369954115 -4017.35921376846 -3130.03147141767 -1647.34571952674 0.0257954120761841 1647.3973103509 3130.08306224182 4017.41080459261 4787.03529036531 Inf
"9" 35.6565656565657 0.104398703902571 2345.35344520374 -Inf -4596.70388491236 -3857.6587221226 -3005.58698075237 -1581.81246067309 0.104398703902571 1582.02125808089 3005.79577816017 3857.8675195304 4596.91268232016 Inf 0.118543934781012 2442.39665986847 -Inf -4786.89094536834 -4017.26646050403 -3129.93871920056 -1647.25296905965 0.118543934781012 1647.49005692921 3130.17580707012 4017.50354837359 4787.1280332379 Inf
"10" 36.3636363636364 0.435660478518567 2345.3533980085 -Inf -4596.37253063678 -3857.32738271873 -3005.25565849463 -1581.48116706577 0.435660478518567 1582.3524880228 3006.12697945166 3858.19870367576 4597.24385159382 Inf 0.492100907929313 2442.39661330649 -Inf -4786.5172971354 -4016.89282694325 -3129.56510255584 -1646.87938068092 0.492100907929313 1647.86358249678 3130.5493043717 4017.87702875911 4787.50149895126 Inf
"11" 37.0707070707071 1.64275091684222 2345.35278279121 -Inf -4595.16423439472 -3856.11928033801 -3004.04777962362 -1580.27366166969 1.64275091684222 1583.55916350337 3007.3332814573 3859.40478217169 4598.44973622841 Inf 1.84454285611071 2442.39600531562 -Inf -4785.163663547 -4015.53938493907 -3128.211881436 -1645.52652864913 1.84454285611071 1649.21561436135 3131.90096714822 4019.22847065129 4788.85274925922 Inf
"12" 37.7777777777778 5.59462598255548 2345.34631662355 -Inf -4591.19968587328 -3852.15676937297 -3000.08761783062 -1576.31742524017 5.59462598255548 1587.50667720528 3011.27686979573 3863.34602133808 4602.38893783839 Inf 6.23981672612488 2442.38960253984 -Inf -4780.75584046705 -4011.13357944009 -3123.80840207866 -1641.12693617248 6.23981672612488 1653.60656962473 3136.28803553091 4023.61321289234 4793.2354739193 Inf
"13" 38.4848484848485 17.1992504745595 2345.29168222965 -Inf -4579.48797993691 -3840.4622793 -2988.41297654558 -1564.67595040947 17.1992504745595 1599.07445135858 3022.8114774947 3874.86078024912 4613.88648088603 Inf 19.0395636386156 2442.33537981318 -Inf -4767.84981896317 -3998.244644079 -3110.93916594594 -1628.29061658663 19.0395636386156 1666.36974386386 3149.01829322317 4036.32377135623 4805.9289462404 Inf
"14" 39.1919191919192 47.6986932948859 2344.92191795841 -Inf -4548.26381246218 -3809.35462837701 -2957.43966174456 -1533.9271053782 47.6986932948859 1629.32449196797 3052.83704833433 3904.75201496677 4643.66119905195 Inf 52.3677023725864 2441.96741713263 -Inf -4733.80048662766 -3964.31126059534 -3077.13946406264 -1594.71429079617 52.3677023725864 1699.44969554134 3181.87486880781 4069.04666534051 4838.53589137283 Inf
"15" 39.8989898989899 119.245062906797 2342.92575512361 -Inf -4472.80503558678 -3734.52486308628 -2883.33510652662 -1461.03434439449 119.245062906797 1699.52447020808 3121.82523234022 3973.01498889987 4711.29516140037 Inf 129.742849027632 2439.97472538671 -Inf -4652.51973591833 -3883.65842769463 -2997.21058018097 -1515.9950939832 129.742849027632 1775.48079203847 3256.69627823623 4143.14412574989 4912.0054339736 Inf
"16" 40.6060606060606 268.51077587806 2334.36754970994 -Inf -4306.76554823243 -3571.18215490015 -2723.10161200923 -1305.99620959164 268.51077587806 1843.01776134776 3260.12316376535 4108.20370665627 4843.78709998855 Inf 289.334325844938 2431.39997675183 -Inf -4476.12206060017 -3709.96274448503 -2826.63012082647 -1350.62003710116 289.334325844938 1929.28868879104 3405.29877251635 4288.6313961749 5054.79071229004 Inf
"17" 41.3131313131313 544.15632221792 2305.32037376597 -Inf -3974.18858318979 -3247.75825585616 -2410.23061186372 -1010.75864080543 544.15632221792 2099.07128524126 3498.54325629956 4336.07090029199 5062.50122762563 Inf 580.399676210197 2402.173707207 -Inf -4127.77427452459 -3370.8244586567 -2498.10979897101 -1039.84186749145 580.399676210197 2200.64121991184 3658.90915139141 4531.6238110771 5288.57362694498 Inf
"18" 42.020202020202 991.848854870051 2227.2655667794 -Inf -3373.51144002376 -2671.67699083117 -1862.50681911967 -510.41894088732 991.848854870051 2494.11665062742 3846.20452885977 4655.37470057127 5357.20914976386 Inf 1046.85607587447 2323.26764548152 -Inf -3506.66483571648 -2774.57913717482 -1930.53121237149 -520.164137964997 1046.85607587447 2613.87628971395 4024.24336412044 4868.29128892377 5600.37698746543 Inf
"19" 42.7272727272727 1625.66834079254 2060.45007149296 -Inf -2412.73959127665 -1763.47043245508 -1014.90467405575 235.915886779751 1625.66834079254 3015.42079480533 4266.24135564083 5014.80711404016 5664.07627286173 Inf 1698.05315836792 2153.77406092089 -Inf -2523.2664318736 -1844.5899173718 -1062.1193612346 245.354630038591 1698.05315836792 3150.75168669725 4458.22567797044 5240.69623410765 5919.37274860944 Inf
"20" 43.4343434343434 2397.67208182806 1774.92735419727 -Inf -1081.12160757355 -521.823614298697 123.011152328616 1200.50177407935 2397.67208182806 3594.84238957677 4672.33301132751 5317.16777795482 5876.46577122968 Inf 2480.23108079384 1862.09948208602 -Inf -1169.41683972544 -582.650006059802 93.8545743267164 1224.26406628139 2480.23108079384 3736.19809530629 4866.60758726097 5543.11216764748 6129.87900131312 Inf
"21" 44.1414141414141 3190.08997893968 1382.13523618087 -Inf 481.15469426142 916.679822770151 1418.81240321773 2257.85392875084 3190.08997893968 4122.32602912852 4961.36755466163 5463.50013510921 5899.02526361794 Inf 3273.40425037905 1458.54732474216 -Inf 414.704024137171 874.307393196542 1404.20064293485 2289.62902966455 3273.40425037905 4257.17947109356 5142.60785782326 5672.50110756156 6132.10447662094 Inf
"22" 44.8484848484848 3850.74249360465 952.446597036527 -Inf 1983.98146621532 2284.10725399153 2630.13306607486 3208.32702629437 3850.74249360465 4493.15796091492 5071.35192113443 5417.37773321776 5717.50352099397 Inf 3931.15251303103 1014.40440964402 -Inf 1942.95640437014 2262.6057406325 2631.14095375639 3246.94713617243 3931.15251303103 4615.35788988962 5231.16407230566 5599.69928542955 5919.34862169191 Inf
"23" 45.5555555555556 4263.47956192455 598.090277272377 -Inf 3091.24415896711 3279.70860010866 3496.99603074913 3860.0738002124 4263.47956192455 4666.8853236367 5029.96309309996 5247.25052374043 5435.71496488198 Inf 4349.79385861025 645.633463447289 -Inf 3084.37552303971 3287.82131457774 3522.38128276139 3914.32070513146 4349.79385861025 4785.26701208904 5177.20643445911 5411.76640264276 5615.21219418079 Inf
"24" 46.2626262626263 4410.2164596225 412.234460608989 -Inf 3602.25176364259 3732.15111193542 3881.91674125762 4132.16854126413 4410.2164596225 4688.26437798088 4938.51617798739 5088.28180730958 5218.18115560242 Inf 4521.29962255243 449.890210722102 -Inf 3639.53101253997 3781.29607771622 3944.74211867833 4217.85328670682 4521.29962255243 4824.74595839804 5097.85712642653 5261.30316738864 5403.06823256488 Inf
"25" 46.969696969697 4376.57574072283 362.655001449009 -Inf 3665.78499906945 3780.06134625733 3911.81465586327 4131.96865938812 4376.57574072283 4621.18282205753 4841.33682558238 4973.09013518832 5087.3664823762 Inf 4527.76642782938 396.204125942587 -Inf 3751.22061045574 3876.06863425958 4020.01040995243 4260.53080589571 4527.76642782938 4795.00204976305 5035.52244570633 5179.46422139918 5304.31224520302 Inf
"26" 47.6767676767677 4293.86136326287 348.540987464423 -Inf 3610.73358069658 3720.56245589077 3847.18811512138 4058.7740396949 4293.86136326287 4528.94868683085 4740.53461140436 4867.16027063497 4976.98914582917 Inf 4481.39230072145 380.868574990856 -Inf 3734.90361089628 3854.9192437559 3993.28958217518 4224.50035071833 4481.39230072145 4738.28425072457 4969.49501926772 5107.865357687 5227.88099054662 Inf
"27" 48.3838383838384 4260.99459713638 340.025038552254 -Inf 3594.55776773212 3701.70317921939 3825.23497665538 4031.65119382286 4260.99459713638 4490.33800044991 4696.75421761739 4820.28601505337 4927.43142654064 Inf 4459.52171721029 371.690480694049 -Inf 3731.02176165358 3848.14528193735 3983.18119977881 4208.8202977367 4459.52171721029 4710.22313668388 4935.86223464178 5070.89815248324 5188.02167276701 Inf
"28" 49.0909090909091 4300.69103864507 336.592176375889 -Inf 3640.98249547038 3747.0461765297 3869.33080806049 4073.66306568334 4300.69103864507 4527.7190116068 4732.05126922966 4854.33590076044 4960.39958181977 Inf 4480.66085944847 367.957820297452 -Inf 3759.47678383561 3875.42410416705 4009.10393879189 4232.47708115335 4480.66085944847 4728.8446377436 4952.21778010505 5085.89761472989 5201.84493506134 Inf
"29" 49.7979797979798 4369.91830010935 335.657923015628 -Inf 3712.0408598732 3817.8101480221 3939.75536338122 4143.52047146321 4369.91830010935 4596.3161287555 4800.08123683748 4922.02645219661 5027.7957403455 Inf 4522.82679114741 366.944045022228 -Inf 3803.6296785624 3919.25754780435 4052.5690757819 4275.32679388443 4522.82679114741 4770.32678841039 4993.08450651291 5126.39603449046 5242.02390373242 Inf
"30" 50.5050505050505 4407.09829732301 335.362943281526 -Inf 3749.79900674187 3855.47534372127 3977.31339233493 4180.89942948403 4407.09829732301 4633.29716516199 4836.88320231109 4958.72125092475 5064.39758790415 Inf 4554.84035576823 366.62069124266 -Inf 3836.27700494544 3951.80298206228 4084.99703494516 4307.55845731525 4554.84035576823 4802.12225422121 5024.68367659131 5157.87772947418 5273.40370659102 Inf
"31" 51.2121212121212 4383.85842126111 334.99193572358 -Inf 3727.28629213154 3832.84572078669 3954.54898158974 4157.90979421721 4383.85842126111 4609.80704830501 4813.16786093248 4934.87112173554 5040.43055039069 Inf 4559.06674725409 366.218439349726 -Inf 3841.29179565416 3956.69101903318 4089.73893297415 4312.05616357989 4559.06674725409 4806.07733092828 5028.39456153403 5161.44247547499 5276.84169885402 Inf
"32" 51.9191919191919 4327.28495162592 334.60032994642 -Inf 3671.48035571572 3776.91638533439 3898.47737495135 4101.60045866484 4327.28495162592 4552.96944458701 4756.0925283005 4877.65351791745 4983.08954753612 Inf 4540.37738683535 365.793697977588 -Inf 3823.43491302756 3938.70029600092 4071.59390052582 4293.65328686315 4540.37738683535 4787.10148680756 5009.16087314488 5142.05447766978 5257.31986064315 Inf
"33" 52.6262626262626 4290.65662160314 334.353778428284 -Inf 3635.33525778882 3740.69359647045 3862.16501341262 4065.13842511393 4290.65662160314 4516.17481809235 4719.14822979366 4840.61964673583 4945.97798541746 Inf 4517.85215089762 365.525177940223 -Inf 3801.43596669219 3916.61673622057 4049.41278686236 4271.30916493834 4517.85215089762 4764.3951368569 4986.29151493289 5119.08756557468 5234.26833510306 Inf
"34" 53.3333333333333 4294.78881888214 334.189246957642 -Inf 3639.7899308246 3745.09642393568 3866.5080662554 4069.38159718346 4294.78881888214 4520.19604058081 4723.06957150888 4844.4812138286 4949.78770693968 Inf 4503.01208556228 365.346991578696 -Inf 3786.94514020798 3902.06976136825 4034.80107653759 4256.58928447747 4503.01208556228 4749.43488664708 4971.22309458697 5103.9544097563 5219.07903091658 Inf
"35" 54.040404040404 4305.92235630335 334.200754024691 -Inf 3650.90091480883 3756.21103391592 3877.62685677682 4080.5073732059 4305.92235630335 4531.33733940081 4734.21785582988 4855.63367869078 4960.94379779787 Inf 4488.33699862752 365.359154061171 -Inf 3772.2462152456 3887.37466893008 4020.11040275437 4241.90599407295 4488.33699862752 4734.76800318209 4956.56359450066 5089.29932832496 5204.42778200944 Inf
"36" 54.7474747474747 4284.17072046001 334.23907466554 -Inf 3629.07417188956 3734.39636622749 3855.82611105621 4058.72989048308 4284.17072046001 4509.61155043694 4712.51532986381 4833.94507469253 4939.26726903046 Inf 4464.47798625575 365.399946732585 -Inf 3748.30725070703 3863.44855858478 3996.19911247069 4218.01946746243 4464.47798625575 4710.93650504907 4932.75686004081 5065.50741392672 5180.64872180447 Inf
"37" 55.4545454545455 4242.20624132215 334.137998325024 -Inf 3587.3077987388 3692.59814287493 3813.99116646078 4016.83358630089 4242.20624132215 4467.57889634342 4670.42131618353 4791.81433976937 4897.10468390551 Inf 4443.08925340629 365.291209588294 -Inf 3727.13163874416 3842.23868242149 3974.94973187873 4196.70407670225 4443.08925340629 4689.47443011032 4911.22877493385 5043.93982439108 5159.04686806842 Inf
"38" 56.1616161616162 4229.26046544211 334.08979967689 -Inf 3574.45649047321 3679.73164671609 3801.10715963371 4003.92031991499 4229.26046544211 4454.60061096924 4657.41377125051 4778.78928416814 4884.06444041102 Inf 4446.19603632431 365.238434721521 -Inf 3730.34185850035 3845.43227227054 3978.12414850989 4199.84645572699 4446.19603632431 4692.54561692164 4914.26792413874 5046.95980037808 5162.05021414828 Inf
"39" 56.8686868686869 4258.50739707602 334.088438788469 -Inf 3603.70608939941 3708.98081681225 3830.35583531631 4033.16816945419 4258.50739707602 4483.84662469785 4686.65895883573 4808.03397733979 4913.30870475263 Inf 4471.36549716958 365.236871991112 -Inf 3755.51438224093 3870.60430357858 4003.29561207475 4225.01697061789 4471.36549716958 4717.71402372126 4939.4353822644 5072.12669076057 5187.21661209822 Inf
"40" 57.5757575757576 4283.83155007861 334.074371466273 -Inf 3629.05781384686 3734.32810850078 3855.69801631768 4058.50181072141 4283.83155007861 4509.16128943581 4711.96508383954 4833.33499165644 4938.60528631036 Inf 4485.80287309443 365.22181892418 -Inf 3769.98126163482 3885.06643959517 4017.7522792811 4239.4644996821 4485.80287309443 4732.14124650675 4953.85346690775 5086.53930659368 5201.62448455403 Inf
"41" 58.2828282828283 4262.53340911269 334.052575209347 -Inf 3607.80239275951 3713.06581918712 3834.42780837895 4037.21837110738 4262.53340911269 4487.848447118 4690.63900984644 4812.00099903827 4917.26442546587 Inf 4464.56393488018 365.197655868025 -Inf 3748.7896821404 3863.86724607148 3996.54430726929 4218.24185920156 4464.56393488018 4710.8860105588 4932.58356249106 5065.26062368887 5180.33818761996 Inf
"42" 58.989898989899 4212.03271733541 333.99520890952 -Inf 3557.41413686382 3662.65948657617 3784.00063447302 3986.75637231134 4212.03271733541 4437.30906235948 4640.0648001978 4761.40594809465 4866.651297807 Inf 4420.59137235263 365.135867832483 -Inf 3704.93822193719 3819.9963158183 3952.65092929542 4174.31097207067 4420.59137235263 4666.87177263459 4888.53181540983 5021.18642888696 5136.24452276807 Inf
"43" 59.6969696969697 4180.50437499068 333.958355043143 -Inf 3525.95802676988 3631.19176344722 3752.51952225844 3955.25288752173 4180.50437499068 4405.75586245962 4608.48922772292 4729.81698653414 4835.05072321148 Inf 4385.52147159484 365.095376788952 -Inf 3669.94768216641 3784.99301690032 3917.63291989786 4139.26838210671 4385.52147159484 4631.77456108296 4853.41002329181 4986.04992628936 5101.09526102326 Inf
"44" 60.4040404040404 4182.32273173393 333.919630608835 -Inf 3527.85228200969 3633.07381621669 3754.3875063611 3957.097363499 4182.32273173393 4407.54809996885 4610.25795710675 4731.57164725116 4836.79318145816 Inf 4372.98278069236 365.053533327109 -Inf 3657.49100294214 3772.52315236782 3905.14785354942 4126.75791419036 4372.98278069236 4619.20764719436 4840.81770783531 4973.44240901691 5088.47455844259 Inf
"45" 61.1111111111111 4191.35819530985 333.89618785053 -Inf 3536.93369254759 3642.14783969864 3763.45301304063 3966.14863897512 4191.35819530985 4416.56775164458 4619.26337757907 4740.56855092107 4845.78269807211 Inf 4373.48690600876 365.027958282888 -Inf 3658.04525442411 3773.06934488846 3905.68475460377 4127.27928961194 4373.48690600876 4619.69452240557 4841.28905741374 4973.90446712905 5088.92855759341 Inf
"46" 61.8181818181818 4185.65798760076 333.861603963502 -Inf 3531.30126801152 3636.50451742156 3757.79712636611 3960.47175774336 4185.65798760076 4410.84421745817 4613.51884883542 4734.81145777996 4840.01470719 Inf 4373.66026397701 364.990116119231 -Inf 3658.29278167022 3773.30494767685 3905.9066092561 4127.47817173171 4373.66026397701 4619.84235622231 4841.41391869791 4974.01558027716 5089.02774628379 Inf
"47" 62.5252525252525 4168.81380507665 333.796953998655 -Inf 3514.58379709011 3619.76667462661 3741.03579610566 3943.67118095789 4168.81380507665 4393.95642919542 4596.59181404765 4717.86093552669 4823.04381306319 Inf 4364.8992717711 364.920295404029 -Inf 3649.66863555148 3764.65880032757 3897.23509589706 4118.76427288255 4364.8992717711 4611.03427065964 4832.56344764513 4965.13974321462 5080.12990799071 Inf
"48" 63.2323232323232 4151.20377628032 333.785589807787 -Inf 3496.9960416986 3602.17533826085 3723.44033110592 3926.06881719182 4151.20377628032 4376.33873536883 4578.96722145472 4700.2322142998 4805.41151086204 Inf 4342.2614565544 364.907633754706 -Inf 3627.05563671144 3742.04181167069 3874.61350723688 4096.13499781854 4342.2614565544 4588.38791529025 4809.90940587192 4942.4811014381 5057.46727639735 Inf
"49" 63.9393939393939 4136.57861208241 333.801437493721 -Inf 3482.33981660702 3587.52410693925 3708.79485728129 3911.43296389218 4136.57861208241 4361.72426027264 4564.36236688353 4685.63311722557 4790.8174075578 Inf 4311.36898789927 364.924941006207 -Inf 3596.1292464667 3711.12087512015 3843.69885844649 4065.23085559967 4311.36898789927 4557.50712019886 4779.03911735204 4911.61710067838 5026.60872933184 Inf
"50" 64.6464646464646 4128.12321747719 333.798283152743 -Inf 3473.89060439651 3579.07390076323 3700.34350512669 3902.97969685762 4128.12321747719 4353.26673809676 4555.90292982769 4677.17253419115 4782.35583055787 Inf 4289.93958985717 364.92130254977 -Inf 3574.70697966818 3689.69746180633 3822.27412327394 4043.80391165915 4289.93958985717 4536.0752680552 4757.6050564404 4890.18171790802 5005.17220004617 Inf
"51" 65.3535353535354 4126.56438405391 333.727839961575 -Inf 3472.46983709088 3577.63093607844 3698.87494828534 3901.46837664475 4126.56438405391 4351.66039146307 4554.25381982249 4675.49783202939 4780.65893101695 Inf 4287.18031787809 364.844732489942 -Inf 3572.09778224865 3687.06413636787 3819.6129797749 4041.09628540059 4287.18031787809 4533.26435035559 4754.74765598128 4887.29649938831 5002.26285350753 Inf
"52" 66.0606060606061 4120.74721023211 333.651834966035 -Inf 3466.80163032298 3571.93877934922 3693.15517878456 3895.70246741341 4120.74721023211 4345.79195305082 4548.33924167966 4669.55564111501 4774.69279014124 Inf 4287.79134014179 364.762530718357 -Inf 3572.86991702412 3687.8103685137 3820.32934784767 4041.76275191667 4287.79134014179 4533.81992836691 4755.25333243591 4887.77231176988 5002.71276325945 Inf
"53" 66.7676767676768 4098.26938790282 333.662456581145 -Inf 3444.30299001062 3549.44348601778 3670.6637443078 3873.21748091359 4098.26938790282 4323.32129489205 4525.87503149784 4647.09528978785 4752.23578579502 Inf 4271.38948304751 364.773640576344 -Inf 3556.44628500832 3671.39023732922 3803.91325289749 4025.35340133706 4271.38948304751 4517.42556475796 4738.86571319753 4871.3887287658 4986.3326810867 Inf
"54" 67.4747474747475 4066.53976399311 333.674915777415 -Inf 3412.54894652494 3517.6933685539 3638.9181532956 3841.4794534037 4066.53976399311 4291.60007458252 4494.16137469062 4615.38615943232 4720.53058146128 Inf 4240.99031669269 364.787338991017 -Inf 3526.0202702541 3640.96853908734 3773.49653131791 3994.94499554195 4240.99031669269 4487.03563784344 4708.48410206748 4841.01209429804 4955.96036313129 Inf
"55" 68.1818181818182 4046.16220847406 333.666741639523 -Inf 3392.18741202176 3497.32925829521 3618.55107335576 3821.10741125688 4046.16220847406 4271.21700569124 4473.77334359236 4594.99515865291 4700.13700492636 Inf 4215.42239462219 364.778427065625 -Inf 3500.46981523639 3615.41527582964 3747.94003033934 3969.38308447378 4215.42239462219 4461.4617047706 4682.90475890504 4815.42951341474 4930.37497400799 Inf
"56" 68.8888888888889 4041.92424429484 333.67679883465 -Inf 3387.92973610231 3493.07475150211 3614.30022036239 3816.86266360263 4041.92424429484 4266.98582498705 4469.5482682273 4590.77373708757 4695.91875248737 Inf 4199.85879699768 364.789481600826 -Inf 3484.88455112103 3599.83349511282 3732.36226575794 3953.81203067858 4199.85879699768 4445.90556331678 4667.35532823742 4799.88409888255 4914.83304287434 Inf
"57" 69.5959595959596 4036.74722503841 333.735180218889 -Inf 3382.6382914354 3487.80170341406 3609.04838235158 3811.64626670093 4036.74722503841 4261.84818337589 4464.44606772524 4585.69274666275 4690.85615864142 Inf 4183.6562529687 364.85286198058 -Inf 3468.5577838304 3583.52669963632 3716.07849650406 3937.56673723309 4183.6562529687 4429.74576870431 4651.23400943334 4783.78580630108 4898.754722107 Inf
"58" 70.3030303030303 4016.81512798165 333.795271229275 -Inf 3362.58841816249 3467.77076544092 3589.03927556639 3791.67363887358 4016.81512798165 4241.95661708972 4444.59098039691 4565.85949052237 4671.04183780081 Inf 4163.48067041933 364.917889480251 -Inf 3448.25474972366 3563.24415636826 3695.81957786068 3917.34729430171 4163.48067041933 4409.61404653694 4631.14176297797 4763.71718447039 4878.70659111499 Inf
"59" 71.010101010101 3986.77939180148 333.759901360888 -Inf 3332.6220056505 3437.79320751706 3559.04886769643 3761.66175930711 3986.77939180148 4211.89702429586 4414.50991590654 4535.76557608591 4640.93677795247 Inf 4146.10034780307 364.879620040304 -Inf 3430.94943383142 3545.9267813791 3678.4882995051 3899.99278403045 4146.10034780307 4392.2079115757 4613.71239610104 4746.27391422704 4861.25126177473 Inf
"60" 71.7171717171717 3955.95531828718 333.681684331652 -Inf 3301.95123469648 3407.09778956699 3528.32503333839 3730.89044237732 3955.95531828718 4181.02019419705 4383.58560323597 4504.81284700738 4609.95940187788 Inf 4128.20035027947 364.794834731325 -Inf 3413.21561245983 3528.16624327849 3660.69695872696 3882.14997332872 4128.20035027947 4374.25072723022 4595.70374183198 4728.23445728045 4843.18508809911 Inf
"61" 72.4242424242424 3925.00125394407 333.681043304765 -Inf 3270.99842674298 3376.14477961927 3497.37179050429 3699.93681040027 3925.00125394407 4150.06569748787 4352.63071738385 4473.85772826886 4579.00408114516 Inf 4097.7104353464 364.794169646705 -Inf 3382.72700106867 3497.67742231227 3630.20789613413 3851.66050698841 4097.7104353464 4343.7603637044 4565.21297455868 4697.74344838054 4812.69386962414 Inf
"62" 73.1313131313131 3894.1694850838 333.790951098241 -Inf 3239.95124256587 3345.13222852627 3466.39916913922 3669.03090985983 3894.1694850838 4119.30806030776 4321.93980102837 4443.20674164132 4548.38772760172 Inf 4060.49365614396 364.913551462645 -Inf 3345.27623780657 3460.26427749688 3592.83812297856 3814.36320597475 4060.49365614396 4306.62410631316 4528.14918930935 4660.72303479103 4775.71107448134 Inf
"63" 73.8383838383838 3872.21506022783 333.938452898298 -Inf 3217.70771949414 3322.9351847995 3444.25571312048 3646.97699655159 3872.21506022783 4097.45312390407 4300.17440733519 4421.49493565616 4526.72240096152 Inf 4041.12671283586 365.073589243962 -Inf 3325.59562621093 3440.63409546374 3573.26608300128 3794.88831882351 4041.12671283586 4287.36510684821 4508.98734267045 4641.61933020798 4756.65779946079 Inf
"64" 74.5454545454545 3865.50820396842 334.018186409059 -Inf 3210.84458842528 3316.09717858573 3437.44667425553 3640.21636085643 3865.50820396842 4090.80004708042 4293.56973368132 4414.91922935112 4520.17181951157 Inf 4045.63454211239 365.160480392589 -Inf 3329.93315196557 3444.99900151929 3577.66255679025 3799.33754091091 4045.63454211239 4291.93154331387 4513.60652743453 4646.27008270548 4761.33593225921 Inf
"65" 75.2525252525253 3864.43906105311 334.128220079131 -Inf 3209.55978347954 3314.84704638911 3436.23651751807 3639.07300135847 3864.43906105311 4089.80512074774 4292.64160458815 4414.0310757171 4519.31833862668 Inf 4046.10464165171 365.280585183425 -Inf 3330.16785044048 3445.27154625779 3577.97873584684 3799.72663099986 4046.10464165171 4292.48265230355 4514.23054745657 4646.93773704562 4762.04143286293 Inf
"66" 75.959595959596 3851.92469371791 334.346215260817 -Inf 3196.61815343943 3301.97410888865 3423.44277811649 3626.41159850763 3851.92469371791 4077.43778892818 4280.40660931932 4401.87527854716 4507.23123399638 Inf 4019.77821111634 365.516455118131 -Inf 3303.37912332805 3418.55714420484 3551.35002582739 3773.24110861116 4019.77821111634 4266.31531362153 4488.20639640529 4620.99927802784 4736.17729890463 Inf
"67" 76.6666666666667 3824.66417143968 334.579085625674 -Inf 3168.90121363301 3274.33054894618 3395.88382045761 3598.99400755518 3824.66417143968 4050.33433532417 4253.44452242174 4374.99779393317 4480.42712924634 Inf 3984.07717564916 365.770766785306 -Inf 3267.17964615236 3382.43780326953 3515.32307684501 3737.36854253111 3984.07717564916 4230.78580876721 4452.83127445332 4585.71654802879 4700.97470514596 Inf
"68" 77.3737373737374 3797.70874798505 334.869824009762 -Inf 3141.37595341666 3246.896903406 3368.5558007717 3571.8424840405 3797.70874798505 4023.5750119296 4226.86169519841 4348.52059256411 4454.04154255345 Inf 3968.84758113539 366.08498905551 -Inf 3251.33418730585 3366.69135911495 3499.69079028892 3721.9270083168 3968.84758113539 4215.76815395398 4438.00437198186 4571.00380315584 4686.36097496493 Inf
"69" 78.0808080808081 3787.31614169641 335.098218106525 -Inf 3130.53570292407 3236.12862225891 3357.87049567078 3561.29582827458 3787.31614169641 4013.33645511823 4216.76178772203 4338.5036611339 4444.09658046874 Inf 3967.12678466649 366.334467228927 -Inf 3249.12442260213 3364.56020756766 3497.65027467631 3720.03794137704 3967.12678466649 4214.21562795595 4436.60329465667 4569.69336176533 4685.12914673086 Inf
"70" 78.7878787878788 3796.46875059324 335.658401081051 -Inf 3138.59037336608 3244.35981215834 3366.30520119962 3570.07059949687 3796.46875059324 4022.86690168962 4226.63229998686 4348.57768902814 4454.3471278204 Inf 3944.10871266105 366.943838369508 -Inf 3224.91200510793 3340.53980923147 3473.85126213166 3696.60885478321 3944.10871266105 4191.60857053889 4414.36616319044 4547.67761609063 4663.30542021417 Inf
"71" 79.4949494949495 3817.29134220601 337.185590200844 -Inf 3156.41972930647 3262.67040120838 3385.17062120504 3589.86311770172 3817.29134220601 4044.7195667103 4249.41206320698 4371.91228320364 4478.16295510554 Inf 3892.75454365374 368.598939445127 -Inf 3170.31389760163 3286.46324121695 3420.37599574976 3644.13833706485 3892.75454365374 4141.37075024262 4365.13309155772 4499.04584609052 4615.19518970585 Inf
"72" 80.2020202020202 3834.11103876099 340.222448866028 -Inf 3167.28729225156 3274.4949097734 3398.09842678332 3604.63448421425 3834.11103876099 4063.58759330774 4270.12365073867 4393.72716774859 4500.93478527043 Inf 3845.16306155323 371.899545223687 -Inf 3116.25334704798 3233.44274573045 3368.55461714649 3594.32063019727 3845.16306155323 4096.00549290919 4321.77150595997 4456.88337737602 4574.07277605848 Inf
"73" 80.9090909090909 3811.70397435365 346.348852600704 -Inf 3132.87269716949 3242.0108079629 3367.84006007864 3578.0952232823 3811.70397435365 4045.31272542499 4255.56788862865 4381.39714074439 4490.5352515378 Inf 3808.82606847906 378.518166107355 -Inf 3066.9440954145 3186.21909009036 3323.73552011711 3553.51944517664 3808.82606847906 4064.13269178149 4293.91661684102 4431.43304686777 4550.70804154363 Inf
"74" 81.6161616161616 3686.46957115684 373.151773801559 -Inf 2955.10553373855 3072.68952261597 3208.25633125571 3434.7825244602 3686.46957115684 3938.15661785348 4164.68281105797 4300.24961969771 4417.83360857513 Inf 3710.61065409045 407.656009271654 -Inf 2911.61955783668 3040.07618869141 3188.1784572047 3435.65085423088 3710.61065409045 3985.57045395002 4233.0428509762 4381.14511948949 4509.60175034422 Inf
"75" 82.3232323232323 3389.86354657226 508.395234094554 -Inf 2393.42719783512 2553.62780184699 2738.32883840297 3046.95617212694 3389.86354657226 3732.77092101757 4041.39825474155 4226.09929129753 4386.29989530939 Inf 3433.28480668414 550.550338918105 -Inf 2354.22597072834 2527.71008489534 2727.72615793254 3061.9442461169 3433.28480668414 3804.62536725138 4138.84345543575 4338.85952847295 4512.34364263995 Inf
"76" 83.030303030303 2897.96258619656 824.84485286513 -Inf 1281.29638174767 1541.2135382891 1840.88137367585 2341.61318743704 2897.96258619656 3454.31198495609 3955.04379871728 4254.71163410403 4514.62879064546 Inf 2917.12441026532 880.393875277637 -Inf 1191.5841225115 1469.00535136904 1788.85426110739 2323.30776525515 2917.12441026532 3510.94105527549 4045.39455942325 4365.2434691616 4642.66469801914 Inf
"77" 83.7373737373737 2263.30786531237 1252.79121607162 -Inf -192.117798336142 202.649689744019 657.791321055261 1418.31303093638 2263.30786531237 3108.30269968836 3868.82440956948 4323.96604088072 4718.73352896088 Inf 2222.53649548348 1323.60519499202 -Inf -371.682016450987 45.3996898490514 526.268185678496 1329.77835815508 2222.53649548348 3115.29463281188 3918.80480528847 4399.67330111791 4816.75500741795 Inf
"78" 84.4444444444444 1596.19125626634 1672.65804541326 -Inf -1682.15827119481 -1155.08639638122 -547.406280453797 468.000549052083 1596.19125626634 2724.3819634806 3739.78879298648 4347.4689089139 4874.54078372749 Inf 1496.19244390699 1756.04549151599 -Inf -1945.59347467828 -1392.24535190486 -754.270404912861 311.757759001419 1496.19244390699 2680.62712881257 3746.65529272685 4384.63023971885 4937.97836249227 Inf
"79" 85.1515151515152 1009.53681374458 1995.79335876147 -Inf -2902.14629001213 -2273.25113105988 -1548.1752896797 -336.605350249444 1009.53681374458 2355.6789777386 3567.24891716885 4292.32475854903 4921.21991750128 Inf 881.226511318402 2087.1063573073 -Inf -3209.4267809085 -2551.75795033199 -1793.50790834686 -526.505334254455 881.226511318402 2288.95835689126 3555.96093098367 4314.21097296879 4971.8798035453 Inf
"80" 85.8585858585859 570.458226093078 2194.53473870628 -Inf -3730.75082459325 -3039.23019833895 -2241.95120393797 -909.732961613543 570.458226093078 2050.6494137997 3382.86765612412 4180.1466505251 4871.6672767794 Inf 449.919577779434 2289.70336821994 -Inf -4037.81655921169 -3316.30731208013 -2484.45335839557 -1094.46187507436 449.919577779434 1994.30103063323 3384.29251395444 4216.146467639 4937.65571477056 Inf
"81" 86.5656565656566 287.44053432496 2292.14286692978 -Inf -4205.07693227779 -3482.79897383543 -2650.05874524078 -1258.58633540424 287.44053432496 1833.46740405416 3224.93981389071 4057.68004248535 4779.95800092771 Inf 196.510124607481 2388.73114473614 -Inf -4485.31688782449 -3732.60296262371 -2864.77201359427 -1414.6645484912 196.510124607481 1807.68479770616 3257.79226280923 4125.62321183867 4878.33713703945 Inf
"82" 87.2727272727273 129.015854481605 2330.17691649146 -Inf -4438.04697944826 -3703.78409804797 -2857.22602084392 -1442.6645918354 129.015854481605 1700.69630079861 3115.25772980713 3961.81580701118 4696.07868841146 Inf 71.5974573916608 2427.1457497729 -Inf -4685.52079739269 -3920.70203226215 -3038.91497803472 -1565.48747306214 71.5974573916608 1708.68238784547 3182.10989281805 4063.89694704547 4828.71571217601 Inf
"83" 87.979797979798 51.5446923825041 2341.87562995833 -Inf -4538.44719860786 -3800.49793142371 -2949.68968750134 -1528.02641625838 51.5446923825041 1631.11580102339 3052.77907226634 3903.58731618872 4641.53658337287 Inf 20.4874223960374 2438.91329786031 -Inf -4759.69480282598 -3991.16796140967 -3105.10573270439 -1624.53459862766 20.4874223960374 1665.50944341974 3146.08057749646 4032.14280620174 4800.66964761805 Inf
"84" 88.6868686868687 18.3142293167598 2344.71411067001 -Inf -4577.24098163932 -3838.39727978311 -2986.55780996691 -1563.17140547028 18.3142293167598 1599.7998641038 3023.18626860043 3875.02573841662 4613.86944027284 Inf 3.7162679294474 2441.75817365505 -Inf -4782.04181139076 -4012.61852014547 -3125.52274219951 -1643.22459265839 3.7162679294474 1650.65712851729 3132.95527805841 4020.05105600436 4789.47434724965 Inf
"85" 89.3939393939394 5.77918913851315 2345.25906097573 -Inf -4590.84410479015 -3851.82868344823 -2999.7912320626 -1576.07400904411 5.77918913851315 1587.63238732113 3011.34961033963 3863.38706172525 4602.40248306718 Inf -0.241331555212182 2442.30264180161 -Inf -4787.06654883339 -4017.47169003575 -3130.17810568977 -1647.54943032721 -0.241331555212182 1647.06676721678 3129.69544257935 4016.98902692532 4786.58388572296 Inf
"86" 90.1010101010101 1.61604854176547 2345.34223478179 -Inf -4595.17026305123 -3856.12863278154 -3004.06096418072 -1580.29324952053 1.61604854176547 1583.52534660406 3007.29306126425 3859.36072986507 4598.40236013476 Inf -0.577527428236475 2442.38551785499 -Inf -4787.56517878622 -4017.94420488577 -3130.62051149876 -1647.94152524878 -0.577527428236475 1646.7864703923 3129.46545664229 4016.78915002929 4786.41012392975 Inf
"87" 90.8080808080808 0.399000244497691 2345.35237393366 -Inf -4596.407183721 -3857.36235849954 -3005.29100632394 -1581.51713657181 0.399000244497691 1582.3151370608 3006.08900681293 3858.16035898853 4597.20518421 Inf -0.310606951303022 2442.39559719664 -Inf -4787.31801345592 -4017.69386345051 -3130.3665082179 -1647.68140318448 -0.310606951303022 1647.06018928187 3129.7452943153 4017.0726495479 4786.69679955332 Inf
"88" 91.5151515151515 0.0864589933371136 2345.35336510985 -Inf -4596.72166764178 -3857.67653009043 -3005.60481781848 -1581.83034636114 0.0864589933371136 1582.00326434782 3005.77773580516 3857.84944807711 4596.89458562845 Inf -0.118120295499784 2442.39658053906 -Inf -4787.12745411585 -4017.50299424905 -3130.17528176612 -1647.48957978306 -0.118120295499784 1647.25333919206 3129.93904117512 4017.26675365805 4786.89121352485 Inf
"89" 92.2222222222222 0.0162727577365135 2345.35344307103 -Inf -4596.7920066785 -3857.74684456077 -3005.67510396536 -1581.90058518076 0.0162727577365135 1581.93313069624 3005.70764948084 3857.77939007624 4596.82455219397 Inf -0.0364424465587114 2442.39665774834 -Inf -4787.04592759431 -4017.42144339808 -3130.09370286485 -1647.40795401098 -0.0364424465587114 1647.33506911787 3130.02081797173 4017.34855850496 4786.97304270119 Inf
"90" 92.9292929292929 0.00260924217806024 2345.35344801834 -Inf -4596.80567989061 -3857.76051621393 -3005.68877382116 -1581.91425203323 0.00260924217806024 1581.91947051759 3005.69399230551 3857.76573469829 4596.81089837496 Inf -0.00955870867325286 2442.39666264042 -Inf -4787.01905344473 -4017.39456770695 -3130.06682539642 -1647.38107357276 -0.00955870867325286 1647.36195615541 3130.04770797907 4017.3754502896 4786.99993602738 Inf
"91" 93.6363636363636 0.000341847460958015 2345.3534482722 -Inf -4596.80794778288 -3857.76278402622 -3005.69104154121 -1581.91651959918 0.000341847460958015 1581.9172032941 3005.69172523613 3857.76346772114 4596.8086314778 Inf -0.00217860309699003 2442.39666289111 -Inf -4787.0116738305 -4017.38718801372 -3130.05944561211 -1647.37369363627 -0.00217860309699003 1647.36933643007 3130.05508840592 4017.38283080752 4787.0073166243 Inf
"92" 94.3434343434343 3.24885959931013e-05 2345.35344828276 -Inf -4596.80825716243 -3857.76309340244 -3005.6913509136 -1581.91682896516 3.24885959931013e-05 1581.91689394235 3005.69141589079 3857.76315837963 4596.80832213962 Inf -0.000436686173512187 2442.39666290152 -Inf -4787.00993193397 -4017.38544611392 -3130.05770370853 -1647.37195172637 -0.000436686173512187 1647.37107835402 3130.05683033618 4017.38457274157 4787.00905856163 Inf
"93" 95.0505050505051 1.0255935809341e-06 2345.35344828311 -Inf -4596.80828862613 -3857.76312486603 -3005.69138237706 -1581.9168604284 1.0255935809341e-06 1581.91686247959 3005.69138442825 3857.76312691721 4596.80829067732 Inf -7.75493024950137e-05 2442.39666290187 -Inf -4787.00957279779 -4017.38508697762 -3130.05734457211 -1647.37159258973 -7.75493024950137e-05 1647.37143749113 3130.0571894735 4017.38493187902 4787.00941769919 Inf
"94" 95.7575757575758 -4.10525568484877e-07 2345.35344828312 -Inf -4596.80829006227 -3857.76312630216 -3005.69138381319 -1581.91686186453 -4.10525568484877e-07 1581.91686104348 3005.69138299214 3857.76312548111 4596.80828924122 Inf -1.22608266259385e-05 2442.39666290188 -Inf -4787.00950750933 -4017.38502168916 -3130.05727928364 -1647.37152730126 -1.22608266259385e-05 1647.37150277961 3130.05725476199 4017.38499716751 4787.00948298768 Inf
"95" 96.4646464646465 -1.21039301396196e-07 2345.35344828312 -Inf -4596.80828977278 -3857.76312601268 -3005.6913835237 -1581.91686157504 -1.21039301396196e-07 1581.91686133296 3005.69138328163 3857.7631257706 4596.80828953071 Inf -1.73169059031798e-06 2442.39666290188 -Inf -4787.0094969802 -4017.38501116003 -3130.05726875451 -1647.37151677213 -1.73169059031798e-06 1647.37151330874 3130.05726529113 4017.38500769664 4787.00949351682 Inf
"96" 97.1717171717172 -2.16175885212869e-08 2345.35344828312 -Inf -4596.80828967336 -3857.76312591326 -3005.69138342428 -1581.91686147562 -2.16175885212869e-08 1581.91686143239 3005.69138338105 3857.76312587002 4596.80828963013 Inf -2.19028836079303e-07 2442.39666290188 -Inf -4787.00949546754 -4017.38500964737 -3130.05726724185 -1647.37151525946 -2.19028836079303e-07 1647.37151482141 3130.05726680379 4017.38500920931 4787.00949502948 Inf
"97" 97.8787878787879 -3.02460555234597e-09 2345.35344828312 -Inf -4596.80828965477 -3857.76312589466 -3005.69138340569 -1581.91686145703 -3.02460555234597e-09 1581.91686145098 3005.69138339964 3857.76312588861 4596.80828964872 Inf -2.48551823033982e-08 2442.39666290188 -Inf -4787.00949527336 -4017.38500945319 -3130.05726704767 -1647.37151506529 -2.48551823033982e-08 1647.37151501558 3130.05726699796 4017.38500940348 4787.00949522365 Inf
"98" 98.5858585858586 -3.55119422590347e-10 2345.35344828312 -Inf -4596.8082896521 -3857.76312589199 -3005.69138340302 -1581.91686145436 -3.55119422590347e-10 1581.91686145365 3005.69138340231 3857.76312589128 4596.80828965139 Inf -2.53417487101859e-09 2442.39666290188 -Inf -4787.00949525104 -4017.38500943087 -3130.05726702535 -1647.37151504297 -2.53417487101859e-09 1647.3715150379 3130.05726702028 4017.3850094258 4787.00949524597 Inf
"99" 99.2929292929293 -3.60079769864329e-11 2345.35344828312 -Inf -4596.80828965178 -3857.76312589167 -3005.6913834027 -1581.91686145404 -3.60079769864329e-11 1581.91686145397 3005.69138340263 3857.7631258916 4596.80828965171 Inf -2.32405994422692e-10 2442.39666290188 -Inf -4787.00949524874 -4017.38500942857 -3130.05726702305 -1647.37151504067 -2.32405994422692e-10 1647.3715150402 3130.05726702259 4017.3850094281 4787.00949524827 Inf
"100" 100 -3.2001121365862e-12 2345.35344828312 -Inf -4596.80828965175 -3857.76312589164 -3005.69138340267 -1581.91686145401 -3.2001121365862e-12 1581.916861454 3005.69138340266 3857.76312589163 4596.80828965174 Inf -1.91884186136094e-11 2442.39666290188 -Inf -4787.00949524853 -4017.38500942836 -3130.05726702284 -1647.37151504045 -1.91884186136094e-11 1647.37151504042 3130.0572670228 4017.38500942832 4787.00949524849 Inf
