"mid_age" "mean_left" "std_left" "min_left" "l.q2.5" "l.q5" "l.q10" "l.q25" "l.q50" "l.q75" "l.q90" "l.q95" "l.q97.5" "max_left" "mean_right" "std_right" "min_right" "r.q2.5" "r.q5" "r.q10" "r.q25" "r.q50" "r.q75" "r.q90" "r.q95" "r.q97.5" "max_right"
"1" 30 3.68982350193705e-09 2375.26834493852 -Inf -4655.44040969387 -3906.96875215146 -3044.0288660408 -1602.09415262255 3.68982350193705e-09 1602.09415262993 3044.02886604818 3906.96875215883 4655.44040970125 Inf 3.72774916822567e-09 2541.25464289537 -Inf -4980.76757561639 -4179.99191636998 -3256.74886604631 -1714.0502092674 3.72774916822567e-09 1714.05020927486 3256.74886605377 4179.99191637744 4980.76757562384 Inf
"2" 30.7070707070707 3.77517788234405e-08 2375.26834493852 -Inf -4655.44040965981 -3906.96875211739 -3044.02886600674 -1602.09415258849 3.77517788234405e-08 1602.09415266399 3044.02886608224 3906.96875219289 4655.44040973531 Inf 3.84597870575369e-08 2541.25464289537 -Inf -4980.76757558165 -4179.99191633525 -3256.74886601158 -1714.05020923267 3.84597870575369e-08 1714.05020930959 3256.7488660885 4179.99191641217 4980.76757565857 Inf
"3" 31.4141414141414 3.49198517766216e-07 2375.26834493852 -Inf -4655.44040934836 -3906.96875180595 -3044.02886569529 -1602.09415227704 3.49198517766216e-07 1602.09415297544 3044.02886639369 3906.96875250434 4655.44041004676 Inf 3.58845175805924e-07 2541.25464289537 -Inf -4980.76757526127 -4179.99191601487 -3256.7488656912 -1714.05020891228 3.58845175805924e-07 1714.05020962997 3256.74886640889 4179.99191673255 4980.76757597896 Inf
"4" 32.1212121212121 2.91990169284405e-06 2375.26834493852 -Inf -4655.44040677766 -3906.96874923524 -3044.02886312459 -1602.09414970634 2.91990169284405e-06 1602.09415554614 3044.02886896439 3906.96875507504 4655.44041261746 Inf 3.02757571738416e-06 2541.25464289537 -Inf -4980.76757259254 -4179.99191334614 -3256.74886302247 -1714.05020624355 3.02757571738416e-06 1714.0502122987 3256.74886907762 4179.99191940129 4980.76757864769 Inf
"5" 32.8282828282828 2.20686779547258e-05 2375.26834493852 -Inf -4655.44038762888 -3906.96873008647 -3044.02884397581 -1602.09413055756 2.20686779547258e-05 1602.09417469492 3044.02888811317 3906.96877422382 4655.44043176624 Inf 2.30944530446598e-05 2541.25464289537 -Inf -4980.76755252566 -4179.99189327926 -3256.74884295559 -1714.05018617668 2.30944530446598e-05 1714.05023236558 3256.74888914449 4179.99193946816 4980.76759871457 Inf
"6" 33.5353535353535 0.000150744236678378 2375.26834493852 -Inf -4655.44025895331 -3906.9686014109 -3044.02871530025 -1602.094001882 0.000150744236678378 1602.09430337048 3044.02901678872 3906.96890289937 4655.44056044179 Inf 0.00015924646021331 2541.25464289536 -Inf -4980.76741637364 -4179.99175712725 -3256.74870680358 -1714.05005002467 0.00015924646021331 1714.05036851759 3256.7490252965 4179.99207562016 4980.76773486656 Inf
"7" 34.2424242424242 0.000930458726445595 2375.26834493838 -Inf -4655.43947923856 -3906.96782169619 -3044.02793558559 -1602.09322216742 0.000930458726445595 1602.09508308487 3044.02979650304 3906.96968261364 4655.44134015601 Inf 0.000992410554153784 2541.25464289522 -Inf -4980.76658320926 -4179.99092396291 -3256.74787363929 -1714.04921686047 0.000992410554153784 1714.05120168158 3256.7498584604 4179.99290878402 4980.76856803037 Inf
"8" 34.9494949494949 0.00518885698829895 2375.26834493422 -Inf -4655.43522083215 -3906.96356329109 -3044.023677182 -1602.08896376636 0.00518885698829895 1602.09934148033 3044.03405489597 3906.97394100506 4655.44559854613 Inf 0.00558811515308478 2541.25464289077 -Inf -4980.76198749596 -4179.986328251 -3256.743277929 -1714.04462115288 0.00558811515308478 1714.05579738318 3256.75445415931 4179.99750448131 4980.77316372626 Inf
"9" 35.6565656565657 0.0261384657660948 2375.26834483148 -Inf -4655.41427102201 -3906.94261351332 -3044.00272744155 -1602.06801408828 0.0261384657660948 1602.12029101981 3044.05500437309 3906.99489044485 4655.46654795354 Inf 0.0284226559891715 2541.25464278092 -Inf -4980.73915273982 -4179.96349352948 -3256.72044324739 -1714.02178653795 0.0284226559891715 1714.07863184993 3256.77728855937 4180.02033884146 4980.7959980518 Inf
"10" 36.3636363636364 0.118912180425394 2375.26834276652 -Inf -4655.32149326009 -3906.8498364021 -3043.90995108054 -1601.97523898082 0.118912180425394 1602.21306334168 3044.14777544139 3907.08766076294 4655.55931762094 Inf 0.130538679827028 2541.25464057304 -Inf -4980.63703238862 -4179.86137387401 -3256.61832439404 -1713.91966902492 0.130538679827028 1714.18074638457 3256.87940175369 4180.12245123366 4980.89810974827 Inf
"11" 37.0707070707071 0.488429925871196 2375.26830905896 -Inf -4654.95190944904 -3906.48026321265 -3043.54039013711 -1601.60569849997 0.488429925871196 1602.58255835172 3044.51724998885 3907.45712306439 4655.92876930078 Inf 0.541143689443968 2541.25460453164 -Inf -4980.22635673915 -4179.45070958156 -3256.20767319551 -1713.50903970574 0.541143689443968 1714.59132708463 3257.28996057439 4180.53299696044 4981.30864411804 Inf
"12" 37.7777777777778 1.81087011791343 2375.26786289255 -Inf -4653.6285947869 -3905.15708914217 -3042.21737815981 -1600.28295737326 1.81087011791343 1603.90469760909 3045.83911839564 3908.77882937799 4657.25033502273 Inf 2.0238521857201 2541.25412745993 -Inf -4978.7427131995 -4177.96721637214 -3254.72435330723 -1712.02600942949 2.0238521857201 1716.07371380093 3258.77205767867 4182.01492074358 4982.79041757094 Inf
"13" 38.4848484848485 6.05828036638629 2375.26308372215 -Inf -4649.37181753657 -3900.90181785793 -3037.96384315803 -1596.03232362334 6.05828036638629 1608.14888435611 3050.0804038908 3913.0183785907 4661.48837826935 Inf 6.82494803804293 2541.24901708343 -Inf -4973.93160119328 -4173.15771469849 -3249.9167082439 -1707.2214666806 6.82494803804293 1720.87136275668 3263.56660431998 4186.80761077458 4987.58149726937 Inf
"14" 39.1919191919192 18.2829942355105 2375.22176143642 -Inf -4637.06611347566 -3888.60913487725 -3025.68617264894 -1583.77973829604 18.2829942355105 1620.34572676706 3062.25216111996 3925.17512334827 4673.63210194668 Inf 20.7396678196063 2541.20482956952 -Inf -4959.93027547589 -4159.17031292441 -3235.94535988471 -1693.27694287381 20.7396678196063 1734.75627851303 3277.42469552392 4200.64964856362 5001.4096111151 Inf
"15" 39.8989898989899 49.7549334724506 2374.93430038029 -Inf -4605.03076092176 -3856.66436427954 -2993.84583724549 -1552.11390952316 49.7549334724506 1651.62377646806 3093.35570419039 3956.17423122443 4704.54062786666 Inf 56.7519428417544 2540.89742486937 -Inf -4923.31549831277 -4122.65240216628 -3199.53912988783 -1657.05732653225 56.7519428417544 1770.56121221576 3313.04301557134 4236.15628784979 5036.81938399628 Inf
"16" 40.6060606060606 122.06091617209 2373.33183349547 -Inf -4529.58400084144 -3781.72255811232 -2919.48621060087 -1478.72707933468 122.06091617209 1722.84891167886 3163.60804294505 4025.8443904565 4773.70583318562 Inf 139.734774188099 2539.18371083221 -Inf -4836.9738491738 -4036.85076207036 -3114.36008563427 -1572.91861263308 139.734774188099 1852.38816100928 3393.82963401047 4316.32031044656 5116.44339755 Inf
"17" 41.3131313131313 269.868745655064 2366.20568239451 -Inf -4367.8091718522 -3622.19325314473 -2762.54585101815 -1326.11273397576 269.868745655064 1865.85022528589 3302.28334232828 4161.93074445486 4907.54666316233 Inf 309.337493518583 2531.56250402012 -Inf -4652.43383897289 -3854.71227307327 -2934.99039678241 -1398.17546742372 309.337493518583 2016.85045446088 3553.66538381958 4473.38726011043 5271.10882601006 Inf
"18" 42.020202020202 537.65228177904 2341.0239852663 -Inf -4050.67041628733 -3312.98951116662 -2462.49067151645 -1041.34440124626 537.65228177904 2116.64896480434 3537.79523507453 4388.2940747247 5125.97497984541 Inf 615.252540155648 2504.63012984047 -Inf -4293.73230892555 -3504.49741308439 -2594.56012385158 -1074.09481045403 615.252540155648 2304.59989076533 3825.06520416288 4735.00249339568 5524.23738923685 Inf
"19" 42.7272727272727 965.314378563162 2270.40648397114 -Inf -3484.60056028648 -2769.1719612509 -1944.32860539266 -566.051523654094 965.314378563162 2496.68028078042 3874.95736251898 4699.80071837722 5415.2293174128 Inf 1098.90674396552 2429.09935449606 -Inf -3662.04050571624 -2896.6061395028 -2014.10933665228 -539.495872849987 1098.90674396552 2737.30936078103 4211.92282458333 5094.41962743384 5859.85399364729 Inf
"20" 43.4343434343434 1562.81003205692 2112.82255305648 -Inf -2578.24607765775 -1912.4738074429 -1144.88101853055 137.732876037207 1562.81003205692 2987.88718807663 4270.50108264439 5038.09387155674 5703.86614177159 Inf 1762.79229961069 2260.54273621521 -Inf -2667.79004888475 -1955.46961893171 -1134.20978296639 238.079394153324 1762.79229961069 3287.50520506805 4659.79438218777 5481.05421815308 6193.37464810613 Inf
"21" 44.1414141414141 2284.8183762834 1831.56444731816 -Inf -1304.98197582421 -727.837047883247 -62.4259085730205 1049.44692974375 2284.8183762834 3520.18982282306 4632.06266113983 5297.47380045005 5874.61872839101 Inf 2543.00772554614 1959.68519201718 -Inf -1297.904671844 -680.387570226419 31.5700997419444 1221.22014991951 2543.00772554614 3864.79530117276 5054.44535135033 5766.40302131869 6383.92012293627 Inf
"22" 44.8484848484848 3025.91804748773 1429.45325757658 -Inf 224.241145054171 674.67667220529 1193.99998736763 2061.76647686792 3025.91804748773 3990.06961810753 4857.83610760783 5377.15942277017 5827.59494992129 Inf 3311.22888976636 1529.53194544882 -Inf 313.40136348318 795.372721756717 1351.05483052594 2279.57526996365 3311.22888976636 4342.88250956906 5271.40294900678 5827.08505777599 6309.05641604953 Inf
"23" 45.5555555555556 3652.27336691082 975.633234145695 -Inf 1740.06736586492 2047.49950315188 2401.94906829406 2994.21875052889 3652.27336691082 4310.32798329274 4902.59766552758 5257.04723066976 5564.47936795672 Inf 3922.16535298467 1044.04195030583 -Inf 1875.88073203628 2204.86916433463 2584.17175707599 3217.96975872866 3922.16535298467 4626.36094724068 5260.15894889335 5639.46154163471 5968.44997393306 Inf
"24" 46.2626262626263 4062.5917063415 597.324288881356 -Inf 2891.85761304304 3080.08068330879 3297.08982878778 3659.70259594786 4062.5917063415 4465.48081673514 4828.09358389522 5045.10272937421 5233.32579963996 Inf 4287.82567083339 639.315318173632 -Inf 3034.7906724483 3236.24555096985 3468.51012395132 3856.61404158192 4287.82567083339 4719.03730008485 5107.14121771545 5339.40579069692 5540.86066921847 Inf
"25" 46.969696969697 4242.94071151276 410.432793711355 -Inf 3438.50721776435 3567.83884215681 3716.94992218113 3966.10799901011 4242.94071151276 4519.77342401541 4768.93150084439 4918.04258086871 5047.37420526117 Inf 4426.59110386592 439.348862396442 -Inf 3565.48315692025 3703.92653405613 3863.54288144152 4130.25479941921 4426.59110386592 4722.92740831263 4989.63932629032 5149.25567367571 5287.69905081159 Inf
"26" 47.6767676767677 4273.32157344315 367.514230848094 -Inf 3553.00691717495 3668.81445787639 3802.33313553986 4025.43699168492 4273.32157344315 4521.20615520139 4744.31001134645 4877.82868900992 4993.63622971136 Inf 4442.67509817978 393.406509200364 -Inf 3671.61250886345 3795.57897465525 3938.50437041862 4177.32644006372 4442.67509817978 4708.02375629585 4946.84582594095 5089.77122170432 5213.73768749612 Inf
"27" 48.3838383838384 4273.06490644792 350.259123556586 -Inf 3586.56963902045 3696.93991669303 3824.1897783077 4036.81871769634 4273.06490644792 4509.3110951995 4721.94003458814 4849.18989620282 4959.5601738754 Inf 4447.06087983588 374.938538213309 -Inf 3712.1948485217 3830.34186537183 3966.55780920561 4194.1686788575 4447.06087983588 4699.95308081426 4927.56395046615 5063.77989429992 5181.92691115006 Inf
"28" 49.0909090909091 4320.074932844 340.285525921358 -Inf 3653.12755757787 3760.35505133317 3883.98148436732 4090.55583346996 4320.074932844 4549.59403221804 4756.16838132068 4879.79481435483 4987.02230811013 Inf 4485.87775110076 364.264252305927 -Inf 3771.93293572574 3886.71637452659 4019.05432828617 4240.18524655758 4485.87775110076 4731.57025564395 4952.70117391536 5085.03912767493 5199.82256647579 Inf
"29" 49.7979797979798 4405.71062020494 337.811726685999 -Inf 3743.61180234509 3850.05977633873 3972.78747301117 4177.86007305919 4405.71062020494 4633.56116735068 4838.6337673987 4961.36146407114 5067.80943806478 Inf 4535.86361755658 361.616080241866 -Inf 3827.10912405197 3941.05809640677 4072.43396379651 4291.95727792735 4535.86361755658 4779.7699571858 4999.29327131664 5130.66913870638 5244.61811106118 Inf
"30" 50.5050505050505 4462.83855099127 337.456949102377 -Inf 3801.43508441784 3907.77126432024 4030.37006956521 4235.22729768927 4462.83855099127 4690.44980429326 4895.30703241732 5017.90583766229 5124.24201756469 Inf 4559.1121055725 361.236452660237 -Inf 3851.10166845543 3964.93101622722 4096.168964134 4315.46182085598 4559.1121055725 4802.76239028902 5022.055247011 5153.29319491777 5267.12254268957 Inf
"31" 51.2121212121212 4441.56432758813 337.293872780186 -Inf 3780.48048473293 3886.76527759714 4009.30483687808 4214.06306759396 4441.56432758813 4669.06558758231 4873.82381829818 4996.36337757913 5102.64817044333 Inf 4551.73625954551 361.061709164668 -Inf 3844.06831338628 3957.84259767271 4089.01706090732 4308.20383752566 4551.73625954551 4795.26868156536 5014.4554581837 5145.62992141831 5259.40420570473 Inf
"32" 51.9191919191919 4360.6976682218 336.514641258052 -Inf 3701.1410910856 3807.18034002622 3929.43680288886 4133.72199190233 4360.6976682218 4587.67334454127 4791.95853355474 4914.21499641738 5020.254245358 Inf 4537.7378479204 360.227817834112 -Inf 3831.70429873608 3945.21581522714 4076.08732402238 4294.76787705579 4537.7378479204 4780.70781878501 4999.38837181842 5130.25988061365 5243.77139710471 Inf
"33" 52.6262626262626 4285.66820264405 336.093855111607 -Inf 3626.93635120007 3732.84300606762 3854.94659645585 4058.97634226738 4285.66820264405 4512.36006302071 4716.38980883225 4838.49339922047 4944.40005408802 Inf 4529.46471167216 359.777331815607 -Inf 3824.31409885965 3937.68366254033 4068.39150883641 4286.79858900963 4529.46471167216 4772.13083433468 4990.53791450791 5121.24576080398 5234.61532448466 Inf
"34" 53.3333333333333 4261.09867762868 335.525883915641 -Inf 3603.48002927305 3709.20771053394 3831.10495581585 4034.7899080021 4261.09867762868 4487.40744725526 4691.0923994415 4812.98964472342 4918.7173259843 Inf 4513.82207807752 359.169376735543 -Inf 3809.86303532616 3923.04102606417 4053.52800102641 4271.56601488509 4513.82207807752 4756.07814126996 4974.11615512864 5104.60313009088 5217.78112082889 Inf
"35" 54.040404040404 4274.43363688126 334.854003570586 -Inf 3618.13184980387 3723.64781460896 3845.3009643765 4048.57804366078 4274.43363688126 4500.28923010174 4703.56630938602 4825.21945915356 4930.73542395866 Inf 4481.86571053931 358.450280942674 -Inf 3779.31606964341 3892.26746584898 4022.49319182732 4240.09467008857 4481.86571053931 4723.63675099005 4941.23822925129 5071.46395522964 5184.41535143521 Inf
"36" 54.7474747474747 4285.66295397336 334.796775549534 -Inf 3629.47333175613 3734.97126341905 3856.60362212857 4059.8459604665 4285.66295397336 4511.47994748022 4714.72228581815 4836.35464452767 4941.85257619058 Inf 4454.15213094576 358.388958480136 -Inf 3751.72267986787 3864.65475273034 3994.85820013164 4212.42245186746 4454.15213094576 4695.88181002406 4913.44606175987 5043.64950916117 5156.58158202364 Inf
"37" 55.4545454545455 4277.40635427848 334.7304514997 -Inf 3621.34672481024 3726.8237570781 3848.43202012359 4051.63409566343 4277.40635427848 4503.17861289353 4706.38068843337 4827.98895147887 4933.46598374672 Inf 4457.44955874614 358.318004540912 -Inf 3755.15917483369 3868.068889375 3998.24655906391 4215.76773737258 4457.44955874614 4699.13138011969 4916.65255842836 5046.83022811727 5159.73994265858 Inf
"38" 56.1616161616162 4263.62636221934 334.766405918354 -Inf 3607.49626338545 3712.98462526303 3834.60595062294 4037.82985271743 4263.62636221934 4489.42287172126 4692.64677381575 4814.26809917566 4919.75646105324 Inf 4481.91388481416 358.356482771015 -Inf 3779.54808495652 3892.46992438669 4022.66157329591 4240.20611026879 4481.91388481416 4723.62165935953 4941.16619633241 5071.35784524164 5184.2796846718 Inf
"39" 56.8686868686869 4259.08993305581 334.918794377626 -Inf 3602.66115833009 3708.19753938956 3829.87422779086 4033.19063910008 4259.08993305581 4484.98922701155 4688.30563832077 4809.98232672206 4915.51870778154 Inf 4486.52953477315 358.519571288467 -Inf 3783.84408729501 3896.81731760623 4027.06821691004 4244.71175869439 4486.52953477315 4728.34731085192 4945.99085263627 5076.24175194007 5189.21498225129 Inf
"40" 57.5757575757576 4260.12964395672 334.751057250222 -Inf 3604.02962795958 3709.51315331286 3831.12890246999 4034.34348697415 4260.12964395672 4485.9158009393 4689.13038544346 4810.74613460059 4916.22965995386 Inf 4455.94569959951 358.34005635428 -Inf 3753.61209492707 3866.52875822318 3996.71443938134 4214.24900450386 4455.94569959951 4697.64239469516 4915.17695981768 5045.36264097584 5158.27930427195 Inf
"41" 58.2828282828283 4257.22512773301 334.594058886691 -Inf 3601.43282287402 3706.86687641682 3828.42558774485 4031.54486453743 4257.22512773301 4482.90539092858 4686.02466772117 4807.58337904919 4913.01743259199 Inf 4428.20057232695 358.172003808062 -Inf 3726.19634459261 3839.06005279079 3969.18468011249 4186.61722695122 4428.20057232695 4669.78391770268 4887.21646454142 5017.34109186312 5130.2048000613 Inf
"42" 58.989898989899 4249.68670275399 334.627454537488 -Inf 3593.8289436222 3699.27352048046 3820.84436451727 4023.98391453425 4249.68670275399 4475.38949097373 4678.52904099071 4800.09988502752 4905.54446188578 Inf 4443.07279685347 358.207744521726 -Inf 3740.99851860756 3853.8734890748 3984.01110107145 4201.4653447327 4443.07279685347 4684.68024897423 4902.13449263548 5032.27210463213 5145.14707509937 Inf
"43" 59.6969696969697 4239.75560235051 334.577218343034 -Inf 3583.99630435057 3689.42505126363 3810.97764438743 4014.08669792901 4239.75560235051 4465.424506772 4668.53356031358 4790.08615343738 4895.51490035045 Inf 4478.52282636071 358.1539656563 -Inf 3776.55395275417 3889.41197694389 4019.53005096787 4236.95164753346 4478.52282636071 4720.09400518797 4937.51560175355 5067.63367577753 5180.49169996726 Inf
"44" 60.4040404040404 4223.27414934012 334.367242907306 -Inf 3567.92639563184 3673.28897711027 3794.76528572543 3997.74687119782 4223.27414934012 4448.80142748242 4651.78301295481 4773.25932156996 4878.62190304839 Inf 4472.75367918443 357.929218299169 -Inf 3771.22530230349 3884.01250627314 4014.04892911898 4231.33409014595 4472.75367918443 4714.17326822292 4931.45842924989 5061.49485209573 5174.28205606538 Inf
"45" 61.1111111111111 4195.78328623164 334.192732750763 -Inf 3540.77756614513 3646.08515766573 3767.49806638128 3970.37371340124 4195.78328623164 4421.19285906205 4624.06850608201 4745.48141479756 4850.78900631816 Inf 4409.01439622085 357.742424473505 -Inf 3707.85212851074 3820.58047181119 3950.54903207511 4167.72079770317 4409.01439622085 4650.30799473852 4867.47976036659 4997.44832063051 5110.17666393096 Inf
"46" 61.8181818181818 4162.22853878084 333.963473434387 -Inf 3507.67215869755 3612.90750823298 3734.23712656629 3936.97359900947 4162.22853878084 4387.48347855222 4590.2199509954 4711.54956932871 4816.78491886414 Inf 4341.88151399601 357.497012598388 -Inf 3641.2002447225 3753.85125619923 3883.73065782302 4100.75344327267 4341.88151399601 4583.00958471934 4800.03237016899 4929.91177179278 5042.56278326951 Inf
"47" 62.5252525252525 4134.36724575181 333.685683316127 -Inf 3480.35532429556 3585.50313928749 3706.7318358982 3909.2996725679 4134.36724575181 4359.43481893571 4562.00265560541 4683.23135221612 4788.37916720805 Inf 4325.1107559553 357.199693451593 -Inf 3625.01222150143 3737.56954463549 3867.34092960036 4084.18322394902 4325.1107559553 4566.03828796158 4782.88058231024 4912.65196727511 5025.20929040917 Inf
"48" 63.2323232323232 4122.84935023688 333.791415694478 -Inf 3468.63019712707 3573.81132948655 3695.07843888828 3897.71046164752 4122.84935023688 4347.98823882625 4550.62026158549 4671.88737098721 4777.0685033467 Inf 4345.62041363854 357.312854441443 -Inf 3645.30008772011 3757.89306905415 3887.7055656399 4104.61655570448 4345.62041363854 4586.6242715726 4803.53526163718 4933.34775822293 5045.94073955697 Inf
"49" 63.9393939393939 4133.0568355018 334.062510598076 -Inf 3478.30634614454 3583.57290331604 3704.93850205507 3907.73509617863 4133.0568355018 4358.37857482497 4561.17516894852 4682.54076768756 4787.80732485906 Inf 4353.84509903719 357.603020833499 -Inf 3652.9560574408 3765.6404732104 3895.55838784454 4112.64552684584 4353.84509903719 4595.04467122854 4812.13181022984 4942.04972486397 5054.73414063357 Inf
"50" 64.6464646464646 4158.97328108499 334.096021940746 -Inf 3504.15711070303 3609.4342276457 3730.81200112461 3933.62893870467 4158.97328108499 4384.31762346531 4587.13456104538 4708.51233452429 4813.78945146696 Inf 4334.20580457051 357.638902526653 -Inf 3633.24643614784 3745.9421586106 3875.87310913783 4092.98203054491 4334.20580457051 4575.42957859612 4792.5385000032 4922.46945053042 5035.16517299318 Inf
"51" 65.3535353535354 4178.37676772384 333.885014808806 -Inf 3523.97416372096 3629.18479013083 3750.48590428373 3953.17474749124 4178.37676772384 4403.57878795645 4606.26763116395 4727.56874531685 4832.77937172672 Inf 4311.94419750006 357.41302942362 -Inf 3611.42753222441 3724.0520797329 3853.90097009618 4070.8727725673 4311.94419750006 4553.01562243282 4769.98742490394 4899.83631526721 5012.46086277571 Inf
"52" 66.0606060606061 4167.3232599742 333.587310248459 -Inf 3513.50414618763 3618.62096280704 3739.81392027948 3942.32203841613 4167.3232599742 4392.32448153227 4594.83259966893 4716.02555714136 4821.14237376077 Inf 4303.29832281939 357.094391180746 -Inf 3603.40617702386 3715.93031832171 3845.6634467545 4062.44181611546 4303.29832281939 4544.15482952331 4760.93319888427 4890.66632731706 5003.19046861491 Inf
"53" 66.7676767676768 4126.39980199822 333.54839548195 -Inf 3472.65695975248 3577.7615139259 3698.94033358344 3901.4248280513 4126.39980199822 4351.37477594515 4553.85927041301 4675.03809007055 4780.14264424397 Inf 4293.76708642658 357.052725091386 -Inf 3593.95660466558 3706.4676165471 3836.18560760375 4052.93868307286 4293.76708642658 4534.5954897803 4751.34856524941 4881.06655630605 4993.57756818757 Inf
"54" 67.4747474747475 4080.84687326159 333.596279306717 -Inf 3427.01018044386 3532.12982330642 3653.32603925622 3855.83960216566 4080.84687326159 4305.85414435752 4508.36770726697 4629.56392321676 4734.68356607932 Inf 4265.30039410801 357.103974382161 -Inf 3565.38946558286 3677.91662664673 3807.65323667635 4024.43742363296 4265.30039410801 4506.16336458306 4722.94755153967 4852.68416156929 4965.21132263316 Inf
"55" 68.1818181818182 4048.63649925868 333.569115776391 -Inf 3394.85304598209 3499.96412933489 3621.15047671812 3823.64754968554 4048.63649925868 4273.62544883183 4476.12252179925 4597.30886918248 4702.41995253528 Inf 4218.95569889598 357.074911632981 -Inf 3519.10173231251 3631.61973540309 3761.34578687603 3978.11233094736 4218.95569889598 4459.79906684459 4676.56561091592 4806.29166238886 4918.80966547944 Inf
"56" 68.8888888888889 4023.68481036885 333.617503822289 -Inf 3369.80651826501 3474.93284919226 3596.13677605231 3798.66322355471 4023.68481036885 4248.70639718299 4451.23284468539 4572.43677154544 4677.56310247269 Inf 4168.71817211443 357.126694374526 -Inf 3468.76271322252 3581.29703359131 3711.04189784099 3927.83987723741 4168.71817211443 4409.59646699146 4626.39444638788 4756.13931063756 4868.67363100635 Inf
"57" 69.5959595959596 3998.65435535951 333.761262091874 -Inf 3344.4943022248 3449.66593287179 3570.92208740752 3773.53580506603 3998.65435535951 4223.77290565298 4426.38662331149 4547.64277784722 4652.81440849421 Inf 4131.57419818322 357.280586582134 -Inf 3431.31711610689 3543.89992950425 3673.70070311019 3890.59210458953 4131.57419818322 4372.55629177691 4589.44769325625 4719.24846686219 4831.83128025955 Inf
"58" 70.3030303030303 3983.13532077623 333.978948500647 -Inf 3328.5486101204 3433.7888360095 3555.12407646629 3757.86994323128 3983.13532077623 4208.40069832118 4411.14656508618 4532.48180554296 4637.72203143206 Inf 4120.28369525827 357.513571246239 -Inf 3419.56997163135 3532.22620090952 3662.11161832421 3879.14445589669 4120.28369525827 4361.42293461986 4578.45577219233 4708.34118960702 4820.9974188852 Inf
"59" 71.010101010101 3980.8384591752 333.906857054206 -Inf 3326.39304515799 3431.61055428562 3552.9196037713 3755.62170657195 3980.8384591752 4206.05521177845 4408.75731457909 4530.06636406477 4635.2838731924 Inf 4125.77073806523 357.436409061026 -Inf 3425.2082495423 3537.84016421669 3667.69754845043 3884.68354380668 4125.77073806523 4366.85793232379 4583.84392768003 4713.70131191377 4826.33322658817 Inf
"60" 71.7171717171717 3967.71897344397 333.593009654243 -Inf 3313.88868902733 3419.00730158853 3540.20232966684 3742.71390769512 3967.71897344397 4192.72403919282 4395.2356172211 4516.43064529941 4621.54925786061 Inf 4113.20183464086 357.100489396963 -Inf 3413.29773656119 3525.82379947012 3655.55914339744 3872.34121475261 4113.20183464086 4354.06245452912 4570.84452588429 4700.57986981161 4813.10593272054 Inf
"61" 72.4242424242424 3921.51418462451 333.510369687281 -Inf 3267.8458715668 3372.93844341845 3494.10344822641 3696.56485868633 3921.51418462451 4146.46351056268 4348.9249210226 4470.08992583056 4575.18249768221 Inf 4062.66055508499 357.012027393141 -Inf 3362.92983934681 3475.42802696208 3605.13123246106 3821.85960191159 4062.66055508499 4303.46150825838 4520.18987770892 4649.89308320789 4762.39127082317 Inf
"62" 73.1313131313131 3864.83389205777 333.764988896092 -Inf 3210.66653452102 3315.83933952262 3437.09684801401 3639.71282807305 3864.83389205777 4089.9549560425 4292.57093610154 4413.82844459293 4519.00124959453 Inf 4010.38535042463 357.284571126053 -Inf 3310.12045878572 3422.70452775414 3552.5067489531 3769.4005692969 4010.38535042463 4251.37013155235 4468.26395189615 4598.06617309512 4710.65024206353 Inf
"63" 73.8383838383838 3847.55177961125 334.086111620276 -Inf 3192.75503310048 3298.02902719853 3419.40320023758 3622.21412164051 3847.55177961125 4072.88943758199 4275.70035898493 4397.07453202398 4502.34852612202 Inf 4014.87443282831 357.628278906739 -Inf 3313.93588631805 3426.62826116814 3556.55535211235 3773.65782432545 4014.87443282831 4256.09104133117 4473.19351354426 4603.12060448847 4715.81297933856 Inf
"64" 74.5454545454545 3882.6063771028 334.371319937846 -Inf 3227.2506325615 3332.61449875448 3454.09228856324 3657.07634904519 3882.6063771028 4108.13640516041 4311.12046564236 4432.59825545112 4537.9621216441 Inf 4074.18004723469 357.933601662921 -Inf 3372.64307911866 3485.43166433163 3615.46967966256 3832.75750166228 4074.18004723469 4315.6025928071 4532.89041480682 4662.92843013775 4775.71701535072 Inf
"65" 75.2525252525253 3925.25258072416 335.054797346449 -Inf 3268.55724507776 3374.13648208137 3495.86258064159 3699.26155415996 3925.25258072416 4151.24360728837 4354.64258080673 4476.36867936696 4581.94791637057 Inf 4112.73272602045 358.665149820231 -Inf 3409.76194986314 3522.78105347755 3653.08484176205 3870.81675871417 4112.73272602045 4354.64869332674 4572.38061027886 4702.68439856335 4815.70350217777 Inf
"66" 75.959595959596 3925.76316686123 335.726195651206 -Inf 3267.75191471822 3373.54271628173 3495.5127352301 3699.31928902217 3925.76316686123 4152.20704470029 4356.01359849237 4477.98361744074 4583.77441900424 Inf 4072.15481202808 359.383795292245 -Inf 3367.77551662796 3481.02107287404 3611.58594653994 3829.75412571689 4072.15481202808 4314.55549833927 4532.72367751622 4663.28855118211 4776.5341074282 Inf
"67" 76.6666666666667 3882.50999179814 336.1754107703 -Inf 3223.61829420039 3329.55064810071 3451.68386782786 3655.76312296561 3882.50999179814 4109.25686063066 4313.33611576842 4435.46933549557 4541.40168939589 Inf 3986.86617303977 359.864699858071 -Inf 3281.54432201063 3394.94141626642 3525.68100355242 3744.14112152811 3986.86617303977 4229.59122455142 4448.05134252712 4578.79092981312 4692.1880240689 Inf
"68" 77.3737373737374 3831.02275303676 337.06222488482 -Inf 3170.39293171357 3276.60472992663 3399.06013104967 3603.67773717366 3831.02275303676 4058.36776889986 4262.98537502385 4385.44077614689 4491.65257435995 Inf 3937.51628126665 360.813841812566 -Inf 3230.33414619049 3344.03032490696 3475.1147374216 3694.15104323521 3937.51628126665 4180.8815192981 4399.91782511171 4531.00223762635 4644.69841634282 Inf
"69" 78.0808080808081 3798.76034468784 338.262649486356 -Inf 3135.77773437948 3242.36779881799 3365.25931667333 3570.60565473512 3798.76034468784 4026.91503464055 4232.26137270234 4355.15289055768 4461.74295499619 Inf 3945.41592328916 362.098854558606 -Inf 3235.71520951108 3349.81630905346 3481.36756934767 3701.18395733164 3945.41592328916 4189.64788924668 4409.46427723065 4541.01553752485 4655.11663706723 Inf
"70" 78.7878787878788 3788.05863571359 339.959519837893 -Inf 3121.75022062979 3228.87498649155 3352.38298084355 3558.75942410135 3788.05863571359 4017.35784732583 4223.73429058363 4347.24228493563 4454.36705079739 Inf 3950.64507358203 363.915011138908 -Inf 3237.38475831628 3352.05814760812 3484.26922133179 3705.18812862635 3950.64507358203 4196.10201853772 4417.02092583228 4549.23199955595 4663.90538884779 Inf
"71" 79.4949494949495 3789.05266250727 341.939861443626 -Inf 3118.86284919914 3226.61164121243 3350.83909775208 3558.41773078007 3789.05266250727 4019.68759423446 4227.26622726245 4351.4936838021 4459.24247581539 Inf 3894.15740551069 366.034805795758 -Inf 3176.74236906289 3292.08372760706 3425.06492709932 3647.27068078644 3894.15740551069 4141.04413023494 4363.24988392206 4496.23108341432 4611.57244195849 Inf
"72" 80.2020202020202 3780.36551073596 346.430338941215 -Inf 3101.37452325917 3210.53831124247 3336.3971675137 3546.70179796315 3780.36551073596 4014.02922350876 4224.33385395822 4350.19271022944 4459.35649821274 Inf 3783.68731714863 370.841355401112 -Inf 3056.85161658443 3173.70756869351 3308.43499756565 3533.55862398175 3783.68731714863 4033.8160103155 4258.9396367316 4393.66706560374 4510.52301771282 Inf
"73" 80.9090909090909 3711.27329196906 359.82331172226 -Inf 3006.0325601955 3119.41661262101 3250.14116351195 3468.57615633078 3711.27329196906 3953.97042760733 4172.40542042616 4303.12997131711 4416.51402374261 Inf 3657.95382339646 385.17637057806 -Inf 2903.02200936761 3024.39507323513 3164.33044267136 3398.15630942383 3657.95382339646 3917.75133736909 4151.57720412156 4291.51257355779 4412.88563742531 Inf
"74" 81.6161616161616 3505.51943104308 411.474184914357 -Inf 2699.04484804297 2828.7046255898 2978.1940451849 3227.98431084806 3505.51943104308 3783.0545512381 4032.84481690126 4182.33423649636 4311.9940140432 Inf 3506.95298082941 440.46183192015 -Inf 2643.66365370138 2782.45773906186 2942.4784305695 3209.86598984668 3506.95298082941 3804.03997181214 4071.42753108932 4231.44822259695 4370.24230795743 Inf
"75" 82.3232323232323 3106.93875390889 596.17748212458 -Inf 1938.45236055094 2126.31406012947 2342.90656834969 2704.82315291815 3106.93875390889 3509.05435489962 3870.97093946808 4087.5634476883 4275.42514726683 Inf 3257.37640477166 638.101176843718 -Inf 2006.72107966535 2207.79336967826 2439.61684261174 2826.98370140251 3257.37640477166 3687.7691081408 4075.13596693158 4306.95943986505 4508.03172987797 Inf
"76" 83.030303030303 2530.26496028987 951.877348666753 -Inf 664.619639203556 964.566050922407 1310.38505389955 1888.23344517032 2530.26496028987 3172.29647540941 3750.14486668019 4095.96386965732 4395.91028137618 Inf 2841.55443367829 1018.65507690083 -Inf 845.027170283776 1166.01593582542 1536.09542512607 2154.48202532347 2841.55443367829 3528.6268420331 4147.0134422305 4517.09293153115 4838.0816970728 Inf
"77" 83.7373737373737 1866.51631441746 1388.28783397649 -Inf -854.477840351573 -417.013964551365 87.3538673583741 930.130400078404 1866.51631441746 2802.90222875652 3645.67876147655 4150.04659338629 4587.5104691865 Inf 2270.06643273746 1485.52335334043 -Inf -641.505838002945 -173.402042925655 366.29165361097 1268.09615723243 2270.06643273746 3272.03670824249 4173.84121186395 4713.53490840057 5181.63870347786 Inf
"78" 84.4444444444444 1236.51332275815 1789.74180525737 -Inf -2271.316157172 -1707.34997692612 -1057.13308969006 29.350819614619 1236.51332275815 2443.67582590168 3530.15973520636 4180.37662244241 4744.3428026883 Inf 1635.62513859445 1914.96813954251 -Inf -2117.64344645054 -1514.21715122856 -818.505278604281 343.998756520971 1635.62513859445 2927.25152066794 4089.75555579319 4785.46742841746 5388.89372363944 Inf
"79" 85.1515151515152 732.118864272945 2082.47051149387 -Inf -3349.44833712175 -2693.24030957724 -1936.67447993249 -672.486150815263 732.118864272945 2136.72387936115 3400.91220847838 4157.47803812312 4813.68606566764 Inf 1055.10410047954 2228.08830700012 -Inf -3311.86873561553 -2609.77503245778 -1800.30595752809 -447.718625123788 1055.10410047954 2557.92682608286 3910.51415848717 4719.98323341686 5422.0769365746 Inf
"80" 85.8585858585859 386.35798712091 2253.7846509803 -Inf -4030.97875770964 -3320.78787041159 -2501.98326074328 -1133.79665911455 386.35798712091 1906.51263335637 3274.6992349851 4093.50384465341 4803.69473195146 Inf 607.789965813755 2411.3257665109 -Inf -4118.32169154105 -3358.48796699324 -2482.44834529633 -1018.62454808156 607.789965813755 2234.20447970907 3698.02827692384 4574.06789862075 5333.90162316856 Inf
"81" 86.5656565656566 181.37984834843 2334.04012646728 -Inf -4393.25473799874 -3657.77451912154 -2809.81292976963 -1392.90629350011 181.37984834843 1755.66599019697 3172.57262646649 4020.5342158184 4756.0144346956 Inf 312.6217379708 2497.16229695347 -Inf -4581.72642760931 -3794.84472325958 -2887.62051310887 -1371.68863590042 312.6217379708 1996.93211184202 3512.86398905047 4420.08819920118 5206.96990355091 Inf
"82" 87.2727272727273 75.5992644493992 2363.94051935084 -Inf -4557.63901507317 -3812.73687270238 -2953.91240897899 -1518.85438592595 75.5992644493992 1670.05291482475 3105.11093787779 3963.93540160118 4708.83754397196 Inf 143.730604216584 2529.14037018445 -Inf -4813.29343319123 -4016.33510675069 -3097.49319667534 -1562.14865227995 143.730604216584 1849.60986071312 3384.95440510851 4303.79631518386 5100.7546416244 Inf
"83" 87.979797979798 27.8975625859074 2372.76146509617 -Inf -4622.62945290708 -3874.94773916822 -3012.91860767199 -1572.5057252817 27.8975625859074 1628.30085045351 3068.71373284381 3930.74286434003 4678.4245780789 Inf 59.154606096117 2538.5738195171 -Inf -4916.35865225367 -4116.42774822063 -3194.15864655655 -1653.08741528428 59.154606096117 1771.39662747652 3312.46785874879 4234.73696041286 5034.66786444591 Inf
"84" 88.6868686868687 9.0741017002273 2374.82199342157 -Inf -4645.49147509967 -3897.16046754337 -3034.38274185894 -1592.71899140285 9.0741017002273 1610.8671948033 3052.53094525939 3915.30867094382 4663.63967850012 Inf 21.8281864255051 2540.77733622944 -Inf -4958.0038853198 -4157.37863034758 -3234.30898651957 -1691.90008439175 21.8281864255051 1735.55645724276 3277.96535937058 4201.03500319859 5001.66025817081 Inf
"85" 89.3939393939394 2.5820620432207 2375.20433730746 -Inf -4652.73289500273 -3904.28140692783 -3041.36477492149 -1599.46891809194 2.5820620432207 1604.63304217838 3046.52889900793 3909.44553101427 4657.89701908918 Inf 7.23241321492407 2541.18619818988 -Inf -4973.40101324751 -4172.64692163673 -3249.42873741565 -1706.7716308039 7.23241321492407 1721.23645723375 3263.8935638455 4187.11174806658 4987.86583967736 Inf
"86" 90.1010101010101 0.63416358815404 2375.26093925956 -Inf -4654.79173124536 -3906.32240730909 -3043.38521169687 -1601.45499398354 0.63416358815404 1602.72332115984 3044.65353887318 3907.5907344854 4656.06005842167 Inf 2.15461919436363 2541.24672404333 -Inf -4978.59743576096 -4177.82427182686 -3254.58409843846 -1711.89024889223 2.15461919436363 1716.19948728096 3258.89333682718 4182.13351021558 4982.90667414969 Inf
"87" 90.8080808080808 0.13088141818109 2375.26765236161 -Inf -4655.30817085357 -3906.83673154932 -3043.89709705328 -1601.96280407203 0.13088141818109 1602.22456690839 3044.15885988965 3907.09849438568 4655.56993368993 Inf 0.577824730253207 2541.2539023426 -Inf -4980.18829943311 -4179.41287354256 -3256.17009226323 -1713.47188504563 0.577824730253207 1714.62753450613 3257.32574172374 4180.56852300306 4981.34394889362 Inf
"88" 91.5151515151515 0.0212873754399863 2375.26829249817 -Inf -4655.41901954092 -3906.94737852301 -3044.00751146404 -1602.07282988032 0.0212873754399863 1602.1154046312 3044.05008621492 3906.98995327388 4655.4615942918 Inf 0.139640184717321 2541.25458682344 -Inf -4980.62782553645 -4179.85218395889 -3256.60915400627 -1713.91053126647 0.139640184717321 1714.18981163591 3256.8884343757 4180.13146432832 4980.90710590588 Inf
"89" 92.2222222222222 0.00216273885310155 2375.26834171896 -Inf -4655.43824064848 -3906.96658412058 -3044.0266991796 -1602.09198771583 0.00216273885310155 1602.09631319353 3044.03102465731 3906.97090959829 4655.44256612618 Inf 0.0304371531695459 2541.2546394529 -Inf -4980.73713171983 -4179.96147355819 -3256.71842448517 -1714.01976979605 0.0304371531695459 1714.08064410239 3256.77929879151 4180.02234786452 4980.79800602617 Inf
"90" 92.9292929292929 -0.00011214603587314 2375.26834477804 -Inf -4655.44052152906 -3906.96886403722 -3044.02897798487 -1602.09426466404 -0.00011214603587314 1602.09404037196 3044.02875369279 3906.96863974514 4655.44029723699 Inf 0.00598846651910558 2541.25464272378 -Inf -4980.76158681729 -4179.98592762496 -3256.74287736362 -1714.04422068888 0.00598846651910558 1714.05619762191 3256.75485429666 4179.99790455799 4980.77356375033 Inf
"91" 93.6363636363636 -0.000125538331514486 2375.26834493202 -Inf -4655.44053522315 -3906.96887768278 -3044.02899157449 -1602.09427816019 -0.000125538331514486 1602.09402708353 3044.02874049783 3906.96862660612 4655.44028414649 Inf 0.00106424010283454 2541.25464288841 -Inf -4980.76651136639 -4179.99085212218 -3256.74780180103 -1714.04914502634 0.00106424010283454 1714.05127350654 3256.74993028124 4179.99298060238 4980.76863984659 Inf
"92" 94.3434343434343 -3.89200056290545e-05 2375.26834493831 -Inf -4655.44044861715 -3906.9687910748 -3044.02890496422 -1602.0941915461 -3.89200056290545e-05 1602.09411370609 3044.02882712421 3906.96871323478 4655.44037077713 Inf 0.000170935919278001 2541.25464289514 -Inf -4980.76740468375 -4179.99174543742 -3256.74869511383 -1714.05003833505 0.000170935919278001 1714.05038020689 3256.74903698567 4179.99208730925 4980.76774655558 Inf
"93" 95.0505050505051 -8.66291875946908e-06 2375.26834493851 -Inf -4655.44041836047 -3906.96876081805 -3044.0288747074 -1602.09416128916 -8.66291875946908e-06 1602.09414396332 3044.02885738157 3906.96874349221 4655.44040103463 Inf 2.482694559655e-05 2541.25464289536 -Inf -4980.76755079316 -4179.99189154676 -3256.74884122309 -1714.05018444418 2.482694559655e-05 1714.05023409807 3256.74889087698 4179.99194120064 4980.76760044705 Inf
"94" 95.7575757575758 -1.5746232706996e-06 2375.26834493852 -Inf -4655.44041127218 -3906.96875372977 -3044.02886761912 -1602.09415420087 -1.5746232706996e-06 1602.09415105162 3044.02886446987 3906.96875058052 4655.44040812294 Inf 3.26220069459584e-06 2541.25464289537 -Inf -4980.76757235791 -4179.99191311151 -3256.74886278784 -1714.05020600893 3.26220069459584e-06 1714.05021253333 3256.74886931224 4179.99191963591 4980.76757888231 Inf
"95" 96.4646464646465 -2.44370511391144e-07 2375.26834493852 -Inf -4655.44040994193 -3906.96875239952 -3044.02886628886 -1602.09415287061 -2.44370511391144e-07 1602.09415238187 3044.02886580012 3906.96875191077 4655.44040945319 Inf 3.87950111584957e-07 2541.25464289537 -Inf -4980.76757523216 -4179.99191598576 -3256.74886566209 -1714.05020888318 3.87950111584957e-07 1714.05020965908 3256.74886643799 4179.99191676166 4980.76757600806 Inf
"96" 97.1717171717172 -3.30605772292435e-08 2375.26834493852 -Inf -4655.44040973062 -3906.96875218821 -3044.02886607755 -1602.0941526593 -3.30605772292435e-08 1602.09415259318 3044.02886601143 3906.96875212208 4655.4404096645 Inf 4.17717172197062e-08 2541.25464289537 -Inf -4980.76757557834 -4179.99191633194 -3256.74886600827 -1714.05020922936 4.17717172197062e-08 1714.0502093129 3256.74886609181 4179.99191641548 4980.76757566188 Inf
"97" 97.8787878787879 -3.94386634199762e-09 2375.26834493852 -Inf -4655.4404097015 -3906.96875215909 -3044.02886604844 -1602.09415263019 -3.94386634199762e-09 1602.0941526223 3044.02886604055 3906.9687521512 4655.44040969362 Inf 4.0736108813227e-09 2541.25464289537 -Inf -4980.76757561604 -4179.99191636964 -3256.74886604597 -1714.05020926705 4.0736108813227e-09 1714.0502092752 3256.74886605412 4179.99191637778 4980.76757562419 Inf
"98" 98.5858585858586 -4.17741149021356e-10 2375.26834493852 -Inf -4655.44040969798 -3906.96875215556 -3044.02886604491 -1602.09415262666 -4.17741149021356e-10 1602.09415262582 3044.02886604407 3906.96875215472 4655.44040969714 Inf 3.59919660287781e-10 2541.25464289537 -Inf -4980.76757561975 -4179.99191637335 -3256.74886604968 -1714.05020927077 3.59919660287781e-10 1714.05020927149 3256.7488660504 4179.99191637407 4980.76757562047 Inf
"99" 99.2929292929293 -3.94681104803913e-11 2375.26834493852 -Inf -4655.4404096976 -3906.96875215519 -3044.02886604453 -1602.09415262628 -3.94681104803913e-11 1602.0941526262 3044.02886604445 3906.9687521551 4655.44040969752 Inf 2.8819658708944e-11 2541.25464289537 -Inf -4980.76757562008 -4179.99191637368 -3256.74886605001 -1714.0502092711 2.8819658708944e-11 1714.05020927116 3256.74886605007 4179.99191637374 4980.76757562014 Inf
"100" 100 -3.33663118959827e-12 2375.26834493852 -Inf -4655.44040969756 -3906.96875215515 -3044.0288660445 -1602.09415262625 -3.33663118959827e-12 1602.09415262624 3044.02886604449 3906.96875215514 4655.44040969756 Inf 2.09194096858536e-12 2541.25464289537 -Inf -4980.76757562011 -4179.99191637371 -3256.74886605004 -1714.05020927113 2.09194096858536e-12 1714.05020927113 3256.74886605004 4179.99191637371 4980.76757562011 Inf
