"mid_age" "mean_left" "std_left" "min_left" "l.q2.5" "l.q5" "l.q10" "l.q25" "l.q50" "l.q75" "l.q90" "l.q95" "l.q97.5" "max_left" "mean_right" "std_right" "min_right" "r.q2.5" "r.q5" "r.q10" "r.q25" "r.q50" "r.q75" "r.q90" "r.q95" "r.q97.5" "max_right"
"1" 55.7623140729738 4230.65999798692 334.102816353382 -Inf 3575.83051080089 3681.10976873336 3802.49001063638 4005.31107284492 4230.65999798692 4456.00892312892 4658.82998533746 4780.21022724048 4885.48948517295 Inf 4440.68605501182 365.253050693933 -Inf 3724.80323040833 3839.89824982282 3972.59543607507 4194.32661609091 4440.68605501182 4687.04549393273 4908.77667394857 5041.47386020083 5156.56887961531 Inf
"2" 56.125138091725 4228.71416005519 334.089888916898 -Inf 3573.91001017909 3679.18519454242 3800.56073988112 4003.3739543366 4228.71416005519 4454.05436577379 4656.86758022927 4778.24312556797 4883.5183099313 Inf 4445.311741596 365.238581246508 -Inf 3729.45727658834 3844.54773653008 3977.23966600225 4198.96206216908 4445.311741596 4691.66142102293 4913.38381718976 5046.07574666193 5161.16620660367 Inf
"3" 56.4819594242992 4239.09545303677 334.091521851956 -Inf 3584.28810266676 3689.56380158485 3810.93994017222 4013.75414592022 4239.09545303677 4464.43676015333 4667.25096590132 4788.6271044887 4893.90280340678 Inf 4456.42698082368 365.24002749829 -Inf 3740.56968121461 3855.66059688526 3988.35305178369 4210.07632591475 4456.42698082368 4702.77763573261 4924.50090986366 5057.1933647621 5172.28428043274 Inf
"4" 56.8334854109474 4256.63069966339 334.089098475628 -Inf 3601.82809902371 3707.10303431081 3828.47829248057 4031.29102708933 4256.63069966339 4481.97037223745 4684.78310684622 4806.15836501598 4911.43330030308 Inf 4470.04450449431 365.237553786267 -Inf 3754.19205327172 3869.28218945009 4001.97374564384 4223.69551807879 4470.04450449431 4716.39349090984 4938.11526334478 5070.80681953854 5185.89695571691 Inf
"5" 57.180078769916 4273.72241181674 334.081268124986 -Inf 3618.9351583823 3724.20762624481 3845.58003963204 4048.38802073393 4273.72241181674 4499.05680289955 4701.86478400144 4823.23719738867 4928.50966525118 Inf 4481.24685198407 365.229366863642 -Inf 3765.41044683497 3880.49800322922 4013.18658509711 4234.90338756394 4481.24685198407 4727.5903164042 4949.30711887103 5081.99570073892 5197.08325713318 Inf
"6" 57.5218673691938 4283.32009816139 334.075074316449 -Inf 3628.54498436861 3733.8155004979 3855.18566366172 4057.98988473896 4283.32009816139 4508.65031158383 4711.45453266107 4832.82469582489 4938.09521195418 Inf 4485.85484150888 365.222623363669 -Inf 3770.03165337685 3885.11708482442 4017.80321676487 4239.51592551036 4485.85484150888 4732.1937575074 4953.9064662529 5086.59259819334 5201.67802964091 Inf
"7" 57.8588201857964 4281.38006670548 334.070079258811 -Inf 3626.61474304577 3731.88368518066 3853.25203362974 4056.05322239822 4281.38006670548 4506.70691101274 4709.50809978122 4830.8764482303 4936.14539036519 Inf 4481.72983587656 365.216864130269 -Inf 3765.91793563458 3881.00155228805 4013.68559188713 4235.39480442194 4481.72983587656 4728.06486733119 4949.774079866 5082.45811946508 5197.54173611855 Inf
"8" 58.1909330086362 4267.92771358097 334.058020026334 -Inf 3613.18602558259 3718.45116772843 3839.81513503349 4042.60900310241 4267.92771358097 4493.24642405953 4696.04029212845 4817.40425943351 4922.66940157935 Inf 4469.24614173108 365.203558485094 -Inf 3753.46032007443 3868.53974398129 4001.21894961205 4222.92008479775 4469.24614173108 4715.57219866441 4937.27333385011 5069.95253948087 5185.03196338773 Inf
"9" 58.5180960566767 4246.52476567964 334.034897971587 -Inf 3591.82839607582 3697.08625222271 3818.44181923762 4021.22165079001 4246.52476567964 4471.82788056927 4674.60771212166 4795.96327913657 4901.22113528346 Inf 4450.87134397687 365.178611058723 -Inf 3735.13441837741 3850.20598109182 3982.87612327116 4204.56211382692 4450.87134397687 4697.18057412682 4918.86656468258 5051.53670686191 5166.60826957633 Inf
"10" 58.8401599758093 4222.60223383838 334.00705622281 -Inf 3567.96043305943 3673.20951598291 3794.5549680331 3997.31789792293 4222.60223383838 4447.88656975383 4650.64949964367 4771.99495169386 4877.24403461733 Inf 4430.1454448876 365.148668158592 -Inf 3714.467206294 3829.52933369044 3962.18859755243 4183.85641091688 4430.1454448876 4676.43447885832 4898.10229222277 5030.76155608476 5145.82368348121 Inf
"11" 59.1569902482058 4201.4480622202 333.983952954239 -Inf 3546.85154301557 3652.09334585982 3773.43040444492 3976.17930922259 4201.4480622202 4426.7168152178 4629.46571999548 4750.80277858057 4856.04458142482 Inf 4410.51451326207 365.123623676473 -Inf 3694.88536095143 3809.93959657216 3942.58976172217 4164.24237153784 4410.51451326207 4656.7866549863 4878.43926480197 5011.08942995198 5126.14366557271 Inf
"12" 59.4685122115293 4186.63309755972 333.968189983531 -Inf 3532.06747320997 3637.3043089789 3758.63564084423 3961.3749765243 4186.63309755972 4411.89121859515 4614.63055427522 4735.96188614055 4841.19872190948 Inf 4394.44883900693 365.106258065074 -Inf 3678.8537226692 3793.90248620591 3926.5463423935 4148.18841020959 4394.44883900693 4640.70926780427 4862.35133562036 4994.99519180795 5110.04395534466 Inf
"13" 59.7746787076671 4179.32742951813 333.954809039581 -Inf 3524.7880313366 3630.02065063149 3751.34712117231 3954.07833379225 4179.32742951813 4404.57652524402 4607.30773786396 4728.63420840477 4833.86682769966 Inf 4383.07358564709 365.09148259817 -Inf 3667.50742869234 3782.5515363264 3915.1900245564 4136.82312275073 4383.07358564709 4629.32404854345 4850.95714673777 4983.59563496778 5098.63974260183 Inf
"14" 60.0754978964754 4178.51559816084 333.938900152493 -Inf 3524.00738082504 3629.23498706483 3750.55567787417 3953.27723281623 4178.51559816084 4403.75396350545 4606.47551844751 4727.79620925686 4833.02381549664 Inf 4376.28316532619 365.074220652332 -Inf 3660.75084116359 3775.78950937972 3908.42172630922 4130.04434543537 4376.28316532619 4622.52198521701 4844.14460434316 4976.77682127266 5091.81548948879 Inf
"15" 60.3709418884771 4181.81456978852 333.921477404308 -Inf 3527.34050041168 3632.56261656306 3753.87697765207 3956.58795590899 4181.81456978852 4407.04118366806 4609.75216192498 4731.06652301399 4836.28863916537 Inf 4373.15994612625 365.055513901766 -Inf 3657.66428652102 3772.69706004629 3905.32248077475 4126.93374374694 4373.15994612625 4619.38614850555 4840.99741147774 4973.6228322062 5088.65560573147 Inf
"16" 60.6610405138555 4186.47376564053 333.907481455089 -Inf 3532.02712782008 3637.2448337029 3758.55411003471 3961.25659188529 4186.47376564053 4411.69093939578 4614.39342124636 4735.70269757817 4840.92040346098 Inf 4372.45900792579 365.040460687507 -Inf 3656.99285207836 3772.02088217991 3904.64083404459 4126.24295878521 4372.45900792579 4618.67505706637 4840.27718180698 4972.89713367167 5087.92516377321 Inf
"17" 60.9458939546413 4190.20098639339 333.899380812511 -Inf 3535.77022554064 3640.98537882708 3762.29171217874 3964.98927643853 4190.20098639339 4415.41269634825 4618.11026060804 4739.4165939597 4844.63174724614 Inf 4372.99011836368 365.031569983151 -Inf 3657.54138797659 3772.56661652511 3905.18333837857 4126.78006591206 4372.99011836368 4619.2001708153 4840.79689834879 4973.41362020226 5088.43884875077 Inf
"18" 61.2256058323236 4191.61041732845 333.893751987689 -Inf 3537.19068876963 3642.40406835506 3763.70835674306 3966.40250395824 4191.61041732845 4416.81833069866 4619.51247791383 4740.81676630183 4846.03014588727 Inf 4373.81178527465 365.025201589168 -Inf 3658.3755367104 3773.39875851201 3906.01316671481 4127.60602823949 4373.81178527465 4620.0175423098 4841.61040383448 4974.22481203728 5089.24803383889 Inf
"19" 61.5004020637586 4190.28049858608 333.883945450175 -Inf 3535.8799904876 3641.09027993149 3762.3910055842 3965.07919962491 4190.28049858608 4415.48179754725 4618.16999158796 4739.47071724067 4844.68100668456 Inf 4374.25526542581 365.014352965441 -Inf 3658.84027977336 3773.86008306126 3906.4705499367 4128.05682567617 4374.25526542581 4620.45370517546 4842.03998091492 4974.65044779036 5089.67025107827 Inf
"20" 61.770599809543 4186.52758063726 333.865704484058 -Inf 3532.16282417542 3637.36736570195 3758.66146437407 3961.33858502077 4186.52758063726 4411.71657625375 4614.39369690046 4735.68779557257 4840.89233709911 Inf 4373.84987141396 364.994547366035 -Inf 3658.47370402303 3773.48726636143 3906.09053782178 4127.66479033811 4373.84987141396 4620.03495248981 4841.60920500615 4974.21247646649 5089.22603880489 Inf
"21" 62.0365620791881 4181.06206023364 333.840575966732 -Inf 3526.74655476073 3631.94317803119 3753.22814746116 3955.89001354452 4181.06206023364 4406.23410692275 4608.89597300611 4730.18094243608 4835.37756570654 Inf 4372.23128887742 364.967429216787 -Inf 3656.90827208235 3771.91328921104 3904.50670859186 4126.06449871529 4372.23128887742 4618.39807903956 4839.95586916299 4972.54928854381 5087.5543056725 Inf
"22" 62.2986801795648 4174.66664419931 333.814758985492 -Inf 3520.40173907982 3625.59022715209 3746.86581721956 3949.51201079942 4174.66664419931 4399.8212775992 4602.46747117906 4723.74306124653 4828.93154931879 Inf 4369.09076779734 364.939573926736 -Inf 3653.82234636755 3768.81858600583 3901.40188550236 4122.94276574284 4369.09076779734 4615.23876985185 4836.77965009233 4969.36294958886 5084.35918922714 Inf
"23" 62.557436762094 4167.97752065462 333.794973150919 -Inf 3513.7513950583 3618.93364840916 3740.20205024214 3942.83623259735 4167.97752065462 4393.11880871189 4595.7529910671 4717.02139290008 4822.20364625093 Inf 4364.18322365608 364.918142267668 -Inf 3648.95680750619 3763.94629380671 3896.52180713732 4118.04967703594 4364.18322365608 4610.31677027622 4831.84464017484 4964.42015350545 5079.40963980597 Inf
"24" 62.8132881045385 4161.39976098441 333.784736273604 -Inf 3507.19369929894 3612.37272690373 3733.63740965808 3936.26537759596 4161.39976098441 4386.53414437286 4589.16211231074 4710.42679506509 4815.60582266987 Inf 4357.38564297034 364.90693375257 -Inf 3642.18119510636 3757.16714948768 3889.73859074165 4111.25965637875 4357.38564297034 4603.51162956193 4825.03269519903 4957.604136453 5072.59009083432 Inf
"25" 63.0666227039902 4155.12971967646 333.783315168916 -Inf 3500.92644330501 3606.10502310499 3727.36918956907 3929.99629480856 4155.12971967646 4380.26314454437 4582.89024978386 4704.15441624794 4809.33299604792 Inf 4348.77482459207 364.905239391737 -Inf 3633.5736976143 3748.55911808497 3881.12994377416 4102.64998082949 4348.77482459207 4594.89966835464 4816.41970540997 4948.99053109916 5063.97595156984 Inf
"26" 63.3177447714525 4149.24022986512 333.787330774332 -Inf 3495.02908305167 3600.2089282105 3721.47455355232 3924.10409651252 4149.24022986512 4374.37636321771 4577.00590617792 4698.27153151973 4803.45137667857 Inf 4338.68693787987 364.909501923246 -Inf 3623.47745649385 3738.46422013236 3871.03659440803 4092.55921908348 4338.68693787987 4584.81465667625 4806.3372813517 4938.90965562737 5053.89641926588 Inf
"27" 63.566844411788 4143.78014840562 333.793268845755 -Inf 3489.55736318604 3594.73907949269 3716.00686214809 3918.64000988471 4143.78014840562 4368.92028692653 4571.55343466315 4692.82121731855 4798.00293362519 Inf 4327.72813814275 364.915957583127 -Inf 3612.50600389588 3727.49480177968 3860.06952140989 4081.59606506995 4327.72813814275 4573.86021121556 4795.38675487562 4927.96147450583 5042.95027238963 Inf
"28" 63.8139520438515 4138.84608068224 333.798971083085 -Inf 3484.61211928286 3589.79563242356 3711.06548671353 3913.7020960607 4138.84608068224 4363.99006530378 4566.62667465094 4687.89652894092 4793.08004208161 Inf 4316.71858149512 364.922225918198 -Inf 3601.48416153726 3716.47493463836 3849.05193156763 4070.58228049455 4316.71858149512 4562.85488249568 4784.38523142261 4916.96222835187 5031.95300145297 Inf
"29" 64.0589238528421 4134.59944911014 333.803357728562 -Inf 3480.35689004362 3585.54178546173 3706.81323342905 3909.45250574119 4134.59944911014 4359.74639247909 4562.38566479122 4683.65711275854 4788.84200817666 Inf 4306.56796208809 364.927045484431 -Inf 3591.324095954 3706.31638775034 3838.89513563796 4060.42841033951 4306.56796208809 4552.70751383668 4774.24078853823 4906.81953642585 5021.81182822219 Inf
"30" 64.3015148075214 4131.22462003953 333.805137862998 -Inf 3476.97857197363 3582.16402833055 3703.43612302438 3906.07647598815 4131.22462003953 4356.37276409092 4559.01311705469 4680.28521174852 4785.47066810544 Inf 4298.10299639141 364.928943570093 -Inf 3582.85541007778 3697.84829998058 3830.42773744662 4051.9621644035 4298.10299639141 4544.24382837932 4765.7782553362 4898.35769280225 5013.35058270504 Inf
"31" 64.5413575445575 4128.85039580612 333.801987771354 -Inf 3474.61052180638 3579.79498553679 3701.06593579584 3903.70437645926 4128.85039580612 4353.99641515297 4556.63485581639 4677.90580607544 4783.09026980585 Inf 4291.89763907074 364.925395234831 -Inf 3576.65700736643 3691.64877915203 3824.22692750056 4045.7592003986 4291.89763907074 4538.03607774289 4759.56835064092 4892.14649898946 5007.13827077506 Inf
"32" 64.7780484778524 4127.46583813106 333.791159061026 -Inf 3473.24718801357 3578.4282395052 3699.69525567146 3902.32712263833 4127.46583813106 4352.60455362379 4555.23642059067 4676.50343675693 4781.68448824855 Inf 4288.1467728708 364.913484415594 -Inf 3572.92948594322 3687.91750450631 3820.49132562966 4042.01636792415 4288.1467728708 4534.27717781746 4755.80222011194 4888.37604123529 5003.36405979838 Inf
"33" 65.0111712446816 4126.86929273572 333.771188257859 -Inf 3472.68978467318 3577.86454315788 3699.12430389018 3901.74404734503 4126.86929273572 4351.99453812641 4554.61428158126 4675.87404231356 4781.04880079826 Inf 4286.62696748351 364.891712680681 -Inf 3571.45235237224 3686.43351043616 3818.99942184334 4040.5112473489 4286.62696748351 4532.74268761813 4754.25451312369 4886.82042453087 5001.80158259479 Inf
"34" 65.2404357778785 4126.67206571367 333.743406321909 -Inf 3472.54700924502 3577.71301335394 3698.96268085165 3901.56555895402 4126.67206571367 4351.77857247333 4554.3814505757 4675.6311180734 4780.79712218233 Inf 4286.75190948633 364.861577710969 -Inf 3571.63635783037 3686.60802005321 3819.16298336377 4040.65651507991 4286.75190948633 4532.84730389275 4754.3408356089 4886.89579891946 5001.86746114229 Inf
"35" 65.4657749742201 4126.35742877486 333.712067876963 -Inf 3472.29379452963 3577.44992356996 3698.68820574601 3901.27205947511 4126.35742877486 4351.44279807461 4554.02665180371 4675.26493397976 4780.4210630201 Inf 4287.70523170827 364.827681473998 -Inf 3572.65611545599 3687.61709662347 3820.15974536126 4041.63269996626 4287.70523170827 4533.77776345029 4755.25071805528 4887.79336679308 5002.75434796056 Inf
"36" 65.6872769161055 4125.37251102956 333.682956860107 -Inf 3471.36593332891 3576.51288918632 3697.74059526994 3900.30677681229 4125.37251102956 4350.43824524682 4553.00442678918 4674.23213287279 4779.3790887302 Inf 4288.60324867626 364.796228947878 -Inf 3573.61577824239 3688.56684839313 3821.09807036334 4042.55193134074 4288.60324867626 4534.65456601179 4756.10842698918 4888.6396489594 5003.59071911013 Inf
"37" 65.9051855990879 4123.22579303254 333.661240190373 -Inf 3469.26177922244 3574.40189193228 3695.62170830502 3898.17470648642 4123.22579303254 4348.27687957866 4550.82987776007 4672.0496941328 4777.18980684264 Inf 4288.64537637784 364.772743591315 -Inf 3573.703936397 3688.64760606863 3821.17029576039 4042.6098996746 4288.64537637784 4534.68085308109 4756.12045699529 4888.64314668706 5003.58681635868 Inf
"38" 66.1198729747266 4119.56817843639 333.649685331429 -Inf 3465.62681173367 3570.76328338777 3691.97890185644 3894.5248855242 4119.56817843639 4344.61147134859 4547.15745501635 4668.37307348501 4773.50954513912 Inf 4287.22591646488 364.760180164059 -Inf 3572.30910034899 3687.24881115456 3819.7669365273 4041.19891366455 4287.22591646488 4533.25291926522 4754.68489640246 4887.20302177521 5002.14273258078 Inf
"39" 66.3318439586615 4114.24386288643 333.647990861272 -Inf 3460.30581728418 3565.44175499319 3686.65675785735 3889.20171287698 4114.24386288643 4339.28601289587 4541.8309679155 4663.04597077966 4768.18190848867 Inf 4283.99577635812 364.758221982666 -Inf 3569.08279820723 3684.02189196956 3816.53930593097 4037.97009433107 4283.99577635812 4530.02145838518 4751.45224678527 4883.96966074668 4998.90875450901 Inf
"40" 66.5416294889137 4107.31121650111 333.653336614154 -Inf 3453.36269341575 3558.50031562686 3679.71726061406 3882.26546083614 4107.31121650111 4332.35697216608 4534.90517238816 4656.12211737536 4761.25973958647 Inf 4278.87835512522 364.763867892448 -Inf 3563.9543111945 3678.89518404148 3811.41464917355 4032.84886498989 4278.87835512522 4524.90784526055 4746.34206107689 4878.86152620896 4993.80239905594 Inf
"41" 66.7497398796609 4099.03508949926 333.66171803391 -Inf 3445.07013913304 3550.21040241633 3671.43039239061 3873.98368065258 4099.03508949926 4324.08649834595 4526.63978660792 4647.8597765822 4753.00003986548 Inf 4272.04937954031 364.772845626695 -Inf 3557.1077395738 3672.05144139783 3804.57416815926 4026.01383401525 4272.04937954031 4518.08492506537 4739.52459092136 4872.04731768279 4986.99101950682 Inf
"42" 66.9567059170671 4089.85051028752 333.669442531368 -Inf 3435.87042018448 3541.01311753692 3662.23591383705 3864.79389134647 4089.85051028752 4314.90712922856 4517.46510673798 4638.68790303811 4743.83060039055 Inf 4263.88574764366 364.781197047322 -Inf 3548.9277391935 3663.87407263667 3796.39983348643 4017.84456917098 4263.88574764366 4509.92692611633 4731.37166180088 4863.89742265064 4978.84375609382 Inf
"43" 67.1630088145265 4080.31048529077 333.67420410181 -Inf 3426.32106268116 3531.46526045376 3652.68978664225 3855.25065471927 4080.31048529077 4305.37031586228 4507.93118393929 4629.15571012778 4734.29990790038 Inf 4254.89827006897 364.786420331645 -Inf 3539.93002416966 3654.87800352382 3787.40566200354 4008.85356854456 4254.89827006897 4500.94297159339 4722.39087813441 4854.91853661412 4969.86651596829 Inf
"44" 67.3690295213347 4071.01966259963 333.675430383188 -Inf 3417.02783652268 3522.17242070925 3643.39739240829 3845.95900491391 4071.01966259963 4296.08032028536 4498.64193279098 4619.86690449001 4725.01148867658 Inf 4245.65445305932 364.787850170206 -Inf 3530.68340472793 3645.63183463903 3778.16001258205 3999.60878712346 4245.65445305932 4491.70011899519 4713.1488935366 4845.67707147962 4960.62550139072 Inf
"45" 67.5750584865214 4062.55637423752 333.673931036854 -Inf 3408.56748682539 3513.7115985524 3634.93602553582 3837.49672784553 4062.55637423752 4287.61602062951 4490.17672293922 4611.40114992265 4716.54526164966 Inf 4236.69550853803 364.786303848767 -Inf 3521.72749094096 3636.67543359017 3769.20304975142 3990.65088558013 4236.69550853803 4482.74013149594 4704.18796732465 4836.7155834859 4951.6635261351 Inf
"46" 67.78137206947 4055.39232804075 333.671143279343 -Inf 3401.40890453293 3506.55213780868 3627.77555199405 3830.33456196262 4055.39232804075 4280.45009411887 4483.00910408745 4604.23251827282 4709.37575154856 Inf 4228.45692034907 364.783298897439 -Inf 3513.49479234838 3628.4417881063 3760.96831256254 3982.41432420004 4228.45692034907 4474.49951649811 4695.94552813561 4828.47205259185 4943.41904834976 Inf
"47" 67.9882260923594 4049.82848671228 333.668414647649 -Inf 3395.85041122431 3500.99278467995 3622.2152075478 3824.77256106827 4049.82848671228 4274.8844123563 4477.44176587676 4598.66418874461 4703.80656220025 Inf 4221.21133245741 364.780298083369 -Inf 3506.25508594422 3621.20113611454 3753.72657036885 3975.17076032671 4221.21133245741 4467.25190458812 4688.69609454598 4821.22152880028 4936.1675789706 Inf
"48" 68.1959200995211 4045.95116482287 333.66666749259 -Inf 3391.97651369589 3497.11833660487 3618.34012472769 3820.89641761704 4045.95116482287 4271.00591202871 4473.56220491805 4594.78399304087 4699.92581594985 Inf 4215.0365932787 364.778343186368 -Inf 3500.08417829322 3615.02961245525 3747.55433649144 3968.99733970598 4215.0365932787 4461.07584685141 4682.51885006595 4815.04357410214 4929.98900826417 Inf
"49" 68.4048139640432 4043.61922758588 333.666530500835 -Inf 3389.64484495781 3494.78662469927 3616.0083630527 3818.56457277958 4043.61922758588 4268.67388239218 4471.23009211906 4592.45183047249 4697.59361021395 Inf 4209.81835837815 364.778170342117 -Inf 3494.86628216118 3609.8116618582 3742.33632309971 3963.77922138711 4209.81835837815 4455.85749536919 4677.30039365658 4809.8250548981 4924.77043459512 Inf
"50" 68.6152660276196 4042.48128518999 333.668728211084 -Inf 3388.50259512898 3493.6450673917 3614.8676041778 3817.42514805065 4042.48128518999 4267.53742232933 4470.09496620218 4591.31750298828 4696.459975251 Inf 4205.28506867982 364.780597422472 -Inf 3490.32823547277 3605.27437996794 3737.79992297275 3959.24429464796 4205.28506867982 4451.32584271168 4672.77021438688 4805.2957573917 4920.24190188687 Inf
"51" 68.8277248729448 4042.01822649747 333.674364519414 -Inf 3388.02848947513 3493.17273779698 3614.39732226552 3816.95828772594 4042.01822649747 4267.07816526901 4469.63913072943 4590.86371519796 4696.00796351981 Inf 4201.06419341639 364.786809398623 -Inf 3486.09518495981 3601.043286913 3733.57108674156 3955.01922947028 4201.06419341639 4447.10915736249 4668.55730009121 4801.08509991977 4916.03320187297 Inf
"52" 69.0425267944654 4041.60961783818 333.684782449958 -Inf 3387.59946204718 3492.74699316685 3613.97536249102 3816.54265227927 4041.60961783818 4266.67658339708 4469.24387318533 4590.4722425095 4695.61977362918 Inf 4196.76147308307 364.798212644839 -Inf 3481.77011467461 3596.7218099088 3729.25375256021 3950.70881776428 4196.76147308307 4442.81412840187 4664.26919360594 4796.80113625735 4911.75283149154 Inf
"53" 69.2599085348493 4040.61578213388 333.700927098112 -Inf 3386.57398341395 3491.72660187948 3612.96083658761 3815.53792717527 4040.61578213388 4265.69363709249 4468.27072768015 4589.50496238828 4694.6575808538 Inf 4192.04177342988 364.815775214839 -Inf 3477.01599301673 3591.97322239864 3724.51154556793 3945.97727233763 4192.04177342988 4438.10627452212 4659.57200129182 4792.11032446112 4907.06755384302 Inf
"54" 69.4799456314249 4038.47037645203 333.722459488194 -Inf 3384.38637502304 3489.5457785677 3610.78783603754 3813.37799811701 4038.47037645203 4263.56275478704 4466.15291686652 4587.39497433635 4692.55437788101 Inf 4186.70452513799 364.839103484164 -Inf 3471.63302215715 3586.59760251834 3719.14440089597 3940.6242893672 4186.70452513799 4432.78476090879 4654.26464938001 4786.81144775764 4901.77602811884 Inf
"55" 69.702462270469 4034.7701913082 333.747114916395 -Inf 3380.63786612791 3485.80503885338 3607.0560536911 3809.66118313958 4034.7701913082 4259.87919947682 4462.4843289253 4583.73534376302 4688.90251648848 Inf 4180.73478179278 364.865764232026 -Inf 3465.61102470632 3580.58400614531 3713.1404904276 3934.63656362081 4180.73478179278 4426.83299996474 4648.32907315796 4780.88555744024 4895.85853887923 Inf
"56" 69.9270836944951 4029.34096051314 333.770821719229 -Inf 3375.16217085311 3480.33681383769 3601.59644140575 3804.215962349 4029.34096051314 4254.46595867729 4457.08547962053 4578.34510718859 4683.51975017317 Inf 4174.30652117586 364.891396287381 -Inf 3459.13252618406 3574.11358454918 3706.67938101001 3928.19101444529 4174.30652117586 4420.42202790644 4641.93366134171 4774.49945780255 4889.48051616766 Inf
"57" 70.1532674731895 4022.25837812862 333.788717838122 -Inf 3368.0445127201 3473.2247949571 3594.49092422205 3797.12130921572 4022.25837812862 4247.39544704153 4450.02583203519 4571.29196130014 4676.47224353714 Inf 4167.73028823925 364.910772958114 -Inf 3452.51831567068 3567.50547982544 3700.07831587069 3921.60171214288 4167.73028823925 4413.85886433563 4635.38226060781 4767.95509665307 4882.94226080783 Inf
"58" 70.3803599432319 4013.81335719939 333.796692127101 -Inf 3359.58386247167 3464.76665748972 3586.03568383029 3788.6709097103 4013.81335719939 4238.95580468848 4441.59103056848 4562.86005690905 4668.04285192711 Inf 4161.35156892334 364.919441960456 -Inf 3446.12260542239 3561.11250126957 3693.68848678125 3915.21714567373 4161.35156892334 4407.48599217294 4629.01465106542 4761.5906365771 4876.58053242429 Inf
"59" 70.6075839790794 4004.43210012065 333.792745850887 -Inf 3350.21033995218 3455.39189145773 3576.65948410802 3779.29231435442 4004.43210012065 4229.57188588688 4432.20471613329 4553.47230878357 4658.65386028912 Inf 4155.43058843995 364.91520496911 -Inf 3440.20992928945 3555.19849001677 3687.77293622076 3909.29902299759 4155.43058843995 4401.56215388232 4623.08824065914 4755.66268686313 4870.65124759046 Inf
"60" 70.8343043541029 3994.56072911455 333.777578181834 -Inf 3340.36869703115 3445.54546904708 3566.80755125194 3769.43117378563 3994.56072911455 4219.69028444347 4422.31390697717 4543.57598918202 4648.75276119795 Inf 4150.03516950569 364.898784835866 -Inf 3434.84669322496 3549.83007979823 3682.39856053396 3903.91467927489 4150.03516950569 4396.15565973648 4617.67177847741 4750.24025921314 4865.22364578641 Inf
"61" 71.0600110654205 3984.56911683645 333.754241261826 -Inf 3330.42282427578 3435.5922425865 3556.84584644021 3759.45530202088 3984.56911683645 4209.68293165202 4412.29238723269 4533.5459910864 4638.71540939712 Inf 4144.99871425334 364.873481431145 -Inf 3429.85983173455 3544.83524494291 3677.39453289954 3898.89529090967 4144.99871425334 4391.102137597 4612.60289560713 4745.16218356377 4860.13759677213 Inf
"62" 71.2844881445871 3974.68385691047 333.72719307847 -Inf 3320.59057781502 3425.75147296301 3546.99525015595 3749.58828581733 3974.68385691047 4199.7794280036 4402.37246366499 4523.61624085792 4628.77713600591 Inf 4139.94443467187 364.844146736744 -Inf 3424.86304709761 3539.82921663992 3672.37784724161 3893.8607972789 4139.94443467187 4386.02807206484 4607.51102210213 4740.05965270382 4855.02582224614 Inf
"63" 71.50783883367 3964.97463926667 333.701233620381 -Inf 3310.93223977414 3416.08495482801 3537.31930089631 3739.89657756194 3964.97463926667 4190.05270097141 4392.62997763704 4513.86432370534 4619.01703875921 Inf 4134.37110651965 364.816007428234 -Inf 3419.34487097661 3534.30217353136 3666.84058106426 3888.30644880185 4134.37110651965 4380.43576423745 4601.90163197503 4734.44003950793 4849.39734206268 Inf
"64" 71.7305483761094 3955.3797072574 333.680667372156 -Inf 3301.37761687069 3406.52385128672 3527.75072559465 3730.3155172763 3955.3797072574 4180.44389723851 4383.00868892016 4504.23556322808 4609.38179764412 Inf 4127.76609120251 364.793733767546 -Inf 3412.78351123223 3527.73379512579 3660.26411059185 3881.71645684054 4127.76609120251 4373.81572556448 4595.26807181317 4727.79838727923 4842.74867117279 Inf
"65" 71.9535234864448 3945.7567482562 333.668838010562 -Inf 3291.77784299217 3396.92034985385 3518.14292653032 3720.70053705824 3945.7567482562 4170.81295945416 4373.37056998208 4494.59314665856 4599.73565352023 Inf 4119.71675093068 364.78093356327 -Inf 3404.75925889977 3519.70550931639 3652.23117444185 3873.6757501753 4119.71675093068 4365.75775168606 4587.20232741951 4719.72799254497 4834.67424296159 Inf
"66" 72.1780607636577 3935.94501730735 333.668022413265 -Inf 3281.96771058464 3387.10996044316 3508.33224081145 3710.8893562214 3935.94501730735 4161.00067839329 4363.55779380324 4484.78007417153 4589.92232403005 Inf 4110.00452355934 364.780057032471 -Inf 3395.04874949723 3509.99472370992 3642.52007038993 3863.964114015 4110.00452355934 4356.04493310369 4577.48897672876 4710.01432340877 4824.96029762145 Inf
"67" 72.4057411506764 3925.82933394653 333.679556893953 -Inf 3271.82942005709 3376.97530454995 3498.20177541885 3700.76589297159 3925.82933394653 4150.89277492147 4353.4568924742 4474.68336334311 4579.82924783596 Inf 4098.68198432947 364.792558124847 -Inf 3383.70170857654 3498.65162201291 3631.18151036555 3852.63314292645 4098.68198432947 4344.73082573249 4566.18245829339 4698.71234664603 4813.6622600824 Inf
"68" 72.6383343991552 3915.39969218246 333.704013938146 -Inf 3261.35184336724 3366.50543452803 3487.74079069151 3690.31975518189 3915.39969218246 4140.47962918303 4343.05859367341 4464.29394983688 4569.44754099767 Inf 4086.13418252319 364.819090582781 -Inf 3371.10190410829 3486.06017819697 3618.59970584627 3840.06744524925 4086.13418252319 4332.20091979714 4553.66865920011 4686.20818684942 4801.1664609381 Inf
"69" 72.8778183446421 3904.80017323095 333.741227039844 -Inf 3250.67938807665 3355.84470547122 3477.09358123126 3679.69513637471 3904.80017323095 4129.90521008718 4332.50676523063 4453.75564099067 4558.92095838524 Inf 4073.11157863188 364.85951036166 -Inf 3358.0000789061 3472.97108968576 3605.52530192405 3827.01757863137 4073.11157863188 4319.20557863238 4540.6978553397 4673.25206757799 4788.22307835765 Inf
"70" 73.1262889339642 3894.37083524319 333.789890526191 -Inf 3240.15467140829 3345.33532317145 3466.60187847639 3669.2329753642 3894.37083524319 4119.50869512218 4322.13979200999 4443.40634731493 4548.58699907809 Inf 4060.72342931218 364.912398852028 -Inf 3345.50827005009 3460.49594654086 3593.06937327673 3814.59375656703 4060.72342931218 4306.85310205734 4528.37748534763 4660.9509120835 4775.93858857427 Inf
