"mid_age" "mean_left" "std_left" "min_left" "l.q2.5" "l.q5" "l.q10" "l.q25" "l.q50" "l.q75" "l.q90" "l.q95" "l.q97.5" "max_left" "mean_right" "std_right" "min_right" "r.q2.5" "r.q5" "r.q10" "r.q25" "r.q50" "r.q75" "r.q90" "r.q95" "r.q97.5" "max_right"
"1" 30 3.15375302386961e-09 2338.15563415845 -Inf -4582.70083319681 -3845.92377521939 -2996.46701343953 -1577.06200959994 3.15375302386961e-09 1577.06200960625 2996.46701344584 3845.9237752257 4582.70083320312 Inf 3.43996644291117e-09 2437.29299593769 -Inf -4777.00649180616 -4008.99022430809 -3123.51665463139 -1643.92914398123 3.43996644291117e-09 1643.92914398811 3123.51665463827 4008.99022431496 4777.00649181303 Inf
"2" 30.7070707070707 3.25792635301863e-08 2338.15563415845 -Inf -4582.70083316739 -3845.92377518996 -2996.46701341011 -1577.06200957051 3.25792635301863e-08 1577.06200963567 2996.46701347527 3845.92377525512 4582.70083323255 Inf 3.5404696073802e-08 2437.29299593769 -Inf -4777.00649177419 -4008.99022427612 -3123.51665459943 -1643.92914394927 3.5404696073802e-08 1643.92914402008 3123.51665467024 4008.99022434693 4777.006491845 Inf
"3" 31.4141414141414 3.04353154994487e-07 2338.15563415845 -Inf -4582.70083289562 -3845.92377491819 -2996.46701313834 -1577.06200929874 3.04353154994487e-07 1577.06200990745 2996.46701374704 3845.9237755269 4582.70083350432 Inf 3.29450499595074e-07 2437.29299593769 -Inf -4777.00649148014 -4008.99022398208 -3123.51665430538 -1643.92914365522 3.29450499595074e-07 1643.92914431412 3123.51665496428 4008.99022464097 4777.00649213905 Inf
"4" 32.1212121212121 2.57092562840335e-06 2338.15563415845 -Inf -4582.70083062904 -3845.92377265162 -2996.46701087176 -1577.06200703217 2.57092562840335e-06 1577.06201217402 2996.46701601361 3845.92377779347 4582.70083577089 Inf 2.77139500184944e-06 2437.29299593769 -Inf -4777.0064890382 -4008.99022154013 -3123.51665186344 -1643.92914121328 2.77139500184944e-06 1643.92914675607 3123.51665740623 4008.99022708292 4777.00649458099 Inf
"5" 32.8282828282828 1.96345011654244e-05 2338.15563415845 -Inf -4582.70081356547 -3845.92375558804 -2996.46699380819 -1577.06198996859 1.96345011654244e-05 1577.06202923759 2996.46703307719 3845.92379485704 4582.70085283447 Inf 2.10734668191634e-05 2437.29299593769 -Inf -4777.00647073613 -4008.99020323806 -3123.51663356137 -1643.9291229112 2.10734668191634e-05 1643.92916505814 3123.5166757083 4008.99024538499 4777.00651288306 Inf
"6" 33.5353535353535 0.000135550789526538 2338.15563415844 -Inf -4582.70069764917 -3845.92363967175 -2996.46687789189 -1577.0618740523 0.000135550789526538 1577.06214515388 2996.46714899347 3845.92391077332 4582.70096875075 Inf 0.000144825839932374 2437.29299593768 -Inf -4777.00634698375 -4008.99007948568 -3123.51650980899 -1643.92899915883 0.000144825839932374 1643.92928881051 3123.51679946067 4008.99036913736 4777.00663663543 Inf
"7" 34.2424242424242 0.000845779258886121 2338.15563415827 -Inf -4582.69998742035 -3845.92292944299 -2996.4661676632 -1577.06116382371 0.000845779258886121 1577.06285538223 2996.46785922172 3845.9246210015 4582.70167897887 Inf 0.000899421600459566 2437.29299593751 -Inf -4777.00559238765 -4008.98932488964 -3123.51575521301 -1643.92824456295 0.000899421600459566 1643.93004340615 3123.51755405621 4008.99112373283 4777.00739123085 Inf
"8" 34.9494949494949 0.00476860666866537 2338.15563415297 -Inf -4582.69606458256 -3845.91900660686 -2996.462244829 -1577.05724099273 0.00476860666866537 1577.06677820607 2996.47178204234 3845.9285438202 4582.7056017959 Inf 0.00504675500512764 2437.29299593234 -Inf -4777.0014450441 -4008.98517754772 -3123.51160787297 -1643.92409722606 0.00504675500512764 1643.93419073607 3123.52170138298 4008.99527105773 4777.01153855411 Inf
"9" 35.6565656565657 0.0242882142985602 2338.15563402328 -Inf -4582.67654472075 -3845.89948678592 -2996.44272505517 -1577.03772129763 0.0242882142985602 1577.08629772622 2996.49130148377 3845.94806321451 4582.72512114935 Inf 0.0255802654093228 2437.29299580541 -Inf -4776.98091128493 -4008.96464382854 -3123.4910741999 -1643.90356363004 0.0255802654093228 1643.95472416086 3123.54223473072 4009.01580435936 4777.03207181575 Inf
"10" 36.3636363636364 0.111722454989479 2338.15563144434 -Inf -4582.58910542542 -3845.81204830324 -2996.35528750942 -1576.95028531746 0.111722454989479 1577.17373022744 2996.5787324194 3846.03549321321 4582.81255033539 Inf 0.117095337811715 2437.29299327548 -Inf -4776.88939125395 -4008.87312459477 -3123.39955588526 -1643.81204685123 0.117095337811715 1644.04623752685 3123.63374656089 4009.10731527039 4777.12358192957 Inf
"11" 37.0707070707071 0.463955332435033 2338.15558983951 -Inf -4582.23679100402 -3845.45974699195 -2996.00300131325 -1576.59802437799 0.463955332435033 1577.52593504286 2996.93091197812 3846.38765765682 4583.16470166889 Inf 0.483945972521028 2437.29295235697 -Inf -4776.52246042043 -4008.5062066551 -3123.03265281137 -1643.4451686174 0.483945972521028 1644.41306056244 3124.00054475641 4009.47409860014 4777.49035236547 Inf
"12" 37.7777777777778 1.73872057146377 2338.15504625894 -Inf -4580.96096036665 -3844.18408764245 -2994.72753944769 -1575.32289249944 1.73872057146377 1578.80033364237 2998.20498059062 3847.66152878537 4584.43840150958 Inf 1.80525583068624 2437.29241623695 -Inf -4775.20009978634 -4007.18401495798 -3121.71065588776 -1642.12349715178 1.80525583068624 1645.73400881315 3125.32116754913 4010.79452661935 4778.81061144771 Inf
"13" 38.4848484848485 5.8776661308298 2338.14930665493 -Inf -4576.81076539012 -3840.03570127459 -2990.58123828981 -1571.18007563599 5.8776661308298 1582.93540789765 3002.33657055147 3851.79103353625 4588.56609765178 Inf 6.07584092301161 2437.28673783797 -Inf -4770.91838523652 -4002.90408973049 -3117.43279363433 -1637.84908203754 6.07584092301161 1650.00076388357 3129.58447548035 4015.05577157652 4783.07006708255 Inf
"14" 39.1919191919192 17.9136104565011 2338.10045978979 -Inf -4564.67908296803 -3827.91941100565 -2978.48269418766 -1559.11118460046 17.9136104565011 1594.93840551346 3014.30991510066 3863.74663191865 4600.50630388104 Inf 18.4425190622833 2437.23824652875 -Inf -4758.45666587761 -3990.45765048537 -3105.00397138181 -1625.44969700723 18.4425190622833 1662.33473513179 3141.88900950638 4027.34268860994 4795.34170400218 Inf
"15" 39.8989898989899 49.195960813773 2337.76651865088 -Inf -4532.74222000554 -3796.08777635485 -2946.77238104102 -1527.60359436782 49.195960813773 1625.99551599537 3045.16430266856 3894.47969798239 4631.13414163309 Inf 50.4641973783664 2436.90548545688 -Inf -4725.78278784521 -3957.88862891332 -3072.55584259312 -1593.2035747589 50.4641973783664 1694.13196951564 3173.48423734985 4058.81702367005 4826.71118260194 Inf
"16" 40.6060606060606 121.675843300527 2335.94006697654 -Inf -4456.68255801757 -3720.6036482071 -2871.95180655162 -1453.8917889475 121.675843300527 1697.24347554855 3115.30349315267 3963.95533480815 4700.03424461862 Inf 124.420269305844 2435.07792311458 -Inf -4648.24475954732 -3880.92648443863 -2996.25765528474 -1518.0148307637 124.420269305844 1766.85536937539 3245.09819389642 4129.76702305031 4897.08529815901 Inf
"17" 41.3131313131313 270.886326297817 2327.98365387661 -Inf -4291.8777918983 -3558.30603026487 -2712.54476988999 -1299.31478686598 270.886326297817 1841.08743946161 3254.31742248562 4100.0786828605 4833.65044449393 Inf 276.281751528573 2427.08042385321 -Inf -4480.70846680593 -3715.9102865493 -2834.14696536317 -1360.75911726198 276.281751528573 1913.32262031913 3386.71046842031 4268.47378960645 5033.27196986308 Inf
"18" 42.020202020202 542.647069455572 2300.47727675645 -Inf -3966.20554023985 -3241.30132293672 -2405.53318607144 -1009.00127427565 542.647069455572 2094.29541318679 3490.82732498258 4326.59546184786 5051.49967915099 Inf 552.369284615315 2399.29626544167 -Inf -4150.16498389182 -3394.12187972755 -2522.45260056678 -1065.93145410883 552.369284615315 2170.67002333946 3627.19116979741 4498.86044895817 5254.90355312245 Inf
"19" 42.7272727272727 978.068222605626 2225.06408339626 -Inf -3382.97724414467 -2681.83650516817 -1873.46613690792 -522.714695174593 978.068222605626 2478.85114038584 3829.60258211917 4637.97295037942 5339.11368935593 Inf 994.29621330945 2322.72917280881 -Inf -3558.16931123634 -2826.25329101112 -1982.4009944398 -572.360806231519 994.29621330945 2560.95323285042 3970.9934210587 4814.84571763002 5546.76173785524 Inf
"20" 43.4343434343434 1586.9921142623 2060.52881299754 -Inf -2451.57014831995 -1802.27617723472 -1053.68181188446 197.186549911761 1586.9921142623 2976.79767861284 4227.66604040906 4976.26040575932 5625.55437684456 Inf 1612.37899470462 2154.8027203822 -Inf -2610.95673103344 -1931.95607528095 -1149.11180504096 158.986646112185 1612.37899470462 3065.77134329705 4373.86979445019 5156.71406469018 5835.71472044267 Inf
"21" 44.1414141414141 2321.86783998683 1773.20926423719 -Inf -1153.55845497083 -594.801849637663 49.4087313654704 1125.85636630611 2321.86783998683 3517.87931366755 4594.32694860819 5238.53752961132 5797.29413494448 Inf 2359.56898036602 1860.04463244431 -Inf -1286.05150886186 -699.932179601617 -24.1741303258136 1104.9879408751 2359.56898036602 3614.15001985694 4743.31209105785 5419.07014033365 6005.1894695939 Inf
"22" 44.8484848484848 3073.84582658406 1370.84455865062 -Inf 387.039863226143 819.0071823009 1317.03783632706 2149.22522266215 3073.84582658406 3998.46643050598 4830.65381684106 5328.68447086722 5760.65178994198 Inf 3127.749541072 1445.19472312431 -Inf 295.219933101012 750.615759089844 1275.65798113524 2152.98051328719 3127.749541072 4102.51856885681 4979.84110100876 5504.88332305415 5960.27914904298 Inf
"23" 45.5555555555556 3706.91205705759 925.257795857642 -Inf 1893.4401007617 2184.99841567602 2521.14648024388 3082.83515746259 3706.91205705759 4330.98895665259 4892.6776338713 5228.82569843915 5520.38401335348 Inf 3782.06896389573 983.658192199615 -Inf 1854.13433408671 2164.09521877567 2521.46026772155 3118.60159556069 3782.06896389573 4445.53633223078 5042.67766006992 5400.0427090158 5710.00359370476 Inf
"24" 46.2626262626263 4120.05282524535 559.938327561798 -Inf 3022.59386966064 3199.03623628619 3402.46298495011 3742.38016256299 4120.05282524535 4497.72548792772 4837.6426655406 5041.06941420452 5217.51178083007 Inf 4222.55371221582 603.792753560828 -Inf 3039.14166111033 3229.40301159428 3448.76216362546 3815.30168869638 4222.55371221582 4629.80573573527 4996.34526080619 5215.70441283737 5405.96576332131 Inf
"25" 46.969696969697 4299.55388055975 383.946400414391 -Inf 3547.03276375375 3668.01825128318 3807.50677002347 4040.58596885556 4299.55388055975 4558.52179226394 4791.60099109603 4931.08950983632 5052.07499736575 Inf 4434.09150729718 419.393687984817 -Inf 3612.09498350351 3744.2502784948 3896.61686988072 4151.21476345449 4434.09150729718 4716.96825113988 4971.56614471365 5123.93273609956 5256.08803109086 Inf
"26" 47.6767676767677 4321.92776294303 350.106453099212 -Inf 3635.73172411352 3746.05389374368 3873.24828986647 4085.78454885011 4321.92776294303 4558.07097703596 4770.6072360196 4897.80163214239 5008.12380177255 Inf 4486.12157248473 382.760395050921 -Inf 3735.9249834766 3856.53674843184 3995.59438897875 4227.95360924188 4486.12157248473 4744.28953572757 4976.6487559907 5115.70639653761 5236.31816149285 Inf
"27" 48.3838383838384 4300.99722576587 342.111413939712 -Inf 3630.47117574396 3738.27402572564 3862.56380764075 4070.24658363844 4300.99722576587 4531.74786789329 4739.43064389098 4863.7204258061 4971.52327578778 Inf 4480.22206253068 374.103797325377 -Inf 3746.99209329327 3864.87607464371 4000.78875539216 4227.89288572528 4480.22206253068 4732.55123933608 4959.6553696692 5095.56805041764 5213.45203176809 Inf
"28" 49.0909090909091 4315.08287428624 337.562431829219 -Inf 3653.47266536722 3759.84208396939 3882.47921130646 4087.40047396617 4315.08287428624 4542.76527460631 4747.68653726602 4870.32366460309 4976.69308320527 Inf 4486.33748653301 369.203986818646 -Inf 3762.71096941986 3879.05096972941 4013.18353922026 4237.3131816923 4486.33748653301 4735.36179137371 4959.49143384575 5093.6240033366 5209.96400364615 Inf
"29" 49.7979797979798 4366.6778860389 336.438334486612 -Inf 3707.2708674265 3813.28607131308 3935.51481176836 4139.75367785463 4366.6778860389 4593.60209422316 4797.84096030943 4920.06970076471 5026.0849046513 Inf 4515.34542502294 367.97235597205 -Inf 3794.13286001137 3910.08476068444 4043.76987614983 4267.15184256429 4515.34542502294 4763.53900748159 4986.92097389606 5120.60608936145 5236.55799003451 Inf
"30" 50.5050505050505 4403.77490581105 336.021722433985 -Inf 3745.18443181733 3851.06835693103 3973.14574136879 4177.1316981861 4403.77490581105 4630.41811343601 4834.40407025332 4956.48145469107 5062.36537980478 Inf 4540.76831841157 367.524812027623 -Inf 3820.43292341258 3936.24379835328 4069.76632018109 4292.8765997562 4540.76831841157 4788.66003706695 5011.77031664206 5145.29283846987 5261.10371341057 Inf
"31" 51.2121212121212 4383.75881634074 335.745587025954 -Inf 3725.70955780161 3831.50646978815 3953.48353366293 4157.30185921816 4383.75881634074 4610.21577346331 4814.03409901854 4936.01116289333 5041.80807487987 Inf 4540.63765818539 367.219350654263 -Inf 3820.90095647684 3936.61557737496 4070.02712445614 4292.95197009542 4540.63765818539 4788.32334627535 5011.24819191463 5144.65973899582 5260.37435989393 Inf
"32" 51.9191919191919 4321.46195287867 335.282076861505 -Inf 3664.32115756833 3769.97201270121 3891.78068237777 4095.31762861113 4321.46195287867 4547.60627714621 4751.14322337958 4872.95189305614 4978.60274818901 Inf 4519.63997220432 366.719991111822 -Inf 3800.8819972143 3916.43926474842 4049.66939347846 4272.29109700739 4519.63997220432 4766.98884740124 4989.61055093017 5122.84067966021 5238.39794719434 Inf
"33" 52.6262626262626 4272.70985033891 334.929450919492 -Inf 3616.26018917493 3721.79992822112 3843.48048816604 4046.80336865491 4272.70985033891 4498.61633202291 4701.93921251178 4823.61977245671 4929.15951150289 Inf 4497.48928460257 366.33522019174 -Inf 3779.48544675821 3894.92146899012 4028.01180965172 4250.39993344742 4497.48928460257 4744.57863575773 4966.96675955342 5100.05710021502 5215.49312244693 Inf
"34" 53.3333333333333 4270.82879521936 334.742966022795 -Inf 3614.74463773656 3720.22561346027 3841.8384230578 4045.04809568675 4270.82879521936 4496.60949475197 4699.81916738092 4821.43197697845 4926.91295270215 Inf 4484.82612411824 366.133392354229 -Inf 3767.21786156648 3882.59028575634 4015.60730194852 4237.87290377079 4484.82612411824 4731.77934446569 4954.04494628796 5087.06196248014 5202.43438667 Inf
"35" 54.040404040404 4291.92294844201 334.764728531676 -Inf 3635.79613722559 3741.28397054125 3862.90468650312 4066.12757032022 4291.92294844201 4517.7183265638 4720.94121038089 4842.56192634276 4948.04975965842 Inf 4477.18358030936 366.156694618581 -Inf 3759.52964615871 3874.90941313342 4007.93489508628 4230.21464282345 4477.18358030936 4724.15251779527 4946.43226553244 5079.45774748529 5194.83751446001 Inf
"36" 54.7474747474747 4293.16007078024 334.830222779259 -Inf 3636.90489319737 3742.41336442881 3864.05787458583 4067.32051745976 4293.16007078024 4518.99962410072 4722.26226697465 4843.90677713167 4949.41524836311 Inf 4470.50885438934 366.226587123868 -Inf 3752.71793344553 3868.11972427258 4001.17059831669 4223.49277512499 4470.50885438934 4717.52493365368 4939.84711046198 5072.89798450609 5188.29977533314 Inf
"37" 55.4545454545455 4271.66437791115 334.714322306102 -Inf 3615.63636108146 3721.10831087335 3842.71071414956 4045.90299827185 4271.66437791115 4497.42575755044 4700.61804167273 4822.22044494894 4927.69239474084 Inf 4471.51050670744 366.102353830486 -Inf 3753.96307854434 3869.32572217389 4002.33146200641 4224.57822152611 4471.51050670744 4718.44279188876 4940.68955140846 5073.69529124098 5189.05793487053 Inf
"38" 56.1616161616162 4261.57345941293 334.6723147324 -Inf 3605.62777591477 3711.0864886851 3832.67363052319 4035.84041345153 4261.57345941293 4487.30650537433 4690.47328830267 4812.06043014076 4917.51914291109 Inf 4484.9700304865 366.055936551945 -Inf 3767.51357851761 3882.86159558191 4015.85047192146 4238.06905328378 4484.9700304865 4731.87100768921 4954.08958905154 5087.07846539108 5202.42648245539 Inf
"39" 56.8686868686869 4276.42488866108 334.690925186155 -Inf 3620.44272934382 3725.90730646089 3847.50120951519 4050.67929013937 4276.42488866108 4502.17048718278 4705.34856780697 4826.94247086127 4932.40704797833 Inf 4497.91206702887 366.076201119613 -Inf 3780.41589723719 3895.77029987666 4028.76653837541 4250.99742158298 4497.91206702887 4744.82671247477 4967.05759568233 5100.05383418109 5215.40823682056 Inf
"40" 57.5757575757576 4285.47241713042 334.677072485442 -Inf 3629.51740860766 3734.97762059524 3856.56649093482 4059.73616211336 4285.47241713042 4511.20867214748 4714.37834332602 4835.9672136656 4941.42742565319 Inf 4489.38231163633 366.061325161168 -Inf 3771.91529818743 3887.26501325832 4020.2558472907 4242.47769987193 4489.38231163633 4736.28692340073 4958.50877598195 5091.49961001434 5206.84932508522 Inf
"41" 58.2828282828283 4259.53078964395 334.629669492414 -Inf 3603.66868928028 3709.11396409378 3830.68561282828 4033.82650745982 4259.53078964395 4485.23507182809 4688.37596645963 4809.94761519412 4915.39289000763 Inf 4456.04577148369 366.009261474556 -Inf 3738.68080098546 3854.01411024944 3986.98602943715 4209.17627614226 4456.04577148369 4702.91526682512 4925.10551353023 5058.07743271794 5173.41074198192 Inf
"42" 58.989898989899 4214.78206884969 334.545394691079 -Inf 3559.08514406143 3664.50386301215 3786.0448945376 3989.13462915525 4214.78206884969 4440.42950854412 4643.51924316178 4765.06027468722 4870.47899363794 Inf 4416.73681179552 365.918435745819 -Inf 3699.54985645449 3814.8545455906 3947.79346760384 4169.92857747719 4416.73681179552 4663.54504611386 4885.68015598721 5018.61907800044 5133.92376713656 Inf
"43" 59.6969696969697 4189.18942151896 334.501613753485 -Inf 3533.5783057916 3638.98322891542 3760.50835473598 3963.57151161818 4189.18942151896 4414.80733141973 4617.87048830193 4739.3956141225 4844.80053724632 Inf 4389.64075789165 365.870086694224 -Inf 3672.54856495043 3787.83801879961 3920.75937550273 4142.86513451305 4389.64075789165 4636.41638127026 4858.52214028058 4991.4434969837 5106.73295083288 Inf
"44" 60.4040404040404 4191.55928640536 334.442712969393 -Inf 3536.06361409348 3641.44997697016 3762.95370401445 3965.98110447973 4191.55928640536 4417.13746833098 4620.16486879627 4741.66859584055 4847.05495871724 Inf 4376.23864184748 365.806492917918 -Inf 3659.27109041745 3774.54050520904 3907.43875816214 4129.50591181917 4376.23864184748 4622.97137187579 4845.03852553282 4977.93677848591 5093.2061932775 Inf
"45" 61.1111111111111 4197.99336588519 334.411690228103 -Inf 3542.55849702894 3647.93508431852 3769.42754073695 3972.43610848059 4197.99336588519 4423.5506232898 4626.55919103343 4748.05164745186 4853.42823474144 Inf 4370.12643913512 365.772637000044 -Inf 3653.22524408479 3768.483990526 3901.36994355434 4123.4165445764 4370.12643913512 4616.83633369384 4838.88293471591 4971.76888774425 5087.02763418545 Inf
"46" 61.8181818181818 4189.49432678641 334.380579501124 -Inf 3534.12043383458 3639.48721781185 3760.96837163903 3963.95805324828 4189.49432678641 4415.03060032455 4618.02028193379 4739.50143576097 4844.86821973825 Inf 4366.8213274572 365.738385858293 -Inf 3649.98726341114 3765.23521696281 3898.10872648075 4120.13453494252 4366.8213274572 4613.50811997188 4835.53392843366 4968.40743795159 5083.65539150327 Inf
"47" 62.5252525252525 4169.26665242191 334.302030569216 -Inf 3514.04671254764 3619.38874494289 3740.84136178119 3943.78335933324 4169.26665242191 4394.74994551058 4597.69194306263 4719.14455990093 4824.48659229618 Inf 4357.98899970389 365.653605593305 -Inf 3641.3211019238 3756.54234033586 3889.38504900876 4111.35939060897 4357.98899970389 4604.61860879882 4826.59295039902 4959.43565907192 5074.65689748398 Inf
"48" 63.2323232323232 4147.11282780075 334.268120653695 -Inf 3491.95935013961 3597.29069716926 3718.73099446535 3921.65240660252 4147.11282780075 4372.57324899897 4575.49466113614 4696.93495843223 4802.26630546188 Inf 4332.1846288135 365.616253923669 -Inf 3615.58993896066 3730.79940747474 3863.62854620907 4085.5802130369 4332.1846288135 4578.7890445901 4800.74071141793 4933.56985015225 5048.77931866634 Inf
"49" 63.9393939393939 4129.05411218164 334.254682257709 -Inf 3473.92697329265 3579.25408574453 3700.68950084366 3903.60275504377 4129.05411218164 4354.50546931951 4557.41872351962 4678.85413861874 4784.18125107063 Inf 4294.21448459624 365.601907031875 -Inf 3577.6479141346 3692.85286179448 3825.67678827345 4047.6197456511 4294.21448459624 4540.80922354138 4762.75218091903 4895.57610739799 5010.78105505787 Inf
"50" 64.6464646464646 4121.52562659057 334.253115566543 -Inf 3466.40155835984 3571.72817713111 3693.1630230481 3896.07532616983 4121.52562659057 4346.97592701131 4549.88823013303 4671.32307605002 4776.6496948213 Inf 4270.12720111688 365.59991956962 -Inf 3553.56452600969 3668.76884739963 3801.59205182946 4023.53380269466 4270.12720111688 4516.7205995391 4738.66235040431 4871.48555483414 4986.68987622408 Inf
"51" 65.3535353535354 4125.86714104314 334.186077869336 -Inf 3470.87446428455 3576.17995878308 3697.59044976648 3900.46205686205 4125.86714104314 4351.27222522424 4554.1438323198 4675.55432330321 4780.85981780174 Inf 4276.42407355068 365.526792176757 -Inf 3560.00472549978 3675.18600369081 3807.98264078807 4029.87999880541 4276.42407355068 4522.96814829596 4744.8655063133 4877.66214341056 4992.84342160158 Inf
"52" 66.0606060606061 4127.93834455484 334.079161659978 -Inf 3473.15521971595 3578.42702380952 3699.79867191367 3902.60537426108 4127.93834455484 4353.27131484859 4556.07801719601 4677.44966530016 4782.72146939373 Inf 4294.01070814532 365.41124154948 -Inf 3577.81783516228 3692.96270215382 3825.71735946999 4047.54457111377 4294.01070814532 4540.47684517687 4762.30405682066 4895.05871413683 5010.20358112837 Inf
"53" 66.7676767676768 4110.91031892198 334.091393583416 -Inf 3456.10321995369 3561.37887845302 3682.75497044017 3885.56909832124 4110.91031892198 4336.25153952272 4539.06566740378 4660.44175939093 4765.71741789027 Inf 4289.8043257327 365.424005213983 -Inf 3573.58643642691 3688.73532538134 3821.49461976314 4043.32957974027 4289.8043257327 4536.27907172513 4758.11403170225 4890.87332608405 5006.02221503848 Inf
"54" 67.4747474747475 4079.14653575166 334.129868465058 -Inf 3424.26402740104 3529.55180973409 3650.94187972505 3853.77936423761 4079.14653575166 4304.5137072657 4507.35119177826 4628.74126176923 4734.02904410228 Inf 4256.6803597038 365.465944675297 -Inf 3540.38027056431 3655.54237507739 3788.31690615193 4010.17732597458 4256.6803597038 4503.18339343301 4725.04381325566 4857.8183443302 4972.98044884328 Inf
"55" 68.1818181818182 4053.02377243899 334.140429829528 -Inf 3398.12056419438 3503.41167452277 3624.80558147922 3827.64947739286 4053.02377243899 4278.39806748512 4481.24196339877 4602.63587035521 4707.9269806836 Inf 4215.04657112173 365.477503455346 -Inf 3498.72382718963 3613.88957399403 3746.66830439719 3968.53574111384 4215.04657112173 4461.55740112961 4683.42483784626 4816.20356824942 4931.36931505382 Inf
"56" 68.8888888888889 4040.11584960123 334.157032393068 -Inf 3385.18010093004 3490.47644289815 3611.87638160016 3814.73035629617 4040.11584960123 4265.5013429063 4468.35531760231 4589.75525630431 4695.05159827243 Inf 4182.49268240345 365.495499872232 -Inf 3466.13466614241 3581.30608380417 3714.09135234268 3935.96971399683 4182.49268240345 4429.01565081006 4650.89401246421 4783.67928100273 4898.85069866449 Inf
"57" 69.5959595959596 4028.55831716368 334.203669992815 -Inf 3373.53116047666 3478.84219843551 3600.25908067364 3803.14136727561 4028.55831716368 4253.97526705175 4456.85755365372 4578.27443589186 4683.58547385071 Inf 4161.53090852136 365.546470478131 -Inf 3445.07299170849 3560.2604707361 3693.06425700081 3914.97356096351 4161.53090852136 4408.08825607922 4629.99756004191 4762.80134630662 4877.98882533423 Inf
"58" 70.3030303030303 4009.29561973168 334.294101085093 -Inf 3354.09122136071 3459.43075509339 3580.88049113376 3783.81767499878 4009.29561973168 4234.77356446459 4437.71074832961 4559.16048436998 4664.50001810266 Inf 4151.25138458342 365.64427672882 -Inf 3434.60177104173 3549.82006983197 3682.65938930918 3904.62806771197 4151.25138458342 4397.87470145487 4619.84337985766 4752.68269933487 4867.9009981251 Inf
"59" 71.010101010101 3986.08293747385 334.270446322866 -Inf 3330.9249015849 3436.256981457 3557.69812367349 3760.62094763561 3986.08293747385 4211.54492731209 4414.46775127421 4535.9088934907 4641.2409733628 Inf 4147.69750954118 365.618455976806 -Inf 3431.0985037435 3546.30866614733 3679.13860489211 3901.09160850231 4147.69750954118 4394.30341058005 4616.25641419026 4749.08635293503 4864.29651533886 Inf
"60" 71.7171717171717 3960.19659209521 334.139965121489 -Inf 3305.29429466162 3410.58525855569 3531.97899668275 3734.82261048989 3960.19659209521 4185.57057370053 4388.41418750767 4509.80792563473 4615.0988895288 Inf 4134.19361516104 365.477310875181 -Inf 3417.87124867913 3533.03693479952 3665.81559523792 3887.6829150465 4134.19361516104 4380.70431527557 4602.57163508416 4735.35029552255 4850.51598164294 Inf
"61" 72.4242424242424 3924.94888483044 334.128583047358 -Inf 3270.06889585222 3375.35627313684 3496.7458761329 3699.58258031746 3924.94888483044 4150.31518934343 4353.15189352798 4474.54149652405 4579.82887380867 Inf 4096.39898630068 365.464752113303 -Inf 3380.10123453975 3495.2629632642 3628.03706107851 3849.89675694231 4096.39898630068 4342.90121565906 4564.76091152285 4697.53500933717 4812.69673806161 Inf
"62" 73.1313131313131 3884.23686116455 334.273947582825 -Inf 3229.07196293219 3334.40514608756 3455.84756031901 3658.77250976236 3884.23686116455 4109.70121256675 4312.6261620101 4434.06857624155 4539.40175939692 Inf 4050.7882369467 365.622855643086 -Inf 3334.18060796156 3449.39215674581 3582.22369389841 3804.17936837801 4050.7882369467 4297.39710551538 4519.35277999498 4652.18431714758 4767.39586593183 Inf
"63" 73.8383838383838 3859.61503762659 334.457917900599 -Inf 3204.08956419716 3309.48071830515 3430.98996933229 3634.02660013071 3859.61503762659 4085.20347512247 4288.24010592089 4409.74935694803 4515.14051105602 Inf 4032.81305196943 365.822322225346 -Inf 3315.81447566694 3431.08887843726 3563.99288221037 3786.0696452355 4032.81305196943 4279.55645870335 4501.63322172848 4634.5372255016 4749.81162827191 Inf
"64" 74.5454545454545 3864.41439679024 334.53812862857 -Inf 3208.73171322282 3314.14814256198 3435.68653431194 3638.77185798049 3864.41439679024 4090.05693559999 4293.14225926855 4414.6806510185 4520.09708035767 Inf 4047.1744234891 365.910016623819 -Inf 3330.00396932396 3445.30600550754 3578.24186883639 3800.37186778226 4047.1744234891 4293.97697919594 4516.10697814181 4649.04284147066 4764.34487765424 Inf
"65" 75.2525252525253 3880.26385587447 334.67503408328 -Inf 3224.31284254653 3329.77241221248 3451.36054199635 3654.52897573877 3880.26385587447 4105.99873601017 4309.16716975259 4430.75529953646 4536.21486920241 Inf 4054.59541832892 366.059551903759 -Inf 3337.13188040068 3452.48103669979 3585.4712265041 3807.69200260846 4054.59541832892 4301.49883404937 4523.71961015373 4656.70979995804 4772.05895625715 Inf
"66" 75.959595959596 3874.68819062142 334.948838212303 -Inf 3218.20053106177 3323.74637924473 3445.4339826331 3648.76863240714 3874.68819062142 4100.60774883571 4303.94239860974 4425.63000199811 4531.17585018107 Inf 4024.9169358161 366.355413327874 -Inf 3306.87352015218 3422.31590545044 3555.41358232002 3777.8139645976 4024.9169358161 4272.0199070346 4494.42028931218 4627.51796618176 4742.96035148002 Inf
"67" 76.6666666666667 3839.90323423106 335.193898800681 -Inf 3182.93526474416 3288.55833405675 3410.33496846205 3613.81838516174 3839.90323423106 4065.98808330038 4269.47150000007 4391.24813440536 4496.87120371796 Inf 3981.80817915307 366.624358490825 -Inf 3263.23764065595 3378.76477336068 3511.96015856237 3734.5238071788 3981.80817915307 4229.09255112735 4451.65619974377 4584.85158494546 4700.37871765019 Inf
"68" 77.3737373737374 3802.34489453857 335.575454727452 -Inf 3144.62908917712 3250.37239071423 3372.28764517427 3576.00268990752 3802.34489453857 4028.68709916963 4232.40214390288 4354.31739836291 4460.06069990003 Inf 3969.38016929413 367.036077347889 -Inf 3250.00267666541 3365.65954624642 3499.0045097576 3721.81809717081 3969.38016929413 4216.94224141746 4439.75582883067 4573.10079234185 4688.75766192285 Inf
"69" 78.0808080808081 3793.27261968097 335.924552384684 -Inf 3134.87259548425 3240.72590130897 3362.76798366751 3566.69495225829 3793.27261968097 4019.85028710365 4223.77725569443 4345.81933805297 4451.67264387769 Inf 3987.56385943721 367.417748526712 -Inf 3267.43830504406 3383.2154431667 3516.69906860393 3739.74435401582 3987.56385943721 4235.3833648586 4458.42865027049 4591.91227570772 4707.68941383036 Inf
"70" 78.7878787878788 3819.29367783214 336.516708715766 -Inf 3159.73304855329 3265.77294897124 3388.03016294554 3592.31660703364 3819.29367783214 4046.27074863065 4250.55719271875 4372.81440669304 4478.854307111 Inf 3991.549117402 368.061408762428 -Inf 3270.16201212857 3386.14197425825 3519.85944278596 3743.29546974901 3991.549117402 4239.80276505499 4463.23879201804 4596.95626054575 4712.93622267544 Inf
"71" 79.4949494949495 3861.13565555082 338.263873123511 -Inf 3198.15064695771 3304.74109697696 3427.6330593822 3632.98014026738 3861.13565555082 4089.29117083425 4294.63825171943 4417.53021412468 4524.12066414393 Inf 3953.73855477166 369.96061884682 -Inf 3228.62906613374 3345.20748903226 3479.61494449867 3704.20390938328 3953.73855477166 4203.27320016004 4427.86216504465 4562.26962051106 4678.84804340958 Inf
"72" 80.2020202020202 3885.44818690905 342.734889249185 -Inf 3213.70014773532 3321.69946124471 3446.215753025 3654.27701707588 3885.44818690905 4116.61935674221 4324.68062079309 4449.19691257338 4557.19622608277 Inf 3892.32818003114 374.806364656038 -Inf 3157.72120412892 3275.82657172216 3411.99449663011 3639.52512876239 3892.32818003114 4145.13123129989 4372.66186343216 4508.82978834012 4626.93515593336 Inf
"73" 80.9090909090909 3846.04348907925 350.349455929793 -Inf 3159.37117345365 3269.76991579266 3397.05259534473 3609.73637206783 3846.04348907925 4082.35060609067 4295.03438281378 4422.31706236585 4532.71580470485 Inf 3820.36133802397 383.012907248102 -Inf 3069.66983420371 3190.3611683677 3329.51054711637 3562.02305789232 3820.36133802397 4078.69961815562 4311.21212893156 4450.36150768024 4571.05284184423 Inf
"74" 81.6161616161616 3683.13173795251 375.196765112938 -Inf 2947.75959121522 3065.98797803603 3202.29773623475 3430.0653655771 3683.13173795251 3936.19811032791 4163.96573967026 4300.27549786898 4418.5038846898 Inf 3686.55946248391 410.137348433472 -Inf 2882.70503083955 3011.94355736486 3160.94730151069 3409.92602479294 3686.55946248391 3963.19290017489 4212.17162345714 4361.17536760297 4490.41389412828 Inf
"75" 82.3232323232323 3344.5517088344 510.322440184159 -Inf 2344.33810557086 2505.14599218277 2690.54718668386 3000.34445363514 3344.5517088344 3688.75896403367 3998.55623098495 4183.95742548604 4344.76531209795 Inf 3395.48041790222 552.837435883081 -Inf 2311.93895426591 2486.14375637538 2686.99073645459 3022.5972338744 3395.48041790222 3768.36360193004 4103.97009934984 4304.81707942906 4479.02188153853 Inf
"76" 83.030303030303 2824.56755046393 832.16560547565 -Inf 1193.55293455868 1455.77693607303 1758.10441597423 2263.28037910488 2824.56755046393 3385.85472182297 3891.03068495362 4193.35816485482 4455.58216636917 Inf 2893.72823578226 888.345746097834 -Inf 1152.60256761114 1432.52951332632 1755.26735412569 2294.54813540898 2893.72823578226 3492.90833615554 4032.18911743882 4354.92695823819 4634.85390395338 Inf
"77" 83.7373737373737 2184.6300812492 1263.33064172676 -Inf -291.452477101127 106.636093166004 565.606719543803 1332.52651229586 2184.6300812492 3036.73365020254 3803.6534429546 4262.62406933239 4660.71263959953 Inf 2230.34153479194 1335.28909384181 -Inf -386.776998087123 33.9864257575018 519.099706124344 1329.70272744703 2230.34153479194 3130.98034213686 3941.58336345954 4426.69664382638 4847.46006767101 Inf
"78" 84.4444444444444 1531.36965114884 1681.20222387265 -Inf -1763.72615837019 -1233.96192442696 -623.177690852214 397.415983139882 1531.36965114884 2665.3233191578 3685.9169931499 4296.70122672464 4826.46546066787 Inf 1533.48722093592 1766.17737177643 -Inf -1928.15681805549 -1371.61603487016 -729.960154893609 342.218686644466 1533.48722093592 2724.75575522738 3796.93459676545 4438.590476742 4995.13125992733 Inf
"79" 85.1515151515152 966.815464585995 1999.24306467345 -Inf -2951.62893851545 -2321.64674149971 -1595.31761485045 -381.653490686851 966.815464585995 2315.28441985884 3528.94854402244 4255.2776706717 4885.25986768744 Inf 933.46141794927 2092.41783021169 -Inf -3167.60216987509 -2508.25963917236 -1748.07992813196 -477.852961656042 933.46141794927 2344.77579755458 3615.0027640305 4375.1824750709 5034.52500577363 Inf
"80" 85.8585858585859 547.941486342157 2192.94334365166 -Inf -3750.14848735193 -3059.12932616236 -2262.42848886524 -931.17632171161 547.941486342157 2027.05929439592 3358.31146154955 4155.01229884667 4846.03146003625 Inf 500.78634564671 2290.11140619475 -Inf -3987.74953107939 -3266.11170695567 -2434.10951223372 -1043.87032463879 500.78634564671 2045.44301593221 3435.68220352714 4267.68439824909 4989.32222237281 Inf
"81" 86.5656565656566 278.368694710195 2287.25339240155 -Inf -4204.56557791391 -3483.82834353856 -2652.86447111921 -1264.36027456587 278.368694710195 1821.09766398626 3209.6018605396 4040.56573295895 4761.3029673343 Inf 235.871130218244 2385.9012963297 -Inf -4440.4094812554 -3688.58727059789 -2821.78441132798 -1373.39483913569 235.871130218244 1845.13709957217 3293.52667176447 4160.32953103437 4912.15174169189 Inf
"82" 87.2727272727273 126.716594603106 2323.72171624055 -Inf -4427.69427932198 -3695.46549838107 -2851.25260873496 -1440.60988530919 126.716594603106 1694.04307451541 3104.68579794117 3948.89868758728 4681.12746852819 Inf 97.0383698453124 2422.7737691349 -Inf -4651.51096034745 -3888.06985159912 -3007.87114694991 -1537.09770448011 97.0383698453124 1731.17444417073 3201.94788664054 4082.14659128974 4845.58770003808 Inf
"83" 87.979797979798 51.695101716031 2334.86466014872 -Inf -4524.55554095081 -3788.81550297041 -2940.55435883232 -1523.14717964934 51.695101716031 1626.5373830814 3043.94456226439 3892.20570640247 4627.94574438288 Inf 34.5695530373418 2433.99360041458 -Inf -4735.9702423762 -3968.99364858125 -3084.7187560995 -1607.13418248515 34.5695530373418 1676.27328855983 3153.85786217418 4038.13275465593 4805.10934845089 Inf
"84" 88.6868686868687 18.908514986691 2337.55321994095 -Inf -4562.6116080432 -3826.02437702527 -2976.78647357245 -1557.74717240132 18.908514986691 1595.56420237471 3014.60350354583 3863.84140699865 4600.42863801658 Inf 10.4895714208852 2436.6908208863 -Inf -4765.3366789756 -3997.5101630733 -3112.25536483411 -1633.0334116638 10.4895714208852 1654.01255450557 3133.23450767588 4018.48930591507 4786.31582181736 Inf
"85" 89.3939393939394 6.20418964582549 2338.06701230732 -Inf -4576.32294791768 -3839.57381560346 -2990.1492503248 -1570.79804542703 6.20418964582549 1583.20642471869 3002.55762961645 3851.9821948951 4588.73132720933 Inf 2.61628680743153 2437.20463766625 -Inf -4774.2170259724 -4006.22860108084 -3120.78713214631 -1641.25326042881 2.61628680743153 1646.48583404367 3126.01970576117 4011.4611746957 4779.44959958727 Inf
"86" 90.1010101010101 1.82707789221948 2338.14513621857 -Inf -4580.85317972367 -3844.07942975583 -2994.62648189918 -1575.22785095803 1.82707789221948 1578.88200674246 2998.28063768362 3847.73358554027 4584.50733550811 Inf 0.486828594776061 2437.28255274158 -Inf -4776.49919492656 -4008.48621818775 -3123.01644254574 -1643.43527156116 0.486828594776061 1644.40892875071 3123.99009973529 4009.4598753773 4777.47285211612 Inf
"87" 90.8080808080808 0.483142313525759 2338.15463075585 -Inf -4582.21572425348 -3845.43898245861 -2995.98258521699 -1576.5781905048 0.483142313525759 1577.54447513185 2996.94886984404 3846.40526708566 4583.18200888053 Inf 0.0410184198710689 2437.29199972399 -Inf -4776.96352084676 -4008.94756726595 -3123.47435951574 -1643.88745362887 0.0410184198710689 1643.96949046862 3123.55639635549 4009.02960410569 4777.04555768651 Inf
"88" 91.5151515151515 0.114765033114095 2338.15555662769 -Inf -4582.58591620935 -3845.80888266268 -2996.35214904991 -1576.94719227627 0.114765033114095 1577.1767223425 2996.58167911613 3846.0384127289 4582.81544627558 Inf -0.0147228141071628 2437.29291909426 -Inf -4777.02106401336 -4009.00482072945 -3123.53127897013 -1643.94381496868 -0.0147228141071628 1643.91436934046 3123.50183334192 4008.97537510123 4776.99161838515 Inf
"89" 92.2222222222222 0.0244962306087602 2338.15562930752 -Inf -4582.67632746171 -3845.89927101287 -2996.44251099536 -1577.03751010058 0.0244962306087602 1577.0865025618 2996.49150345658 3845.94826347408 4582.72531992293 Inf -0.00930581231931412 2437.29299113698 -Inf -4777.0157882127 -4008.99952222739 -3123.5259542948 -1643.93844655896 -0.00930581231931412 1643.91983493432 3123.50734267016 4008.98091060274 4776.99717658806 Inf
"90" 92.9292929292929 0.00469953810306543 2338.15563391232 -Inf -4582.69613317947 -3845.9190752796 -2996.46231358916 -1577.05730989898 0.00469953810306543 1577.06670897519 2996.47171266537 3845.9284743558 4582.70553225567 Inf -0.00318852831619282 2437.29299569443 -Inf -4777.00967986113 -4008.99341243972 -3123.5198428514 -1643.93233234891 -0.00318852831619282 1643.92595529228 3123.51346579477 4008.98703538308 4777.0033028045 Inf
"91" 93.6363636363636 0.000810529553091127 2338.15563414831 -Inf -4582.70002265054 -3845.92296467631 -2996.46620290014 -1577.0611990667 0.000810529553091127 1577.06282012581 2996.46782395925 3845.92458573542 4582.70164370965 Inf -0.000838773296927572 2437.29299592768 -Inf -4777.00733056327 -4008.99106306836 -3123.5174933953 -1643.92998275122 -0.000838773296927572 1643.92830520462 3123.51581584871 4008.98938552176 4777.00565301668 Inf
"92" 94.3434343434343 0.000125696781707521 2338.15563415811 -Inf -4582.70070750252 -3845.9236495252 -2996.46688774547 -1577.06188390608 0.000125696781707521 1577.06213529965 2996.46713913903 3845.92390091876 4582.70095889608 Inf -0.000183834705649441 2437.29299593735 -Inf -4777.00667564364 -4008.99040814568 -3123.51683846911 -1643.92932781915 -0.000183834705649441 1643.92896014974 3123.5164707997 4008.99004047627 4777.00630797423 Inf
"93" 95.0505050505051 1.75312922348016e-05 2338.15563415844 -Inf -4582.70081566866 -3845.92375769124 -2996.46699591138 -1577.06199207179 1.75312922348016e-05 1577.06202713438 2996.46703097397 3845.92379275382 4582.70085073124 Inf -3.46836379330993e-05 2437.29299593768 -Inf -4777.00652649322 -4008.99025899515 -3123.51668931846 -1643.9291786683 -3.46836379330993e-05 1643.92910930103 3123.51661995118 4008.99018962787 4777.00645712594 Inf
"94" 95.7575757575758 2.19969919663755e-06 2338.15563415845 -Inf -4582.70083100027 -3845.92377302284 -2996.46701124299 -1577.06200740339 2.19969919663755e-06 1577.06201180279 2996.46701564239 3845.92377742224 4582.70083539967 Inf -5.72637482701291e-06 2437.29299593769 -Inf -4777.00649753597 -4008.9902300379 -3123.51666036121 -1643.92914971105 -5.72637482701291e-06 1643.9291382583 3123.51664890846 4008.99021858515 4777.00648608322 Inf
"95" 96.4646464646465 2.48406237167011e-07 2338.15563415845 -Inf -4582.70083295156 -3845.92377497414 -2996.46701319428 -1577.06200935469 2.48406237167011e-07 1577.0620098515 2996.46701369109 3845.92377547095 4582.70083344837 Inf -8.35242505187808e-07 2437.29299593769 -Inf -4777.00649264484 -4008.99022514677 -3123.51665547008 -1643.92914481991 -8.35242505187808e-07 1643.92914314943 3123.51665379959 4008.99022347628 4777.00649097435 Inf
"96" 97.1717171717172 2.52646395486209e-08 2338.15563415845 -Inf -4582.7008331747 -3845.92377519728 -2996.46701341742 -1577.06200957783 2.52646395486209e-08 1577.06200962836 2996.46701346795 3845.92377524781 4582.70083322523 Inf -1.08273538379778e-07 2437.29299593769 -Inf -4777.00649191787 -4008.9902244198 -3123.51665474311 -1643.92914409294 -1.08273538379778e-07 1643.9291438764 3123.51665452656 4008.99022420325 4777.00649170132 Inf
"97" 97.8787878787879 2.3168199057066e-09 2338.15563415845 -Inf -4582.70083319765 -3845.92377522023 -2996.46701344037 -1577.06200960078 2.3168199057066e-09 1577.06200960541 2996.46701344501 3845.92377522486 4582.70083320228 Inf -1.25244180641491e-08 2437.29299593769 -Inf -4777.00649182212 -4008.99022432405 -3123.51665464736 -1643.92914399719 -1.25244180641491e-08 1643.92914397215 3123.51665462231 4008.990224299 4777.00649179707 Inf
"98" 98.5858585858586 1.91884077098591e-10 2338.15563415845 -Inf -4582.70083319978 -3845.92377522235 -2996.4670134425 -1577.0620096029 1.91884077098591e-10 1577.06200960328 2996.46701344288 3845.92377522273 4582.70083320016 Inf -1.29644004260069e-09 2437.29299593769 -Inf -4777.00649181089 -4008.99022431282 -3123.51665463613 -1643.92914398597 -1.29644004260069e-09 1643.92914398337 3123.51665463354 4008.99022431023 4777.0064918083 Inf
"99" 99.2929292929293 1.43900377333494e-11 2338.15563415845 -Inf -4582.70083319995 -3845.92377522253 -2996.46701344267 -1577.06200960308 1.43900377333494e-11 1577.06200960311 2996.4670134427 3845.92377522256 4582.70083319998 Inf -1.20340320618237e-10 2437.29299593769 -Inf -4777.00649180972 -4008.99022431165 -3123.51665463495 -1643.92914398479 -1.20340320618237e-10 1643.92914398455 3123.51665463471 4008.9902243114 4777.00649180947 Inf
"100" 100 9.80750717623309e-13 2338.15563415845 -Inf -4582.70083319997 -3845.92377522254 -2996.46701344269 -1577.06200960309 9.80750717623309e-13 1577.06200960309 2996.46701344269 3845.92377522254 4582.70083319997 Inf -1.00326617608323e-11 2437.29299593769 -Inf -4777.0064918096 -4008.99022431154 -3123.51665463484 -1643.92914398468 -1.00326617608323e-11 1643.92914398466 3123.51665463482 4008.99022431151 4777.00649180958 Inf
