"mid_age" "mean_left" "std_left" "min_left" "l.q2.5" "l.q5" "l.q10" "l.q25" "l.q50" "l.q75" "l.q90" "l.q95" "l.q97.5" "max_left" "mean_right" "std_right" "min_right" "r.q2.5" "r.q5" "r.q10" "r.q25" "r.q50" "r.q75" "r.q90" "r.q95" "r.q97.5" "max_right"
"1" 55.7316973465175 4256.99136751858 335.289600172978 -Inf 3599.83582678871 3705.48905259495 3827.30045550608 4030.84196885456 4256.99136751858 4483.14076618259 4686.68227953108 4808.49368244221 4914.14690824845 Inf 4464.9235476406 365.552918338566 -Inf 3748.4529932535 3863.64250406871 3996.44863285441 4218.36185106697 4464.9235476406 4711.48524421423 4933.39846242679 5066.20459121248 5181.3941020277 Inf
"2" 56.1015985038022 4251.81517808066 335.261218265859 -Inf 3594.71526486655 3700.35954723989 3822.16063894565 4025.68492272208 4251.81517808066 4477.94543343923 4681.46971721566 4803.27080892142 4908.91509129476 Inf 4472.39153349137 365.521680122209 -Inf 3755.98220488327 3871.16187221295 4003.95665209026 4225.85090677448 4472.39153349137 4718.93216020825 4940.82641489248 5073.62119476978 5188.80086209947 Inf
"3" 56.4664947598686 4256.44422607713 335.261854205418 -Inf 3599.34306644439 3704.98754920887 3826.78887195279 4030.31354178384 4256.44422607713 4482.57491037042 4686.09958020147 4807.90090294539 4913.54538570987 Inf 4481.73000666184 365.522061870359 -Inf 3765.31992984111 3880.4997174636 4013.29463603079 4235.18912245974 4481.73000666184 4728.27089086393 4950.16537729288 5082.96029586008 5198.14008348256 Inf
"4" 56.8267279922633 4267.55369941893 335.270476504871 -Inf 3610.4356403898 3716.08284013014 3837.88729537323 4041.41719947304 4267.55369941893 4493.69019936482 4697.22010346463 4819.02455870772 4924.67175844806 Inf 4489.20631102507 365.531629904036 -Inf 3772.77748120294 3887.96028381193 4020.75867846548 4242.65897328233 4489.20631102507 4735.75364876781 4957.65394358466 5090.45233823821 5205.63514084721 Inf
"5" 57.1823082753957 4278.90261346151 335.27882131786 -Inf 3621.76819889947 3727.41802817682 3849.22551510766 4052.76048502479 4278.90261346151 4505.04474189823 4708.57971181537 4830.38719874621 4936.03702802356 Inf 4491.32035461623 365.540912216395 -Inf 3774.87333179618 3890.05905935794 4022.86082629471 4244.76675604895 4491.32035461623 4737.87395318352 4959.77988293775 5092.58164987452 5207.76737743628 Inf
"6" 57.5330215294022 4284.18343900312 335.283630834577 -Inf 3627.03959796153 3732.69094276741 3854.50017700559 4058.03806659667 4284.18343900312 4510.32881140957 4713.86670100065 4835.67593523884 4941.32728004472 Inf 4486.09110169628 365.545894514763 -Inf 3769.63431375086 3884.82161128645 4017.62518830248 4239.53414261981 4486.09110169628 4732.64806077274 4954.55701509007 5087.3605921061 5202.54788964169 Inf
"7" 57.878592107374 4279.62962466645 335.274784509684 -Inf 3622.50312210304 3728.15167934032 3849.95769969043 4053.49021901547 4279.62962466645 4505.76903031743 4709.30154964246 4831.10756999257 4936.75612722986 Inf 4473.69135989974 365.535870008889 -Inf 3757.25421962481 3872.43835833476 4005.23829342714 4227.14116224974 4473.69135989974 4720.24155754975 4942.14442637234 5074.94436146473 5190.12850017468 Inf
"8" 58.2188150700313 4265.26603976378 335.242824995745 -Inf 3608.20217669665 3713.84066316007 3835.63507255288 4039.14819047737 4265.26603976378 4491.38388905018 4694.89700697467 4816.69141636748 4922.3299028309 Inf 4456.21220770786 365.501181836998 -Inf 3739.84305500052 3855.01626310822 3987.80359591625 4209.68540687425 4456.21220770786 4702.73900854147 4924.62081949946 5057.40815230749 5172.5813604152 Inf
"9" 58.5534091761312 4244.48467158054 335.19359461306 -Inf 3587.51729829042 3693.14027175035 3814.91679564365 4018.40002768265 4244.48467158054 4470.56931547843 4674.05254751743 4795.82907141073 4901.45204487066 Inf 4436.77904219473 365.448260693027 -Inf 3720.51361302359 3835.67014513069 3968.43825157803 4190.28793613029 4436.77904219473 4683.27014825916 4905.11983281143 5037.88793925876 5153.04447136586 Inf
"10" 58.8821328024545 4222.39003186094 335.146587057215 -Inf 3565.51479168728 3671.12295257947 3792.88239853084 3996.33709407765 4222.39003186094 4448.44296964423 4651.89766519104 4773.65711114241 4879.2652720346 Inf 4418.44793581544 365.397734287153 -Inf 3702.28153658008 3817.42214729337 3950.17189739329 4171.99090929388 4418.44793581544 4664.904962337 4886.72397423759 5019.47372433751 5134.6143350508 Inf
"11" 59.204864219053 4203.78880486418 335.117312206767 -Inf 3546.97094234306 3652.56987842665 3774.3186887645 3977.75561266746 4203.78880486418 4429.82199706091 4633.25892096386 4755.00773130171 4860.60666738531 Inf 4403.34419909074 365.365963520883 -Inf 3687.24006941303 3802.37066882879 3935.10887654384 4156.90860162539 4403.34419909074 4649.77979655609 4871.57952163764 5004.31772935268 5119.44832876844 Inf
"12" 59.5215470149558 4191.68094076635 335.104585703252 -Inf 3534.88802173376 3640.48294756428 3762.22713433717 3965.6563324658 4191.68094076635 4417.7055490669 4621.13474719553 4742.87893396841 4848.47385979894 Inf 4392.31474462654 365.351771236906 -Inf 3676.23843131429 3791.36455859437 3924.09761022339 4145.88871971126 4392.31474462654 4638.74076954182 4860.53187902969 4993.26493065871 5108.39105793879 Inf
"13" 59.8321782548652 4186.68036254501 335.095592281563 -Inf 3529.90507029502 3635.49716220523 3757.23808164947 3960.66182021521 4186.68036254501 4412.6989048748 4616.12264344054 4737.86356288479 4843.45565479499 Inf 4385.07683337133 365.341733494073 -Inf 3669.02019367352 3784.14315795687 3916.87256285322 4138.65757881071 4385.07683337133 4631.49608793195 4853.28110388944 4986.0105087858 5101.13347306915 Inf
"14" 60.136875695666 4187.34395240984 335.08041892442 -Inf 3530.59839939339 3636.18571002159 3757.92111695391 3961.33564435391 4187.34395240984 4413.35226046578 4616.76678786578 4738.50219479809 4844.0895054263 Inf 4380.66976641702 365.325382040763 -Inf 3664.64517497879 3779.76298674984 3912.4864511295 4134.26154074406 4380.66976641702 4627.07799208998 4848.85308170454 4981.5765460842 5096.69435785525 Inf
"15" 60.4357346899986 4191.06490158104 335.059968026242 -Inf 3534.35943158846 3639.94029792683 3761.66827500569 3965.07038744631 4191.06490158104 4417.05941571577 4620.46152815639 4742.18950523525 4847.77037157362 Inf 4377.96233326442 365.303532701693 -Inf 3661.98056574386 3777.09149256186 3909.8070190316 4131.56884474671 4377.96233326442 4624.35582178214 4846.11764749725 4978.83317396699 5093.94410078499 Inf
"16" 60.728907580367 4195.08395677109 335.041519581942 -Inf 3538.41464506491 3643.9896981074 3765.71097282841 3969.10188592295 4195.08395677109 4421.06602761923 4624.45694071377 4746.17821543478 4851.75326847727 Inf 4376.01338216987 365.283716272592 -Inf 3660.07045413664 3775.17513659258 3907.88346371278 4129.63325963047 4376.01338216987 4622.39350470927 4844.14330062696 4976.85162774715 5091.9563102031 Inf
"17" 61.0165733653446 4197.27366839852 335.029381787646 -Inf 3540.62814633202 3646.1993746298 3767.91623966513 3971.29978436823 4197.27366839852 4423.24755242882 4626.63109713192 4748.34796216724 4853.91919046503 Inf 4374.21418068022 365.270430006845 -Inf 3658.29729324935 3773.39778906534 3906.1012892578 4127.84301959089 4374.21418068022 4620.58534176956 4842.32707210265 4975.03057229511 5090.1310681111 Inf
"18" 61.2988520760881 4196.5222390939 335.020605090158 -Inf 3539.89391903838 3645.46238170788 3767.17605815091 3970.5542748561 4196.5222390939 4422.4902033317 4625.8684200369 4747.58209647993 4853.15055914943 Inf 4372.23800144475 365.260622019191 -Inf 3656.34033731644 3771.43774253393 3904.13767946426 4125.87345574256 4372.23800144475 4618.60254714694 4840.33832342524 4973.03826035556 5088.13566557306 Inf
"19" 61.5759782102271 4192.72411102082 335.008473507484 -Inf 3536.11956843041 3641.68420831256 3763.39347732659 3966.76432941118 4192.72411102082 4418.68389263045 4622.05474471504 4743.76401372908 4849.32865361123 Inf 4369.88744513568 365.247288221523 -Inf 3654.01591477058 3769.10911837032 3901.80421110447 4123.53189294335 4369.88744513568 4616.24299732801 4837.97067916689 4970.66577190104 5085.75897550079 Inf
"20" 61.8482129244179 4186.49711481579 334.988894636911 -Inf 3529.93094610656 3635.4894164838 3757.1915724538 3960.55053895368 4186.49711481579 4412.4436906779 4615.80265717778 4737.50481314778 4843.06328352502 Inf 4366.94486083391 365.226134717429 -Inf 3651.11479057498 3766.20132848648 3898.88873610899 4120.60357646327 4366.94486083391 4613.28614520455 4835.00098555884 4967.68839318134 5082.77493109285 Inf
"21" 62.1158052560747 4178.80013541016 334.963554177201 -Inf 3522.28363308932 3627.83411842523 3749.52706815398 3952.87065142839 4178.80013541016 4404.72961939193 4608.07320266634 4729.76615239508 4835.316637731 Inf 4363.09687892905 365.198900364125 -Inf 3647.32018702173 3762.39814310643 3895.07565643224 4116.77396385057 4363.09687892905 4609.41979400753 4831.11810142586 4963.79561475167 5078.87357083637 Inf
"22" 62.3790357290966 4170.58794424097 334.937950527557 -Inf 3514.1216241513 3619.66404151203 3741.34768938208 3944.67572965845 4170.58794424097 4396.50015882349 4599.82819909986 4721.51184696992 4827.05426433064 Inf 4357.95673805375 365.171339292207 -Inf 3642.23406485477 3757.30333616024 3889.97083649181 4111.65241263578 4357.95673805375 4604.26106347172 4825.9426396157 4958.61013994727 5073.67941125274 Inf
"23" 62.6382724993572 4162.58731400062 334.917004299288 -Inf 3506.16204776397 3611.69786475122 3733.37390281336 3936.68922743438 4162.58731400062 4388.48540056687 4591.80072518788 4713.47676325003 4819.01258023727 Inf 4351.16415104827 365.148645578965 -Inf 3635.48595670992 3750.54807699129 3883.20733265006 4104.87513230727 4351.16415104827 4597.45316978926 4819.12096944648 4951.78022510525 5066.84234538662 Inf
"24" 62.8938703051392 4155.22223612246 334.902162757672 -Inf 3498.82605877285 3604.35719903661 3726.02784513609 3929.33416002391 4155.22223612246 4381.11031222101 4584.41662710882 4706.08727320831 4811.61841347207 Inf 4342.52158989398 365.132411381373 -Inf 3626.87521399822 3741.93221871579 3874.5855764571 4096.24352095286 4342.52158989398 4588.79965883509 4810.45760333085 4943.11096107216 5058.16796578973 Inf
"25" 63.1461524874343 4148.65221067182 334.891765612033 -Inf 3492.2764113532 3597.80427536868 3719.47114416372 3922.77114734143 4148.65221067182 4374.5332740022 4577.83327717991 4699.50014597495 4805.02800999043 Inf 4332.11374151358 365.120978203861 -Inf 3616.48977423398 3731.54317623889 3864.19238028325 4085.84338413351 4332.11374151358 4578.38409889365 4800.03510274392 4932.68430678827 5047.73770879318 Inf
"26" 63.3953938040098 4142.87476867745 334.883592428655 -Inf 3486.5149885039 3592.04027706464 3713.70417652531 3916.99921807548 4142.87476867745 4368.75031927942 4572.04536082959 4693.70926029026 4799.234548851 Inf 4320.36985398349 365.112073394168 -Inf 3604.76333981018 3719.81393581732 3852.45990472596 4074.10550280629 4320.36985398349 4566.6342051607 4788.27980324102 4920.92577214966 5035.97636815681 Inf
"27" 63.6417886128185 4137.83967995457 334.877102531258 -Inf 3481.49261974617 3587.01586327303 3708.67740494059 3911.96850672187 4137.83967995457 4363.71085318726 4567.00195496854 4688.66349663611 4794.18674016296 Inf 4308.04677446068 365.105136904484 -Inf 3592.45385555733 3707.50226580473 3840.14571467237 4061.78710187467 4308.04677446068 4554.3064470467 4775.947834249 4908.59128311664 5023.63969336404 Inf
"28" 63.8854114108624 4133.53297455581 334.873565104322 -Inf 3477.19284757681 3582.7149764238 3704.37523293687 3907.66418728133 4133.53297455581 4359.4017618303 4562.69071617476 4684.35097268783 4789.87310153481 Inf 4296.13036218161 365.101452723229 -Inf 3580.54466414083 3695.59191346455 3828.23402386155 4049.87317453809 4296.13036218161 4542.38754982513 4764.02670050167 4896.66881089866 5011.71606022239 Inf
"29" 64.1262066941863 4130.00738620403 334.874158517566 -Inf 3473.66609615644 3579.18841199409 3700.84888409541 3904.13819867839 4130.00738620403 4355.87657372967 4559.16588831265 4680.82636041397 4786.34867625161 Inf 4285.67056881115 365.102163206263 -Inf 3570.08347824921 3685.1309514535 3817.77331997044 4039.41290195411 4285.67056881115 4531.92823566819 4753.56781765185 4886.2101861688 5001.25765937309 Inf
"30" 64.364006990774 4127.3578536567 334.877710705876 -Inf 3471.00960144796 3576.53303661693 3698.19479923559 3901.48627021646 4127.3578536567 4353.22943709694 4556.5209080778 4678.18267069646 4783.70610586544 Inf 4277.58534166521 365.10591913572 -Inf 3561.9908896168 3677.03954635337 3809.68327940723 4031.32514147225 4277.58534166521 4523.84554185817 4745.48740392319 4878.13113697705 4993.17979371362 Inf
"31" 64.5985370196079 4125.65968846847 334.87999056777 -Inf 3469.30696781253 3574.8311213896 3696.49371228679 3899.78656728475 4125.65968846847 4351.5328096522 4554.82566465016 4676.48825554735 4782.01240912442 Inf 4272.48153456434 365.108165461918 -Inf 3556.88267979749 3671.9320443747 3804.5765935235 4026.21981924738 4272.48153456434 4518.7432498813 4740.38647560518 4873.03102475397 4988.08038933119 Inf
"32" 64.8294774680362 4124.89750205815 334.875280071623 -Inf 3468.554013805 3574.07668305595 3695.73756262017 3899.02755805579 4124.89750205815 4350.7674460605 4554.05744149612 4675.71832106035 4781.24099031129 Inf 4270.53553365261 365.102822679245 -Inf 3554.94715054738 3669.99483155843 3802.63743966327 4024.2774219878 4270.53553365261 4516.79364531742 4738.43362764195 4871.07623574679 4986.12391675785 Inf
"33" 65.0564965042163 4124.91600275022 334.859292981231 -Inf 3468.60384861847 3574.12148017164 3695.77655159297 3899.05684187648 4124.91600275022 4350.77516362397 4554.05545390748 4675.71052532881 4781.22815688198 Inf 4271.46639388406 365.085374453337 -Inf 3555.9122086732 3670.95439156755 3803.59066069595 4025.22005086878 4271.46639388406 4517.71273689933 4739.34212707217 4871.97839620057 4987.02057909492 Inf
"34" 65.2793446003086 4125.41187310235 334.831592179522 -Inf 3469.15401154428 3574.66291428793 3696.30792195089 3899.57139613543 4125.41187310235 4351.25235006927 4554.51582425381 4676.16083191677 4781.66973466042 Inf 4274.60327149405 365.055410999247 -Inf 3559.10781357406 3674.14055467368 3806.76593801744 4028.37713852144 4274.60327149405 4520.82940446666 4742.44060497066 4875.06598831442 4990.09872941404 Inf
"35" 65.4979535045871 4125.9696132609 334.796067728617 -Inf 3469.78137834717 3575.27908696839 3696.91118852511 3900.15309717199 4125.9696132609 4351.7861293498 4555.02803799668 4676.6601395534 4782.15784817462 Inf 4279.02487676383 365.017117022648 -Inf 3563.6044736588 3678.62514792975 3811.23661899288 4032.82457268593 4279.02487676383 4525.22518084173 4746.81313453478 4879.4246055979 4994.44527986886 Inf
"36" 65.7124127487391 4126.12612013263 334.759380150032 -Inf 3470.00979155161 3575.49593953682 3697.11471242062 3900.33434943944 4126.12612013263 4351.91789082582 4555.13752784464 4676.75630072844 4782.24244871365 Inf 4283.72356413203 364.977610083191 -Inf 3568.38059320547 3683.38881843061 3815.98593654119 4037.54990707985 4283.72356413203 4529.8972211842 4751.46119172287 4884.05830983344 4999.06653505858 Inf
"37" 65.9229881842567 4125.44332824372 334.728366909464 -Inf 3469.38778449726 3574.86415988915 3696.47166559871 3899.67247566341 4125.44332824372 4351.21418082403 4554.41499088873 4676.0224965983 4781.49887199018 Inf 4287.75448328693 364.944187268344 -Inf 3572.47701987374 3687.47471322374 3820.05968875678 4041.60336958079 4287.75448328693 4533.90559699307 4755.44927781708 4888.03425335012 5003.03194670013 Inf
"38" 66.1300965788753 4123.57095597641 334.707734978438 -Inf 3467.5558500717 3573.02572412842 3694.62573421491 3897.81401942211 4123.57095597641 4349.32789253072 4552.51617773792 4674.11618782441 4779.58606188113 Inf 4290.34380816262 364.921878853157 -Inf 3575.11006843974 3690.10073217705 3822.67760301687 4044.20774125386 4290.34380816262 4536.47987507137 4758.01001330836 4890.58688414818 5005.57754788549 Inf
"39" 66.3342801169453 4120.28934966624 334.698909152691 -Inf 3464.29154206212 3569.75863500973 3691.35543865554 3894.53836604094 4120.28934966624 4346.04033329154 4549.22326067694 4670.82006432274 4776.28715727036 Inf 4290.94922209554 364.912225929721 -Inf 3575.73440175495 3690.72202375611 3823.29538766894 4044.81966598471 4290.94922209554 4537.07877820638 4758.60305652214 4891.17642043498 5006.16404243614 Inf
"40" 66.5362041376603 4115.52934205181 334.700213110748 -Inf 3459.52897873686 3564.99648257516 3686.59375995161 3889.77747892016 4115.52934205181 4341.28120518345 4544.464924152 4666.06220152845 4771.52970536675 Inf 4289.27760699836 364.913468185367 -Inf 3574.06035188144 3689.04836533022 3821.62218055709 4043.14721299883 4289.27760699836 4535.4080009979 4756.93303343963 4889.5068486665 5004.49486211528 Inf
"41" 66.7365358120893 4109.3755247249 334.708011942746 -Inf 3453.35987598012 3558.82983731116 3680.42994801935 3883.61840136101 4109.3755247249 4335.13264808879 4538.32110143045 4659.92121213864 4765.39117346969 Inf 4285.27289699443 364.921749447384 -Inf 3570.03941090221 3685.03003386243 3817.60685768887 4039.13691736855 4285.27289699443 4531.40887662032 4752.9389363 4885.51576012644 5000.50638308666 Inf
"42" 66.9359631711478 4102.05253117352 334.718218383419 -Inf 3446.01687817261 3551.49005565882 3673.09387438795 3876.28852367001 4102.05253117352 4327.81653867703 4531.01118795909 4652.61500668822 4758.08818417443 Inf 4279.08583993259 364.932710997099 -Inf 3563.83086959772 3678.82494665578 3811.40575283583 4032.94246685378 4279.08583993259 4525.22921301141 4746.76592702936 4879.34673320941 4994.34081026747 Inf
"43" 67.1351657357146 4093.89985397055 334.727617558101 -Inf 3437.84577892578 3543.32191818929 3664.92915165796 3868.12950682006 4093.89985397055 4319.67020112105 4522.87055628315 4644.47778975182 4749.95392901533 Inf 4271.03190155392 364.942898510402 -Inf 3555.75696405988 3670.7542513089 3803.33875863353 4024.88165710181 4271.03190155392 4517.18214600604 4738.72504447431 4871.30955179894 4986.30683904797 Inf
"44" 67.334711216315 4085.34043671428 334.734621163346 -Inf 3429.27263485547 3534.75098102753 3656.36075892042 3859.56536570384 4085.34043671428 4311.11550772473 4514.32011450815 4635.92989240104 4741.4082385731 Inf 4261.54722815243 364.95057124639 -Inf 3546.25725237218 3661.25695737979 3793.84425222522 4015.39180851853 4261.54722815243 4507.70264778632 4729.25020407963 4861.83749892506 4976.83720393267 Inf
"45" 67.5350636564256 4076.83572864304 334.739318030066 -Inf 3420.75872109461 3526.23854729802 3647.85003157228 3851.05748964414 4076.83572864304 4302.61396764195 4505.82142571381 4627.43290998806 4732.91273619147 Inf 4251.13726361524 364.955771004901 -Inf 3535.83709649559 3650.83844000096 3783.42762392938 4004.97833679753 4251.13726361524 4497.29619043296 4718.84690330111 4851.43608722953 4966.4374307349 Inf
"46" 67.7366316918058 4068.83068335453 334.742907123702 -Inf 3412.74664131184 3518.22759847583 3639.8403866752 3843.05002354875 4068.83068335453 4294.6113431603 4497.82098003386 4619.43376823323 4724.91472539722 Inf 4240.31927486313 364.959737040601 -Inf 3525.01133445634 3640.01392770064 3772.604552498 3994.15767299499 4240.31927486313 4486.48087673127 4708.03399722826 4840.62462202562 4955.62721526992 Inf
"47" 67.9397320158385 4061.69952386088 334.746819318294 -Inf 3405.60781405769 3511.09000399471 3632.70421350244 3835.91622531995 4061.69952386088 4287.48282240181 4490.69483421931 4612.30904372704 4717.79123366407 Inf 4229.57097283853 364.963984717652 -Inf 3514.25470713771 3629.25863886904 3761.85080685623 3983.40650595576 4229.57097283853 4475.73543972131 4697.29113882083 4829.88330680802 4944.88723853936 Inf
"48" 68.1446775025285 4055.69139549131 334.75195672529 -Inf 3399.58961655544 3505.07342534262 3626.6895012809 3829.90463182202 4055.69139549131 4281.4781591606 4484.69328970173 4606.30936564001 4711.79317442719 Inf 4219.28116639566 364.969497860803 -Inf 3503.95409513282 3618.95976411266 3751.55393503612 3973.11298095434 4219.28116639566 4465.44935183698 4687.0083977552 4819.60256867866 4934.6082376585 Inf
"49" 68.351807077509 4050.89255644484 334.758409312707 -Inf 3394.77813067002 3500.26397273433 3621.88239291092 3825.10144057147 4050.89255644484 4276.6836723182 4479.90271997876 4601.52114015535 4707.00698221966 Inf 4209.71946646113 364.976416309063 -Inf 3494.37883528887 3609.38668434342 3741.98336875339 3963.54661459737 4209.71946646113 4455.89231832489 4677.45556416887 4810.05224857884 4925.06009763339 Inf
"50" 68.5614080036015 4047.2106921152 334.765770738338 -Inf 3391.08183821126 3496.56999993704 3618.19109453474 3821.4146110357 4047.2106921152 4273.0067731947 4476.23028969566 4597.85138429336 4703.33954601913 Inf 4201.03104510851 364.98435264185 -Inf 3485.67485900982 3600.68520888503 3733.28477658106 3954.85284026963 4201.03104510851 4447.20924994739 4668.77731363595 4801.37688133199 4916.3872312072 Inf
"51" 68.773828113161 4044.37863867733 334.773868870714 -Inf 3388.2339127256 3493.72462625676 3615.34866292265 3818.57709549055 4044.37863867733 4270.18018186412 4473.40861443202 4595.0326510979 4700.52336462907 Inf 4193.24331868307 364.993154206515 -Inf 3477.86988183463 3592.88300517403 3725.48577049665 3947.05917727904 4193.24331868307 4439.4274600871 4661.00086686949 4793.60363219211 4908.61675553151 Inf
"52" 68.9893297194891 4041.98846055033 334.783454525502 -Inf 3385.82494706044 3491.31868113071 3612.94620028474 3816.18045193764 4041.98846055033 4267.79646916302 4471.03072081592 4592.65823996994 4698.15197404022 Inf 4186.30129244717 365.003628890432 -Inf 3470.9073255955 3585.92374961629 3718.53032041317 3940.1100859762 4186.30129244717 4432.49249891814 4654.07226448116 4786.67883527804 4901.69525929884 Inf
"53" 69.2080864012365 4039.54617231098 334.796349675844 -Inf 3383.35738479085 3488.85518225655 3610.48738624528 3813.72946605156 4039.54617231098 4265.3628785704 4468.60495837667 4590.2371623654 4695.73495983111 Inf 4180.10676231583 365.017707961117 -Inf 3464.68520099268 3579.70606147447 3712.31774722676 3933.90605965599 4180.10676231583 4426.30746497567 4647.8957774049 4780.50746315719 4895.52832363898 Inf
"54" 69.4301344903622 4036.54690462562 334.814729270313 -Inf 3380.32209376227 3485.82568282857 3607.46456416186 3810.71780151812 4036.54690462562 4262.37600773312 4465.62924508938 4587.26812642267 4692.77171548896 Inf 4174.56039091238 365.037690055729 -Inf 3459.09966540345 3574.12682245023 3706.74576773867 3928.34621053454 4174.56039091238 4420.77457129022 4642.37501408608 4774.99395937453 4890.0211164213 Inf
"55" 69.6552849960938 4032.56018053842 334.839649446302 -Inf 3376.28652702765 3481.79796869951 3603.4459035841 3806.71426902764 4032.56018053842 4258.4060920492 4461.67445749273 4583.32239237732 4688.83383404918 Inf 4169.59312634044 365.064675693371 -Inf 3454.07950995364 3569.11517045433 3701.74391968057 3923.3607444266 4169.59312634044 4415.82550825427 4637.44233300031 4770.07108222654 4885.10674272724 Inf
"56" 69.8830841024465 4027.30853896503 334.869475235288 -Inf 3370.97642798204 3476.49726806893 3598.15603872415 3801.44251026529 4027.30853896503 4253.17456766478 4456.46103920592 4578.11980986113 4683.64064994803 Inf 4165.17255155346 365.096883938962 -Inf 3449.5958081653 3564.64161781778 3697.28206836603 3918.9184455081 4165.17255155346 4411.42665759882 4633.06303474089 4765.70348528914 4880.74929494163 Inf
"57" 70.1129205489224 4020.71481930323 334.899218708518 -Inf 3364.32441218393 3469.85462474731 3591.52420126767 3794.82872893566 4020.71481930323 4246.6009096708 4449.9054373388 4571.57501385915 4677.10522642253 Inf 4161.27673754059 365.128938676516 -Inf 3445.63716802129 3560.69307845358 3693.34517455407 3915.00101090331 4161.27673754059 4407.55246417788 4629.20830052712 4761.8603966276 4876.9163070599 Inf
"58" 70.3440250719003 4012.90468592985 334.921518606936 -Inf 3356.4705718128 3462.00781130514 3583.68548942456 3787.00355450937 4012.90468592985 4238.80581735034 4442.12388243515 4563.80156055457 4669.33880004691 Inf 4157.84607297979 365.152918737599 -Inf 3442.15950340441 3557.22297020233 3689.88377830844 3911.55417203709 4157.84607297979 4404.13797392248 4625.80836765114 4758.46917575724 4873.53264255516 Inf
"59" 70.575496291713 4004.15976499945 334.929199040913 -Inf 3347.71059750841 3453.25025718505 3574.93072562196 3778.25345320497 4004.15976499945 4230.06607679392 4433.38880437693 4555.06927281384 4660.60893249048 Inf 4154.72835550969 365.161113561303 -Inf 3439.02572437499 3554.09177344674 3686.75555874919 3908.4309272424 4154.72835550969 4401.02578377698 4622.70115227019 4755.36493757264 4870.43098664438 Inf
"60" 70.8065494973925 3994.82668415829 334.918316823836 -Inf 3338.3988454208 3443.93507599812 3565.61159090314 3768.92771230769 3994.82668415829 4220.72565600889 4424.04177741344 4545.71829231846 4651.25452289579 Inf 4151.6421156246 365.149305120908 -Inf 3435.96262860779 3551.02495671766 3683.68445198937 3905.35265202932 4151.6421156246 4397.93157921987 4619.59977925982 4752.25927453153 4867.3216026414 Inf
"61" 71.0365313822282 3985.22689238792 334.890094789717 -Inf 3328.85436782087 3434.38170534293 3556.04796712477 3759.34695601006 3985.22689238792 4211.10682876577 4414.40581765106 4536.0720794329 4641.59941695496 Inf 4148.18560937824 365.118840467724 -Inf 3432.56583198447 3547.61856036659 3680.266987767 3901.91669387928 4148.18560937824 4394.4545248772 4616.10423098948 4748.75265838989 4863.805386772 Inf
"62" 71.2650769399945 3975.58382107334 334.85074650452 -Inf 3319.28841772813 3424.80335619797 3546.4553226667 3749.73042471054 3975.58382107334 4201.43721743615 4404.71231947999 4526.36428594871 4631.87922441855 Inf 4143.88917141655 365.076423755694 -Inf 3428.35252925071 3543.39189168752 3676.02490900902 3897.64886555509 4143.88917141655 4390.12947727801 4611.75343382408 4744.38645114557 4859.42581358239 Inf
"63" 71.4921205627183 3965.99511948623 334.809349899925 -Inf 3309.78085199511 3415.28274596607 3536.91967296301 3740.16964470892 3965.99511948623 4191.82059426354 4395.07056600945 4516.70749300639 4622.20938697735 Inf 4138.29987391704 365.031813913854 -Inf 3422.85066543456 3537.87597084816 3670.49278132215 3892.08965693666 4138.29987391704 4384.51009089742 4606.10696651192 4738.72377698592 4853.74908239952 Inf
"64" 71.7179891960978 3956.44059629069 334.774892711773 -Inf 3300.29386364735 3405.78489980144 3527.40930843089 3730.6383625336 3956.44059629069 4182.24283004777 4385.47188415049 4507.09629277994 4612.58732893402 Inf 4131.07000915414 364.994653429975 -Inf 3415.69363388171 3530.70722964195 3663.31053963555 3884.88485653925 4131.07000915414 4377.25516176903 4598.82947867274 4731.43278866633 4846.44638442657 Inf
"65" 71.943440038852 3946.81951903083 334.75388844444 -Inf 3290.71395399499 3396.19837148689 3517.81514922272 3721.03145243677 3946.81951903083 4172.60758562489 4375.82388883895 4497.44066657478 4602.92508406667 Inf 4122.02909790175 364.971934269186 -Inf 3406.69725136623 3521.70368808359 3654.29874415924 3875.85926912795 4122.02909790175 4368.19892667556 4589.75945164427 4722.35450771992 4837.36094443728 Inf
"66" 72.169705186355 3936.99947402934 334.749429474325 -Inf 3280.90264841433 3386.38566083856 3508.00081862135 3711.21441496492 3936.99947402934 4162.78453309375 4365.99812943732 4487.61328722012 4593.09629964434 Inf 4111.22821411516 364.967012256398 -Inf 3395.90601454743 3510.91090028758 3643.50416818584 3865.06170518853 4111.22821411516 4357.39472304179 4578.95226004448 4711.54552794274 4826.55041368289 Inf
"67" 72.3983487516855 3926.87458123763 334.761721360787 -Inf 3270.75366396786 3376.24054969282 3497.86017314331 3701.08123142179 3926.87458123763 4152.66793105348 4355.88898933195 4477.50861278244 4582.99549850741 Inf 4098.97038116566 364.980190599978 -Inf 3383.62235251913 3498.63139089184 3631.22944650949 3852.79498358136 4098.97038116566 4345.14577874995 4566.71131582183 4699.30937143947 4814.31840981218 Inf
"68" 72.6311610574924 3916.42019423475 334.789454241736 -Inf 3260.24492151713 3365.74054616013 3487.37024502344 3690.60813887496 3916.42019423475 4142.23224959454 4345.47014344607 4467.09984230938 4572.59546695238 Inf 4085.82706325752 365.010162424563 -Inf 3370.42029091426 3485.43877371933 3618.04771816263 3839.63144998474 4085.82706325752 4332.02267653029 4553.60640835241 4686.21535279571 4801.23383560078 Inf
"69" 72.8701644065663 3905.74002660326 334.831154652623 -Inf 3249.48302258215 3354.99178745654 3476.63663616508 3679.89984474374 3905.74002660326 4131.58020846277 4334.84341704143 4456.48826574997 4561.99703062436 Inf 4072.6294328504 365.055396101433 -Inf 3357.13400412959 3472.16674053475 3604.79211846611 3826.40330992622 4072.6294328504 4318.85555577459 4540.4667472347 4673.09212516605 4788.12486157122 Inf
"70" 73.1175752578223 3895.10964163617 334.885549534057 -Inf 3238.74602560651 3344.27193087144 3465.93654135253 3669.23277098666 3895.10964163617 4120.98651228567 4324.2827419198 4445.9473524009 4551.47325766583 Inf 4060.42409702802 365.114457766095 -Inf 3344.8129095716 3459.86425691904 3592.51109207491 3814.15813761639 4060.42409702802 4306.69005643965 4528.33710198112 4660.983937137 4776.03528448443 Inf
