"mid_age" "mean_left" "std_left" "min_left" "l.q2.5" "l.q5" "l.q10" "l.q25" "l.q50" "l.q75" "l.q90" "l.q95" "l.q97.5" "max_left" "mean_right" "std_right" "min_right" "r.q2.5" "r.q5" "r.q10" "r.q25" "r.q50" "r.q75" "r.q90" "r.q95" "r.q97.5" "max_right"
"1" 30 3.66579556265633e-09 2337.58036273921 -Inf -4581.57332193326 -3844.97753793846 -2995.72977345109 -1576.67399492357 3.66579556265633e-09 1576.6739949309 2995.72977345842 3844.97753794579 4581.57332194059 Inf 3.44632910382266e-09 2452.72399571027 -Inf -4807.25069560585 -4034.37196025149 -3143.29227654785 -1654.33719516311 3.44632910382266e-09 1654.33719517 3143.29227655475 4034.37196025838 4807.25069561274 Inf
"2" 30.7070707070707 3.77395229124461e-08 2337.58036273921 -Inf -4581.57332189919 -3844.97753790439 -2995.72977341701 -1576.6739948895 3.77395229124461e-08 1576.67399496498 2995.72977349249 3844.97753797987 4581.57332197467 Inf 3.56204172314744e-08 2452.72399571027 -Inf -4807.25069557367 -4034.37196021932 -3143.29227651568 -1654.33719513093 3.56204172314744e-08 1654.33719520217 3143.29227658692 4034.37196029056 4807.25069564491 Inf
"3" 31.4141414141414 3.51300683836011e-07 2337.58036273921 -Inf -4581.57332158563 -3844.97753759083 -2995.72977310345 -1576.67399457594 3.51300683836011e-07 1576.67399527854 2995.72977380605 3844.97753829343 4581.57332228823 Inf 3.32920398291728e-07 2452.72399571027 -Inf -4807.25069527637 -4034.37195992202 -3143.29227621838 -1654.33719483363 3.32920398291728e-07 1654.33719549947 3143.29227688422 4034.37196058786 4807.25069594221 Inf
"4" 32.1212121212121 2.95643403405735e-06 2337.58036273921 -Inf -4581.57331898049 -3844.9775349857 -2995.72977049832 -1576.6739919708 2.95643403405735e-06 1576.67399788367 2995.72977641119 3844.97754089856 4581.57332489336 Inf 2.81340888369144e-06 2452.72399571027 -Inf -4807.25069279588 -4034.37195744153 -3143.29227373789 -1654.33719235314 2.81340888369144e-06 1654.33719797996 3143.29227936471 4034.37196306834 4807.2506984227 Inf
"5" 32.8282828282828 2.24909440421238e-05 2337.58036273921 -Inf -4581.57329944598 -3844.97751545119 -2995.72975096381 -1576.67397243629 2.24909440421238e-05 1576.67401741818 2995.7297959457 3844.97756043307 4581.57334442787 Inf 2.14941195603702e-05 2452.72399571027 -Inf -4807.25067411517 -4034.37193876082 -3143.29225505718 -1654.33717367243 2.14941195603702e-05 1654.33721666067 3143.29229804542 4034.37198174905 4807.25071710341 Inf
"6" 33.5353535353535 0.00015464321608874 2337.58036273921 -Inf -4581.5731672937 -3844.97738329891 -2995.72961881153 -1576.67384028402 0.00015464321608874 1576.67414957045 2995.72992809796 3844.97769258534 4581.57347658014 Inf 0.000148434098742455 2452.72399571026 -Inf -4807.25054717518 -4034.37181182083 -3143.29212811719 -1654.33704673245 0.000148434098742455 1654.33734360065 3143.29242498539 4034.37210868903 4807.25084404338 Inf
"7" 34.2424242424242 0.00096085694512984 2337.58036273904 -Inf -4581.57236107964 -3844.9765770849 -2995.72881259758 -1576.67303407017 0.00096085694512984 1576.67495578406 2995.73073431147 3844.97849879879 4581.57428279353 Inf 0.000926392503679905 2452.7239957101 -Inf -4807.24976921646 -4034.37103386215 -3143.29135015858 -1654.33626877393 0.000926392503679905 1654.33812155894 3143.29320294358 4034.37288664716 4807.25162200146 Inf
"8" 34.9494949494949 0.00539383033652023 2337.58036273392 -Inf -4581.56792809622 -3844.97214410309 -2995.72437961764 -1576.66860109333 0.00539383033652023 1576.67938875401 2995.73516727831 3844.98293176376 4581.5787157569 Inf 0.0052240622624915 2452.72399570508 -Inf -4807.24547153686 -4034.36673618414 -3143.28705248239 -1654.33197110079 0.0052240622624915 1654.34241922531 3143.29750060691 4034.37718430866 4807.25591966138 Inf
"9" 35.6565656565657 0.0273485706509884 2337.58036260818 -Inf -4581.54597310946 -3844.95018915595 -2995.70242471618 -1576.64664626821 0.0273485706509884 1576.70134340951 2995.75712185748 3845.00488629725 4581.60067025076 Inf 0.0266108958480367 2452.72399558145 -Inf -4807.22408446098 -4034.34534914721 -3143.26566549037 -1654.31058418382 0.0266108958480367 1654.36380597552 3143.31888728207 4034.39857093891 4807.27730625268 Inf
"10" 36.3636363636364 0.125209623523032 2337.58036009743 -Inf -4581.44810713562 -3844.85232397327 -2995.60456044565 -1576.54878352186 0.125209623523032 1576.79920276891 2995.8549796927 3845.10274322031 4581.69852638266 Inf 0.122408582238183 2452.7239931072 -Inf -4807.12828192514 -4034.24954739104 -3143.1698646331 -1654.21478482857 0.122408582238183 1654.45960199305 3143.41468179757 4034.49436455551 4807.37309908961 Inf
"11" 37.0707070707071 0.517426561600284 2337.58031942679 -Inf -4581.05581048454 -3844.46004013794 -2995.21229138605 -1576.15653915185 0.517426561600284 1577.19139227505 2996.24714450925 3845.49489326113 4582.09066360774 Inf 0.508279071907845 2452.72395292396 -Inf -4806.74233267778 -4033.86361080583 -3142.78394264654 -1653.82888723572 0.508279071907845 1654.84544537954 3143.80050079036 4034.88016894964 4807.75889082159 Inf
"12" 37.7777777777778 1.92921986647922 2337.5797859135 -Inf -4579.64297151283 -3843.04736928179 -2993.79981435638 -1574.74438599773 1.92921986647922 1578.60282573069 2997.65825408934 3846.90580901474 4583.50141124579 Inf 1.90430503656281 2452.72342430757 -Inf -4805.34527064403 -4032.46671534458 -3141.38723923272 -1652.43250472473 1.90430503656281 1656.24111479785 3145.19584930584 4036.2753254177 4809.15388071715 Inf
"13" 38.4848484848485 6.4866416769765 2337.57413083346 -Inf -4575.07446594911 -3838.48064569237 -2989.2351452692 -1570.1831498937 6.4866416769765 1583.15643324766 3002.20842862315 3851.45392904632 4588.04774930307 Inf 6.43407554906014 2452.71780363765 -Inf -4800.80448382091 -4027.92769965277 -3136.85026554188 -1647.89894312798 6.43407554906014 1660.7670942261 3149.71841664 4040.79585075089 4813.67263491903 Inf
"14" 39.1919191919192 19.6568811955627 2337.525829158 -Inf -4561.80955688625 -3825.23095698772 -2976.00300466281 -1556.98033139011 19.6568811955627 1596.29409378123 3015.31676705394 3864.54471937885 4601.12331927737 Inf 19.5923280534705 2452.66963071842 -Inf -4787.55181412978 -4014.69020974744 -3123.63027695741 -1634.70819848331 19.5923280534705 1673.89285459025 3162.81493306436 4053.87486585438 4826.73647023672 Inf
"15" 39.8989898989899 53.6522767844199 2337.19453240693 -Inf -4527.16483159709 -3790.69062673627 -2941.58303520396 -1522.76147953838 53.6522767844199 1630.06603310722 3048.8875887728 3897.99518030511 4634.46938516593 Inf 53.732408633867 2452.33796231744 -Inf -4752.76167542866 -3980.00458319476 -3089.0651462185 -1600.34441096599 53.732408633867 1707.80922823372 3196.52996348624 4087.46940046249 4860.22649269639 Inf
"16" 40.6060606060606 131.808612907987 2335.37738502657 -Inf -4445.44695205341 -3709.54534915341 -2861.09793101026 -1443.37949613216 131.808612907987 1706.99672194813 3124.71515682624 3973.16257496938 4709.06417786939 Inf 132.620783047584 2450.51114557201 -Inf -4670.29280598755 -3898.11136263155 -3007.83561194472 -1520.223867382 132.620783047584 1785.46543347716 3273.07717803989 4163.35292872671 4935.53437208271 Inf
"17" 41.3131313131313 291.265265239734 2327.44307879178 -Inf -4270.43934525918 -3537.03792443403 -2691.47305610182 -1278.57123557014 291.265265239734 1861.1017660496 3274.00358658129 4119.5684549135 4852.96987573865 Inf 294.363765558725 2442.49782783815 -Inf -4492.84400932136 -3723.18764538195 -2835.82314954654 -1353.0759841943 294.363765558725 1941.80351531175 3424.55068066399 4311.9151764994 5081.57154043881 Inf
"18" 42.020202020202 578.602198346347 2299.96556457507 -Inf -3929.24747390312 -3204.50450240845 -2368.9222716335 -972.701000763481 578.602198346347 2129.90539745618 3526.1266683262 4361.70889910114 5086.45187059581 Inf 587.183146162273 2414.6080142506 -Inf -4145.36159855068 -3384.49360374392 -2507.26153467713 -1041.44521019107 587.183146162273 2215.81150251562 3681.62782700167 4558.85989606847 5319.72789087523 Inf
"19" 42.7272727272727 1033.02633220594 2224.54921758819 -Inf -3327.01001610366 -2626.03151667605 -1817.84820022522 -467.409313864008 1033.02633220594 2533.46197827588 3883.90086463709 4692.08418108792 5393.06268051554 Inf 1052.29635921006 2337.65678919423 -Inf -3529.42675582618 -2792.80688906381 -1943.53135868777 -524.42918457773 1052.29635921006 2629.02190299786 4048.1240771079 4897.39960748393 5634.01947424631 Inf
"20" 43.4343434343434 1658.31471895947 2059.93577525563 -Inf -2379.08521100717 -1729.97811225686 -981.599198740721 268.909152487323 1658.31471895947 3047.72028543161 4298.22863665965 5046.60755017579 5695.7146489261 Inf 1694.90677914525 2168.79024665513 -Inf -2555.84399432054 -1872.43572416242 -1084.50975679349 232.079987451131 1694.90677914525 3157.73357083936 4474.32331508399 5262.24928245291 5945.65755261104 Inf
"21" 44.1414141414141 2397.66961708671 1772.546783894 -Inf -1076.45824025783 -517.910389342505 126.059511186305 1202.10497960718 2397.66961708671 3593.23425456624 4669.27972298711 5313.24962351592 5871.79747443125 Inf 2457.91777480376 1872.40090347579 -Inf -1211.92056062905 -621.907642385609 58.3394656272349 1195.00255715145 2457.91777480376 3720.83299245606 4857.49608398028 5537.74319199312 6127.75611023656 Inf
"22" 44.8484848484848 3134.8754192969 1370.46551690308 -Inf 448.812364112801 880.660243206949 1378.55319058487 2210.5104751486 3134.8754192969 4059.2403634452 4891.19764800892 5389.09059538684 5820.93847448099 Inf 3222.9352987367 1455.56766576694 -Inf 370.075096772473 828.739544426669 1357.55027791699 2241.16982746007 3222.9352987367 4204.70077001334 5088.32031955642 5617.13105304674 6075.79550070093 Inf
"23" 45.5555555555556 3735.66933075672 925.971731753448 -Inf 1920.79808581778 2212.58136932753 2548.98880827805 3111.11088871771 3735.66933075672 4360.22777279574 4922.3498532354 5258.75729218592 5550.54057569567 Inf 3853.12898425269 992.518734879128 -Inf 1907.82800990834 2220.58094336947 2581.165045736 3183.68527069914 3853.12898425269 4522.57269780624 5125.09292276938 5485.67702513591 5798.42995859704 Inf
"24" 46.2626262626263 4112.91360945869 562.224112278025 -Inf 3010.97459815376 3188.13723921861 3392.39441818186 3733.69920841407 4112.91360945869 4492.12801050331 4833.43280073552 5037.68997969877 5214.85262076362 Inf 4259.94148039304 611.914630071174 -Inf 3060.61084384039 3253.4314817358 3475.74132824568 3847.211334415 4259.94148039304 4672.67162637107 5044.1416325404 5266.45147905028 5459.27211694569 Inf
"25" 46.969696969697 4271.60628863526 385.486515728208 -Inf 3516.06660128214 3637.53739509884 3777.58544090745 4011.59958493779 4271.60628863526 4531.61299233274 4765.62713636308 4905.67518217169 5027.14597598838 Inf 4446.58567381713 425.221995261349 -Inf 3613.16587767062 3747.15773265196 3901.64176008595 4159.77779645542 4446.58567381713 4733.39355117883 4991.52958754831 5146.0136149823 5280.00546996363 Inf
"26" 47.6767676767677 4297.06405265886 348.346306154749 -Inf 3614.31783844799 3724.08536754508 3850.64029865457 4062.10803963882 4297.06405265886 4532.02006567891 4743.48780666316 4870.04273777265 4979.81026686974 Inf 4491.8232051448 384.573154492911 -Inf 3738.07367291774 3859.25665714897 3998.97287693799 4232.43255423876 4491.8232051448 4751.21385605085 4984.67353335162 5124.38975314064 5245.57273737187 Inf
"27" 48.3838383838384 4293.35720843387 338.441008628591 -Inf 3630.02502063043 3736.67128788202 3859.62760398141 4065.08221706787 4293.35720843387 4521.63219979988 4727.08681288634 4850.04312898573 4956.68939623732 Inf 4487.96986496577 373.755445681507 -Inf 3755.4226524043 3873.19686454368 4008.98298842182 4235.87564777363 4487.96986496577 4740.06408215792 4966.95674150973 5102.74286538786 5220.51707752724 Inf
"28" 49.0909090909091 4319.43679001243 333.513505385587 -Inf 3665.76233109897 3770.85589104165 3892.02203505526 4094.48534907789 4319.43679001243 4544.38823094697 4746.8515449696 4868.01768898321 4973.11124892588 Inf 4487.60746040389 368.395264697262 -Inf 3765.56600952216 3881.65117311485 4015.4899321919 4239.12863034482 4487.60746040389 4736.08629046297 4959.72498861589 5093.56374769293 5209.64891128563 Inf
"29" 49.7979797979798 4368.39343884916 332.373332106274 -Inf 3716.95367849929 3821.68795803221 3942.43987474309 4144.21103310496 4368.39343884916 4592.57584459336 4794.34700295523 4915.09891966611 5019.83319919903 Inf 4497.92713940486 367.134775728627 -Inf 3778.35620150456 3894.04417196761 4027.42499280397 4250.29849623536 4497.92713940486 4745.55578257435 4968.42928600574 5101.8101068421 5217.49807730515 Inf
"30" 50.5050505050505 4397.1653961295 332.063563478864 -Inf 3746.33277113289 3850.96943936286 3971.60881649284 4173.19192614942 4397.1653961295 4621.13886610958 4822.72197576616 4943.36135289614 5047.9980211261 Inf 4509.11384958355 366.799296230782 -Inf 3790.20043941658 3905.7826968151 4039.04163725834 4261.71148389675 4509.11384958355 4756.51621527035 4979.18606190877 5112.445002352 5228.02725975052 Inf
"31" 51.2121212121212 4377.01165062321 331.76596448276 -Inf 3726.76230894081 3831.30520064469 3951.83645944592 4153.23890811567 4377.01165062321 4600.78439313075 4802.18684180051 4922.71810060173 5027.26099230562 Inf 4516.57365180267 366.465986736584 -Inf 3798.31351624003 3913.79074436465 4046.92859278155 4269.39609995335 4516.57365180267 4763.75120365199 4986.21871082379 5119.35655924069 5234.83378736531 Inf
"32" 51.9191919191919 4323.19052882069 331.207108194053 -Inf 3674.03652533669 3778.40331563559 3898.7315407951 4099.79472915172 4323.19052882069 4546.58632848966 4747.64951684628 4867.97774200579 4972.3445323047 Inf 4520.02995323511 365.860388874508 -Inf 3802.95676767126 3918.243165637 4051.16099910223 4273.2608709365 4520.02995323511 4766.79903553372 4988.89890736799 5121.81674083322 5237.10313879897 Inf
"33" 52.6262626262626 4278.97353841417 330.904508809425 -Inf 3630.41261882578 3734.68405692439 3854.90234710368 4055.78183892854 4278.97353841417 4502.1652378998 4703.04472972466 4823.26301990395 4927.53445800256 Inf 4515.37536652718 365.524617001282 -Inf 3798.96028174187 3914.14087451257 4046.93672136409 4268.83275891547 4515.37536652718 4761.91797413889 4983.81401169026 5116.60985854178 5231.79045131249 Inf
"34" 53.3333333333333 4269.92563689313 330.688651971302 -Inf 3621.78778893328 3725.99120830645 3846.13107725148 4046.87953063233 4269.92563689313 4492.97174315394 4693.72019653479 4813.86006547982 4918.06348485299 Inf 4497.24808349725 365.289771778122 -Inf 3781.29328689127 3896.39987749973 4029.11040459757 4250.86387658144 4497.24808349725 4743.63229041306 4965.38576239693 5098.09628949477 5213.20288010322 Inf
"35" 54.040404040404 4279.87139693692 330.637433311309 -Inf 3631.83393570599 3736.02121554888 3856.14247664916 4056.8598371373 4279.87139693692 4502.88295673653 4703.60031722467 4823.72157832495 4927.90885816785 Inf 4470.06565117841 365.233170103888 -Inf 3754.2217918154 3869.31054665005 4002.00051024296 4223.71962151172 4470.06565117841 4716.41168084511 4938.13079211387 5070.82075570678 5185.90951054143 Inf
"36" 54.7474747474747 4279.69615646255 330.67638785766 -Inf 3631.58234572374 3735.78190054767 3855.91731391494 4056.6583222207 4279.69615646255 4502.73399070441 4703.47499901017 4823.61041237744 4927.80996720136 Inf 4451.96413878155 365.274419473574 -Inf 3736.03943213957 3851.14118507785 3983.8461346518 4205.5902868378 4451.96413878155 4698.3379907253 4920.0821429113 5052.78709248525 5167.88884542353 Inf
"37" 55.4545454545455 4270.40697125641 330.584797626934 -Inf 3622.47267407115 3726.64336786473 3846.74550631237 4047.43091368639 4270.40697125641 4493.38302882642 4694.06843620045 4814.17057464809 4918.34126844166 Inf 4461.12856614282 365.176167851179 -Inf 3745.39642914215 3860.46722197657 3993.13647653356 4214.82098391132 4461.12856614282 4707.43614837432 4929.12065575208 5061.78991030907 5176.86070314348 Inf
"38" 56.1616161616162 4276.72748242904 330.568036379384 -Inf 3628.82603668532 3732.99144883618 3853.08749788803 4053.7627301487 4276.72748242904 4499.69223470938 4700.36746697004 4820.46351602189 4924.62892817276 Inf 4493.2290005249 365.156015299474 -Inf 3777.53636179978 3892.60080435642 4025.26273744983 4246.93501098296 4493.2290005249 4739.52299006684 4961.19526359997 5093.85719669339 5208.92163925003 Inf
"39" 56.8686868686869 4299.28477133324 330.525029168496 -Inf 3651.46761817394 3755.6194783072 3875.69990275068 4076.34902697583 4299.28477133324 4522.22051569065 4722.8696399158 4842.95006435928 4947.10192449254 Inf 4516.72511423953 365.109796484167 -Inf 3801.12306272781 3916.17294125703 4048.81808295957 4270.46229881478 4516.72511423953 4762.98792966428 4984.63214551948 5117.27728722202 5232.32716575125 Inf
"40" 57.5757575757576 4302.2585325848 330.477392392383 -Inf 3654.53474579102 3758.67159508273 3878.73471298725 4079.35491874461 4302.2585325848 4525.16214642499 4725.78235218236 4845.84547008688 4949.98231937858 Inf 4501.50405061209 365.057372490327 -Inf 3786.00474824023 3901.038107426 4033.66420338351 4255.27659463385 4501.50405061209 4747.73150659033 4969.34389784067 5101.96999379818 5217.00335298395 Inf
"41" 58.2828282828283 4263.12589122615 330.457740329921 -Inf 3615.44062176702 3719.57127849029 3839.62725676001 4040.23553250066 4263.12589122615 4486.01624995164 4686.62452569229 4806.68050396201 4910.81116068529 Inf 4453.51258417576 365.035368655176 -Inf 3738.05640852831 3853.08283407773 3985.70093599657 4207.2999695588 4453.51258417576 4699.72519879272 4921.32423235495 5053.94233427379 5168.9687598232 Inf
"42" 58.989898989899 4210.66350279065 330.409383566904 -Inf 3563.07301084544 3667.18842985183 3787.22684000986 3987.80576020617 4210.66350279065 4433.52124537513 4634.10016557144 4754.13857572947 4858.25399473586 Inf 4409.4880573968 364.982941591456 -Inf 3694.13463690606 3809.14454214468 3941.7435972032 4163.31080429695 4409.4880573968 4655.66531049665 4877.23251759041 5009.83157264892 5124.84147788754 Inf
"43" 59.6969696969697 4189.38752260997 330.353662958511 -Inf 3541.90624105041 3646.00410191596 3766.0222686621 3966.56736300473 4189.38752260997 4412.20768221522 4612.75277655785 4732.77094330398 4836.86880416954 Inf 4393.88070492687 364.920963667387 -Inf 3678.64875893514 3793.63913428794 3926.21567263888 4147.74525530154 4393.88070492687 4640.0161545522 4861.54573721485 4994.12227556579 5109.11265091859 Inf
"44" 60.4040404040404 4201.02652379896 330.275933965119 -Inf 3553.697588267 3657.77095592165 3777.76088356426 3978.25879160305 4201.02652379896 4423.79425599488 4624.29216403367 4744.28209167627 4848.35545933093 Inf 4394.64907091602 364.836540309426 -Inf 3679.58259166535 3794.54636434364 3927.0922315146 4148.57056398031 4394.64907091602 4640.72757785173 4862.20591031744 4994.75177748841 5109.71555016669 Inf
"45" 61.1111111111111 4208.13025309869 330.266419156136 -Inf 3560.81996624966 3664.89033568945 3784.87680658234 3985.36893854392 4208.13025309869 4430.89156765347 4631.38369961505 4751.37017050794 4855.44053994773 Inf 4388.04489618252 364.825424199959 -Inf 3673.00020410605 3787.96047398311 3920.50230264859 4141.97388694871 4388.04489618252 4634.11590541633 4855.58748971645 4988.12931838193 5103.08958825898 Inf
"46" 61.8181818181818 4188.57329308746 330.204685743782 -Inf 3541.38400150328 3645.43491810543 3765.39896112235 3965.85361708656 4188.57329308746 4411.29296908836 4611.74762505257 4731.71166806949 4835.76258467164 Inf 4370.38765497841 364.75730165338 -Inf 3655.47648063977 3770.41528439682 3902.9323640007 4124.36259370403 4370.38765497841 4616.41271625279 4837.84294595612 4970.36002556 5085.29882931705 Inf
"47" 62.5252525252525 4159.15130623895 330.069824346623 -Inf 3512.22633813611 3616.23475851518 3736.14980610851 3936.52259286814 4159.15130623895 4381.78001960977 4582.1528063694 4702.06785396273 4806.0762743418 Inf 4351.86921867387 364.61029872562 -Inf 3637.24616477927 3752.13864639118 3884.60231952837 4105.94330936751 4351.86921867387 4597.79512798024 4819.13611781938 4951.59979095657 5066.49227256848 Inf
"48" 63.2323232323232 4144.42964709948 330.027105158201 -Inf 3497.5884070674 3601.58336618772 3721.48289381184 3921.82974738339 4144.42964709948 4367.02954681557 4567.37640038713 4687.27592801124 4791.27088713157 Inf 4334.02215149832 364.562608882063 -Inf 3619.49256797952 3734.37002202777 3866.81636934649 4088.12840850263 4334.02215149832 4579.91589449402 4801.22793365015 4933.67428096887 5048.55173501713 Inf
"49" 63.9393939393939 4146.11619520866 330.030817277426 -Inf 3499.26767955659 3603.26380840413 3723.16468464881 3923.5137917062 4146.11619520866 4368.71859871112 4569.06770576851 4688.9685820132 4792.96471086074 Inf 4312.53055790628 364.567212673295 -Inf 3597.99195112246 3712.87085587302 3845.31887575858 4066.63370970058 4312.53055790628 4558.42740611197 4779.74224005397 4912.19025993953 5027.06916469009 Inf
"50" 64.6464646464646 4149.6481019093 330.068953869755 -Inf 3502.72483990977 3606.73298599255 3726.64771733984 3927.0199756662 4149.6481019093 4372.27622815239 4572.64848647875 4692.56321782604 4796.57136390883 Inf 4293.2059124415 364.608441988944 -Inf 3578.5864976839 3693.47839421886 3825.94139279979 4047.28125548499 4293.2059124415 4539.130569398 4760.47043208321 4892.93343066414 5007.82532719909 Inf
"51" 65.3535353535354 4143.38373210211 330.002659176727 -Inf 3496.59040531328 3600.57766125164 3720.46830760029 3920.80032094996 4143.38373210211 4365.96714325426 4566.29915660392 4686.18980295258 4790.17705889094 Inf 4285.32419741437 364.535349544702 -Inf 3570.84804121504 3685.71690556374 3818.15334950901 4039.44884056232 4285.32419741437 4531.19955426642 4752.49504531973 4884.931489265 4999.80035361371 Inf
"52" 66.0606060606061 4123.73829546023 329.856009403463 -Inf 3477.23239694534 3581.1734420212 3701.01081020493 3901.25379807701 4123.73829546023 4346.22279284345 4546.46578071553 4666.30314889925 4770.24419397512 Inf 4283.09281096568 364.375537299918 -Inf 3568.92988101041 3683.74838686552 3816.12677069282 4037.3252458347 4283.09281096568 4528.86037609666 4750.05885123854 4882.43723506584 4997.25574092095 Inf
"53" 66.7676767676768 4094.10067800121 329.857508088319 -Inf 3447.59184211798 3551.53335944497 3671.37127210399 3871.61516977042 4094.10067800121 4316.58618623201 4516.83008389844 4636.66799655746 4740.60951388445 Inf 4270.68032611775 364.376368598384 -Inf 3556.51576684743 3671.33453465329 3803.71322049303 4024.91220028447 4270.68032611775 4516.44845195103 4737.64743174246 4870.02611758221 4984.84488538807 Inf
"54" 67.4747474747475 4065.33778713378 329.893793026192 -Inf 3418.75783407913 3522.71078516587 3642.56188021761 3842.8278050843 4065.33778713378 4287.84776918325 4488.11369404994 4607.96478910169 4711.91774018842 Inf 4243.50724194155 364.416377809404 -Inf 3529.26426605858 3644.09564118124 3776.48886244982 3997.71213030553 4243.50724194155 4489.30235357758 4710.52562143329 4842.91884270187 4957.75021782452 Inf
"55" 68.1818181818182 4048.11095824791 329.883453972093 -Inf 3401.55126936694 3505.50096251064 3625.34830136272 3825.60794978446 4048.11095824791 4270.61396671137 4470.87361513311 4590.72095398519 4694.67064712889 Inf 4210.81828759386 364.405011759127 -Inf 3496.59758876008 3611.42538232257 3743.81447428166 3965.03084224225 4210.81828759386 4456.60573294548 4677.82210090607 4810.21119286516 4925.03898642765 Inf
"56" 68.8888888888889 4040.16250468837 329.879209706537 -Inf 3393.61113441502 3497.55949014669 3617.40528704834 3817.66235893853 4040.16250468837 4262.66265043821 4462.9197223284 4582.76551923005 4686.71387496172 Inf 4180.84860771836 364.400523452833 -Inf 3466.63670580327 3581.46308505396 3713.85054640211 3935.06418968334 4180.84860771836 4426.63302575339 4647.84666903461 4780.23413038277 4895.06050963346 Inf
"57" 69.5959595959596 4028.67673210707 329.943976491834 -Inf 3381.99842126715 3485.96718568369 3605.83651249195 3806.13290182439 4028.67673210707 4251.22056238975 4451.51695172219 4571.38627853046 4675.355042947 Inf 4157.06388781081 364.471666133826 -Inf 3442.7125488032 3557.56134584954 3689.97465348035 3911.23148476665 4157.06388781081 4402.89629085496 4624.15312214126 4756.56642977208 4871.41522681841 Inf
"58" 70.3030303030303 4006.59857959184 330.052542531936 -Inf 3359.70748322337 3463.71045792363 3583.61922699806 3783.98152262789 4006.59857959184 4229.21563655579 4429.57793218562 4549.48670126005 4653.48967596031 Inf 4143.52859892815 364.590259209761 -Inf 3428.9448217629 3543.8309887158 3676.28738145557 3897.61620606984 4143.52859892815 4389.44099178647 4610.76981640074 4743.22620914051 4858.11237609341 Inf
"59" 71.010101010101 3977.52825321405 330.016784318134 -Inf 3330.70724165679 3434.69894857351 3554.59472661515 3754.9353147988 3977.52825321405 4200.1211916293 4400.46177981295 4520.3575578546 4624.34926477132 Inf 4137.18912275239 364.550955300177 -Inf 3422.68237983437 3537.55616171827 3669.99827526666 3891.30323997823 4137.18912275239 4383.07500552655 4604.37997023811 4736.82208378651 4851.6958656704 Inf
"60" 71.7171717171717 3944.33589781225 329.866315450055 -Inf 3297.80979981722 3401.75409243511 3521.59520482681 3721.84444910624 3944.33589781225 4166.82734651826 4367.0765907977 4486.91770318939 4590.86199580729 Inf 4119.84369957533 364.386618166267 -Inf 3405.65905152109 3520.48104907196 3652.86345860084 3874.06866051357 4119.84369957533 4365.61873863709 4586.82394054981 4719.20635007869 4834.02834762956 Inf
"61" 72.4242424242424 3906.17607339324 329.855589097038 -Inf 3259.6709986638 3363.61191129676 3483.44912678229 3683.69185950239 3906.17607339324 4128.66028728408 4328.90302000418 4448.74023548971 4552.68114812267 Inf 4079.17656356734 364.374717523739 -Inf 3365.01524034386 3479.833487879 3612.21157387992 3833.40955136699 4079.17656356734 4324.9435757677 4546.14155325476 4678.51963925568 4793.33788679083 Inf
"62" 73.1313131313131 3870.95404478093 330.04171784753 -Inf 3224.08416440404 3328.08372813412 3447.98856457839 3648.34428895566 3870.95404478093 4093.56380060619 4293.91952498346 4413.82436142773 4517.82392515781 Inf 4036.62971286096 364.578950186879 -Inf 3322.06810097326 3436.95070433592 3569.40298848436 3790.72494782267 4036.62971286096 4282.53447789926 4503.85643723757 4636.30872138601 4751.19132474867 Inf
"63" 73.8383838383838 3856.3558246691 330.244213361735 -Inf 3209.08906037734 3313.15243254131 3433.13083602332 3633.60948769504 3856.3558246691 4079.10216164316 4279.58081331488 4399.55921679688 4503.62258896086 Inf 4028.70999352685 364.800405974356 -Inf 3313.71433627153 3428.66672264657 3561.19946213911 3782.65585882978 4028.70999352685 4274.76412822393 4496.22052491459 4628.75326440714 4743.70565078218 Inf
"64" 74.5454545454545 3867.66524782884 330.31924665318 -Inf 3220.2514209882 3324.33843691948 3444.34410015094 3644.86830166878 3867.66524782884 4090.4621939889 4290.98639550673 4410.9920587382 4515.07907466947 Inf 4053.98597325573 364.88394165666 -Inf 3338.82658907166 3453.80529840542 3586.36838658355 3807.87549459717 4053.98597325573 4300.09645191429 4521.60355992791 4654.16664810604 4769.1453574398 Inf
"65" 75.2525252525253 3883.71007545235 330.550546404698 -Inf 3235.84290942911 3340.00281030779 3460.09250521579 3660.75711998067 3883.71007545235 4106.66303092403 4307.32764568891 4427.41734059691 4531.57724147559 Inf 4065.4477637837 365.137899300645 -Inf 3349.79063176383 3464.8493657816 3597.50471729529 3819.16599329729 4065.4477637837 4311.72953427012 4533.39081027211 4666.04616178581 4781.10489580358 Inf
"66" 75.959595959596 3877.48739078912 330.88064442142 -Inf 3228.97324454173 3333.2371627245 3453.44678292244 3654.31178758859 3877.48739078912 4100.66299398964 4301.52799865579 4421.73761885373 4526.0015370365 Inf 4032.12718891195 365.497489934662 -Inf 3315.76527220022 3430.93731695126 3563.72330848356 3785.60287822862 4032.12718891195 4278.65149959527 4500.53106934034 4633.31706087264 4748.48910562368 Inf
"67" 76.6666666666667 3847.02909851738 331.087762272875 -Inf 3198.10900874058 3302.43819190359 3422.72305844391 3623.71379644897 3847.02909851738 4070.34440058579 4271.33513859084 4391.62000513116 4495.94918829417 Inf 3985.11480930614 365.72957342662 -Inf 3268.29801730877 3383.54319397195 3516.4135019153 3738.4339606863 3985.11480930614 4231.79565792598 4453.81611669698 4586.68642464033 4701.93160130351 Inf
"68" 77.3737373737374 3815.66104814717 331.619482936905 -Inf 3165.69880501904 3270.19553887063 3390.67358062429 3591.9871059409 3815.66104814717 4039.33499035343 4240.64851567005 4361.12655742371 4465.62329127529 Inf 3975.77358330165 366.307488349593 -Inf 3257.82409886912 3373.25138251033 3506.33164813652 3728.70293698978 3975.77358330165 4222.84422961352 4445.21551846678 4578.29578409296 4693.72306773418 Inf
"69" 78.0808080808081 3805.06241224729 332.190145695356 -Inf 3153.98169066528 3258.65824626275 3379.34361097292 3581.00356385963 3805.06241224729 4029.12126063495 4230.78121352166 4351.46657823184 4456.1431338293 Inf 4002.12157923547 366.937161327336 -Inf 3282.93795844453 3398.56365856293 3531.87268567993 3754.62622495414 4002.12157923547 4249.61693351681 4472.37047279101 4605.67949990802 4721.30520002641 Inf
"70" 78.7878787878788 3818.76003946833 333.003056594547 -Inf 3166.08604180127 3271.01875404287 3391.99945095846 3594.15289101135 3818.76003946833 4043.36718792532 4245.52062797821 4366.5013248938 4471.4340371354 Inf 4009.65492357754 367.828422817753 -Inf 3288.72446236457 3404.63100820992 3538.26383246364 3761.55842255617 4009.65492357754 4257.7514245989 4481.04601469143 4614.67883894516 4730.5853847905 Inf
"71" 79.4949494949495 3847.64716377097 334.821720958241 -Inf 3191.4086494511 3296.91444167068 3418.5558630986 3621.81334484163 3847.64716377097 4073.48098270032 4276.73846444334 4398.37988587127 4503.88567809084 Inf 3964.39544884271 369.820460206002 -Inf 3239.56066609292 3356.09492355201 3490.45145909529 3714.95533902097 3964.39544884271 4213.83555866446 4438.33943859014 4572.69597413342 4689.23023159251 Inf
"72" 80.2020202020202 3871.51927229237 338.798894583458 -Inf 3207.4856409068 3314.24468172961 3437.33101853415 3643.00289051806 3871.51927229237 4100.03565406667 4305.70752605058 4428.79386285512 4535.55290367793 Inf 3889.74850848216 374.182155090284 -Inf 3156.36496084762 3274.27363354138 3410.21478182735 3637.36648016748 3889.74850848216 4142.13053679683 4369.28223513696 4505.22338342293 4623.13205611669 Inf
"73" 80.9090909090909 3844.40935216886 345.964690729132 -Inf 3166.33101841723 3275.34807582591 3401.03776114179 3611.05971434231 3844.40935216886 4077.75898999542 4287.78094319594 4413.47062851182 4522.4876859205 Inf 3811.36905773326 381.96118911552 -Inf 3062.73888357475 3183.0988104619 3321.86609784499 3553.74015070214 3811.36905773326 4068.99796476439 4300.87201762154 4439.63930500462 4559.99923189178 Inf
"74" 81.6161616161616 3691.97427469763 370.524965208993 -Inf 2965.75868751505 3082.51494179755 3217.12742546069 3442.0589834724 3691.97427469763 3941.88956592286 4166.82112393457 4301.43360759771 4418.18986188021 Inf 3685.9358052375 409.043439700915 -Inf 2884.22539531132 3013.11921986474 3161.72554471304 3410.04019777428 3685.9358052375 3961.83141270071 4210.14606576195 4358.75239061025 4487.64621516367 Inf
"75" 82.3232323232323 3347.37371086379 505.461489422108 -Inf 2356.68739602448 2515.96354670354 2699.59874777238 3006.44511712973 3347.37371086379 3688.30230459784 3995.14867395519 4178.78387502403 4338.06002570309 Inf 3414.17878811243 552.630353114142 -Inf 2331.04319924506 2505.18274742916 2705.95449391153 3041.4352792897 3414.17878811243 3786.92229693516 4122.40308231332 4323.1748287957 4497.3143769798 Inf
"76" 83.030303030303 2804.317364533 828.140301296905 -Inf 1181.19219984492 1442.1477863201 1743.01286491537 2245.74521958394 2804.317364533 3362.88950948205 3865.62186415062 4166.4869427459 4427.44252922108 Inf 2931.13965450322 891.204743399924 -Inf 1184.41045458811 1465.2382999655 1789.01482037828 2330.03118975385 2931.13965450322 3532.2481192526 4073.26448862817 4397.04100904094 4677.86885441833 Inf
"77" 83.7373737373737 2137.30005272073 1260.64249847102 -Inf -333.513841663054 63.7276668215113 521.721685213142 1287.00960884045 2137.30005272073 2987.59049660102 3752.87842022833 4210.87243861995 4608.11394710452 Inf 2276.21038993125 1342.32243179995 -Inf -354.693232036868 68.2864694467876 555.954975992394 1370.82766822391 2276.21038993125 3181.5931116386 3996.46580387011 4484.13431041572 4907.11401189937 Inf
"78" 84.4444444444444 1467.5352232077 1679.64441995841 -Inf -1824.50734674445 -1295.23399294969 -685.015712748249 334.632277971711 1467.5352232077 2600.43816844369 3620.08615916365 4230.30443936508 4759.57779315984 Inf 1575.73492921492 1776.95085542464 -Inf -1907.02474971501 -1347.08913024482 -701.519221450344 377.199790628841 1575.73492921492 2774.270067801 3852.98907988018 4498.55898867466 5058.49460814485 Inf
"79" 85.1515151515152 902.837477342991 1998.33611355818 -Inf -3013.82933423679 -2384.1329269113 -1658.13329747181 -445.019748698677 902.837477342991 2250.69470338466 3463.8082521578 4189.80788159728 4819.50428892278 Inf 964.71383677348 2105.71543612087 -Inf -3162.41257971348 -2498.87983565764 -1733.86907697865 -455.569641719719 964.71383677348 2384.99731526668 3663.29675052561 4428.30750920459 5091.84025326044 Inf
"80" 85.8585858585859 496.220073280781 2192.29728081538 -Inf -3800.60364052245 -3109.78806042424 -2313.32193908734 -982.461972011931 496.220073280781 1974.90211857349 3305.7620856489 4102.2282069858 4793.04378708401 Inf 519.895794781599 2304.74143066662 -Inf -3997.3144030023 -3271.06650663572 -2433.74919386472 -1034.62867705529 519.895794781599 2074.42026661849 3473.54078342791 4310.85809619892 5037.1059925655 Inf
"81" 86.5656565656566 243.293085330184 2286.67461646151 -Inf -4238.50680729632 -3517.9519512144 -2687.19834928717 -1299.04550550666 243.293085330184 1785.63167616703 3173.78451994754 4004.53812187477 4725.09297795669 Inf 245.637734263424 2401.08732183314 -Inf -4460.40694026525 -3703.79945568101 -2831.47948204112 -1373.87105363879 245.637734263424 1865.14652216563 3322.75495056797 4195.07492420785 4951.6824087921 Inf
"82" 87.2727272727273 106.30929323825 2323.15005871018 -Inf -4446.98115251581 -3714.93250678372 -2870.92730149681 -1460.63160952919 106.30929323825 1673.25019600569 3083.54588797331 3927.55109326021 4659.59973899231 Inf 101.202564647773 2438.14379910394 -Inf -4677.47147072562 -3909.18710633759 -3023.40443811675 -1543.30043735197 101.202564647773 1745.70556664752 3225.80956741229 4111.59223563313 4879.87660002116 Inf
"83" 87.979797979798 41.3627255225835 2334.2908994161 -Inf -4533.76336677259 -3798.20412674181 -2950.15143106064 -1533.09256010957 41.3627255225835 1615.81801115474 3032.8768821058 3880.92957778697 4616.48881781775 Inf 36.0224308828916 2449.41219430335 -Inf -4764.7372532449 -3992.90210081614 -3103.02560139061 -1616.08098818001 36.0224308828916 1688.1258499458 3175.07046315639 4064.94696258192 4836.78211501069 Inf
"84" 88.6868686868687 14.3118571192954 2336.97828548291 -Inf -4566.08141507938 -3829.67535186411 -2980.64632328507 -1561.95604286974 14.3118571192954 1590.57975710833 3009.27003752366 3858.2990661027 4594.70512931797 Inf 10.8803198540358 2452.11974212323 -Inf -4795.18606048715 -4022.49773169667 -3131.63757456682 -1643.04931246154 10.8803198540358 1664.80995216962 3153.39821427489 4044.25837140474 4816.94670019522 Inf
"85" 89.3939393939394 4.39501915445216 2337.49179077571 -Inf -4577.00470492397 -3840.43683087226 -2991.22124476181 -1572.21923489125 4.39501915445216 1581.00927320015 3000.01128307071 3849.22686918117 4585.79474323287 Inf 2.68035772448623 2452.63534910487 -Inf -4804.39659373088 -4031.54579184005 -3140.49831363089 -1651.59704621534 2.68035772448623 1656.95776166431 3145.85902907986 4036.90650728902 4809.75730917985 Inf
"86" 90.1010101010101 1.19396918977418 2337.56986990174 -Inf -4580.35878716362 -3843.76630957059 -2994.52235715269 -1575.47294842614 1.19396918977418 1577.86088680569 2996.91029553224 3846.15424795014 4582.74672554317 Inf 0.480954659280176 2452.71351933798 -Inf -4806.74920763765 -4033.87377349671 -3142.79789588072 -1653.84917430155 0.480954659280176 1654.81108362011 3143.75980519928 4034.83568281527 4807.71111695621 Inf
"87" 90.8080808080808 0.285420350044096 2337.57935968372 -Inf -4581.28593563424 -3844.69046771262 -2995.44306763737 -1576.38789802654 0.285420350044096 1576.95873872663 2996.01390833746 3845.2613084127 4581.85677633433 Inf 0.0311743533773851 2452.72299633558 -Inf -4807.21756251752 -4034.33914207648 -3143.25982144773 -1654.30534674519 0.0311743533773851 1654.36769545195 3143.32217015448 4034.40149078324 4807.27991122428 Inf
"88" 91.5151515151515 0.059501848572331 2337.58028522075 -Inf -4581.51366815497 -3844.91790858704 -2995.67017226228 -1576.61444079326 0.059501848572331 1576.7334444904 2995.78917595942 3845.03691228418 4581.63267185211 Inf -0.0195087705724229 2452.72391861838 -Inf -4807.27005328254 -4034.39134222064 -3143.31168652464 -1654.35665193944 -0.0195087705724229 1654.31763439829 3143.2726689835 4034.35232467949 4807.2310357414 Inf
"89" 92.2222222222222 0.0106425766386565 2337.58035788798 -Inf -4581.56266985206 -3844.96688738593 -2995.71912466101 -1576.66334907849 0.0106425766386565 1576.68463423177 2995.74040981429 3844.98817253921 4581.58395500534 Inf -0.0109693919104452 2452.72399089351 -Inf -4807.26165556055 -4034.382921724 -3143.3032397703 -1654.34816130961 -0.0109693919104452 1654.32622252579 3143.28130098647 4034.36098294018 4807.23971677672 Inf
"90" 92.9292929292929 0.00157940374249835 2337.58036249301 -Inf -4581.57174205064 -3844.97595813342 -2995.72819373549 -1576.67241535743 0.00157940374249835 1576.67557416492 2995.73135254297 3844.9791169409 4581.57490085812 Inf -0.00365813459971817 2452.72399546616 -Inf -4807.25435326546 -4034.37561798802 -3143.29593437307 -1654.34085313651 -0.00365813459971817 1654.33353686731 3143.28861810387 4034.36830171882 4807.24703699626 Inf
"91" 93.6363636363636 0.000178353465763908 2337.58036272907 -Inf -4581.57314356358 -3844.97735957198 -2995.72959508828 -1576.67381656693 0.000178353465763908 1576.67417327386 2995.72995179522 3844.97771627891 4581.57350027051 Inf -0.000951377213804999 2452.72399570022 -Inf -4807.25164696682 -4034.37291161563 -3143.29322791564 -1654.33814653699 -0.000951377213804999 1654.33624378256 3143.29132516121 4034.3710088612 4807.24974421239 Inf
"92" 94.3434343434343 1.0347762529124e-05 2337.58036273887 -Inf -4581.5733115885 -3844.97752759381 -2995.72976310655 -1576.67398457924 1.0347762529124e-05 1576.67400527477 2995.72978380208 3844.97754828933 4581.57333228402 Inf -0.00020726629615358 2452.72399570993 -Inf -4807.25090287493 -4034.37216752068 -3143.29248381716 -1654.33740243262 -0.00020726629615358 1654.33698790003 3143.29206928457 4034.37175298809 4807.25048834234 Inf
"93" 95.0505050505051 -1.4385591825112e-06 2337.5803627392 -Inf -4581.57332337547 -3844.97753938067 -2995.7297748933 -1576.67399636579 -1.4385591825112e-06 1576.67399348867 2995.72977201618 3844.97753650355 4581.57332049835 Inf -3.89661808500955e-05 2452.72399571026 -Inf -4807.25073457546 -4034.3719992211 -3143.29231551747 -1654.33723413273 -3.89661808500955e-05 1654.33715620037 3143.29223758511 4034.37192128874 4807.25065664309 Inf
"94" 95.7575757575758 -6.14014148066137e-07 2337.58036273921 -Inf -4581.57332255094 -3844.97753855614 -2995.72977406876 -1576.67399554125 -6.14014148066137e-07 1576.67399431322 2995.72977284074 3844.97753732811 4581.57332132291 Inf -6.41902087782305e-06 2452.72399571027 -Inf -4807.25070202831 -4034.37196667396 -3143.29228297032 -1654.33720158557 -6.41902087782305e-06 1654.33718874753 3143.29227013228 4034.37195383591 4807.25068919027 Inf
"95" 96.4646464646465 -1.28208781155536e-07 2337.58036273921 -Inf -4581.57332206514 -3844.97753807034 -2995.72977358296 -1576.67399505545 -1.28208781155536e-07 1576.67399479903 2995.72977332654 3844.97753781392 4581.57332180872 Inf -9.34878463506118e-07 2452.72399571027 -Inf -4807.25069654417 -4034.37196118982 -3143.29227748618 -1654.33719610143 -9.34878463506118e-07 1654.33719423167 3143.29227561642 4034.37195932006 4807.25069467441 Inf
"96" 97.1717171717172 -2.02456264838453e-08 2337.58036273921 -Inf -4581.57332195717 -3844.97753796238 -2995.729773475 -1576.67399494748 -2.02456264838453e-08 1576.67399490699 2995.72977343451 3844.97753792188 4581.57332191668 Inf -1.21066216311855e-07 2452.72399571027 -Inf -4807.25069573036 -4034.371960376 -3143.29227667237 -1654.33719528762 -1.21066216311855e-07 1654.33719504549 3143.29227643023 4034.37196013387 4807.25069548823 Inf
"97" 97.8787878787879 -2.64993102056503e-09 2337.58036273921 -Inf -4581.57332193958 -3844.97753794478 -2995.7297734574 -1576.67399492989 -2.64993102056503e-09 1576.67399492459 2995.7297734521 3844.97753793948 4581.57332193428 Inf -1.39943078735104e-08 2452.72399571027 -Inf -4807.25069562329 -4034.37196026893 -3143.29227656529 -1654.33719518055 -1.39943078735104e-08 1654.33719515256 3143.2922765373 4034.37196024094 4807.2506955953 Inf
"98" 98.5858585858586 -2.97800242529194e-10 2337.58036273921 -Inf -4581.57332193723 -3844.97753794243 -2995.72977345505 -1576.67399492753 -2.97800242529194e-10 1576.67399492694 2995.72977345445 3844.97753794183 4581.57332193663 Inf -1.44788297847578e-09 2452.72399571027 -Inf -4807.25069561074 -4034.37196025639 -3143.29227655275 -1654.337195168 -1.44788297847578e-09 1654.3371951651 3143.29227654985 4034.37196025349 4807.25069560785 Inf
"99" 99.2929292929293 -2.92362277908375e-11 2337.58036273921 -Inf -4581.57332193696 -3844.97753794216 -2995.72977345478 -1576.67399492727 -2.92362277908375e-11 1576.67399492721 2995.72977345472 3844.9775379421 4581.5733219369 Inf -1.34353121445603e-10 2452.72399571027 -Inf -4807.25069560943 -4034.37196025507 -3143.29227655143 -1654.33719516669 -1.34353121445603e-10 1654.33719516642 3143.29227655116 4034.3719602548 4807.25069560916 Inf
"100" 100 -2.53207864466859e-12 2337.58036273921 -Inf -4581.57332193693 -3844.97753794213 -2995.72977345475 -1576.67399492724 -2.53207864466859e-12 1576.67399492723 2995.72977345475 3844.97753794212 4581.57332193692 Inf -1.11985153712742e-11 2452.72399571027 -Inf -4807.2506956093 -4034.37196025495 -3143.29227655131 -1654.33719516656 -1.11985153712742e-11 1654.33719516654 3143.29227655129 4034.37196025492 4807.25069560928 Inf
