"mid_age" "mean_left" "std_left" "min_left" "l.q2.5" "l.q5" "l.q10" "l.q25" "l.q50" "l.q75" "l.q90" "l.q95" "l.q97.5" "max_left" "mean_right" "std_right" "min_right" "r.q2.5" "r.q5" "r.q10" "r.q25" "r.q50" "r.q75" "r.q90" "r.q95" "r.q97.5" "max_right"
"1" 56.5787859127115 4337.28058676493 354.665136275067 -Inf 3642.14969309381 3753.90835100965 3882.75892612753 4098.0625875955 4337.28058676493 4576.49858593436 4791.80224740233 4920.65282252021 5032.41148043605 Inf 4597.11658761141 367.49511718838 -Inf 3876.83939342786 3992.64091121715 4126.15264484865 4349.24489782074 4597.11658761141 4844.98827740208 5068.08053037418 5201.59226400568 5317.39378179496 Inf
"2" 56.9401308915521 4365.94300547258 355.514368545375 -Inf 3669.14764713715 3781.17390693736 3910.33300988966 4126.1522078413 4365.94300547258 4605.73380310387 4821.55300105551 4950.71210400781 5062.73836380802 Inf 4628.40287308542 368.387317145087 -Inf 3906.37699911972 4022.4596583564 4156.29553007136 4379.92940356883 4628.40287308542 4876.87634260202 5100.51021609949 5234.34608781444 5350.42874705113 Inf
"3" 57.3002491583208 4378.4375187033 355.900337366998 -Inf 3680.88567537833 3793.03355795194 3922.33288417277 4138.38638905793 4378.4375187033 4618.48864834867 4834.54215323383 4963.84147945466 5075.98936202827 Inf 4622.88453957531 368.788099865994 -Inf 3900.07314591101 4016.28209593419 4150.26357283783 4374.14074622141 4622.88453957531 4871.62833292922 5095.5055063128 5229.48698321644 5345.69593323962 Inf
"4" 57.6602657858007 4372.61472084641 355.630016641873 -Inf 3675.59269640696 3787.65539812021 3916.85651626436 4132.7459197594 4372.61472084641 4612.48352193342 4828.37292542846 4957.57404357261 5069.63674528586 Inf 4586.45568114572 368.499540753103 -Inf 3864.20985295009 3980.32787500802 4114.20451779111 4337.90651795579 4586.45568114572 4835.00484433565 5058.70684450032 5192.58348728341 5308.70150934135 Inf
"5" 58.0204791442037 4350.36667785478 354.984902010405 -Inf 3654.6090548589 3766.46847426995 3895.43522093865 4110.9329999744 4350.36667785478 4589.80035573516 4805.29813477091 4934.2648814396 5046.12430085065 Inf 4532.14781609527 367.822279907932 -Inf 3811.22939476431 3927.13400491515 4060.76459743708 4284.05545840362 4532.14781609527 4780.24017378692 5003.53103475347 5137.16162727539 5253.06623742623 Inf
"6" 58.3805642476341 4317.28383148799 354.421079672237 -Inf 3622.63127996861 3734.31303312106 3863.07494197203 4078.23044599564 4317.28383148799 4556.33721698034 4771.49272100395 4900.25462985493 5011.93638300738 Inf 4475.95065015868 367.234403865767 -Inf 3756.18444469774 3871.90380901872 4005.32082496267 4228.25480883186 4475.95065015868 4723.64649148551 4946.5804753547 5079.99749129865 5195.71685561962 Inf
"7" 58.7398179976595 4281.08858549459 354.241343339354 -Inf 3586.78831071437 3698.41342708669 3827.11003735742 4042.1564303165 4281.08858549459 4520.02074067268 4735.06713363176 4863.76374390249 4975.38886027481 Inf 4431.67121856513 367.048468491087 -Inf 3712.26943974202 3827.93021390059 3961.27967913963 4184.10078874273 4431.67121856513 4679.24164838754 4902.06275799063 5035.41222322968 5151.07299738825 Inf
"8" 59.0969031779415 4249.3455216354 354.472327971034 -Inf 3554.59252529611 3666.29042731832 3795.07095478189 4010.2575696908 4249.3455216354 4488.43347358001 4703.62008848892 4832.40061595249 4944.0985179747 Inf 4406.7954769824 367.289507780199 -Inf 3686.92126983377 3802.65799796892 3936.09503327858 4159.0624686301 4406.7954769824 4654.52848533471 4877.49592068622 5010.93295599589 5126.66968413104 Inf
"9" 59.450300511764 4227.16422658864 354.926391001086 -Inf 3531.52128306374 3643.36226504971 3772.30775454811 3987.77001378433 4227.16422658864 4466.55843939296 4682.02069862918 4810.96618812758 4922.80717011355 Inf 4400.86933052233 367.76328039918 -Inf 3680.06654610363 3795.95256489817 3929.56172277694 4152.81676739459 4400.86933052233 4648.92189365006 4872.17693826772 5005.78609614649 5121.67211494103 Inf
"10" 59.7982968827786 4215.90442931166 355.325440061111 -Inf 3519.47936400104 3631.44609047902 3760.53655532352 3976.24106200653 4215.90442931166 4455.56779661679 4671.2723032998 4800.36276814431 4912.32949462228 Inf 4407.14556065886 368.181911532559 -Inf 3685.52227429594 3801.54020809661 3935.30145552911 4158.81063512255 4407.14556065886 4655.48048619518 4878.98966578862 5012.75091322112 5128.76884702179 Inf
"11" 60.1393285819641 4213.29153423506 355.430339843318 -Inf 3516.66086912933 3628.66065061519 3757.78922576681 3973.55741310203 4213.29153423506 4453.02565536809 4668.79384270332 4797.92241785494 4909.9221993408 Inf 4416.41599168989 368.294637963334 -Inf 3694.57176558253 3810.62522064912 3944.42742182629 4168.00503333144 4416.41599168989 4664.82695004833 4888.40456155348 5022.20676273066 5138.26021779724 Inf
"12" 60.4720038277932 4214.76950583518 355.153586686975 -Inf 3518.68126694848 3630.59384064828 3759.62187080771 3975.22205186944 4214.76950583518 4454.31695980092 4669.91714086265 4798.94517102207 4910.85774472187 Inf 4421.04212486149 368.006880054232 -Inf 3699.76189389225 3815.72467346119 3949.42233159681 4172.82525626328 4421.04212486149 4669.25899345971 4892.66191812618 5026.35957626179 5142.32235583074 Inf
"13" 60.7950817406692 4215.34633290789 354.594165731991 -Inf 3520.35453894516 3632.0908333078 3760.91562468108 3976.17620264233 4215.34633290789 4454.51646317345 4669.77704113471 4798.60183250799 4910.33812687062 Inf 4417.40502724505 367.421026304074 -Inf 3697.27304852632 3813.05121951056 3946.53603577106 4169.58331099643 4417.40502724505 4665.22674349367 4888.27401871904 5021.75883497954 5137.53700596378 Inf
"14" 61.1075316701869 4211.18761820146 353.955985731083 -Inf 3517.44663405616 3628.9818312905 3757.57477055391 3972.44793380529 4211.18761820146 4449.92730259762 4664.80046584901 4793.39340511241 4904.92860234675 Inf 4406.15765088326 366.752353889699 -Inf 3687.33624601417 3802.9037113948 3936.14559758875 4158.78694732438 4406.15765088326 4653.52835444215 4876.16970417778 5009.41159037173 5124.97905575236 Inf
"15" 61.4087976524414 4200.48000533222 353.411891313163 -Inf 3507.80542665023 3619.16917409798 3747.56444273775 3962.10730704408 4200.48000533222 4438.85270362036 4653.39556792668 4781.79083656645 4893.1545840142 Inf 4390.77181592768 366.184095137433 -Inf 3673.06417774692 3788.45257890893 3921.48801552677 4143.78439707265 4390.77181592768 4637.7592347827 4860.05561632859 4993.09105294642 5108.47945410843 Inf
"16" 61.6988065824773 4183.47982340857 353.023394909281 -Inf 3491.56668368632 3602.80801189331 3731.06213898871 3945.36916196283 4183.47982340857 4421.5904848543 4635.89750782843 4764.15163492382 4875.39296313082 Inf 4375.49828264832 365.780853310597 -Inf 3658.58098392522 3773.84231941098 3906.73125744188 4128.78284627234 4375.49828264832 4622.21371902429 4844.26530785475 4977.15424588566 5092.41558137142 Inf
"17" 61.9779780997977 4162.00079170634 352.757597081844 -Inf 3470.60860615304 3581.76617871159 3709.92374090836 3924.06940817084 4162.00079170634 4399.93217524185 4614.07784250433 4742.2354047011 4853.39297725965 Inf 4363.73571553407 365.506443116898 -Inf 3647.35625090761 3762.53111689911 3895.32036114097 4117.2053660211 4363.73571553407 4610.26606504705 4832.15106992717 4964.94031416903 5080.11518016053 Inf
"18" 62.247199567719 4138.69593201552 352.555277339914 -Inf 3447.70028586976 3558.79410538208 3686.87816439954 3900.90101107221 4138.69593201552 4376.49085295883 4590.5136996315 4718.59775864896 4829.69157816128 Inf 4357.24293278308 365.297015733687 -Inf 3641.27393828509 3756.38281153897 3889.0959703808 4110.85383989349 4357.24293278308 4603.63202567267 4825.38989518535 4958.10305402718 5073.21192728107 Inf
"19" 62.5079147377387 4116.40059676087 352.384910291986 -Inf 3425.7388638932 3536.77899898413 3664.80116330188 3878.72058664516 4116.40059676087 4354.08060687658 4568.00003021986 4696.02219453762 4807.06232962854 Inf 4356.11603647156 365.118994544981 -Inf 3640.49595709192 3755.54873402537 3888.19721740237 4109.84701704907 4356.11603647156 4602.38505589405 4824.03485554075 4956.68333891774 5071.7361158512 Inf
"20" 62.7619034556186 4097.7132658455 352.255229412432 -Inf 3407.30570283124 3518.30497413384 3646.28002512072 3860.12072415385 4097.7132658455 4335.30580753715 4549.14650657027 4677.12155755716 4788.12082885976 Inf 4359.21380745083 364.982259870677 -Inf 3643.86172310826 3758.8714135296 3891.47022091756 4113.03701416466 4359.21380745083 4605.390600737 4826.9573939841 4959.55620137206 5074.5658917934 Inf
"21" 63.0107597106614 4084.7929058806 352.196591574893 -Inf 3394.50027091604 3505.48106482869 3633.43481256832 3847.23991480934 4084.7929058806 4322.34589695186 4536.15099919287 4664.1047469325 4775.08554084515 Inf 4364.68266164933 364.91981504076 -Inf 3649.45296692442 3764.44298033307 3897.01910138559 4118.54798676088 4364.68266164933 4610.81733653777 4832.34622191306 4964.92234296558 5079.91235637423 Inf
"22" 63.2560158566176 4079.20413777847 352.232863017196 -Inf 3388.84041209334 3499.83263551314 3627.79956074253 3841.62668199116 4079.20413777847 4316.78159356579 4530.60871481442 4658.57564004381 4769.56786346361 Inf 4370.4431718454 364.957487168722 -Inf 3655.13964110646 3770.14152539283 3902.7313328071 4124.28308749277 4370.4431718454 4616.60325619802 4838.15501088369 4970.74481829796 5085.74670258433 Inf
"23" 63.4988749116007 4081.82552126166 352.361290094282 -Inf 3391.2100831308 3502.24277525278 3630.25635830402 3844.1614427272 4081.82552126166 4319.48959979613 4533.39468421931 4661.40826727054 4772.44095939253 Inf 4374.59865120168 365.092458021838 -Inf 3659.03058245168 3774.07499745183 3906.71384005527 4128.34753039206 4374.59865120168 4620.8497720113 4842.48346234809 4975.12230495153 5090.16671995168 Inf
"24" 63.7402519463548 4092.75208225988 352.54780254836 -Inf 3401.77108643636 3512.86255056444 3640.94389397472 3854.96220298686 4092.75208225988 4330.5419615329 4544.56027054504 4672.64161395533 4783.73307808341 Inf 4375.76980198036 365.288514947744 -Inf 3659.81746871666 3774.92366328485 3907.63373377362 4129.38644278376 4375.76980198036 4622.15316117696 4843.90587018711 4976.61594067588 5091.72213524406 Inf
"25" 63.9805057725607 4111.20939844886 352.737281636705 -Inf 3419.85703043635 3531.00820138772 3659.15838294139 3873.29171747287 4111.20939844886 4349.12707942484 4563.26041395632 4691.41059550999 4802.56176646136 Inf 4373.33870761293 365.487307274686 -Inf 3656.99674854802 3772.16558463744 3904.94787678838 4126.82126502939 4373.33870761293 4619.85615019647 4841.72953843749 4974.51183058843 5089.68066667784 Inf
"26" 64.2195490548475 4135.5373490618 352.873061885371 -Inf 3443.9188566521 3555.11281336617 3683.31232416408 3897.52808569981 4135.5373490618 4373.54661242379 4587.76237395951 4715.96188475742 4827.1558414715 Inf 4367.57445367094 365.629242051921 -Inf 3650.9543075545 3766.16786876232 3899.00172611042 4120.96127753496 4367.57445367094 4614.18762980693 4836.14718123147 4968.98103857956 5084.19459978739 Inf
"27" 64.4569756046092 4163.31972789515 352.916081194256 -Inf 3471.6169191894 3582.82443173328 3711.03957153479 3925.28144845026 4163.31972789515 4401.35800734005 4615.59988425552 4743.81502405702 4855.02253660091 Inf 4359.5710343893 365.673679103445 -Inf 3642.86379325229 3758.09135703531 3890.94135845583 4112.92788591754 4359.5710343893 4606.21418286107 4828.20071032278 4961.05071174329 5076.27827552631 Inf
"28" 64.6921991365213 4191.66732757247 352.855013423868 -Inf 3500.08420949729 3611.27247895421 3739.46543270885 3953.67023771277 4191.66732757247 4429.66441743217 4643.86922243609 4772.06217619073 4883.25044564765 Inf 4350.98480920384 365.609300485653 -Inf 3634.40374783908 3749.61102525282 3882.43763778879 4104.38508344991 4350.98480920384 4597.58453495777 4819.5319806189 4952.35859315486 5067.5658705686 Inf
"29" 64.9243056024843 4217.5756233849 352.704701239698 -Inf 3526.28711177713 3637.42801630794 3765.56636133622 3979.67991755275 4217.5756233849 4455.47132921704 4669.58488543357 4797.72323046185 4908.86413499266 Inf 4343.63973785141 365.452071457722 -Inf 3627.36683971872 3742.52457263725 3875.29406354325 4097.14606146525 4343.63973785141 4590.13341423757 4811.98541215957 4944.75490306558 5059.91263598411 Inf
"30" 65.1523455596538 4238.37500034376 352.496094963718 -Inf 3547.49534952386 3658.57052005645 3786.63307799464 4000.61999730658 4238.37500034376 4476.13000338093 4690.11692269287 4818.17948063106 4929.25465116365 Inf 4339.07792606581 365.234453285098 -Inf 3623.23155171384 3738.32071089218 3871.01114066747 4092.73103090654 4339.07792606581 4585.42482122508 4807.14471146415 4939.83514123944 5054.92430041778 Inf
"31" 65.3755680872618 4252.09796655263 352.263710673556 -Inf 3561.67378057202 3672.67572440784 3800.65385665438 4014.49970433728 4252.09796655263 4489.69622876798 4703.54207645087 4831.52020869741 4942.52215253323 Inf 4338.21002852197 364.992314813383 -Inf 3622.83823685384 3737.85109569177 3870.45355606113 4092.02645328 4338.21002852197 4584.39360376394 4805.96650098281 4938.56896135218 5053.58182019011 Inf
"32" 65.5935075257037 4257.65972308535 352.036436425895 -Inf 3567.68098644477 3678.61131381114 3806.506876855 4020.21475502052 4257.65972308535 4495.10469115017 4708.81256931569 4836.70813235955 4947.63845972592 Inf 4341.16527681211 364.755544911567 -Inf 3626.25754562416 3741.19579581366 3873.71223718962 4095.14140044208 4341.16527681211 4587.18915318215 4808.61831643461 4941.13475781057 5056.07300800007 Inf
"33" 65.8059736780219 4254.85245894717 351.833676898954 -Inf 3565.27112367691 3676.13755941625 3803.959459506 4017.54425010502 4254.85245894717 4492.16066778931 4705.74545838833 4833.56735847808 4944.43379421742 Inf 4347.33918665188 364.544234388021 -Inf 3632.84561647963 3747.71728053449 3880.15695236165 4101.45783706408 4347.33918665188 4593.22053623968 4814.52142094211 4946.96109276926 5061.83275682413 Inf
"34" 66.0132185112929 4244.19463556407 351.665496522116 -Inf 3554.94292777533 3665.75636813598 3793.51716794813 4006.99986266229 4244.19463556407 4481.38940846585 4694.87210318001 4822.63290299216 4933.44634335281 Inf 4355.58310695456 364.368892047386 -Inf 3641.43320145492 3756.24961332213 3888.62558291549 4109.8200239783 4355.58310695456 4601.34618993083 4822.54063099364 4954.916600587 5069.7330124542 Inf
"35" 66.2158118426264 4226.70358019594 351.535222604227 -Inf 3537.70720459439 3648.47959429419 3776.19306532343 3989.59667571649 4226.70358019594 4463.81048467539 4677.21409506846 4804.9275660977 4915.6999557975 Inf 4364.4364515723 364.233093075779 -Inf 3650.55270716615 3765.32632737085 3897.65296091788 4118.76496361047 4364.4364515723 4610.10793953413 4831.21994222671 4963.54657577375 5078.32019597845 Inf
"36" 66.4145576565343 4203.68398284883 351.442448418879 -Inf 3514.86944130925 3625.61259690233 3753.29236287879 3966.63965360648 4203.68398284883 4440.72831209118 4654.07560281888 4781.75536879533 4892.49852438841 Inf 4372.33141937571 364.136499959401 -Inf 3658.63699399882 3773.38017671208 3905.67171778081 4126.72508248082 4372.33141937571 4617.93775627061 4838.99112097062 4971.28266203935 5086.02584475261 Inf
"37" 66.610373283384 4176.57049739403 351.385585271004 -Inf 3487.86740557633 3598.59264300255 3726.25175048017 3939.56452176208 4176.57049739403 4413.57647302597 4626.88924430789 4754.5483517855 4865.27358921172 Inf 4377.74310308895 364.077449679341 -Inf 3664.16441413424 3778.88898949264 3911.1590774729 4132.1765950027 4377.74310308895 4623.30961117519 4844.32712870499 4976.59721668525 5091.32179204365 Inf
"38" 66.8043062912842 4146.80796907069 351.363541854842 -Inf 3458.14808155477 3568.86637287224 3696.51747193132 3909.81686149701 4146.80796907069 4383.79907664438 4597.09846621006 4724.74956526915 4835.46785658662 Inf 4379.2944111696 364.054701751887 -Inf 3665.76030733343 3780.47771458427 3912.7395381956 4133.74324632726 4379.2944111696 4624.84557601194 4845.8492841436 4978.11110775493 5092.82851500577 Inf
"39" 66.9974349653841 4115.79062841252 351.376498244902 -Inf 3427.10534683871 3537.82772084888 3665.48352699118 3878.79078188654 4115.79062841252 4352.7904749385 4566.09772983385 4693.75353597615 4804.47590998633 Inf 4375.8218389347 364.068303097005 -Inf 3662.26107695196 3776.98277012753 3909.24953513557 4130.26150012449 4375.8218389347 4621.38217774491 4842.39414273383 4974.66090774188 5089.38260091744 Inf
"40" 67.1907171981993 4084.84317062887 351.425538396875 -Inf 3396.0617721234 3506.7995991934 3634.473221724 3847.81024702304 4084.84317062887 4321.8760942347 4535.21311953374 4662.88674206435 4773.62456913435 Inf 4366.43824160334 364.11929072274 -Inf 3652.7775457105 3767.51530561505 3899.80059453263 4120.84351216219 4366.43824160334 4612.0329710445 4833.07588867406 4965.36117759164 5080.09893749618 Inf
"41" 67.3849616810956 4055.19007662671 351.511112106024 -Inf 3366.24095673328 3477.00574896537 3604.71046060091 3818.09943443117 4055.19007662671 4292.28071882224 4505.6696926525 4633.37440428804 4744.13919652013 Inf 4350.60999548737 364.208161359919 -Inf 3636.77511634638 3751.54088030918 3883.85845611245 4104.95532371235 4350.60999548737 4596.2646672624 4817.3615348623 4949.67911066556 5064.44487462837 Inf
"42" 67.5807681551206 4027.92123731719 351.630554095963 -Inf 3338.73801542524 3449.54044506549 3577.28855022219 3790.75003272369 4027.92123731719 4265.09244191068 4478.55392441218 4606.30202956889 4717.10445920914 Inf 4328.24712818575 364.332306317117 -Inf 3614.16892939979 3728.97381272445 3861.33649064658 4082.50872190956 4328.24712818575 4573.98553446195 4795.15776572493 4927.52044364706 5042.32532697172 Inf
"43" 67.7785698441527 4003.93294825217 351.775404762433 -Inf 3314.4658242708 3425.31389785636 3553.11462755879 3766.66404336883 4003.93294825217 4241.20185313551 4454.75126894555 4582.55199864798 4693.40007223354 Inf 4299.77998923885 364.483161697784 -Inf 3585.40611933991 3700.25853875751 3832.67602275041 4053.93983255464 4299.77998923885 4545.62014592307 4766.88395572729 4899.30143972019 5014.1538591378 Inf
"44" 67.9786912346981 3983.87152653495 351.929794307975 -Inf 3294.10180460473 3404.99852793519 3532.85534767778 3746.49848748561 3983.87152653495 4221.2445655843 4434.88770539213 4562.74452513471 4673.64124846517 Inf 4266.19667903184 364.644397033226 -Inf 3551.50679368239 3666.41002002421 3798.88608114684 4020.2477707665 4266.19667903184 4512.14558729718 4733.50727691684 4865.98333803948 4980.88656438129 Inf
"45" 68.1813318826372 3968.1017707375 352.071310009192 -Inf 3278.05468312965 3388.99599952332 3516.90423221188 3730.63328079819 3968.1017707375 4205.57026067681 4419.29930926312 4547.20754195168 4658.14885834535 Inf 4229.03902075658 364.792672370326 -Inf 3514.05852108662 3629.00847052293 3761.53840038119 3982.99010229616 4229.03902075658 4475.08793921701 4696.53964113197 4829.06957099023 4944.01952042654 Inf
"46" 68.386615575343 3956.69291775329 352.175537119019 -Inf 3266.44154876397 3377.41570819949 3505.3618068119 3719.15412769672 3956.69291775329 4194.23170780987 4408.02402869468 4535.9701273071 4646.94428674262 Inf 4190.32405536324 364.902285505346 -Inf 3475.12871789641 3590.11320756689 3722.68296010307 3944.20120396676 4190.32405536324 4436.44690675972 4657.96515062342 4790.53490315959 4905.51939283007 Inf
"47" 68.5947566591037 3949.43572374548 352.223978792807 -Inf 3259.08941082018 3370.07883472885 3498.04253230121 3711.86426027645 3949.43572374548 4187.00718721451 4400.82891518975 4528.7926127621 4639.78203667078 Inf 4152.37347681825 364.95347692345 -Inf 3437.07780601562 3552.07842663216 3684.66677711606 3906.21609733496 4152.37347681825 4398.53085630154 4620.08017652044 4752.66852700434 4867.66914762088 Inf
"48" 68.8059674385414 3945.90490669962 352.212980187565 -Inf 3255.58015064447 3366.56610877872 3494.52581053512 3708.34086167709 3945.90490669962 4183.46895172215 4397.28400286412 4525.24370462052 4636.22966275477 Inf 4117.63958950296 364.941931200683 -Inf 3402.36654790112 3517.36353034084 3649.94768623985 3871.48999749133 4117.63958950296 4363.78918151458 4585.33149276606 4717.91564866507 4832.91263110479 Inf
"49" 69.0204447184337 3945.52508357149 352.160249787822 -Inf 3255.30367720073 3366.27301943986 3494.21356413333 3707.99660466311 3945.52508357149 4183.05356247987 4396.83660300965 4524.77714770313 4635.74648994225 Inf 4088.474654804 364.885860213616 -Inf 3373.31151031739 3488.29082420832 3620.85460940215 3842.36288209843 4088.474654804 4334.58642750956 4556.09470020585 4688.65848539967 4803.6377992906 Inf
"50" 69.2383634753379 3947.63803809825 352.104570449948 -Inf 3257.5257612244 3368.47755832746 3496.39787460271 3710.14711433256 3947.63803809825 4185.12896186393 4398.87820159379 4526.79851786903 4637.75031497209 Inf 4066.8680728425 364.825934993168 -Inf 3351.82237962974 3466.78281046303 3599.32482470074 3820.79671908391 4066.8680728425 4312.9394266011 4534.41132098427 4666.95333522198 4781.91376605526 Inf
"51" 69.4597573962475 3951.5567608581 352.095690881802 -Inf 3261.46188761802 3372.41088667718 3500.32797698702 3714.07182627012 3951.5567608581 4189.04169544608 4402.78554472918 4530.70263503902 4641.65163409818 Inf 4054.17970245265 364.814770712695 -Inf 3339.15589082754 3454.11280368041 3586.65076191201 3808.11587888681 4054.17970245265 4300.2435260185 4521.7086429933 4654.2466012249 4769.20351407777 Inf
"52" 69.6843906663223 3956.59438910163 352.174890996272 -Inf 3266.34428648962 3377.31824232517 3505.26410619986 3719.05603484822 3956.59438910163 4194.13274335504 4407.9246720034 4535.87053587809 4646.84449171364 Inf 4050.86960243894 364.89638540321 -Inf 3335.6858289598 3450.66845944699 3583.23606846389 3804.75073060088 4050.86960243894 4296.98847427701 4518.50313641399 4651.07074543089 4766.05337591808 Inf
"53" 69.911764721928 3962.07138431325 352.352518688316 -Inf 3271.47313782217 3382.50306598328 3510.51346236465 3724.4132220022 3962.07138431325 4199.72954662429 4413.62930626184 4541.63970264321 4652.66963080432 Inf 4056.28391831687 365.082266597434 -Inf 3340.73582439165 3455.77702796842 3588.41216800636 3810.03967151855 4056.28391831687 4302.52816511519 4524.15566862739 4656.79080866533 4771.83201224209 Inf
"54" 70.1409306034768 3967.30013206702 352.593946048462 -Inf 3276.22869664518 3387.33470106808 3515.43280850707 3729.47912947614 3967.30013206702 4205.1211346579 4419.16745562698 4547.26556306596 4658.37156748886 Inf 4068.58882127312 365.336253724346 -Inf 3352.54292172662 3467.66415927777 3600.39157336249 3822.17326276101 4068.58882127312 4315.00437978523 4536.78606918376 4669.51348326847 4784.63472081963 Inf
"55" 70.3707186854809 3971.57762686446 352.825534867877 -Inf 3280.05228569734 3391.23126615594 3519.41351029042 3733.60041998862 3971.57762686446 4209.55483374029 4423.7417434385 4551.92398757298 4663.10296803158 Inf 4084.94514556187 365.580667382129 -Inf 3368.42020404878 3483.61845887503 3616.43466894546 3838.36473254278 4084.94514556187 4331.52555858096 4553.45562217828 4686.2718322487 4801.47008707496 Inf
"56" 70.5998848370321 3974.19434090801 352.961800184129 -Inf 3282.40192462869 3393.62384369982 3521.8555933046 3736.12522447305 3974.19434090801 4212.26345734296 4426.53308851142 4554.76483811619 4665.98675718732 Inf 4101.94840395076 365.725071264406 -Inf 3385.14043602918 3500.38419401441 3633.25286631295 3855.27059199318 4101.94840395076 4348.62621590833 4570.64394158857 4703.5126138871 4818.75637187234 Inf
"57" 70.8270871484131 3974.4765980988 352.940982598695 -Inf 3282.72498353718 3393.94034277152 3522.1645293046 3736.42152291185 3974.4765980988 4212.53167328576 4426.78866689301 4555.01285342608 4666.22821266042 Inf 4116.21214631075 365.704080887326 -Inf 3399.44531877226 3514.68246247227 3647.54350892354 3869.54849214736 4116.21214631075 4362.87580047413 4584.88078369795 4717.74183014922 4832.97897384923 Inf
"58" 71.0510437022322 3971.87160099212 352.750490718228 -Inf 3280.49334365556 3391.64867692533 3519.80365736555 3733.94501062603 3971.87160099212 4209.7981913582 4423.93954461869 4552.09452505891 4663.24985832868 Inf 4124.97186677146 365.504419861404 -Inf 3408.5963676529 3523.77059609563 3656.5591052846 3878.44288192357 4124.97186677146 4371.50085161934 4593.38462825831 4726.17313744728 4841.34736589001 Inf
"59" 71.2706191477996 3966.04750078384 352.429211750032 -Inf 3275.29893865394 3386.35303359315 3514.39129272194 3728.33760978876 3966.04750078384 4203.75739177892 4417.70370884575 4545.74196797453 4656.79606291375 Inf 4126.53173073734 365.167327492189 -Inf 3410.81692052191 3525.88492766764 3658.55097050399 3880.23011123737 4126.53173073734 4372.83335023732 4594.5124909707 4727.17853380705 4842.24654095278 Inf
"60" 71.4850914864661 3956.96399822092 352.047995539928 -Inf 3266.96260613314 3377.89657589607 3505.79633838988 3719.51123365216 3956.96399822092 4194.41676278967 4408.13165805195 4536.03142054576 4646.96539030869 Inf 4120.44236428714 364.767731889745 -Inf 3405.51074706087 3520.45283749343 3652.97370642368 3874.41026792523 4120.44236428714 4366.47446064904 4587.91102215059 4720.43189108084 4835.3739815134 Inf
"61" 71.6943387645263 3944.87823268416 351.68182739463 -Inf 3255.59451697346 3366.41310336118 3494.17983621299 3707.67244477626 3944.87823268416 4182.08402059207 4395.57662915534 4523.34336200714 4634.16194839487 Inf 4107.37194190599 364.384648684306 -Inf 3393.19115396547 3508.01253091217 3640.3942249242 3861.59823123962 4107.37194190599 4353.14565257235 4574.34965888778 4706.73135289981 4821.55272984651 Inf
"62" 71.8986847341372 3930.31044160266 351.388925981263 -Inf 3241.60080211317 3352.32709223179 3479.98741339633 3693.30221269589 3930.31044160266 4167.31867050943 4380.63346980898 4508.29379097352 4619.02008109214 Inf 4088.80769396078 364.079052161745 -Inf 3375.22586419828 3489.95094451548 3622.2216146809 3843.24010501658 4088.80769396078 4334.37528290498 4555.39377324065 4687.66444340608 4802.38952372328 Inf
"63" 72.0990518943898 3913.9647334674 351.201904624682 -Inf 3225.62164910116 3336.28900685323 3463.8813827734 3677.08264854871 3913.9647334674 4150.84681838609 4364.04808416141 4491.64046008158 4602.30781783365 Inf 4066.70302490228 363.884676210025 -Inf 3353.50216500461 3468.16599544616 3600.36604842763 3821.2665405452 4066.70302490228 4312.13950925936 4533.04000137693 4665.2400543584 4779.90388479995 Inf
"64" 72.2970581926425 3896.64777599855 351.130094969854 -Inf 3208.4454359695 3319.09016575557 3446.65645308011 3659.814125956 3896.64777599855 4133.48142604109 4346.63909891699 4474.20538624152 4584.85011602759 Inf 4043.17853750573 363.810693053626 -Inf 3330.12268193006 3444.76319951274 3576.93637426099 3797.79195402932 4043.17853750573 4288.56512098213 4509.42070075047 4641.59387549871 4756.23439308139 Inf
"65" 72.4947962035983 3879.25063826602 351.167387816342 -Inf 3190.97520560098 3301.63168674923 3429.21152264177 3642.39183458076 3879.25063826602 4116.10944195127 4329.28975389026 4456.8695897828 4567.52607093106 Inf 4020.39310027124 363.850192398458 -Inf 3307.25982740229 3421.91279163765 3554.10031657929 3774.97987489161 4020.39310027124 4265.80632565087 4486.68588396319 4618.87340890484 4733.52637314019 Inf
"66" 72.6946065472452 3862.78206582309 351.299656976418 -Inf 3174.24739036803 3284.94555089862 3412.57344044968 3625.83404794509 3862.78206582309 4099.73008370108 4312.99069119649 4440.61858074755 4551.31674127814 Inf 4000.54148759085 363.98815213852 -Inf 3287.13781860006 3401.83425537844 3534.07190137804 3755.0352097806 4000.54148759085 4246.04776540109 4467.01107380366 4599.24871980326 4713.94515658163 Inf
"67" 72.8988674419717 3848.425400723 351.509500426124 -Inf 3159.47943966413 3270.24372403919 3397.9478501481 3611.33584558903 3848.425400723 4085.51495585696 4298.9029512979 4426.60707740681 4537.37136178187 Inf 3985.88526572709 364.206495343914 -Inf 3272.05365191746 3386.81889090137 3519.13586143758 3740.23171766278 3985.88526572709 4231.5388137914 4452.63467001659 4584.95164055281 4699.71687953672 Inf
"68" 73.1098117485275 3837.57394888059 351.778257088549 -Inf 3148.10123444277 3258.95020682583 3386.75197278421 3600.30312013253 3837.57394888059 4074.84477762866 4288.39592497698 4416.19769093536 4527.04666331842 Inf 3978.70633396559 364.486160331073 -Inf 3264.32658685339 3379.1799511714 3511.59852457396 3732.86415473395 3978.70633396559 4224.54851319722 4445.81414335721 4578.23271675977 4693.08608107778 Inf
"69" 73.3297638331122 3831.78418162722 352.086823719362 -Inf 3141.70668770617 3252.6528926306 3380.56676148205 3594.30522784942 3831.78418162722 4069.26313540502 4283.00160177239 4410.91547062384 4521.86167554827 Inf 3981.09290774503 364.807732653571 -Inf 3266.08289046232 3381.03758554987 3513.57298684007 3735.03383127793 3981.09290774503 4227.15198421214 4448.61282864999 4581.1482299402 4696.10292502775 Inf
"70" 73.5608648663939 3832.65815139064 352.415545048293 -Inf 3141.93637550393 3252.98616392387 3381.01945791174 3594.9574784458 3832.65815139064 4070.35882433548 4284.29684486953 4412.3301388574 4523.37992727734 Inf 3994.54125726028 365.150940993325 -Inf 3278.85856399245 3393.92140758266 3526.5814971702 3748.25069028582 3994.54125726028 4240.83182423473 4462.50101735036 4595.16110693789 4710.2239505281 Inf
