"mid_age" "mean_left" "std_left" "min_left" "l.q2.5" "l.q5" "l.q10" "l.q25" "l.q50" "l.q75" "l.q90" "l.q95" "l.q97.5" "max_left" "mean_right" "std_right" "min_right" "r.q2.5" "r.q5" "r.q10" "r.q25" "r.q50" "r.q75" "r.q90" "r.q95" "r.q97.5" "max_right"
"1" 30 3.51761894407069e-09 2340.45123098187 -Inf -4587.20012029337 -3849.69969598004 -2999.40893914208 -1578.61036612755 3.51761894407069e-09 1578.61036613459 2999.40893914911 3849.69969598707 4587.20012030041 Inf 3.72805558071772e-09 2428.96385446872 -Inf -4760.68167450455 -3995.29000575317 -3112.8424303419 -1638.31122343219 3.72805558071772e-09 1638.31122343964 3112.84243034936 3995.29000576062 4760.681674512 Inf
"2" 30.7070707070707 3.64766260638984e-08 2340.45123098187 -Inf -4587.20012026041 -3849.69969594708 -2999.40893910912 -1578.61036609459 3.64766260638984e-08 1578.61036616755 2999.40893918207 3849.69969602003 4587.20012033337 Inf 3.84924882103277e-08 2428.96385446872 -Inf -4760.68167446978 -3995.29000571841 -3112.84243030714 -1638.31122339742 3.84924882103277e-08 1638.31122347441 3112.84243038413 3995.29000579539 4760.68167454677 Inf
"3" 31.4141414141414 3.42063430180029e-07 2340.45123098187 -Inf -4587.20011995483 -3849.6996956415 -2999.40893880353 -1578.61036578901 3.42063430180029e-07 1578.61036647313 2999.40893948766 3849.69969632562 4587.20012063895 Inf 3.59353503558839e-07 2428.96385446872 -Inf -4760.68167414892 -3995.29000539754 -3112.84242998628 -1638.31122307656 3.59353503558839e-07 1638.31122379527 3112.84243070499 3995.29000611625 4760.68167486763 Inf
"4" 32.1212121212121 2.90041664952256e-06 2340.45123098187 -Inf -4587.20011739647 -3849.69969308314 -2999.40893624518 -1578.61036323065 2.90041664952256e-06 1578.61036903149 2999.40894204601 3849.69969888397 4587.20012319731 Inf 3.03295191278215e-06 2428.96385446872 -Inf -4760.68167147532 -3995.29000272395 -3112.84242731268 -1638.31122040296 3.03295191278215e-06 1638.31122646887 3112.84243337858 3995.29000878985 4760.68167754123 Inf
"5" 32.8282828282828 2.22330458257626e-05 2340.45123098187 -Inf -4587.20009806384 -3849.69967375051 -2999.40891691255 -1578.61034389802 2.22330458257626e-05 1578.61038836412 2999.40896137864 3849.6997182166 4587.20014252993 Inf 2.31389094125702e-05 2428.96385446872 -Inf -4760.68165136936 -3995.28998261799 -3112.84240720672 -1638.31120029701 2.31389094125702e-05 1638.31124657483 3112.84245348454 3995.29002889581 4760.68169764718 Inf
"6" 33.5353535353535 0.000154038955231864 2340.45123098186 -Inf -4587.19996625793 -3849.6995419446 -2999.40878510664 -1578.61021209211 0.000154038955231864 1578.61052017002 2999.40909318455 3849.6998500225 4587.20027433583 Inf 0.000159543295025026 2428.96385446871 -Inf -4760.68151496497 -3995.2898462136 -3112.84227080233 -1638.31106389262 0.000159543295025026 1638.31138297921 3112.84258988892 3995.29016530018 4760.68183405156 Inf
"7" 34.2424242424242 0.000964374808911202 2340.45123098168 -Inf -4587.19915592172 -3849.69873160845 -2999.40797477055 -1578.60940175614 0.000964374808911202 1578.61133050576 2999.40990352017 3849.70066035806 4587.20108467134 Inf 0.00099399329336572 2428.96385446854 -Inf -4760.68068051463 -3995.28901176331 -3112.84143635211 -1638.3102294425 0.00099399329336572 1638.31221742909 3112.8434243387 3995.2909997499 4760.68266850122 Inf
"8" 34.9494949494949 0.0054539978602807 2340.45123097631 -Inf -4587.19466628814 -3849.69424197656 -2999.40348514062 -1578.60491212946 0.0054539978602807 1578.61582012518 2999.41439313634 3849.70514997228 4587.20557428386 Inf 0.00559438195067266 2428.96385446333 -Inf -4760.67608011576 -3995.28441136608 -3112.83683595677 -1638.30562905033 0.00559438195067266 1638.31681781423 3112.84802472067 3995.29560012998 4760.68726887966 Inf
"9" 35.6565656565657 0.0278537790868377 2340.4512308447 -Inf -4587.17226624896 -3849.67184197885 -2999.38108519072 -1578.58251225947 0.0278537790868377 1578.63821981764 2999.4367927489 3849.72754953702 4587.22797380713 Inf 0.0284354148059943 2428.96385433527 -Inf -4760.65323883192 -3995.26157012259 -3112.81399475981 -1638.2827879311 0.0284354148059943 1638.33965876071 3112.87086558942 3995.3184409522 4760.71010966153 Inf
"10" 36.3636363636364 0.128402108117447 2340.45122822471 -Inf -4587.07171278485 -3849.57128934033 -2999.28053350405 -1578.48196216328 0.128402108117447 1578.73876637952 2999.53733772028 3849.82809355656 4587.32851700109 Inf 0.130484170435541 2428.96385178002 -Inf -4760.55118506809 -3995.15951716395 -3112.71194272949 -1638.18073745198 0.130484170435541 1638.44170579285 3112.97291107036 3995.42048550482 4760.81215340896 Inf
"11" 37.0707070707071 0.534031434323475 2340.45118591641 -Inf -4586.6660005359 -3849.16559042316 -2998.87484995757 -1578.07630430056 0.534031434323475 1579.14436716921 2999.94291282621 3850.2336532918 4587.73406340454 Inf 0.540346245794374 2428.96381040903 -Inf -4760.14124190708 -3994.74958703937 -3112.30202763508 -1637.77084747232 0.540346245794374 1638.85153996391 3113.38272012667 3995.83027953096 4761.22193439867 Inf
"12" 37.7777777777778 2.00272648051474 2340.45063266498 -Inf -4585.19622113682 -3847.69598535934 -2997.40544589114 -1576.60723609195 2.00272648051474 1580.61268905298 3001.41089885217 3851.70143832037 4589.20167409785 Inf 2.01835377670409 2428.9632678601 -Inf -4758.66217099981 -3993.27068709488 -3110.82332479974 -1636.29247399771 2.01835377670409 1640.32918155112 3114.86003235314 3997.30739464829 4762.69887855321 Inf
"13" 38.4848484848485 6.76789590062487 2340.44478694733 -Inf -4580.41959432066 -3842.92120058936 -2992.63278488243 -1571.8381237952 6.76789590062487 1585.37391559645 3006.16857668368 3856.4569923906 4593.95538612191 Inf 6.79664623645222 2428.95751713715 -Inf -4753.87260733018 -3988.48293553763 -3106.03766249198 -1631.51030273428 6.79664623645222 1645.10359520718 3119.63095496489 4002.07622801053 4767.46589980309 Inf
"14" 39.1919191919192 20.5941366933732 2340.39501632397 -Inf -4566.49580489864 -3829.01309440626 -2978.74276046939 -1557.97831322714 20.5941366933732 1599.16658661388 3019.93103385614 3870.201367793 4607.68407828539 Inf 20.6201164310454 2428.90838542956 -Inf -4739.95284075822 -3974.57865087561 -3092.15122748061 -1617.6536937065 20.6201164310454 1658.8939265686 3133.3914603427 4015.8188837377 4781.19307362031 Inf
"15" 39.8989898989899 56.3819550848281 2340.05474451911 -Inf -4530.0410660247 -3792.66557870242 -2942.5188662137 -1521.96098499102 56.3819550848281 1634.72489516068 3055.28277638336 3905.42948887208 4642.80497619435 Inf 56.3224834288843 2428.57119869078 -Inf -4703.58959989631 -3938.32166104753 -3056.01673828981 -1581.72389770946 56.3224834288843 1694.36886456723 3168.66170514758 4050.9666279053 4816.23456675408 Inf
"16" 40.6060606060606 138.762605301422 2338.19448080829 -Inf -4444.01436593317 -3707.22506697402 -2857.75419212619 -1438.32560596882 138.762605301422 1715.85081657167 3135.27940272904 3984.75027757686 4721.53957653601 Inf 138.401440574067 2426.72004799601 -Inf -4617.88245405943 -3853.19783196803 -2971.56543607369 -1498.39635839459 138.401440574067 1775.19923954272 3248.36831722183 4130.00071311616 4894.68533520757 Inf
"17" 41.3131313131313 306.744376728157 2330.09909172581 -Inf -4260.16592346392 -3525.92756545338 -2679.39776214711 -1264.8835775821 306.744376728157 1878.37233103842 3292.88651560342 4139.41631890969 4873.65467692024 Inf 305.734599667877 2418.62718585605 -Inf -4434.68757663944 -3672.55309923088 -2793.86085683467 -1325.60464673762 305.734599667877 1937.07384607338 3405.33005617043 4284.02229856663 5046.1567759752 Inf
"18" 42.020202020202 608.620803187598 2302.15960858928 -Inf -3903.52911631022 -3178.09477882166 -2341.71544733354 -944.162256121295 608.620803187598 2161.40386249649 3558.95705370874 4395.33638519686 5120.77072268541 Inf 606.768949348373 2390.55739955293 -Inf -4078.63745675111 -3325.34805974195 -2456.85362857292 -1005.63751390548 606.768949348373 2219.17541260223 3670.39152726967 4538.8859584387 5292.17535544785 Inf
"19" 42.7272727272727 1083.50029339136 2225.74097457363 -Inf -3278.87185568804 -2577.51782129059 -1768.90153707025 -417.739180549995 1083.50029339136 2584.73976733271 3935.90212385297 4744.51840807331 5445.87244247076 Inf 1081.56478389084 2313.38050995329 -Inf -3452.57769815451 -2723.60753842468 -1883.15163034017 -478.78665837604 1081.56478389084 2641.91622615772 4046.28119812184 4886.73710620635 5615.70726593619 Inf
"20" 43.4343434343434 1731.3605270645 2059.51628612484 -Inf -2305.21721931389 -1656.24230593358 -908.015793683398 342.23790171139 1731.3605270645 3120.48315241761 4370.73684781239 5118.96336006257 5767.93827344288 Inf 1732.29924635129 2144.61089544581 -Inf -2471.06086957468 -1795.27176342239 -1016.13020419129 285.781179214256 1732.29924635129 3178.81731348833 4480.72869689387 5259.87025612497 5935.65936227727 Inf
"21" 44.1414141414141 2487.6568207442 1770.29785277298 -Inf -982.063212599431 -424.224023173841 218.928836042742 1293.60906425469 2487.6568207442 3681.7045772337 4756.38480544565 5399.53766466224 5957.37685408783 Inf 2497.66436700495 1849.40589621049 -Inf -1127.10458236363 -544.337629082308 127.555345388985 1250.25904605878 2497.66436700495 3745.06968795113 4867.77338862092 5539.66636309221 6122.43331637353 Inf
"22" 44.8484848484848 3227.60741692577 1366.96364341361 -Inf 548.407907659438 979.152310146091 1475.7730196665 2305.6044505526 3227.60741692577 4149.61038329894 4979.44181418503 5476.06252370545 5906.8069261921 Inf 3255.94223852463 1435.58558376871 -Inf 442.246197613048 894.614084263419 1416.16528617258 2287.65447674338 3255.94223852463 4224.23000030589 5095.71919087668 5617.27039278584 6069.63827943621 Inf
"23" 45.5555555555556 3813.18121641422 922.36065472627 -Inf 2005.38755239395 2296.03294813038 2631.12847535303 3191.0584088172 3813.18121641422 4435.30402401124 4995.23395747542 5330.32948469806 5620.97488043449 Inf 3870.30552525799 977.199491145784 -Inf 1955.02971690138 2262.95539799171 2617.97398753072 3211.19448458333 3870.30552525799 4529.41656593264 5122.63706298525 5477.65565252426 5785.58133361459 Inf
"24" 46.2626262626263 4162.15253515955 559.416542536944 -Inf 3065.71625943122 3241.99420619101 3445.23138927979 3784.83181112825 4162.15253515955 4539.47325919085 4879.07368103932 5082.3108641281 5258.58881088788 Inf 4256.67455263336 601.403229302683 -Inf 3077.94588301402 3267.45426965452 3485.94530259693 3851.03423873388 4256.67455263336 4662.31486653285 5027.4038026698 5245.89483561221 5435.40322225271 Inf
"25" 46.969696969697 4291.16325681399 384.308469713177 -Inf 3537.93249722246 3659.0320765381 3798.65213580102 4031.95113307891 4291.16325681399 4550.37538054907 4783.67437782697 4923.29443708988 5044.39401640552 Inf 4426.2208669119 418.590028119219 -Inf 3605.79948751062 3737.70154095428 3889.77616105436 4143.8861834112 4426.2208669119 4708.5555504126 4962.66557276944 5114.74019286952 5246.64224631318 Inf
"26" 47.6767676767677 4296.95878046619 349.772805498626 -Inf 3611.41667891735 3721.63371273278 3848.7068939945 4061.04060826004 4296.95878046619 4532.87695267234 4745.21066693788 4872.2838481996 4982.50088201503 Inf 4466.31558507356 381.34589195047 -Inf 3718.89137119834 3839.05741157579 3977.60116023043 4209.10168967359 4466.31558507356 4723.52948047353 4955.03000991669 5093.57375857133 5213.73979894878 Inf
"27" 48.3838383838384 4288.42442888574 341.896611311996 -Inf 3618.31938427794 3726.05454772679 3850.26629140446 4057.81866892903 4288.42442888574 4519.03018884246 4726.58256636703 4850.7943100447 4958.52947349355 Inf 4474.2551987282 372.835529430348 -Inf 3743.5109888878 3860.99532588832 3996.44724229609 4222.7814556185 4474.2551987282 4725.7289418379 4952.06315516031 5087.51507156808 5204.9994085686 Inf
"28" 49.0909090909091 4321.24134233 337.599296216445 -Inf 3659.5588805397 3765.93991549211 3888.59043573706 4093.5340773586 4321.24134233 4548.9486073014 4753.89224892294 4876.54276916788 4982.9238041203 Inf 4499.07208612097 368.218962030505 -Inf 3777.37618211646 3893.40579091279 4027.18049886757 4250.71217040355 4499.07208612097 4747.43200183838 4970.96367337437 5104.73838132915 5220.76799012548 Inf
"29" 49.7979797979798 4380.07733124808 336.645921710056 -Inf 3720.26344915408 3826.34406592487 3948.64822324635 4153.01310760933 4380.07733124808 4607.14155488682 4811.5064392498 4933.81059657128 5039.89121334207 Inf 4534.13102867477 367.17723696164 -Inf 3814.47686828703 3930.1782187244 4063.57446581424 4286.47374583883 4534.13102867477 4781.78831151072 5004.6875915353 5138.08383862515 5253.78518906252 Inf
"30" 50.5050505050505 4413.20390752524 336.285439225175 -Inf 3754.09655811866 3860.06358312474 3982.23677641636 4186.38282562767 4413.20390752524 4640.02498942281 4844.17103863412 4966.34423192574 5072.31125693182 Inf 4552.44079907267 366.789698369929 -Inf 3833.5462003673 3949.12543338046 4082.38088690106 4305.04490704464 4552.44079907267 4799.8366911007 5022.50071124429 5155.75616476489 5271.33539777804 Inf
"31" 51.2121212121212 4388.54828156693 335.894850116753 -Inf 3730.20647274562 3836.05041907807 3958.08171054144 4161.99064801953 4388.54828156693 4615.10591511433 4819.01485259243 4941.0461440558 5046.89009038825 Inf 4543.26289878931 366.363675428033 -Inf 3825.20328970664 3940.64827847823 4073.74895698584 4296.15435486893 4543.26289878931 4790.37144270968 5012.77684059278 5145.87751910038 5261.32250787197 Inf
"32" 51.9191919191919 4326.74745313602 335.480828093818 -Inf 3669.21711256846 3774.93059627322 3896.81147268219 4100.46907319945 4326.74745313602 4553.02583307259 4756.68343358985 4878.56430999882 4984.27779370358 Inf 4519.93184160954 365.917942104715 -Inf 3802.74585378729 3918.05038737198 4050.98913004439 4273.12394024707 4519.93184160954 4766.73974297202 4988.8745531747 5121.8132958471 5237.1178294318 Inf
"33" 52.6262626262626 4281.04361269159 335.20828355974 -Inf 3624.04744959501 3729.67505169417 3851.45691211208 4054.94906124972 4281.04361269159 4507.13816413345 4710.63031327109 4832.412173689 4938.03977578817 Inf 4501.54816626976 365.620929045181 -Inf 3784.94431334713 3900.15525504042 4032.98609225604 4254.94059717162 4501.54816626976 4748.1557353679 4970.11024028348 5102.94107749909 5218.15201919239 Inf
"34" 53.3333333333333 4280.2963679749 335.020316792364 -Inf 3623.66861297267 3729.23698479655 3850.9505565004 4054.32859819101 4280.2963679749 4506.2641377588 4709.64217944941 4831.35575115326 4936.92412297714 Inf 4492.5631911623 365.418396884825 -Inf 3776.35629397968 3891.5034156915 4024.26067255575 4246.0922279304 4492.5631911623 4739.0341543942 4960.86570976884 5093.6229666331 5208.77008834492 Inf
"35" 54.040404040404 4298.15513703031 335.02431223724 -Inf 3641.51955110002 3747.08918192996 3868.80420518717 4072.1846723598 4298.15513703031 4524.12560170082 4727.50606887345 4849.22109213066 4954.7907229606 Inf 4482.40987923003 365.422167357426 -Inf 3766.1955920569 3881.3439018837 4014.10252856842 4235.93637285301 4482.40987923003 4728.88338560705 4950.71722989164 5083.47585657636 5198.62416640315 Inf
"36" 54.7474747474747 4290.93341544938 335.080027243976 -Inf 3634.18863011249 3739.77581731813 3861.51108195213 4064.92537157789 4290.93341544938 4516.94145932086 4720.35574894662 4842.09101358063 4947.67820078627 Inf 4465.04373434186 365.481740207352 -Inf 3748.71268652843 3863.87976837726 3996.66003800117 4218.53004668818 4465.04373434186 4711.55742199555 4933.42743068256 5066.20770030646 5181.3747821553 Inf
"37" 55.4545454545455 4258.73749863087 334.988675677678 -Inf 3602.17175907385 3707.73016045477 3829.43223687643 4032.79107045451 4258.73749863087 4484.68392680722 4688.04276038531 4809.74483680697 4915.30323818789 Inf 4452.66883371037 365.38385211124 -Inf 3736.52964303983 3851.6658793357 3984.41058601249 4206.22117057418 4452.66883371037 4699.11649684656 4920.92708140824 5053.67178808504 5168.80802438091 Inf
"38" 56.1616161616162 4244.14731124886 334.946080507967 -Inf 3587.66505669039 3693.21003589215 3814.89663740085 4018.22961307789 4244.14731124886 4470.06500941984 4673.39798509687 4795.08458660557 4900.62956580733 Inf 4461.17058654099 365.337335870902 -Inf 3745.1225660262 3860.24414457294 3992.97195180374 4214.75429813212 4461.17058654099 4707.58687494985 4929.36922127823 5062.09702850903 5177.21860705577 Inf
"39" 56.8686868686869 4266.77495829506 334.957543384185 -Inf 3610.27023691205 3715.81882818483 3837.50959418009 4040.84952853157 4266.77495829506 4492.70038805855 4696.04032241004 4817.73108840529 4923.27967967808 Inf 4483.4236231419 365.349578047382 -Inf 3767.35160840212 3882.47704458547 4015.20929942421 4236.99907751047 4483.4236231419 4729.84816877332 4951.63794685958 5084.37020169832 5199.49563788167 Inf
"40" 57.5757575757576 4289.63466050223 334.942497702165 -Inf 3633.1594281141 3738.70327833664 3860.3885782046 4063.71937889704 4289.63466050223 4515.54994210741 4718.88074279986 4840.56604266782 4946.10989289036 Inf 4490.38196543209 365.333538599692 -Inf 3774.34138743212 3889.46176941937 4022.1881970937 4243.96823824373 4490.38196543209 4736.79569262044 4958.57573377047 5091.30216144481 5206.42254343206 Inf
"41" 58.2828282828283 4270.02950724307 334.896680990496 -Inf 3613.6440739597 3719.17348686184 3840.84214142401 4044.14512854029 4270.02950724307 4495.91388594585 4699.21687306213 4820.8855276243 4926.41494052644 Inf 4464.64956811797 365.283360666804 -Inf 3748.70733705928 3863.81190746015 3996.52010538803 4218.26968543103 4464.64956811797 4711.0294508049 4932.7790308479 5065.48722877578 5180.59179917666 Inf
"42" 58.989898989899 4219.71970108483 334.808338432045 -Inf 3563.50741603433 3669.00899128129 3790.64555080986 3993.89490853224 4219.71970108483 4445.54449363743 4648.79385135981 4770.43041088838 4875.93198613534 Inf 4421.78619700908 365.18825147777 -Inf 3706.0303765355 3821.10497704581 3953.77862160925 4175.4704644953 4421.78619700908 4668.10192952287 4889.79377240891 5022.46741697236 5137.54201748267 Inf
"43" 59.6969696969697 4185.44720581365 334.77319289906 -Inf 3529.30380474202 3634.79430526751 3756.4180963515 3959.64611856282 4185.44720581365 4411.24829306448 4614.47631527581 4736.1001063598 4841.59060688529 Inf 4389.64658430339 365.149746502636 -Inf 3673.96623219429 3789.02869938812 3921.68835501472 4143.35682300066 4389.64658430339 4635.93634560611 4857.60481359205 4990.26446921866 5105.32693641248 Inf
"44" 60.4040404040404 4184.02879325919 334.749339861862 -Inf 3527.93214328138 3633.4151274678 3755.0302526942 3958.24379463746 4184.02879325919 4409.81379188092 4613.02733382418 4734.64245905059 4840.125443237 Inf 4376.88315109666 365.123853819847 -Inf 3661.25354771329 3776.30785585458 3908.95810461616 4130.61085414308 4376.88315109666 4623.15544805024 4844.80819757716 4977.45844633873 5092.51275448003 Inf
"45" 61.1111111111111 4189.40155542802 334.709391552037 -Inf 3533.38320269871 3638.85359875893 3760.45421068202 3963.6435015318 4189.40155542802 4415.15960932423 4618.34890017401 4739.94951209711 4845.41990815732 Inf 4372.50963025709 365.080758462238 -Inf 3656.96449222254 3772.00522057029 3904.6398126996 4126.2664006805 4372.50963025709 4618.75285983368 4840.37944781458 4973.0140399439 5088.05476829165 Inf
"46" 61.8181818181818 4178.94886187073 334.678024567083 -Inf 3522.99198730223 3628.45249930061 3750.04171553341 3953.21196468436 4178.94886187073 4404.6857590571 4607.85600820805 4729.44522444085 4834.90573643922 Inf 4365.92538472392 365.046374210282 -Inf 3650.44763858484 3765.47753209865 3898.09963235835 4119.70534697284 4365.92538472392 4612.145422475 4833.75113708949 4966.37323734919 5081.403130863 Inf
"47" 62.5252525252525 4159.93463403637 334.621243755484 -Inf 3504.08904781362 3609.53166759015 3731.10025523705 3934.23603492543 4159.93463403637 4385.63323314731 4588.7690128357 4710.33760048259 4815.78022025912 Inf 4352.76701301251 364.985142091813 -Inf 3637.40927962032 3752.41987825939 3885.01973276423 4106.58827569772 4352.76701301251 4598.9457503273 4820.51429326079 4953.11414776563 5068.1247464047 Inf
"48" 63.2323232323232 4146.24007764452 334.581774423177 -Inf 3490.47184989159 3595.9020324727 3717.45628082981 3920.56810019367 4146.24007764452 4371.91205509537 4575.02387445923 4696.57812281634 4802.00830539745 Inf 4329.44384485708 364.942198358495 -Inf 3614.17027963555 3729.16734625946 3861.75159921746 4083.29407265025 4329.44384485708 4575.59361706391 4797.13609049669 4929.72034345469 5044.7174100786 Inf
"49" 63.9393939393939 4137.32357985856 334.582207124082 -Inf 3481.55450402744 3586.98482295708 3708.53922851532 3911.65131055538 4137.32357985856 4362.99584916173 4566.10793120179 4687.66233676003 4793.09265568968 Inf 4299.15307850518 364.942744848988 -Inf 3583.87844218197 3698.87568101069 3831.46013250981 4053.00293769611 4299.15307850518 4545.30321931424 4766.84602450054 4899.43047599966 5014.42771482838 Inf
"50" 64.6464646464646 4129.45778797629 334.590660255043 -Inf 3473.67214431293 3579.1051269117 3700.66260350984 3903.77981712293 4129.45778797629 4355.13575882966 4558.25297244274 4679.81044904089 4785.24343163965 Inf 4278.34152148891 364.951598668203 -Inf 3563.04953199891 3678.04956075777 3810.63722886766 4032.18540886953 4278.34152148891 4524.49763410828 4746.04581411015 4878.63348222004 4993.6335109789 Inf
"51" 65.3535353535354 4125.41796472839 334.51913060451 -Inf 3469.7725166039 3575.18295946891 3696.71444919756 3899.78823989115 4125.41796472839 4351.04768956564 4554.12148025922 4675.65296998787 4781.06341285288 Inf 4279.527803584 364.874000588734 -Inf 3564.38790353503 3679.36348033533 3811.92295690299 4033.42403007386 4279.527803584 4525.63157709414 4747.13265026501 4879.69212683267 4994.66770363296 Inf
"52" 66.0606060606061 4122.29751565225 334.425527939981 -Inf 3466.83552537909 3572.21647307501 3693.71395676269 3896.73092485282 4122.29751565225 4347.86410645168 4550.88107454181 4672.37855822949 4777.75950592541 Inf 4289.65671935792 364.773045427274 -Inf 3574.71468778947 3689.65845257273 3822.18125192212 4043.62103906941 4289.65671935792 4535.69239964643 4757.13218679371 4889.6549861431 5004.59875092637 Inf
"53" 66.7676767676768 4107.55454029504 334.427716821534 -Inf 3452.08825989288 3557.46989732804 3678.9681762409 3881.98647311744 4107.55454029504 4333.12260747265 4536.14090434919 4657.63918326204 4763.02082069721 Inf 4282.21852375959 364.77491736541 -Inf 3567.27282325982 3682.21717791018 3814.74065733855 4036.181580868 4282.21852375959 4528.25546665119 4749.69639018064 4882.21986960901 4997.16422425937 Inf
"54" 67.4747474747475 4078.26310147498 334.439094950869 -Inf 3422.77452034911 3528.15974315068 3649.66215576138 3852.68735986577 4078.26310147498 4303.8388430842 4506.86404718859 4628.36645979929 4733.75168260086 Inf 4250.68558788273 364.787441771497 -Inf 3535.71533999809 3650.66364121853 3783.19167078946 4004.6401974076 4250.68558788273 4496.73097835785 4718.179504976 4850.70753454692 4965.65583576736 Inf
"55" 68.1818181818182 4050.31464517701 334.442217685804 -Inf 3394.81994360313 3500.20615041082 3621.70969751756 3824.73679731508 4050.31464517701 4275.89249303893 4478.91959283646 4600.4231399432 4705.80934675089 Inf 4214.31374799724 364.790810151793 -Inf 3499.33689820854 3614.2862608405 3746.81551415093 3968.26608558413 4214.31374799724 4460.36141041035 4681.81198184355 4814.34123515398 4929.29059778594 Inf
"56" 68.8888888888889 4037.75707644114 334.464456501438 -Inf 3382.21878758956 3487.6120020784 3609.1236285927 3812.16422872602 4037.75707644114 4263.34992415626 4466.39052428958 4587.90215080388 4693.29536529272 Inf 4190.55039872478 364.814933521908 -Inf 3475.52626799947 3590.48323215521 3723.02124953573 3944.48646534579 4190.55039872478 4436.61433210377 4658.07954791383 4790.61756529435 4905.57452945009 Inf
"57" 69.5959595959596 4033.64367392551 334.516679239641 -Inf 3378.00303038787 3483.41270080242 3604.94329994517 3808.01560250874 4033.64367392551 4259.27174534228 4462.34404790585 4583.87464704859 4689.28431746314 Inf 4177.8919102387 364.871656797201 -Inf 3462.75660393673 3577.73144218403 3710.29006724739 3931.78971759193 4177.8919102387 4423.99410288547 4645.49375323001 4778.05237829337 4893.02721654067 Inf
"58" 70.3030303030303 4020.94876456988 334.584328647138 -Inf 3365.17553062998 3470.60651807351 3592.16169438545 3795.27506432115 4020.94876456988 4246.62246481861 4449.73583475431 4571.29101106625 4676.72199850979 Inf 4167.51767543774 364.944604239345 -Inf 3452.2393947764 3567.23721951829 3699.82234653776 3921.36628048894 4167.51767543774 4413.66907038655 4635.21300433773 4767.7981313572 4882.79595609908 Inf
"59" 71.010101010101 3993.79257366602 334.553087951197 -Inf 3338.08057036502 3443.50171354168 3565.04554004439 3768.13994494649 3993.79257366602 4219.44520238555 4422.53960728766 4544.08343379036 4649.50457696703 Inf 4154.34785544149 364.910830301156 -Inf 3439.13577048262 3554.12295270676 3686.69580958486 3908.21924066782 4154.34785544149 4400.47647021516 4621.99990129812 4754.57275817622 4869.55994040036 Inf
"60" 71.7171717171717 3958.91634071393 334.46078277924 -Inf 3303.38525222554 3408.77730908647 3530.28760092992 3733.32597088677 3958.91634071393 4184.50671054108 4387.54508049794 4509.05537234139 4614.44742920231 Inf 4132.29565288782 364.811167080209 -Inf 3417.27890425259 3532.23468156354 3664.77133058803 3886.23425993515 4132.29565288782 4378.35704584049 4599.81997518762 4732.3566242121 4847.31240152306 Inf
"61" 72.4242424242424 3923.6963708115 334.461915590969 -Inf 3268.16306205292 3373.55547587455 3495.06617927085 3698.10523691444 3923.6963708115 4149.28750470855 4352.32656235215 4473.83726574844 4579.22967957007 Inf 4096.58383040285 364.812309699624 -Inf 3381.56484227471 3496.52097963688 3629.05804377735 3850.52166676509 4096.58383040285 4342.6459940406 4564.10961702834 4696.64668116882 4811.60281853098 Inf
"62" 73.1313131313131 3892.85667227558 334.57695787121 -Inf 3237.09788479104 3342.52654962673 3464.07904812058 3667.18794353967 3892.85667227558 4118.5254010115 4321.63429643058 4443.18679492443 4548.61545976013 Inf 4058.43784119914 364.937032611314 -Inf 3343.17440065605 3458.16983949952 3590.75221573091 3812.29155323584 4058.43784119914 4304.58412916245 4526.12346666737 4658.70584289877 4773.70128174224 Inf
"63" 73.8383838383838 3872.31504530674 334.732524902127 -Inf 3216.25135204441 3321.72903766285 3443.33805397972 3646.541388203 3872.31504530674 4098.08870241048 4301.29203663376 4422.90105295063 4528.37873856907 Inf 4039.83325560597 365.105388589092 -Inf 3324.23984340985 3439.28833296568 3571.93187327085 3793.57341326128 4039.83325560597 4286.09309795067 4507.7346379411 4640.37817824627 4755.4266678021 Inf
"64" 74.5454545454545 3864.93121661507 334.8273394516 -Inf 3208.68169025056 3314.18925291559 3435.83271555374 3639.09360806954 3864.93121661507 4090.7688251606 4294.0297176764 4415.67318031454 4521.18074297957 Inf 4042.48816911917 365.208383506262 -Inf 3326.6928905948 3441.77383491581 3574.4547934867 3796.15885775851 4042.48816911917 4288.81748047982 4510.52154475163 4643.20250332253 4758.28344764353 Inf
"65" 75.2525252525253 3862.15033396487 334.96839086762 -Inf 3205.624351905 3311.17636133216 3432.87106824051 3636.21758768498 3862.15033396487 4088.08308024475 4291.42959968922 4413.12430659757 4518.67631602474 Inf 4039.11782256932 365.361997777942 -Inf 3323.02146560495 3438.15081537403 3570.88758232649 3792.68489995693 4039.11782256932 4285.5507451817 4507.34806281214 4640.0848297646 4755.21417953369 Inf
"66" 75.959595959596 3849.36789122451 335.226405664512 -Inf 3192.33620945525 3297.96952201733 3419.75796623326 3623.26111660872 3849.36789122451 4075.4746658403 4278.97781621575 4400.76626043169 4506.39957299377 Inf 4011.16104529137 365.640101692338 -Inf 3294.51961467082 3409.73659786382 3542.57440054166 3764.54054443923 4011.16104529137 4257.7815461435 4479.74769004107 4612.58549271891 4727.80247591191 Inf
"67" 76.6666666666667 3823.51197240326 335.469012601522 -Inf 3166.00478977506 3271.71455029582 3393.59113411208 3597.24156189513 3823.51197240326 4049.78238291139 4253.43281069444 4375.3093945107 4481.01915503146 Inf 3979.40982578 365.905167269357 -Inf 3262.24887617496 3377.54938427672 3510.4834858251 3732.61054091304 3979.40982578 4226.20911064697 4448.33616573491 4581.27026728329 4696.57077538505 Inf
"68" 77.3737373737374 3799.24208541228 335.81825783729 -Inf 3141.05039470021 3246.87020601209 3368.87367134244 3572.73611257232 3799.24208541228 4025.74805825224 4229.61049948212 4351.61396481247 4457.43377612436 Inf 3974.28459844437 366.281201104704 -Inf 3256.38663606508 3371.80563632316 3504.87635173908 3727.23168260974 3974.28459844437 4221.337514279 4443.69284514966 4576.76356056559 4692.18256082366 Inf
"69" 78.0808080808081 3793.39358800843 336.138542933943 -Inf 3134.57415004213 3240.49488650535 3362.61471207155 3566.67158615364 3793.39358800843 4020.11558986322 4224.17246394531 4346.29228951151 4452.21302597473 Inf 3985.40217440873 366.629962136853 -Inf 3266.82065296721 3382.34955143885 3515.54697245669 3738.11402283264 3985.40217440873 4232.69032598481 4455.25737636077 4588.45479737861 4703.98369585024 Inf
"70" 78.7878787878788 3807.74212312107 336.689293541868 -Inf 3147.84323379877 3253.937517483 3376.25743188038 3580.64864562632 3807.74212312107 4034.83560061582 4239.22681436176 4361.54672875914 4467.64101244337 Inf 3969.87233410192 367.22718244375 -Inf 3250.12028236805 3365.83737114414 3499.2517635306 3722.18136355022 3969.87233410192 4217.56330465361 4440.49290467324 4573.90729705969 4689.62438583579 Inf
"71" 79.4949494949495 3829.81833816383 338.106460098504 -Inf 3167.14185343044 3273.68270097509 3396.51747490385 3601.76899635231 3829.81833816383 4057.86767997536 4263.11920142381 4385.95397535258 4492.49482289723 Inf 3912.47710820848 368.761335723572 -Inf 3189.7181712994 3305.91868766409 3439.89044109962 3663.75136699431 3912.47710820848 4161.20284942265 4385.06377531734 4519.03552875287 4635.23604511756 Inf
"72" 80.2020202020202 3840.72242573175 341.735218577668 -Inf 3170.9337050706 3278.61801199722 3402.77112136181 3610.2255235201 3840.72242573175 4071.21932794341 4278.67373010169 4402.82683946628 4510.5111463929 Inf 3846.19310676106 372.689793629779 -Inf 3115.73453384103 3233.17294798132 3368.57191827232 3594.81766095508 3846.19310676106 4097.56855256704 4323.8142952498 4459.2132655408 4576.65167968109 Inf
"73" 80.9090909090909 3809.12692684325 349.276583704332 -Inf 3124.55740213957 3234.61807132796 3361.5109741889 3573.54345115118 3809.12692684325 4044.71040253533 4256.74287949761 4383.63578235854 4493.69645154693 Inf 3791.95548680499 380.796207413256 -Inf 3045.60863482556 3165.60146391193 3303.94551104108 3535.11234799121 3791.95548680499 4048.79862561877 4279.96546256889 4418.30950969805 4538.30233878442 Inf
"74" 81.6161616161616 3680.57132000239 375.421808366376 -Inf 2944.75809659339 3063.05739687427 3199.44891375087 3427.35315825919 3680.57132000239 3933.78948174558 4161.6937262539 4298.0852431305 4416.38454341138 Inf 3693.49279436501 409.222698344506 -Inf 2891.43104395348 3020.38135476218 3169.05280464522 3417.47627878406 3693.49279436501 3969.50930994596 4217.9327840848 4366.60423396784 4495.55454477654 Inf
"75" 82.3232323232323 3392.35872059451 509.363886845802 -Inf 2394.0238473514 2554.52968387809 2739.58263397539 3048.79799979698 3392.35872059451 3735.91944139204 4045.13480721363 4230.18775731092 4390.69359383762 Inf 3439.51396219176 550.18436098633 -Inf 2361.17242980137 2534.54122053142 2734.42433303157 3068.4202499883 3439.51396219176 3810.60767439522 4144.60359135195 4344.4867038521 4517.85549458215 Inf
"76" 83.030303030303 2917.41127458948 828.285113063131 -Inf 1294.00228405506 1555.00350221768 1855.92119122614 2358.7414555884 2917.41127458948 3476.08109359057 3978.90135795282 4279.81904696128 4540.82026512391 Inf 2959.96925590773 881.162197224214 -Inf 1232.92308481009 1510.58641987095 1830.71446255632 2365.63438561974 2959.96925590773 3554.30412619572 4089.22404925914 4409.3520919445 4687.01542700537 Inf
"77" 83.7373737373737 2298.98295592771 1258.71377383639 -Inf -168.050707636099 228.583039739157 685.876348495139 1449.99341704444 2298.98295592771 3147.97249481098 3912.08956336028 4369.38287211626 4766.01661949152 Inf 2296.93211960892 1325.23090929165 -Inf -300.472733801988 117.121251912346 598.580373098108 1403.07745464867 2296.93211960892 3190.78678456918 3995.28386611974 4476.7429873055 4894.33697301983 Inf
"78" 84.4444444444444 1639.4908221849 1678.0432559099 -Inf -1649.41352389883 -1120.64471347996 -511.008139477992 507.667845688012 1639.4908221849 2771.31379868179 3789.98978384779 4399.62635784976 4928.39516826863 Inf 1583.81408650465 1755.55762072196 -Inf -1857.01562289522 -1303.82123326216 -666.023530735333 399.708465449065 1583.81408650465 2767.91970756023 3833.65170374463 4471.44940627146 5024.64379590451 Inf
"79" 85.1515151515152 1050.17728730507 1998.24839496659 -Inf -2866.31759899442 -2236.64883270569 -1510.68107161135 -297.620773445666 1050.17728730507 2397.97534805581 3611.03564622149 4337.00340731583 4966.67217360456 Inf 962.25760057002 2082.44208788036 -Inf -3119.25389156588 -2463.05482059639 -1706.49931730902 -442.328243082212 962.25760057002 2366.84344422225 3631.01451844906 4387.57002173643 5043.76909270592 Inf
"80" 85.8585858585859 601.795622945105 2193.68234526746 -Inf -3697.74276730048 -3006.49073904749 -2209.52142093996 -877.820634123901 601.795622945105 2081.41188001411 3413.11266683017 4210.0819849377 4901.33401319069 Inf 512.125406178732 2280.94011543665 -Inf -3958.43507096974 -3239.68721555636 -2411.01696967259 -1026.34532249436 512.125406178732 2050.59613485182 3435.26778203006 4263.93802791382 4982.6858833272 Inf
"81" 86.5656565656566 307.923907047762 2288.96858583294 -Inf -4178.37208292837 -3457.09437333753 -2625.50736760885 -1235.96194261737 307.923907047762 1851.8097567129 3241.35518170437 4072.94218743305 4794.2198970239 Inf 237.290265007354 2377.24722514208 -Inf -4422.02867861891 -3672.93345542792 -2809.27463806004 -1366.13862203306 237.290265007354 1840.71915204776 3283.85516807475 4147.51398544263 4896.60920863361 Inf
"82" 87.2727272727273 140.580975228762 2325.84685950867 -Inf -4417.99510296381 -3685.09666736776 -2840.11170879156 -1428.17889203558 140.580975228762 1709.3408424931 3121.27365924909 3966.25861782528 4699.15705342134 Inf 94.8125868586218 2414.34831345692 -Inf -4637.22315365197 -3876.43699325517 -2999.29927402207 -1533.64060397127 94.8125868586218 1723.26577768851 3188.92444773931 4066.06216697241 4826.84832736921 Inf
"83" 87.979797979798 57.2552641019168 2337.12078797769 -Inf -4523.41730785423 -3786.96634062687 -2937.88554059772 -1519.10875235923 57.2552641019168 1633.61928056306 3052.39606880156 3901.4768688307 4637.92783605806 Inf 32.0881878656345 2425.64230954553 -Inf -4722.08337822016 -3957.73836267728 -3076.49751138366 -1603.98268756478 32.0881878656345 1668.15906329605 3140.67388711493 4021.91473840855 4786.25975395143 Inf
"84" 88.6868686868687 20.8015054354158 2339.84157993449 -Inf -4565.20372076549 -3827.8954038117 -2977.82613445599 -1557.39765731301 20.8015054354158 1599.00066818384 3019.42914532682 3869.49841468253 4606.80673163632 Inf 8.84245828937436 2428.35768981112 -Inf -4750.6511553213 -3985.45049533194 -3103.22314079033 -1629.05991329806 8.84245828937436 1646.74482987681 3120.90805736908 4003.13541191069 4768.33607190005 Inf
"85" 89.3939393939394 6.74075245467705 2340.36155220624 -Inf -4580.28360067182 -3842.81143506954 -2992.55325871563 -1571.80912626143 6.74075245467705 1585.29063117078 3006.03476362498 3856.29293997889 4593.76510558117 Inf 1.7722171513096 2428.87492800738 -Inf -4758.73516469547 -3993.37151759312 -3110.95624934857 -1636.47902629791 1.7722171513096 1640.02346060053 3114.50068365119 3996.91595189574 4762.27959899809 Inf
"86" 90.1010101010101 1.94750937880288 2340.44060938841 -Inf -4585.23179297745 -3847.73471563823 -2997.44781764707 -1576.65569259635 1.94750937880288 1580.55071135396 3001.34283640468 3851.62973439584 4589.12681173506 Inf 0.128201073131825 2428.95334676322 -Inf -4760.5328787108 -3995.14452104626 -3112.70076310607 -1638.17593502313 0.128201073131825 1638.43233716939 3112.95716525233 3995.40092319252 4760.78928085706 Inf
"87" 90.8080808080808 0.501230526719859 2340.45021593621 -Inf -4586.69690031725 -3849.19679585532 -2998.90640778553 -1578.10845096646 0.501230526719859 1579.1109120199 2999.90886883897 3850.19925690876 4587.69936137069 Inf -0.0892750275368346 2428.96285237787 -Inf -4760.76898547384 -3995.37763249167 -3112.93042114208 -1638.39982256345 -0.0892750275368346 1638.22127250838 3112.751871087 3995.1990824366 4760.59043541877 Inf
"88" 91.5151515151515 0.11474343020524 2340.45115256559 -Inf -4587.0852231736 -3849.58482357005 -2999.29409522089 -1578.49556980989 0.11474343020524 1578.7250566703 2999.5235820813 3849.81431043046 4587.31471003401 Inf -0.0558756189940677 2428.96377719346 -Inf -4760.73739867055 -3995.3457542694 -3112.8982069324 -1638.36704693354 -0.0558756189940677 1638.25529569555 3112.78645569441 3995.23400303141 4760.62564743256 Inf
"89" 92.2222222222222 0.0233065685218541 2340.45122607639 -Inf -4587.17680411381 -3849.67638134624 -2999.38562629045 -1578.58705625385 0.0233065685218541 1578.6336693909 2999.43223942749 3849.72299448328 4587.22341725085 Inf -0.0207201924005141 2428.96384964232 -Inf -4760.70238524111 -3995.31071801058 -3112.86314435276 -1638.33194037296 -0.0207201924005141 1638.29049998816 3112.82170396796 3995.26927762578 4760.66094485631 Inf
"90" 92.9292929292929 0.00418379202485372 2340.45123073301 -Inf -4587.19593601712 -3849.69551178221 -2999.40475503465 -1578.6061821712 0.00418379202485372 1578.61454975525 2999.4131226187 3849.70387936625 4587.20430360117 Inf -0.00598742257280724 2428.96385422422 -Inf -4760.68766145164 -3995.29599277731 -3112.84841745487 -1638.31721069358 -0.00598742257280724 1638.30523584843 3112.83644260972 3995.28401793216 4760.67568660649 Inf
"91" 93.6363636363636 0.000659486697015519 2340.45123097161 -Inf -4587.1994607901 -3849.69903648 -2999.40827964576 -1578.60970663746 0.000659486697015519 1578.61102561085 2999.40959861916 3849.70035545339 4587.2007797635 Inf -0.00144837915061153 2428.96385445866 -Inf -4760.68312286771 -3995.2914541195 -3112.84387871189 -1638.31267180828 -0.00144837915061153 1638.30977504998 3112.84098195359 3995.2885573612 4760.68022610941 Inf
"92" 94.3434343434343 9.02839126573214e-05 2340.45123098152 -Inf -4587.20003001231 -3849.69960569908 -2999.40884886125 -1578.61027584693 9.02839126573214e-05 1578.61045641475 2999.40902942907 3849.69978626691 4587.20021058013 Inf -0.000302179138683936 2428.96385446838 -Inf -4760.68197668675 -3995.29030793548 -3112.84273252434 -1638.31152561483 -0.000302179138683936 1638.31092125655 3112.84212816606 3995.2897035772 4760.68137232848 Inf
"93" 95.0505050505051 1.05165271149379e-05 2340.45123098186 -Inf -4587.20010978034 -3849.69968546702 -2999.40892862906 -1578.61035561454 1.05165271149379e-05 1578.61037664759 2999.40894966211 3849.69970650007 4587.2001308134 Inf -5.52155989622157e-05 2428.96385446871 -Inf -4760.68172972386 -3995.29006097248 -3112.84248556122 -1638.31127865151 -5.52155989622157e-05 1638.31116822031 3112.84237513002 3995.28995054128 4760.68161929266 Inf
"94" 95.7575757575758 9.96787142425829e-07 2340.45123098186 -Inf -4587.2001193001 -3849.69969498677 -2999.40893814881 -1578.61036513428 9.96787142425829e-07 1578.61036712786 2999.40894014238 3849.69969698034 4587.20012129368 Inf -8.91639652166118e-06 2428.96385446872 -Inf -4760.68168342467 -3995.29001467329 -3112.84243926203 -1638.31123235231 -8.91639652166118e-06 1638.31121451952 3112.84242142924 3995.2899968405 4760.68166559188 Inf
"95" 96.4646464646465 6.74528444117837e-08 2340.45123098187 -Inf -4587.20012022944 -3849.69969591611 -2999.40893907814 -1578.61036606362 6.74528444117837e-08 1578.61036619852 2999.40893921305 3849.69969605101 4587.20012036434 Inf -1.27982496797768e-06 2428.96385446872 -Inf -4760.6816757881 -3995.29000703672 -3112.84243162546 -1638.31122471574 -1.27982496797768e-06 1638.31122215609 3112.84242906581 3995.29000447707 4760.68167322845 Inf
"96" 97.1717171717172 1.19285805742046e-09 2340.45123098187 -Inf -4587.2001202957 -3849.69969598237 -2999.4089391444 -1578.61036612988 1.19285805742046e-09 1578.61036613226 2999.40893914679 3849.69969598475 4587.20012029808 Inf -1.63926170032536e-07 2428.96385446872 -Inf -4760.6816746722 -3995.29000592082 -3112.84243050956 -1638.31122359984 -1.63926170032536e-07 1638.31122327199 3112.84243018171 3995.29000559297 4760.68167434435 Inf
"97" 97.8787878787879 -5.30007027278161e-10 2340.45123098187 -Inf -4587.20012029742 -3849.69969598409 -2999.40893914613 -1578.6103661316 -5.30007027278161e-10 1578.61036613054 2999.40893914507 3849.69969598303 4587.20012029636 Inf -1.87886698861428e-08 2428.96385446872 -Inf -4760.68167452706 -3995.29000577569 -3112.84243036442 -1638.31122345471 -1.87886698861428e-08 1638.31122341713 3112.84243032684 3995.29000573811 4760.68167448949 Inf
"98" 98.5858585858586 -1.08537284695871e-10 2340.45123098187 -Inf -4587.200120297 -3849.69969598367 -2999.40893914571 -1578.61036613118 -1.08537284695871e-10 1578.61036613096 2999.40893914549 3849.69969598345 4587.20012029678 Inf -1.9310359369336e-09 2428.96385446872 -Inf -4760.68167451021 -3995.29000575883 -3112.84243034756 -1638.31122343785 -1.9310359369336e-09 1638.31122343399 3112.8424303437 3995.29000575497 4760.68167450634 Inf
"99" 99.2929292929293 -1.39751910042949e-11 2340.45123098187 -Inf -4587.2001202969 -3849.69969598357 -2999.40893914561 -1578.61036613108 -1.39751910042949e-11 1578.61036613106 2999.40893914558 3849.69969598354 4587.20012029688 Inf -1.78243169070324e-10 2428.96385446872 -Inf -4760.68167450845 -3995.29000575708 -3112.84243034581 -1638.3112234361 -1.78243169070324e-10 1638.31122343574 3112.84243034545 3995.29000575672 4760.6816745081 Inf
"100" 100 -1.4203329653333e-12 2340.45123098187 -Inf -4587.20012029689 -3849.69969598356 -2999.4089391456 -1578.61036613107 -1.4203329653333e-12 1578.61036613107 2999.4089391456 3849.69969598356 4587.20012029689 Inf -1.47942893534685e-11 2428.96385446872 -Inf -4760.68167450829 -3995.29000575691 -3112.84243034565 -1638.31122343593 -1.47942893534685e-11 1638.3112234359 3112.84243034562 3995.29000575688 4760.68167450826 Inf
