"mid_age" "mean_left" "std_left" "min_left" "l.q2.5" "l.q5" "l.q10" "l.q25" "l.q50" "l.q75" "l.q90" "l.q95" "l.q97.5" "max_left" "mean_right" "std_right" "min_right" "r.q2.5" "r.q5" "r.q10" "r.q25" "r.q50" "r.q75" "r.q90" "r.q95" "r.q97.5" "max_right"
"1" 30 3.04780966697549e-09 2354.50415482797 -Inf -4614.74334490968 -3872.81469873804 -3017.418485698 -1588.0889192225 3.04780966697549e-09 1588.0889192286 3017.41848570409 3872.81469874414 4614.74334491578 Inf 2.32337385160196e-09 2476.91152890653 -Inf -4854.65738954651 -4074.1569119575 -3174.28984758331 -1670.65143838764 2.32337385160196e-09 1670.65143839228 3174.28984758796 4074.15691196214 4854.65738955116 Inf
"2" 30.7070707070707 3.14385661560377e-08 2354.50415482797 -Inf -4614.74334488129 -3872.81469870965 -3017.41848566961 -1588.08891919411 3.14385661560377e-08 1588.08891925699 3017.41848573248 3872.81469877253 4614.74334494417 Inf 2.41477921032872e-08 2476.91152890653 -Inf -4854.65738952469 -4074.15691193567 -3174.28984756148 -1670.65143836581 2.41477921032872e-08 1670.65143841411 3174.28984760978 4074.15691198397 4854.65738957298 Inf
"3" 31.4141414141414 2.93344856481577e-07 2354.50415482797 -Inf -4614.74334461939 -3872.81469844775 -3017.4184854077 -1588.08891893221 2.93344856481577e-07 1588.0889195189 3017.41848599439 3872.81469903443 4614.74334520607 Inf 2.27177636837008e-07 2476.91152890653 -Inf -4854.65738932166 -4074.15691173264 -3174.28984735845 -1670.65143816278 2.27177636837008e-07 1670.65143861714 3174.28984781281 4074.15691218699 4854.65738977601 Inf
"4" 32.1212121212121 2.47579647537423e-06 2354.50415482797 -Inf -4614.74334243693 -3872.81469626529 -3017.41848322525 -1588.08891674975 2.47579647537423e-06 1588.08892170135 3017.41848817684 3872.81470121688 4614.74334738853 Inf 1.93457269963704e-06 2476.91152890653 -Inf -4854.65738761426 -4074.15691002525 -3174.28984565106 -1670.65143645539 1.93457269963704e-06 1670.65144032453 3174.2898495202 4074.15691389439 4854.65739148341 Inf
"5" 32.8282828282828 1.88993165186516e-05 2354.50415482797 -Inf -4614.74332601341 -3872.81467984177 -3017.41846680173 -1588.08890032623 1.88993165186516e-05 1588.08893812487 3017.41850460036 3872.8147176404 4614.74336381205 Inf 1.49118229052352e-05 2476.91152890653 -Inf -4854.65737463701 -4074.156897048 -3174.28983267381 -1670.65142347814 1.49118229052352e-05 1670.65145330178 3174.28986249745 4074.15692687164 4854.65740446066 Inf
"6" 33.5353535353535 0.000130478245405065 2354.50415482796 -Inf -4614.74321443448 -3872.81456826284 -3017.41835522279 -1588.0887887473 0.000130478245405065 1588.08904970379 3017.41861617929 3872.81482921933 4614.74347539097 Inf 0.000104037032121196 2476.91152890652 -Inf -4854.65728551179 -4074.15680792278 -3174.28974354859 -1670.65133435292 0.000104037032121196 1670.65154242699 3174.28995162266 4074.15701599684 4854.65749358586 Inf
"7" 34.2424242424242 0.0008146045387681 2354.5041548278 -Inf -4614.74253030788 -3872.81388413629 -3017.4176710963 -1588.0881046209 0.0008146045387681 1588.08973382998 3017.41930030538 3872.81551334536 4614.74415951695 Inf 0.000656944655247956 2476.91152890637 -Inf -4854.65673260387 -4074.1562550149 -3174.28919064077 -1670.6507814452 0.000656944655247956 1670.65209533451 3174.29050453008 4074.15756890421 4854.65804649318 Inf
"8" 34.9494949494949 0.00459848441815919 2354.50415482306 -Inf -4614.73874641869 -3872.8101002486 -3017.41388721034 -1588.08432073782 0.00459848441815919 1588.09351770666 3017.42308417917 3872.81929721743 4614.74794338753 Inf 0.00375411396753791 2476.91152890165 -Inf -4854.65363542532 -4074.15315783784 -3174.28609346542 -1670.6476842727 0.00375411396753791 1670.65519250064 3174.29360169335 4074.16066606577 4854.66114365325 Inf
"9" 35.6565656565657 0.0234675140989532 2354.50415470621 -Inf -4614.71987716 -3872.79123102673 -3017.39501803092 -1588.06545162933 0.0234675140989532 1588.11238665753 3017.44195305911 3872.83816605492 4614.7668121882 Inf 0.0194113069244807 2476.91152878544 -Inf -4854.63797800457 -4074.13750045372 -3174.27043612352 -1670.63202700136 0.0194113069244807 1670.67084961521 3174.30925873737 4074.17632306756 4854.67680061842 Inf
"10" 36.3636363636364 0.108244925390706 2354.50415236876 -Inf -4614.63509516738 -3872.70644977066 -3017.31023762405 -1587.98067264145 0.108244925390706 1588.19716249223 3017.52672747483 3872.92293962144 4614.85158501816 Inf 0.0907970227513576 2476.91152645528 -Inf -4854.56658772173 -4074.06611090513 -3174.19904742149 -1670.56063971387 0.0907970227513576 1670.74223375937 3174.38064146699 4074.24770495063 4854.74818176724 Inf
"11" 37.0707070707071 0.45114152378362 2354.50411439993 -Inf -4614.29212415146 -3872.36349071911 -3016.96729236666 -1587.63775043347 0.45114152378362 1588.54003348104 3017.86957541422 3873.26577376668 4615.19440719903 Inf 0.384079734585596 2476.91148851439 -Inf -4854.27323064711 -4073.77276578608 -3173.90571608644 -1670.26733141129 0.384079734585596 1671.03549088046 3174.67387555561 4074.54092525525 4855.04139011628 Inf
"12" 37.7777777777778 1.69834873911305 2354.50361446582 -Inf -4613.04393708327 -3871.11546118534 -3015.71944445998 -1586.39020601771 1.69834873911305 1589.78690349593 3019.1161419382 3874.51215866356 4616.4406345615 Inf 1.46866271636565 2476.91098764817 -Inf -4853.18766598559 -4072.68735895269 -3172.82049121877 -1669.18241060038 1.46866271636565 1672.11973603311 3175.7578166515 4075.62468438541 4856.12499141832 Inf
"13" 38.4848484848485 5.77238233097633 2354.49829008255 -Inf -4608.95946789196 -3867.03266976235 -3011.6385873964 -1582.3125811839 5.77238233097633 1593.85734584586 3023.18335205835 3878.5774344243 4620.50423255391 Inf 5.0738524934117 2476.9056382705 -Inf -4849.57199162096 -4069.07337023237 -3169.2084459384 -1665.57361272292 5.0738524934117 1675.72131770975 3179.35615092522 4079.22107521919 4859.71969660778 Inf
"14" 39.1919191919192 17.7034791703113 2354.45254856353 -Inf -4596.93871932274 -3855.02633481954 -2999.64887044175 -1570.35063215883 17.7034791703113 1605.75759049945 3035.05582878237 3890.43329316016 4632.34567766337 Inf 15.8260204916055 2476.85954096075 -Inf -4838.72947455587 -4058.24537890704 -3158.39720186072 -1654.79035256179 15.8260204916055 1686.442393545 3190.04924284393 4089.89741989025 4870.38151553908 Inf
"15" 39.8989898989899 48.9610735567442 2354.1366597351 -Inf -4565.06199420948 -3823.24914954796 -2967.98644823271 -1538.87997399542 48.9610735567442 1636.80212110891 3065.9085953462 3921.17129666145 4662.98414132297 Inf 44.5308156974932 2476.54013163955 -Inf -4809.39864858411 -4029.0152021207 -3129.2830671392 -1625.87011904264 44.5308156974932 1714.93175043762 3218.34469853419 4118.07683351568 4898.46027997909 Inf
"16" 40.6060606060606 122.010889755631 2352.39044548406 -Inf -4488.58966096927 -3747.32706650482 -2892.69876842663 -1464.65235418256 122.010889755631 1708.67413369383 3136.72054793789 3991.34884601608 4732.61144048053 Inf 112.921318942228 2474.76803380709 -Inf -4737.53489741067 -3957.70985732893 -3058.62152914298 -1556.28435397357 112.921318942228 1782.12699185802 3284.46416702744 4183.55249521338 4963.37753529513 Inf
"17" 41.3131313131313 273.735556071832 2344.6998563601 -Inf -4321.79171695021 -3582.95250677468 -2731.11821557866 -1307.74046432928 273.735556071832 1855.21157647295 3278.58932772232 4130.42361891834 4869.26282909387 Inf 257.771292009542 2466.93265201513 -Inf -4577.327858226 -3799.97182810256 -2903.73011027354 -1406.1494961987 257.771292009542 1921.69208021779 3419.27269429263 4315.51441212164 5092.87044224508 Inf
"18" 42.020202020202 552.419211491355 2317.82168720016 -Inf -3990.42781800682 -3260.05819732661 -2417.98880039324 -1010.92775930734 552.419211491355 2115.76618229005 3522.82722337595 4364.89662030932 5095.26624098953 Inf 529.091056895089 2439.4327855261 -Inf -4252.1093454423 -3483.41880808186 -2597.16784843672 -1116.28135323454 529.091056895089 2174.46346702472 3655.34996222689 4541.60092187203 5310.29145923247 Inf
"19" 42.7272727272727 1002.0331185758 2243.36468180967 -Inf -3394.88086196032 -2687.97341487368 -1872.95440148485 -511.09336525672 1002.0331185758 2515.15960240832 3877.02063863645 4692.03965202527 5398.94709911191 Inf 975.445702849416 2362.91806008612 -Inf -3655.78859333863 -2911.20863847238 -2052.75563630756 -618.318309231882 975.445702849416 2569.20971493071 4003.6470420064 4862.10004417121 5606.67999903746 Inf
"20" 43.4343434343434 1633.1079784162 2079.39601523356 -Inf -2442.43332103768 -1787.19409910916 -1031.74524029358 230.576679542585 1633.1079784162 3035.63927728981 4297.96119712597 5053.41005594155 5708.64927787007 Inf 1614.26196663539 2193.66866955912 -Inf -2685.24961971438 -1994.00190081874 -1197.03755112424 134.654933691487 1614.26196663539 3093.86899957929 4425.56148439502 5222.52583408951 5913.77355298515 Inf
"21" 44.1414141414141 2392.87279073586 1790.82137846034 -Inf -1117.07261379078 -552.766248846863 97.8428495592748 1184.98212653235 2392.87279073586 3600.76345493938 4687.90273191245 5338.51183031859 5902.8181952625 Inf 2398.84983686596 1894.49954326485 -Inf -1314.30103666072 -717.32460813113 -29.0490187286341 1121.02931318266 2398.84983686596 3676.67036054926 4826.74869246056 5515.02428186305 6112.00071039264 Inf
"22" 44.8484848484848 3160.04323212459 1384.37050547643 -Inf 446.726900131268 882.956385147032 1385.90104353749 2226.29951570696 3160.04323212459 4093.78694854221 4934.18542071168 5437.13007910214 5873.35956411791 Inf 3208.83523260467 1471.36056472088 -Inf 325.02151747924 788.662471170172 1323.21079740605 2216.41761285772 3208.83523260467 4201.25285235162 5094.4596678033 5629.00799403917 6092.64894773011 Inf
"23" 45.5555555555556 3784.70653404509 933.085773084382 -Inf 1955.89202431299 2249.91701593042 2588.9090007614 3155.34974404588 3784.70653404509 4414.06332404429 4980.50406732877 5319.49605215975 5613.52104377719 Inf 3887.92943854267 999.749842006426 -Inf 1928.45575466047 2243.48728487424 2606.69846336637 3213.60841734919 3887.92943854267 4562.25045973616 5169.16041371898 5532.3715922111 5847.40312242488 Inf
"24" 46.2626262626263 4162.71535479905 564.189341597794 -Inf 3056.924564806 3234.70646998455 3439.67762081081 3782.17542672146 4162.71535479905 4543.25528287663 4885.75308878728 5090.72423961354 5268.50614479209 Inf 4320.53982702662 612.93698559015 -Inf 3119.20541047738 3312.34820318596 3535.02947356338 3907.12011272998 4320.53982702662 4733.95954132326 5106.05018048987 5328.73145086728 5521.87424357586 Inf
"25" 46.969696969697 4296.44566279346 387.747780392278 -Inf 3536.47397813925 3658.65731987284 3799.52688779529 4034.91375925759 4296.44566279346 4557.97756632933 4793.36443779163 4934.23400571408 5056.41734744767 Inf 4496.51569469836 426.310803848837 -Inf 3660.96187293432 3795.296822779 3950.1764166173 4208.97342710446 4496.51569469836 4784.05796229225 5042.85497277941 5197.73456661771 5332.0695164624 Inf
"26" 47.6767676767677 4289.70861266784 350.97656717301 -Inf 3601.80718159123 3712.40353317833 3839.91404353779 4052.97851555063 4289.70861266784 4526.43870978504 4739.50318179788 4867.01369215734 4977.61004374444 Inf 4507.90854148175 386.048112791238 -Inf 3751.26814411126 3872.91590297931 4013.1679781586 4247.52304632151 4507.90854148175 4768.29403664198 5002.6491048049 5142.90117998418 5264.54893885223 Inf
"27" 48.3838383838384 4272.17147677762 339.538301396732 -Inf 3606.68863466812 3713.68067023626 3837.03563506028 4043.15637268653 4272.17147677762 4501.1865808687 4707.30731849495 4830.66228331897 4937.65431888712 Inf 4475.29329732239 373.617953017565 -Inf 3743.01556543038 3860.74645220726 3996.48262471716 4223.2918175228 4475.29329732239 4727.29477712198 4954.10396992762 5089.84014243752 5207.57102921439 Inf
"28" 49.0909090909091 4311.15034904045 334.043427564666 -Inf 3656.43726174139 3761.69780565141 3883.05647148507 4085.84148102772 4311.15034904045 4536.45921705319 4739.24422659583 4860.60289242949 4965.86343633951 Inf 4468.00081168748 367.651197331837 -Inf 3747.41770604405 3863.26840630316 3996.83684417252 4220.02384743984 4468.00081168748 4715.97777593512 4939.16477920244 5072.7332170718 5188.58391733091 Inf
"29" 49.7979797979798 4382.96438726885 332.827215100658 -Inf 3730.63503259679 3835.51233536237 3956.42914870075 4158.47584209715 4382.96438726885 4607.45293244055 4809.49962583694 4930.41643917532 5035.2937419409 Inf 4486.47737125691 366.312097651765 -Inf 3768.51885275813 3883.9475888382 4017.02952903337 4239.40361601797 4486.47737125691 4733.55112649585 4955.92521348046 5089.00715367562 5204.43588975569 Inf
"30" 50.5050505050505 4422.30657520048 332.591173383107 -Inf 3770.43985379367 3875.24277736923 3996.07383626504 4197.97723774788 4422.30657520048 4646.63591265307 4848.53931413591 4969.37037303173 5074.17329660728 Inf 4505.80201196471 366.058287341752 -Inf 3788.34095253246 3903.68971035499 4036.67944074131 4258.89944917837 4505.80201196471 4752.70457475106 4974.92458318811 5107.91431357444 5223.26307139696 Inf
"31" 51.2121212121212 4397.07689249934 332.301640369002 -Inf 3745.77764537251 3850.48933409646 3971.2152050514 4172.9428420971 4397.07689249934 4621.21094290157 4822.93857994727 4943.66445090221 5048.37613962616 Inf 4518.16104396619 365.731880600161 -Inf 3801.33972999177 3916.58563366923 4049.45677981348 4271.47863918144 4518.16104396619 4764.84344875094 4986.8653081189 5119.73645426315 5234.98235794061 Inf
"32" 51.9191919191919 4337.16418195502 331.585104417644 -Inf 3687.26931948649 3791.75522031058 3912.22077227732 4113.51342770762 4337.16418195502 4560.81493620242 4762.10759163272 4882.57314359946 4987.05904442356 Inf 4530.57147539227 364.960183210555 -Inf 3815.26266050844 3930.26539434552 4062.85618123734 4284.40957258707 4530.57147539227 4776.73337819747 4998.2867695472 5130.87755643903 5245.8802902761 Inf
"33" 52.6262626262626 4295.85990057808 331.443615243972 -Inf 3646.24235179414 3750.68366791412 3871.0978165724 4072.30457932809 4295.85990057808 4519.41522182807 4720.62198458375 4841.03613324203 4945.47744936201 Inf 4539.58501742535 364.798506426026 -Inf 3824.59308321633 3939.54487102402 4072.07692040674 4293.53216395415 4539.58501742535 4785.63787089654 5007.09311444395 5139.62516382668 5254.57695163436 Inf
"34" 53.3333333333333 4291.86336685796 331.221861769287 -Inf 3642.68044689785 3747.05188620113 3867.38547136493 4068.45761605371 4291.86336685796 4515.26911766221 4716.34126235098 4836.67484751479 4941.04628681806 Inf 4528.50230804722 364.557962950941 -Inf 3813.98183038609 3928.85782045332 4061.30247989569 4282.61169868445 4528.50230804722 4774.39291740999 4995.70213619875 5128.14679564112 5243.02278570835 Inf
"35" 54.040404040404 4297.77402785313 330.908255717743 -Inf 3649.20576445938 3753.47838324761 3873.69803468642 4074.57980111625 4297.77402785313 4520.96825459001 4721.85002101983 4842.06967245864 4946.34229124687 Inf 4492.2699511687 364.21713449261 -Inf 3778.4174850108 3893.18607650065 4025.50691226152 4246.60922710764 4492.2699511687 4737.93067522975 4959.03299007587 5091.35382583674 5206.12241732659 Inf
"36" 54.7474747474747 4284.88433215225 330.93094152311 -Inf 3636.27160539703 3740.5513727175 3860.77926595616 4061.67480407218 4284.88433215225 4508.09386023233 4708.98939834834 4829.21729158701 4933.49705890748 Inf 4453.55848937993 364.239170443331 -Inf 3739.66283355225 3854.43836879842 3986.76721026561 4207.88290229598 4453.55848937993 4699.23407646388 4920.34976849425 5052.67860996144 5167.4541452076 Inf
"37" 55.4545454545455 4263.97128393316 330.88861826885 -Inf 3615.44150923199 3719.70794005668 3839.92045716982 4040.79030245427 4263.97128393316 4487.15226541204 4688.02211069649 4808.23462780964 4912.50105863433 Inf 4443.98521369993 364.194962183671 -Inf 3730.17620446901 3844.93780923467 3977.25058974999 4198.339444634 4443.98521369993 4689.63098276587 4910.71983764987 5043.0326181652 5157.79422293085 Inf
"38" 56.1616161616162 4266.53244904747 330.860597546263 -Inf 3618.05759395339 3722.31519515817 3842.51753228503 4043.37036725876 4266.53244904747 4489.69453083617 4690.5473658099 4810.74970293677 4915.00730414154 Inf 4468.75365215269 364.163222162758 -Inf 3755.00685221963 3869.75845537594 4002.05970467624 4223.12929140553 4468.75365215269 4714.37801289985 4935.44759962914 5067.74884892944 5182.50045208576 Inf
"39" 56.8686868686869 4292.90159731941 330.863641035648 -Inf 3644.42077709576 3748.67933733556 3868.88278016839 4069.73746272831 4292.90159731941 4516.06573191051 4716.92041447044 4837.12385730327 4941.38241754307 Inf 4496.67818785351 364.166854467086 -Inf 3782.92426873478 3897.67701646781 4029.97958539176 4251.05137715431 4496.67818785351 4742.30499855271 4963.37679031525 5095.6793592392 5210.43210697223 Inf
"40" 57.5757575757576 4303.54013499562 330.801933514686 -Inf 3655.18025929062 3759.41937485143 3879.60039921469 4080.41762149492 4303.54013499562 4526.66264849632 4727.47987077655 4847.66089513981 4951.90001070062 Inf 4491.96426310143 364.099292867451 -Inf 3778.34276228473 3893.07422065794 4025.35224431347 4246.3830220087 4491.96426310143 4737.54550419417 4958.5762818894 5090.85430554493 5205.58576391814 Inf
"41" 58.2828282828283 4270.18494080189 330.724644013081 -Inf 3621.97654973642 3726.19131057474 3846.34425550274 4047.11455827781 4270.18494080189 4493.25532332596 4694.02562610103 4814.17857102904 4918.39333186736 Inf 4453.667864252 364.014811178813 -Inf 3740.21194450238 3854.91678182048 3987.16411310437 4208.14360519233 4453.667864252 4699.19212331168 4920.17161539963 5052.41894668353 5167.12378400162 Inf
"42" 58.989898989899 4215.3793619054 330.691289029823 -Inf 3567.23634540582 3671.44059574344 3791.58142273727 3992.33147697565 4215.3793619054 4438.42724683515 4639.17730107353 4759.31812806736 4863.52237840498 Inf 4414.067060575 363.978452663511 -Inf 3700.6824022059 3815.37578257924 3947.60990473957 4168.56732496123 4414.067060575 4659.56679618876 4880.52421641042 5012.75833857076 5127.45171894409 Inf
"43" 59.6969696969697 4184.00784090029 330.677782618988 -Inf 3535.89129647951 3640.09129080718 3760.22721089411 3960.96906590622 4184.00784090029 4407.04661589437 4607.78847090647 4727.9243909934 4832.12438532107 Inf 4397.26041141714 363.963112996834 -Inf 3683.90581824227 3798.59436492775 3930.82291415556 4151.77102225132 4397.26041141714 4642.74980058297 4863.69790867872 4995.92645790653 5110.61500459202 Inf
"44" 60.4040404040404 4188.00675668992 330.607772782728 -Inf 3540.02742902678 3644.20536252991 3764.31584789901 3965.01520261282 4188.00675668992 4410.99831076703 4611.69766548084 4731.80815084994 4835.98608435307 Inf 4393.71113510553 363.886900068857 -Inf 3680.50591652464 3795.17044772714 3927.37130864111 4148.27315077846 4393.71113510553 4639.1491194326 4860.05096156994 4992.25182248392 5106.91635368641 Inf
"45" 61.1111111111111 4198.97640389614 330.516819518702 -Inf 3551.17534135476 3655.32461454234 3775.40205640313 3976.04619686337 4198.97640389614 4421.90661092891 4622.55075138916 4742.62819324994 4846.77746643752 Inf 4382.87715387077 363.787129594703 -Inf 3669.86748182595 3784.50057431866 3916.6651884137 4137.50646370589 4382.87715387077 4628.24784403565 4849.08911932784 4981.25373342288 5095.88682591559 Inf
"46" 61.8181818181818 4189.52734668082 330.370429697641 -Inf 3542.01320291642 3646.11634715514 3766.14060529216 3966.69587808188 4189.52734668082 4412.35881527975 4612.91408806947 4732.9383462065 4837.04149044522 Inf 4364.38421092223 363.626711661419 -Inf 3651.68895224911 3766.2714953895 3898.3778293187 4119.12172100909 4364.38421092223 4609.64670083536 4830.39059252575 4962.49692645495 5077.07946959534 Inf
"47" 62.5252525252525 4162.43073466604 330.228577174629 -Inf 3515.19461673786 3619.25306177732 3739.22578460032 3939.69494413991 4162.43073466604 4385.16652519216 4585.63568473175 4705.60840755475 4809.66685259421 Inf 4350.83219838017 363.472223977599 -Inf 3638.4397300034 3752.9735924745 3885.0238007097 4105.6739088263 4350.83219838017 4595.99048793403 4816.64059605064 4948.69080428584 5063.22466675694 Inf
"48" 63.2323232323232 4139.13992723378 330.211390963895 -Inf 3491.93749365967 3595.99052314613 3715.95700218334 3916.41572863064 4139.13992723378 4361.86412583692 4562.32285228422 4682.28933132143 4786.34236080789 Inf 4342.52912757925 363.452600189965 -Inf 3630.17512111948 3744.70279993184 3876.74587880455 4097.38407406901 4342.52912757925 4587.6741810895 4808.31237635396 4940.35545522666 5054.88313403902 Inf
"49" 63.9393939393939 4135.10395076651 330.21117174087 -Inf 3487.90194686164 3591.95490726865 3711.92130666168 3912.37990002706 4135.10395076651 4357.82800150597 4558.28659487134 4678.25299426438 4782.30595467139 Inf 4330.19323117469 363.452740492071 -Inf 3617.83894972784 3732.36667275085 3864.4098025956 4085.04808303211 4330.19323117469 4575.33837931727 4795.97665975378 4928.01978959852 5042.54751262153 Inf
"50" 64.6464646464646 4148.13302077151 330.217467327859 -Inf 3500.91867774287 3604.97362195455 3724.94230854732 3925.40472372316 4148.13302077151 4370.86131781986 4571.3237329957 4691.29241958847 4795.34736380015 Inf 4315.63054408435 363.459373710542 -Inf 3603.26326176821 3717.79307498706 3849.83861469375 4070.4809219039 4315.63054408435 4560.7801662648 4781.42247347496 4913.46801318165 5027.9978264005 Inf
"51" 65.3535353535354 4159.97542469692 330.134638283407 -Inf 3512.92342361229 3616.95226753415 3736.89086216432 3937.30299499007 4159.97542469692 4382.64785440377 4583.05998722952 4702.99858185969 4807.02742578156 Inf 4308.45337541131 363.368149549048 -Inf 3596.26488916621 3710.76595670691 3842.77835448768 4063.36528299276 4308.45337541131 4553.54146782986 4774.12839633494 4906.14079411571 5020.64186165641 Inf
"52" 66.0606060606061 4149.50367614353 329.986483225 -Inf 3502.7420536375 3606.72421236593 3726.60898195798 3926.93117550502 4149.50367614353 4372.07617678205 4572.39837032909 4692.28313992114 4796.26529864957 Inf 4305.06884095807 363.207289372793 -Inf 3593.19563486498 3707.64601369802 3839.59997064516 4060.08924707962 4305.06884095807 4550.04843483652 4770.53771127099 4902.49166821812 5016.94204705116 Inf
"53" 66.7676767676768 4113.91412242242 330.00379880178 -Inf 3467.11856200953 3571.10617705555 3690.99723743233 3891.32994260485 4113.91412242242 4336.49830223999 4536.83100741251 4656.72206778929 4760.70968283531 Inf 4290.45010335669 363.225189327746 -Inf 3578.54181399657 3692.99783329081 3824.95829332849 4045.4584361421 4290.45010335669 4535.44177057129 4755.9419133849 4887.90237342257 5002.35839271682 Inf
"54" 67.4747474747475 4074.7951895762 330.019211288166 -Inf 3427.96942124508 3531.9618929252 3651.85855269006 3852.20061419454 4074.7951895762 4297.38976495786 4497.73182646234 4617.6284862272 4721.62095790732 Inf 4260.30461078551 363.242308950521 -Inf 3548.36276758132 3662.82418144602 3794.79086107794 4015.30139656083 4260.30461078551 4505.3078250102 4725.81836049309 4857.78504012501 4972.24645398971 Inf
"55" 68.1818181818182 4054.02546431753 329.983911022944 -Inf 3407.26888323489 3511.25023143581 3631.13406654154 3831.45469860294 4054.02546431753 4276.59623003212 4476.91686209351 4596.80069719925 4700.78204540017 Inf 4224.79448357342 363.203946315536 -Inf 3512.92782975215 3627.37715515323 3759.32989756077 3979.81714455283 4224.79448357342 4469.77182259402 4690.25906958608 4822.21181199362 4936.66113739469 Inf
"56" 68.8888888888889 4048.21970649298 329.997066670723 -Inf 3401.4373408145 3505.42283449629 3625.31144907599 3825.6400674288 4048.21970649298 4270.79934555716 4471.12796390997 4591.01657848967 4695.00207217146 Inf 4191.74574993841 363.218100278814 -Inf 3479.85135485888 3594.30514032038 3726.26302489196 3946.75886421466 4191.74574993841 4436.73263566216 4657.22847498486 4789.18635955644 4903.64014501794 Inf
"57" 69.5959595959596 4037.88670643343 330.085920161706 -Inf 3390.93019111272 3494.94368344983 3614.86457868596 3815.24713660031 4037.88670643343 4260.52627626654 4460.90883418089 4580.82972941702 4684.84322175413 Inf 4162.7476058085 363.315831463735 -Inf 3450.66166112635 3565.14624269648 3697.13963320901 3917.69480140224 4162.7476058085 4407.80041021475 4628.35557840798 4760.34896892051 4874.83355049064 Inf
"58" 70.3030303030303 4015.17600326756 330.237814276349 -Inf 3367.92178095268 3471.98313669858 3591.95921537967 3792.433982411 4015.17600326756 4237.91802412411 4438.39279115544 4558.36886983653 4662.43022558243 Inf 4142.81483825219 363.480929356774 -Inf 3430.40530764576 3544.941913272 3676.99528418941 3897.6506770093 4142.81483825219 4387.97899949508 4608.63439231497 4740.68776323237 4855.22436885861 Inf
"59" 71.010101010101 3986.76721563032 330.173360280495 -Inf 3339.63932082598 3443.68036645019 3563.63302886173 3764.06866833333 3986.76721563032 4209.46576292731 4409.90140239891 4529.85406481045 4633.89511043466 Inf 4133.73430316714 363.41047939147 -Inf 3421.46285195542 3535.97725806791 3668.00503436769 3888.61765970375 4133.73430316714 4378.85094663053 4599.46357196659 4731.49134826637 4846.00575437886 Inf
"60" 71.7171717171717 3954.39787085221 329.950515045492 -Inf 3307.70674468261 3411.67756946513 3531.54927174341 3731.84963038211 3954.39787085221 4176.94611132231 4377.24646996101 4497.11817223929 4601.08899702182 Inf 4119.46370758669 363.167782882825 -Inf 3407.6679327911 3522.10586271995 3654.04546687785 3874.51076043079 4119.46370758669 4364.4166547426 4584.88194829554 4716.82155245344 4831.25948238229 Inf
"61" 72.4242424242424 3913.96938431471 329.955789640927 -Inf 3267.26792012802 3371.24040699019 3491.11402553988 3691.41758618405 3913.96938431471 4136.52118244537 4336.82474308955 4456.69836163923 4560.6708485014 Inf 4083.09638445002 363.173249094169 -Inf 3371.28989607706 3485.72954846573 3617.67113850947 3838.1397503906 4083.09638445002 4328.05301850945 4548.52163039057 4680.46322043432 4794.90287282299 Inf
"62" 73.1313131313131 3875.93182768706 330.231174928033 -Inf 3228.69061825577 3332.74988187424 3452.72354846641 3653.1942850029 3875.93182768706 4098.66937037123 4299.14010690772 4419.11377349989 4523.17303711835 Inf 4041.93470703816 363.474533018723 -Inf 3329.53771302395 3444.07230309782 3576.12335021243 3796.77486005973 4041.93470703816 4287.0945540166 4507.7460638639 4639.7971109785 4754.33170105238 Inf
"63" 73.8383838383838 3864.19756804508 330.471344459905 -Inf 3216.48563498114 3320.62057850668 3440.68149918486 3641.29803347336 3864.19756804508 4087.09710261681 4287.7136369053 4407.77455758349 4511.90950110903 Inf 4036.65141150633 363.736143461298 -Inf 3323.74167044669 3438.35869668067 3570.50478740835 3791.31511096583 4036.65141150633 4281.98771204683 4502.79803560431 4634.94412633199 4749.56115256597 Inf
"64" 74.5454545454545 3884.18089251086 330.541396710315 -Inf 3236.33165955908 3340.48867727429 3460.57504807946 3661.23410841426 3884.18089251086 4107.12767660747 4307.78673694226 4427.87310774743 4532.03012546264 Inf 4071.78590401881 363.815099557226 -Inf 3358.72141185479 3473.36331797239 3605.53809361248 3826.39634840089 4071.78590401881 4317.17545963672 4538.03371442513 4670.20849006522 4784.85039618282 Inf
"65" 75.2525252525253 3908.05969006547 330.88977741006 -Inf 3259.52764348928 3363.79443957137 3484.0073778029 3684.87792675772 3908.05969006547 4131.24145337322 4332.11200232804 4452.32494055957 4556.59173664166 Inf 4094.77637901732 364.194942755117 -Inf 3380.96740786567 3495.72900650919 3628.04177996608 3849.13062305575 4094.77637901732 4340.4221349789 4561.51097806857 4693.82375152546 4808.58535016898 Inf
"66" 75.959595959596 3904.58688186752 331.20386147339 -Inf 3255.43924183908 3359.80500906268 3480.13205468188 3681.19327207835 3904.58688186752 4127.98049165668 4329.04170905316 4449.36875467236 4553.73452189595 Inf 4059.43198108949 364.536039787594 -Inf 3344.95447203894 3459.82355389034 3592.26024860227 3813.55615867568 4059.43198108949 4305.30780350329 4526.60371357671 4659.04040828864 4773.90949014003 Inf
"67" 76.6666666666667 3872.64295047218 331.35359933546 -Inf 3223.20182962697 3327.61478080183 3447.99622649498 3649.14834402984 3872.64295047218 4096.13755691453 4297.28967444938 4417.67112014254 4522.0840713174 Inf 3990.88996824877 364.706747802855 -Inf 3276.07787763644 3391.00075135157 3523.49946463734 3744.8990050284 3990.88996824877 4236.88093146914 4458.2804718602 4590.77918514597 4705.7020588611 Inf
"68" 77.3737373737374 3834.37794411264 332.254756327843 -Inf 3183.17058801794 3287.86750309491 3408.57634098106 3610.27551651562 3834.37794411264 4058.48037170967 4260.17954724423 4380.88838513037 4485.58530020735 Inf 3954.82855394368 365.683266250978 -Inf 3238.1025223428 3353.3331071353 3486.18659158628 3708.17893903917 3954.82855394368 4201.47816884819 4423.47051630109 4556.32400075206 4671.55458554457 Inf
"69" 78.0808080808081 3806.87538130598 333.256040744908 -Inf 3153.70554381555 3258.71797398323 3379.79058056215 3582.09759763262 3806.87538130598 4031.65316497935 4233.96018204982 4355.03278862873 4460.04521879642 Inf 3969.1384482242 366.784951454513 -Inf 3250.25315330208 3365.83089051303 3499.08461946947 3721.74575794197 3969.1384482242 4216.53113850644 4439.19227697893 4572.44600593538 4688.02374314632 Inf
"70" 78.7878787878788 3794.95370102449 334.303604319812 -Inf 3139.73067665573 3245.07320495609 3366.52639354123 3569.46934645717 3794.95370102449 4020.43805559181 4223.38100850774 4344.83419709288 4450.17672539324 Inf 3980.36578187527 367.927552818459 -Inf 3259.24102943113 3375.17881216645 3508.84765055378 3732.20241868449 3980.36578187527 4228.52914506604 4451.88391319676 4585.55275158409 4701.4905343194 Inf
"71" 79.4949494949495 3800.73170119721 335.997340132054 -Inf 3142.18901563713 3248.06525763496 3370.13378393216 3574.104939185 3800.73170119721 4027.35846320943 4231.32961846227 4353.39814475947 4459.27438675729 Inf 3933.86314966932 369.777773992879 -Inf 3209.11203035989 3325.63283695109 3459.97386450515 3684.4518312608 3933.86314966932 4183.27446807784 4407.75243483349 4542.09346238755 4658.61426897875 Inf
"72" 80.2020202020202 3814.79989358754 340.654994018123 -Inf 3147.12837415831 3254.4722911377 3378.23295269303 3585.03159176921 3814.79989358754 4044.56819540587 4251.36683448205 4375.12749603738 4482.47141301677 Inf 3836.01182524166 374.87578355833 -Inf 3101.2687907911 3219.39603299947 3355.58917793773 3583.16195163485 3836.01182524166 4088.86169884848 4316.4344725456 4452.62761748386 4570.75485969222 Inf
"73" 80.9090909090909 3790.92551783298 351.019845027612 -Inf 3102.93926372003 3213.54925260737 3341.07548590062 3554.16623024644 3790.92551783298 4027.68480541952 4240.77554976534 4368.30178305859 4478.91177194593 Inf 3724.92100346944 386.059856602225 -Inf 2968.25758865238 3089.9090481169 3230.16538984693 3464.52758722907 3724.92100346944 3985.31441970981 4219.67661709194 4359.93295882197 4481.5844182865 Inf
"74" 81.6161616161616 3647.23646698492 375.725588561006 -Inf 2910.82784533523 3029.22286990187 3165.7247507494 3393.81340861413 3647.23646698492 3900.65952535571 4128.74818322044 4265.25006406797 4383.6450886346 Inf 3594.62366766546 413.350667515037 -Inf 2784.4712463504 2914.72232300054 3064.89347259266 3315.82287918986 3594.62366766546 3873.42445614107 4124.35386273827 4274.52501233038 4404.77608898053 Inf
"75" 82.3232323232323 3313.23754235004 507.122682673504 -Inf 2319.29534856663 2479.09495844516 2663.33367444663 2971.18849079482 3313.23754235004 3655.28659390525 3963.14141025344 4147.38012625491 4307.17973613344 Inf 3374.89210904277 553.278494698428 -Inf 2290.48618601332 2464.82997032381 2665.83718797984 3001.71143536477 3374.89210904277 3748.07278272078 4083.9470301057 4284.95424776173 4459.29803207223 Inf
"76" 83.030303030303 2785.33341557364 835.121619608772 -Inf 1148.52511842968 1411.68059061456 1715.08199654387 2222.05244298037 2785.33341557364 3348.6143881669 3855.5848346034 4158.98624053271 4422.14171271759 Inf 2992.54876883231 897.718083755298 -Inf 1233.05365640161 1515.93392278748 1842.07675317801 2387.04712277369 2992.54876883231 3598.05041489093 4143.02078448661 4469.16361487714 4752.04388126301 Inf
"77" 83.7373737373737 2139.55319470889 1277.7665796409 -Inf -364.823282036204 37.8142017891787 502.029434169525 1277.712733598 2139.55319470889 3001.39365581978 3777.07695524826 4241.2921876286 4643.92967145399 Inf 2444.82744474258 1360.55714876096 -Inf -221.815565737406 206.910083928361 701.203300735075 1527.14559334731 2444.82744474258 3362.50929613786 4188.45158875009 4682.7448055568 5111.47045522257 Inf
"78" 84.4444444444444 1492.02208429892 1703.37850500015 -Inf -1846.53843754105 -1309.78622772175 -690.94530549904 343.110741971998 1492.02208429892 2640.93342662585 3674.98947409689 4293.8303963196 4830.5826061389 Inf 1812.49392068784 1803.82626929975 -Inf -1722.94060150692 -1154.5362607602 -499.202458703736 595.831590910717 1812.49392068784 3029.15625046496 4124.19030007941 4779.52410213587 5347.9284428826 Inf
"79" 85.1515151515152 942.267738699257 2023.01208630593 -Inf -3022.7630907496 -2385.29102882772 -1650.32656762176 -422.233178036884 942.267738699257 2306.7686554354 3534.86204502027 4269.82650622623 4907.29856814812 Inf 1210.42152351751 2135.34533712408 -Inf -2974.77843180121 -2301.90899904494 -1526.13363625221 -229.847019501672 1210.42152351751 2650.6900665367 3946.97668328724 4722.75204607996 5395.62147883624 Inf
"80" 85.8585858585859 538.796641795051 2214.59381177239 -Inf -3801.72746966412 -3103.88602172306 -2299.31952472725 -954.9241850931 538.796641795051 2032.5174686832 3376.91280831735 4181.47930531316 4879.32075325422 Inf 726.332428316406 2333.23114802893 -Inf -3846.71658942735 -3111.49128803514 -2263.8236022175 -847.408065867347 726.332428316406 2300.07292250016 3716.48845885031 4564.15614466794 5299.38144606016 Inf
"81" 86.5656565656566 279.169842019461 2306.25105975698 -Inf -4240.99917441155 -3514.27557828248 -2676.40981415099 -1276.37285916547 279.169842019461 1834.71254320439 3234.74949818991 4072.6152623214 4799.33885845047 Inf 391.622485454132 2427.52251457166 -Inf -4366.23421476643 -3601.29672714542 -2719.37279348995 -1245.71656899467 391.622485454132 2028.96153990293 3502.61776439821 4384.54169805368 5149.47918567469 Inf
"82" 87.2727272727273 131.211400722685 2341.04913323596 -Inf -4457.1605864585 -3719.47175695208 -2868.96378099269 -1447.80224435039 131.211400722685 1710.22504579576 3131.38658243806 3981.89455839745 4719.58338790387 Inf 189.936487783081 2463.18309832038 -Inf -4637.81367225264 -3861.63916533476 -2966.7596680924 -1471.45526489024 189.936487783081 1851.3282404564 3346.63264365856 4241.51214090092 5017.6866478188 Inf
"83" 87.979797979798 55.9960872779705 2351.4871473132 -Inf -4552.83403156474 -3811.85607570992 -2957.55594771927 -1530.05789130261 55.9960872779705 1642.05006585855 3069.54812227521 3923.84825026586 4664.82620612068 Inf 82.9826177031496 2473.84205553799 -Inf -4765.65871459185 -3986.1254598536 -3087.37354148164 -1585.59849236123 82.9826177031496 1751.56372776753 3253.33877688794 4152.0906952599 4931.62394999815 Inf
"84" 88.6868686868687 21.7135667846179 2353.960736529 -Inf -4591.9646978336 -3850.20728839647 -2995.00850034464 -1566.00882236821 21.7135667846179 1609.43595593745 3038.43563391388 3893.6344219657 4635.39183140284 Inf 32.7058357534376 2476.36007283777 -Inf -4820.87071976157 -4040.54401169157 -3140.87729244394 -1637.57365117046 32.7058357534376 1702.98532267733 3206.28896395082 4105.95568319845 4886.28239126844 Inf
"85" 89.3939393939394 7.6534295755287 2354.42543001817 -Inf -4606.93561754532 -3865.03177837664 -3009.66416622228 -1580.38239057273 7.6534295755287 1595.68924972379 3024.97102537334 3880.3386375277 4622.24247669638 Inf 11.6429762544101 2476.83181897149 -Inf -4842.85818469255 -4062.38282452966 -3162.54471893919 -1658.95469860138 11.6429762544101 1682.2406511102 3185.83067144801 4085.66877703848 4866.14413720137 Inf
"86" 90.1010101010101 2.45226201453162 2354.49496304847 -Inf -4612.27306734144 -3870.34731759472 -3014.95444394711 -1585.63045744996 2.45226201453162 1590.53498147903 3019.85896797618 3875.25184162378 4617.1775913705 Inf 3.74748156834628 2476.90224038646 -Inf -4850.89170281569 -4070.39415213555 -3170.53046229985 -1666.89769181003 3.74748156834628 1674.39265494672 3178.02542543654 4077.88911527224 4858.38666595238 Inf
"87" 90.8080808080808 0.7141584064979 2354.50328805917 -Inf -4614.02748767061 -3872.09911462679 -3016.70321648564 -1587.37417619238 0.7141584064979 1588.80249300538 3018.13153329864 3873.52743143979 4615.4558044836 Inf 1.09139496992999 2476.91065452073 -Inf -4853.56428081423 -4073.06407875323 -3173.19733204521 -1669.55945365577 1.09139496992999 1671.74224359563 3175.38012198507 4075.24686869309 4855.74707075409 Inf
"88" 91.5151515151515 0.188972200017333 2354.5040886916 -Inf -4614.55424308781 -3872.62561775643 -3017.22942874386 -1587.89990241723 0.188972200017333 1588.27784681727 3017.6073731439 3873.00356215646 4614.93218748785 Inf 0.28775744898537 2476.91146228943 -Inf -4854.36950153273 -4073.86904493545 -3174.00200476339 -1670.36363600842 0.28775744898537 1670.93915090639 3174.57751966136 4074.44455983342 4854.9450164307 Inf
"89" 92.2222222222222 0.0454143257120726 2354.50415073796 -Inf -4614.69792257075 -3872.76927768791 -3017.37306613378 -1588.04350214117 0.0454143257120726 1588.13433079259 3017.4638947852 3872.86010633933 4614.78875122217 Inf 0.0687114703914196 2476.91152479223 -Inf -4854.58867001457 -4074.08819372202 -3174.22113084256 -1670.58272414452 0.0687114703914196 1670.7201470853 3174.35855378334 4074.2256166628 4854.72609295536 Inf
"90" 92.9292929292929 0.00990778577260786 2354.50415462267 -Inf -4614.73343672459 -3872.80479061764 -3017.40857765218 -1588.07901130131 0.00990778577260786 1588.09882687286 3017.42839322373 3872.82460618919 4614.75325229614 Inf 0.0148621936556379 2476.91152870026 -Inf -4854.6425269509 -4074.14204942688 -3174.27498512763 -1670.63657605718 0.0148621936556379 1670.66630044449 3174.30470951494 4074.17177381419 4854.67225133821 Inf
"91" 93.6363636363636 0.00196130656231151 2354.50415481959 -Inf -4614.74138358976 -3872.81273742075 -3017.41652438375 -1588.08695791334 0.00196130656231151 1588.09088052647 3017.42044699688 3872.81666003388 4614.74530620288 Inf 0.00291227927554289 2476.91152889812 -Inf -4854.65447725309 -4074.15399966672 -3174.28693529558 -1670.64852610501 0.00291227927554289 1670.65435066357 3174.29275985414 4074.15982422527 4854.66030181164 Inf
"92" 94.3434343434343 0.000352133061167393 2354.50415482769 -Inf -4614.74299277912 -3872.81434660757 -3017.41813356763 -1588.0885670923 0.000352133061167393 1588.08927135842 3017.41883783375 3872.81505087369 4614.74369704525 Inf 0.000517000164043501 2476.91152890625 -Inf -4854.65687254812 -4074.1563949592 -3174.28933058511 -1670.65092138961 0.000517000164043501 1670.65195538993 3174.29036458544 4074.15742895952 4854.65790654845 Inf
"93" 95.0505050505051 5.73172897303136e-05 2354.50415482796 -Inf -4614.74328759543 -3872.81464142379 -3017.41842838375 -1588.08886190826 5.73172897303136e-05 1588.08897654284 3017.41854301833 3872.81475605837 4614.74340223001 Inf 8.31464177694987e-05 2476.91152890652 -Inf -4854.6573064024 -4074.15682881339 -3174.2897644392 -1670.65135524354 8.31464177694987e-05 1670.65152153637 3174.28993073204 4074.15699510622 4854.65747269524 Inf
"94" 95.7575757575758 8.45527859082681e-06 2354.50415482796 -Inf -4614.74333645745 -3872.81469028581 -3017.41847724577 -1588.08891077027 8.45527859082681e-06 1588.08892768083 3017.41849415632 3872.81470719637 4614.74335336801 Inf 1.21133482155903e-05 2476.91152890653 -Inf -4854.65737743549 -4074.15689984647 -3174.28983547228 -1670.65142627661 1.21133482155903e-05 1670.65145050331 3174.28985969898 4074.15692407316 4854.65740166218 Inf
"95" 96.4646464646465 1.1300583702628e-06 2354.50415482797 -Inf -4614.74334378267 -3872.81469761103 -3017.41848457099 -1588.08891809549 1.1300583702628e-06 1588.08892035561 3017.4184868311 3872.81469987115 4614.74334604279 Inf 1.59851427788465e-06 2476.91152890653 -Inf -4854.65738795032 -4074.15691036131 -3174.28984598712 -1670.65143679144 1.59851427788465e-06 1670.65143998847 3174.28984918415 4074.15691355833 4854.65739114735 Inf
"96" 97.1717171717172 1.36801869307431e-07 2354.50415482797 -Inf -4614.74334477593 -3872.81469860429 -3017.41848556424 -1588.08891908875 1.36801869307431e-07 1588.08891936235 3017.41848583785 3872.81469887789 4614.74334504953 Inf 1.91055773275736e-07 2476.91152890653 -Inf -4854.65738935778 -4074.15691176876 -3174.28984739458 -1670.6514381989 1.91055773275736e-07 1670.65143858101 3174.28984777669 4074.15691215087 4854.65738973989 Inf
"97" 97.8787878787879 1.49970989342763e-08 2354.50415482797 -Inf -4614.74334489773 -3872.81469872609 -3017.41848568605 -1588.08891921055 1.49970989342763e-08 1588.08891924055 3017.41848571604 3872.81469875608 4614.74334492773 Inf 2.06801525526339e-08 2476.91152890653 -Inf -4854.65738952816 -4074.15691193914 -3174.28984756495 -1670.65143836928 2.06801525526339e-08 1670.65143841064 3174.28984760631 4074.1569119805 4854.65738956951 Inf
"98" 98.5858585858586 1.48856733630187e-09 2354.50415482797 -Inf -4614.74334491124 -3872.8146987396 -3017.41848569956 -1588.08891922406 1.48856733630187e-09 1588.08891922704 3017.41848570253 3872.81469874258 4614.74334491422 Inf 2.02701427220818e-09 2476.91152890653 -Inf -4854.65738954681 -4074.15691195779 -3174.28984758361 -1670.65143838793 2.02701427220818e-09 1670.65143839199 3174.28984758766 4074.15691196184 4854.65738955086 Inf
"99" 99.2929292929293 1.33755421098312e-10 2354.50415482797 -Inf -4614.7433449126 -3872.81469874096 -3017.41848570091 -1588.08891922542 1.33755421098312e-10 1588.08891922568 3017.41848570118 3872.81469874122 4614.74334491286 Inf 1.79899996341624e-10 2476.91152890653 -Inf -4854.65738954866 -4074.15691195964 -3174.28984758545 -1670.65143838978 1.79899996341624e-10 1670.65143839014 3174.28984758581 4074.15691196 4854.65738954901 Inf
"100" 100 1.08788556018511e-11 2354.50415482797 -Inf -4614.74334491272 -3872.81469874108 -3017.41848570104 -1588.08891922554 1.08788556018511e-11 1588.08891922556 3017.41848570106 3872.8146987411 4614.74334491274 Inf 1.44557775612019e-11 2476.91152890653 -Inf -4854.65738954882 -4074.15691195981 -3174.28984758562 -1670.65143838994 1.44557775612019e-11 1670.65143838997 3174.28984758565 4074.15691195983 4854.65738954885 Inf
