"mid_age" "mean_left" "std_left" "min_left" "l.q2.5" "l.q5" "l.q10" "l.q25" "l.q50" "l.q75" "l.q90" "l.q95" "l.q97.5" "max_left" "mean_right" "std_right" "min_right" "r.q2.5" "r.q5" "r.q10" "r.q25" "r.q50" "r.q75" "r.q90" "r.q95" "r.q97.5" "max_right"
"1" 55.9859248092126 4232.23643335612 343.406777762036 -Inf 3559.17151689558 3667.38254943452 3792.14293969656 4000.61208160777 4232.23643335612 4463.86078510448 4672.32992701569 4797.09031727773 4905.30134981666 Inf 4453.89749388574 363.578542586692 -Inf 3741.29664486426 3855.86400943029 3987.95284343534 4208.66749351979 4453.89749388574 4699.12749425169 4919.84214433614 5051.93097834119 5166.49834290722 Inf
"2" 56.3380010229632 4248.07056364567 343.709095456613 -Inf 3574.41311539187 3682.71941136765 3807.58963427133 4016.24230171102 4248.07056364567 4479.89882558033 4688.55149302002 4813.42171592369 4921.72801189947 Inf 4497.30452589962 363.896990914786 -Inf 3784.07952962414 3898.74724055671 4030.95176749581 4251.8597354004 4497.30452589962 4742.74931639884 4963.65728430344 5095.86181124254 5210.5295221751 Inf
"3" 56.687079245721 4269.61258905523 344.337060754304 -Inf 3594.72435143441 3703.2285257797 3828.32688977052 4037.3607709638 4269.61258905523 4501.86440714665 4710.89828833993 4835.99665233075 4944.50082667604 Inf 4526.96093242306 364.559164235361 -Inf 3812.43810028773 3927.31446889213 4059.7595647636 4281.06951280626 4526.96093242306 4772.85235203986 4994.16230008252 5126.60739595399 5241.48376455839 Inf
"4" 57.0352030982879 4292.19978138893 344.900514290911 -Inf 3616.2071951294 3724.88891952009 3850.19198734227 4059.56791966235 4292.19978138893 4524.8316431155 4734.20757543558 4859.51064325776 4968.19236764845 Inf 4537.69914072109 365.154164328298 -Inf 3822.01012983281 3937.07398912926 4069.73524976103 4291.40639964024 4537.69914072109 4783.99188180194 5005.66303168115 5138.32429231293 5253.38815160938 Inf
"5" 57.3836304736768 4310.59494340815 345.113716604204 -Inf 3634.18448829314 3742.93339494102 3868.31391960311 4077.81927890654 4310.59494340815 4543.37060790976 4752.87596721318 4878.25649187528 4987.00539852315 Inf 4529.57375246533 365.380220847094 -Inf 3813.44167894174 3928.57677098866 4061.32015841971 4283.12853857959 4529.57375246533 4776.01896635108 4997.82734651096 5130.570733942 5245.70582598893 Inf
"6" 57.7330411116874 4320.37773361422 344.958129193129 -Inf 3644.27222422138 3752.97210366451 3878.29610309943 4087.70701122664 4320.37773361422 4553.04845600181 4762.45936412902 4887.78336356394 4996.48324300707 Inf 4507.46982882955 365.216834702024 -Inf 3791.65798626586 3906.74159364619 4039.42562255393 4261.13481722398 4507.46982882955 4753.80484043512 4975.51403510517 5108.19806401291 5223.28167139324 Inf
"7" 58.0833692812599 4319.21165095121 344.619677840375 -Inf 3643.76949402028 3752.36272393663 3877.56376329741 4086.769210532 4319.21165095121 4551.65409137042 4760.85953860502 4886.0605779658 4994.65380788214 Inf 4479.43559847015 364.85959977022 -Inf 3764.32392350682 3879.29496246004 4011.84920718065 4233.3415381645 4479.43559847015 4725.52965877581 4947.02198975966 5079.57623448026 5194.54727343348 Inf
"8" 58.4339666774204 4307.55843507032 344.308029268873 -Inf 3632.72709811537 3741.2221243389 3866.30994113122 4075.32619841826 4307.55843507032 4539.79067172239 4748.80692900942 4873.89474580174 4982.38977202528 Inf 4454.01351392794 364.53005861296 -Inf 3739.54772776426 3854.41492488558 3986.84944662444 4208.14172575512 4454.01351392794 4699.88530210076 4921.17758123144 5053.6121029703 5168.47930009162 Inf
"9" 58.7838735970358 4288.44899474827 344.126957193923 -Inf 3613.97255253883 3722.41052107608 3847.4325540103 4056.33888935481 4288.44899474827 4520.55910014174 4729.46543548625 4854.48746842047 4962.92543695772 Inf 4437.38075888991 364.338443564988 -Inf 3723.29053131916 3838.09734855419 3970.46225615112 4191.63821310293 4437.38075888991 4683.12330467689 4904.2992616287 5036.66416922563 5151.47098646066 Inf
"10" 59.1317594680871 4266.36116443784 344.069288899369 -Inf 3591.99775000877 3700.4175466691 3825.41862859304 4034.28995571796 4266.36116443784 4498.43237315772 4707.30370028265 4832.30478220658 4940.72457886691 Inf 4431.45976974367 364.277490359805 -Inf 3717.48900825982 3832.27661850857 3964.61938168041 4185.75833626883 4431.45976974367 4677.16120321851 4898.30015780694 5030.64292097878 5145.43053122753 Inf
"11" 59.4759603818469 4245.64627312804 344.077874684175 -Inf 3571.26603086997 3679.68853300002 3804.69273415728 4013.56927338431 4245.64627312804 4477.72327287177 4686.59981209881 4811.60401325606 4920.02651538611 Inf 4433.74892229859 364.28658674315 -Inf 3719.76033223099 3834.55080884435 3966.89687675101 4188.04135340642 4433.74892229859 4679.45649119076 4900.60096784617 5032.94703575283 5147.73751236619 Inf
"12" 59.8148430353257 4229.12878984118 344.09320087677 -Inf 3554.71850879761 3663.14584036969 3788.15560956431 3997.04145273764 4229.12878984118 4461.21612694473 4670.10197011806 4795.11173931268 4903.53907088476 Inf 4438.91879941941 364.302588906399 -Inf 3724.89884568816 3839.69436474891 3972.04624627446 4193.20043723215 4438.91879941941 4684.63716160667 4905.79135256436 5038.14323408991 5152.93875315065 Inf
"13" 60.1470567632407 4217.46426453591 344.071276127939 -Inf 3543.09695521041 3651.51737806705 3776.51918195522 3985.39171545073 4217.46426453591 4449.53681362109 4658.4093471166 4783.41115100477 4891.8315738614 Inf 4441.34160712188 364.279140063704 -Inf 3727.3676122778 3842.15574236534 3974.499104878 4195.63906093867 4441.34160712188 4687.04415330509 4908.18410936576 5040.52747187843 5155.31560196596 Inf
"14" 60.4713937584573 4209.39828592296 343.990764509546 -Inf 3535.18877646985 3643.58382928162 3768.55638313287 3977.38004109916 4209.39828592296 4441.41653074676 4650.24018871305 4775.21274256429 4883.60779537607 Inf 4437.29655696212 364.193978300032 -Inf 3723.4894761077 3838.25077084143 3970.5631939098 4191.65145151561 4437.29655696212 4682.94166240863 4904.02992001444 5036.34234308281 5151.10363781654 Inf
"15" 60.786965513787 4202.61325324255 343.853265250964 -Inf 3528.67323738416 3637.02496275539 3761.94756284255 3970.68775025932 4202.61325324255 4434.53875622578 4643.27894364254 4768.2015437297 4876.55326910093 Inf 4426.00114588108 364.048807372262 -Inf 3712.47859481669 3827.19414468746 3959.45382685851 4180.45395673738 4426.00114588108 4671.54833502478 4892.54846490365 5024.8081470747 5139.52369694547 Inf
"16" 61.0929894717362 4194.74522214866 343.671822801948 -Inf 3521.16082695561 3629.45537793186 3754.31205960326 3962.94210023755 4194.74522214866 4426.54834405978 4635.17838469407 4760.03506636547 4868.32961734171 Inf 4409.32775073949 363.857151876495 -Inf 3696.18083754424 3810.8359947832 3943.02604811756 4163.90983126325 4409.32775073949 4654.74567021572 4875.62945336141 5007.81950669577 5122.47466393474 Inf
"17" 61.389360694592 4184.15668709757 343.456888636454 -Inf 3510.99355512794 3619.22037812243 3743.99897376845 3952.49853607805 4184.15668709757 4415.8148381171 4624.3144004267 4749.09299607271 4857.31981906721 Inf 4390.61005807195 363.629870064381 -Inf 3677.90860904279 3792.49214742866 3924.59962881217 4145.34543784839 4390.61005807195 4635.87467829551 4856.62048733174 4988.72796871524 5103.31150710112 Inf
"18" 61.6764202206392 4170.3071920199 343.215392768221 -Inf 3497.61738325442 3605.76810839952 3730.45896809878 3938.81192748822 4170.3071920199 4401.80245655159 4610.15541594102 4734.84627564028 4842.99700078538 Inf 4373.29513606399 363.374382674187 -Inf 3661.0944331181 3775.5974647811 3907.61212706908 4128.20283946642 4373.29513606399 4618.38743266155 4838.97814505889 4970.99280734687 5085.49583900987 Inf
"19" 61.9548553459286 4153.7397085117 342.96178134294 -Inf 3481.54696900584 3589.61777856403 3714.21650070969 3922.4155022869 4153.7397085117 4385.06391473651 4593.26291631371 4717.86163845938 4825.93244801757 Inf 4359.95579440363 363.106206973761 -Inf 3648.28070617211 3762.69923289424 3894.61646639744 4115.04437956725 4359.95579440363 4604.86720924 4825.29512240981 4957.21235591301 5071.63088263514 Inf
"20" 62.2257035630077 4135.82458861069 342.7264779698 -Inf 3464.09303524163 3572.08969826976 3696.60293421491 3904.65909209926 4135.82458861069 4366.99008512213 4575.04624300648 4699.55947895162 4807.55614197976 Inf 4351.83592615593 362.857637493653 -Inf 3640.64802515308 3754.98822505745 3886.81515275612 4107.09216888609 4351.83592615593 4596.57968342576 4816.85669955573 4948.6836272544 5063.02382715878 Inf
"21" 62.4904085991787 4118.41167518238 342.551279236821 -Inf 3447.02350502009 3554.96496111283 3679.41454699713 3887.36434842059 4118.41167518238 4349.45900194418 4557.40880336764 4681.85838925194 4789.79984534468 Inf 4348.86601306645 362.672759595275 -Inf 3638.04046608596 3752.32240904966 3884.08217022674 4104.24695404411 4348.86601306645 4593.48507208879 4813.64985590616 4945.40961708324 5059.69156004694 Inf
"22" 62.7505810659796 4103.525127425 342.474047208688 -Inf 3432.2883292563 3540.20544873704 3664.62697606631 3872.52989287457 4103.525127425 4334.52036197543 4542.42327878369 4666.84480611296 4774.7619255937 Inf 4349.96370172426 362.591360280039 -Inf 3639.29769446999 3753.55398766637 3885.28417630443 4105.39954570571 4349.96370172426 4594.5278577428 4814.64322714409 4946.37341578215 5060.62970897852 Inf
"23" 63.0075709371863 4093.11776482557 342.51168259098 -Inf 3421.80720266304 3529.73618144255 3654.17138178378 3862.09714559554 4093.11776482557 4324.1383840556 4532.06414786736 4656.49934820859 4764.42832698811 Inf 4353.41472751701 362.631116486427 -Inf 3642.67079953006 3756.93962031884 3888.68425246864 4108.82375634475 4353.41472751701 4598.00569868926 4818.14520256537 4949.88983471517 5064.15865550395 Inf
"24" 63.2625352276429 4088.81372201994 342.650296604069 -Inf 3417.231481384 3525.20413887474 3649.68969797268 3857.69960905885 4088.81372201994 4319.92783498103 4527.93774606721 4652.42330516514 4760.39596265588 Inf 4357.2620287535 362.777339597561 -Inf 3646.23150873502 3760.54640594064 3892.34416124814 4112.57243159154 4357.2620287535 4601.95162591546 4822.17989625886 4953.97765156635 5068.29254877197 Inf
"25" 63.5163382641621 4091.67192484468 342.847959848166 -Inf 3419.70227136924 3527.73721459551 3652.29458515749 3860.42449005146 4091.67192484468 4322.91935963791 4531.04926453187 4655.60663509385 4763.64157832012 Inf 4359.68208006641 362.985876633189 -Inf 3648.24283496866 3762.62344435415 3894.49696159657 4114.85182681139 4359.68208006641 4604.51233332144 4824.86719853626 4956.74071577867 5071.12132516416 Inf
"26" 63.7694542978987 4101.96352900734 343.048408503886 -Inf 3429.60100338594 3537.69911005979 3662.3293040316 3870.58089365039 4101.96352900734 4333.34616436428 4541.59775398307 4666.22794795488 4774.32605462874 Inf 4359.31757382379 363.19747315311 -Inf 3647.46360716774 3761.91089280829 3893.86128350258 4114.34460088491 4359.31757382379 4604.29054676268 4824.77386414501 4956.7242548393 5071.17154047984 Inf
"27" 64.0217273088624 4118.98816403071 343.199169616538 -Inf 3446.33015205825 3554.47576512022 3679.16073091503 3887.50384184855 4118.98816403071 4350.47248621287 4558.81559714639 4683.50056294121 4791.64617600318 Inf 4355.5343865564 363.356782159944 -Inf 3643.36817998454 3757.8656655432 3889.87393352807 4110.45396132529 4355.5343865564 4600.61481178751 4821.19483958472 4953.2031075696 5067.70059312825 Inf
"28" 64.2726406133005 4141.04232342781 343.266369123377 -Inf 3468.25260284216 3576.41939116476 3701.12877067894 3909.51267586707 4141.04232342781 4372.57197098855 4580.95587617668 4705.66525569086 4813.83204401346 Inf 4348.53960284429 363.42794920027 -Inf 3636.23391143651 3750.75382246669 3882.78794558402 4103.41117617393 4348.53960284429 4593.66802951466 4814.29126010456 4946.32538322189 5060.84529425207 Inf
"29" 64.5212656319554 4165.58557796179 343.239725258475 -Inf 3492.84807839175 3601.00647095656 3725.70617069969 3934.07390141483 4165.58557796179 4397.09725450875 4605.46498522389 4730.16468496702 4838.32307753182 Inf 4339.30157307975 363.39995194554 -Inf 3627.05075528291 3741.56184408814 3873.58579574511 4094.19203027074 4339.30157307975 4584.41111588877 4805.01735041439 4937.04130207136 5051.5523908766 Inf
"30" 64.7665493158611 4189.64233588224 343.128461550227 -Inf 3517.12290917316 3625.24624139108 3749.90551879964 3958.20570556607 4189.64233588224 4421.07896619842 4629.37915296485 4754.03843037341 4862.16176259133 Inf 4329.26784371603 363.282411218855 -Inf 3617.2474015102 3731.72145201502 3863.70270088369 4084.23758092239 4329.26784371603 4574.29810650966 4794.83298654837 4926.81423541704 5041.28828592185 Inf
"31" 65.007295042162 4210.30314325716 342.953453359558 -Inf 3538.12672629879 3646.19491162316 3770.79060819529 3978.98455417179 4210.30314325716 4441.62173234253 4649.81567831903 4774.41137489116 4882.47956021553 Inf 4319.9785509722 363.097379327164 -Inf 3608.32076461008 3722.73650964934 3854.65053605033 4075.07309029297 4319.9785509722 4564.88401165143 4785.30656589407 4917.22059229506 5031.63633733432 Inf
"32" 65.2424334214822 4225.23724119111 342.740761059313 -Inf 3553.47769348101 3661.47885725859 3785.9972822796 3994.0621108822 4225.23724119111 4456.41237150002 4664.47720010262 4788.99562512363 4896.99678890121 Inf 4312.68308758091 362.872489133854 -Inf 3601.46607789816 3715.81095770818 3847.64328103836 4067.92931303199 4312.68308758091 4557.43686212984 4777.72289412347 4909.55521745364 5023.90009726367 Inf
"33" 65.4711861201711 4233.02826235433 342.517721833185 -Inf 3561.70586349458 3669.63674530186 3794.07413971224 4002.00356971733 4233.02826235433 4464.05295499133 4671.98238499642 4796.4197794068 4904.35066121408 Inf 4308.09241528448 362.636734583661 -Inf 3597.33747602929 3711.6080671387 3843.3547403548 4063.49765476322 4308.09241528448 4552.68717580573 4772.83009021415 4904.57676343025 5018.84735453966 Inf
"34" 65.6932426450546 4233.26000300495 342.309931853565 -Inf 3562.3448650216 3670.2102700541 3794.57217393655 4002.3754625794 4233.26000300495 4464.1445434305 4671.94783207335 4796.3097359558 4904.1751409883 Inf 4306.31691353987 362.417203281334 -Inf 3595.99224773073 3710.19366225296 3841.86057929438 4061.87022463188 4306.31691353987 4550.76360244786 4770.77324778536 4902.44016482678 5016.64157934902 Inf
"35" 65.9086410888242 4226.37753564186 342.138144796523 -Inf 3555.79909410333 3663.61036725485 3787.90986054535 3995.6088638255 4226.37753564186 4457.14620745822 4664.84521073837 4789.14470402887 4896.9559771804 Inf 4306.96160288554 362.235783962504 -Inf 3596.9925124074 3711.1367598232 3842.73776685211 4062.63727944858 4306.96160288554 4551.28592632249 4771.18543891896 4902.78644594787 5016.93069336367 Inf
"36" 66.1179569728674 4213.42610382999 342.015090675549 -Inf 3543.08884393672 3650.86134146018 3775.11612893486 3982.74043075695 4213.42610382999 4444.11177690303 4651.73607872512 4775.99086619981 4883.76336372327 Inf 4309.29466600592 362.105845084581 -Inf 3599.5802510487 3713.68355337822 3845.23735334493 4065.05798501028 4309.29466600592 4553.53134700156 4773.35197866692 4904.90577863362 5019.00908096314 Inf
"37" 66.3219456782778 4195.78725984139 341.94423736388 -Inf 3525.58886988717 3633.33904079825 3757.56808711875 3965.14937660083 4195.78725984139 4426.42514308194 4634.00643256402 4758.23547888452 4865.98564979561 Inf 4312.41766185926 362.030980698231 -Inf 3602.84997840301 3716.92969018897 3848.45629176979 4068.23147612487 4312.41766185926 4556.60384759365 4776.37903194872 4907.90563352954 5021.98534531551 Inf
"38" 66.5216283194045 4174.95302606651 341.92034341892 -Inf 3504.80146738386 3612.54410906541 3736.76447466645 3944.33125904693 4174.95302606651 4405.5747930861 4613.14157746658 4737.36194306762 4845.10458474916 Inf 4315.39740192421 362.005630339718 -Inf 3605.87940425764 3719.95112788307 3851.46851962638 4071.2283147468 4315.39740192421 4559.56648910162 4779.32628422203 4910.84367596535 5024.91539959077 Inf
"39" 66.7181021828031 4152.38392777398 341.932002123371 -Inf 3482.2095184505 3589.95583391058 3714.18043514298 3921.75429707774 4152.38392777398 4383.01355847022 4590.58742040499 4714.81202163739 4822.55833709746 Inf 4317.34915333616 362.017772828722 -Inf 3607.80735682846 3721.88290667794 3853.40470981254 4073.17187617437 4317.34915333616 4561.52643049795 4781.29359685978 4912.81539999438 5026.89094984386 Inf
"40" 66.9124499983972 4129.42435419531 341.965031419452 -Inf 3459.18520864107 3566.94193197445 3691.1785328182 3898.77244557741 4129.42435419531 4360.07626281321 4567.67017557241 4691.90677641617 4799.66349974954 Inf 4317.48551475337 362.052489669293 -Inf 3607.87567448849 3721.96216397402 3853.49657980836 4073.28482143846 4317.48551475337 4561.68620806828 4781.47444969837 4913.00886553271 5027.09535501824 Inf
"41" 67.1056361206308 4107.25606246157 342.005902789558 -Inf 3436.93681049393 3544.70641281936 3668.95786231612 3876.57658652346 4107.25606246157 4337.93553839969 4545.55426260703 4669.80571210379 4777.57531442921 Inf 4315.14894789733 362.095557492727 -Inf 3605.45469624964 3719.55475685241 3851.10481931578 4070.91920577695 4315.14894789733 4559.37869001771 4779.19307647888 4910.74313894226 5024.84319954503 Inf
"42" 67.2984350475837 4086.86153595277 342.044498238783 -Inf 3416.46663829468 3524.24840244591 3648.51387374894 3856.15602777975 4086.86153595277 4317.56704412579 4525.2091981566 4649.47466945963 4757.25643361086 Inf 4309.84353161593 362.136330539676 -Inf 3600.06936626468 3714.18227487685 3845.74715027223 4065.5862884933 4309.84353161593 4554.10077473856 4773.93991295963 4905.50478835502 5019.61769696719 Inf
"43" 67.4914601641772 4068.97858871944 342.075645093777 -Inf 3398.52264434733 3506.31422319518 3630.59101021483 3838.25207231197 4068.97858871944 4299.7051051269 4507.36616722405 4631.6429542437 4739.43453309155 Inf 4301.26780611384 362.169342687892 -Inf 3591.42893814103 3705.55224922303 3837.12911799992 4056.98829663561 4301.26780611384 4545.54731559208 4765.40649422777 4896.98336300465 5011.10667408666 Inf
"44" 67.6850919174751 4054.06976641181 342.099012308881 -Inf 3383.56802313968 3491.36696523903 3615.6522416161 3823.32748905727 4054.06976641181 4284.81204376635 4492.48729120752 4616.77256758459 4724.57150968394 Inf 4289.35059956549 362.194196699707 -Inf 3579.46301862464 3693.5941614632 3825.18005975381 4045.05432631103 4289.35059956549 4533.64687281994 4753.52113937717 4885.10703766777 4999.23818050633 Inf
"45" 67.8796640898864 4042.28562329431 342.117484448406 -Inf 3371.74767529399 3479.55243815583 3603.84442549927 3811.53088667099 4042.28562329431 4273.04035991763 4480.72682108934 4605.01880843278 4712.82357129463 Inf 4274.26500431885 362.213865543671 -Inf 3564.33887315222 3678.47621384723 3810.0692578694 4029.95546463074 4274.26500431885 4518.57454400696 4738.4607507683 4870.05379479047 4984.19113548548 Inf
"46" 68.0753662145572 4033.48092099949 342.134619086462 -Inf 3362.90938972569 3470.71955188946 3595.01776428223 3802.71462723843 4033.48092099949 4264.24721476055 4471.94407771675 4596.24229010952 4704.05245227328 Inf 4256.44000228793 362.232039150882 -Inf 3546.47825150569 3660.62131889257 3792.2209654237 4012.11820468803 4256.44000228793 4500.76179988782 4720.65903915215 4852.25868568328 4966.40175307016 Inf
"47" 68.2724886486919 4027.24398941356 342.152440885611 -Inf 3356.63752805529 3464.45330605256 3588.75799314169 3796.46567503164 4027.24398941356 4258.02230379547 4465.72998568542 4590.03467277455 4697.85045077182 Inf 4236.52583963028 362.250827306327 -Inf 3526.52726474004 3640.67625246929 3772.28272477603 3992.19136961211 4236.52583963028 4480.86030964844 4700.76895448453 4832.37542679126 4946.52441452052 Inf
"48" 68.4712927386279 4022.97780463391 342.170659185598 -Inf 3352.33563606381 3460.1571548361 3584.46846067118 3792.18720219539 4022.97780463391 4253.76840707243 4461.48714859664 4585.79845443172 4693.61997320401 Inf 4215.37095819418 362.26995073865 -Inf 3505.33490206532 3619.48991578618 3751.10333567529 3971.02358961692 4215.37095819418 4459.71832677143 4679.63858071306 4811.25200060218 4925.40701432303 Inf
"49" 68.6722190404672 4019.98745683084 342.187916764129 -Inf 3349.31146402836 3457.1384208424 3581.45599639133 3789.18521433249 4019.98745683084 4250.7896993292 4458.51891727036 4582.83649281929 4690.66344963333 Inf 4193.95348350207 362.288052630329 -Inf 3483.88194831747 3598.04266613189 3729.66266247557 3949.59390538441 4193.95348350207 4438.31306161973 4658.24430452857 4789.86430087225 4904.02501868667 Inf
"50" 68.8756933603109 4017.58469438409 342.20456054003 -Inf 3346.87608038027 3454.70828182049 3579.03190408751 3786.77122582949 4017.58469438409 4248.3981629387 4456.13748468067 4580.46110694769 4688.29330838791 Inf 4173.344061606 362.305592860088 -Inf 3463.2381482028 3577.40439312528 3709.03076187059 3928.97265278316 4173.344061606 4417.71547042885 4637.65736134141 4769.28373008672 4883.44997500921 Inf
"51" 69.0822005373112 4015.18028943028 342.225605905188 -Inf 3344.43042726872 3452.26926032147 3576.60052841304 3784.35262599259 4015.18028943028 4246.00795286797 4453.76005044752 4578.09131853909 4685.93015159185 Inf 4154.62955543575 362.327932830064 -Inf 3444.47985649597 3558.65314097439 3690.28762587684 3910.24307853213 4154.62955543575 4399.01603233936 4618.97148499466 4750.60596989711 4864.77925437552 Inf
"52" 69.2921490464262 4012.36507582708 342.261885623961 -Inf 3341.54410672335 3449.39437189125 3573.73882047944 3781.51294209093 4012.36507582708 4243.21720956322 4450.99133117471 4575.3357797629 4683.18604493081 Inf 4138.8403307508 362.366508478553 -Inf 3428.61502492931 3542.80046499411 3674.44896450918 3894.42783496768 4138.8403307508 4383.25282653393 4603.23169699242 4734.88019650749 4849.0656365723 Inf
"53" 69.5058273238229 4008.96362864029 342.327568347399 -Inf 3338.01392376421 3445.88488623859 3570.2531974956 3778.06719258042 4008.96362864029 4239.86006470016 4447.67405978497 4572.04237104199 4679.91333351637 Inf 4126.84261711009 362.436195999082 -Inf 3416.48072625819 3530.6881255825 3662.36194271743 3882.38311780865 4126.84261711009 4371.30211641153 4591.32329150274 4722.99710863767 4837.20450796199 Inf
"54" 69.7231967621119 4005.05008709044 342.433338408468 -Inf 3333.89307670403 3441.79736842017 3566.20410615841 3774.08231020851 4005.05008709044 4236.01786397238 4443.89606802248 4568.30280576071 4676.20709747686 Inf 4119.21230557455 362.548137761379 -Inf 3408.63101290018 3522.87368623325 3654.58817204118 3874.67730270183 4119.21230557455 4363.74730844728 4583.83643910793 4715.55092491586 4829.79359824892 Inf
"55" 69.9438636265012 4000.90453470368 342.577139059599 -Inf 3329.46568022009 3437.41528501084 3561.87426582206 3769.83976575648 4000.90453470368 4231.96930365087 4439.9348035853 4564.39378439652 4672.34338918726 Inf 4116.08021935069 362.700034572047 -Inf 3405.20121439805 3519.49175198944 3651.26142222181 3871.44276363608 4116.08021935069 4360.7176750653 4580.89901647958 4712.66868671195 4826.95922430334 Inf
"56" 70.16698601613 3996.90467884067 342.737324910537 -Inf 3325.15186585842 3433.15194686993 3557.66912353101 3765.73186617889 3996.90467884067 4228.07749150245 4436.14023415034 4560.65741081142 4668.65749182293 Inf 4117.00848297718 362.868990563746 -Inf 3405.79833036584 3520.14210774019 3651.97316003263 3872.25706817794 4117.00848297718 4361.75989777643 4582.04380592174 4713.87485821418 4828.21863558853 Inf
"57" 70.3915664657223 3993.36277955287 342.874468331133 -Inf 3321.34117040553 3429.38446672934 3553.95146787783 3762.09746505959 3993.36277955287 4224.62809404615 4432.7740912279 4557.34109237639 4665.38438870021 Inf 4120.95673060434 363.013455339404 -Inf 3409.46343223567 3523.85273195714 3655.73626860037 3876.10787579465 4120.95673060434 4365.80558541403 4586.17719260831 4718.06072925155 4832.45002897301 Inf
"58" 70.6163532441727 3990.37245639629 342.943577497388 -Inf 3318.21539577208 3426.28046910999 3550.87257776104 3759.06052847872 3990.37245639629 4221.68438431385 4429.87233503153 4554.46444368258 4662.52951702049 Inf 4126.38516697149 363.086086666484 -Inf 3414.74951381759 3529.16170042251 3661.07162417659 3881.48732307614 4126.38516697149 4371.28301086684 4591.69870976639 4723.60863352047 4838.02082012539 Inf
"59" 70.8400388117785 3987.71492954611 342.912582801445 -Inf 3315.61861740967 3423.67392399786 3548.25477221198 3756.42390723327 3987.71492954611 4219.00595185895 4427.17508688025 4551.75593509437 4659.81124168255 Inf 4131.4886182001 363.053176232624 -Inf 3419.91746831128 3534.31928449761 3666.21725182324 3886.61297205506 4131.4886182001 4376.36426434513 4596.75998457696 4728.65795190258 4843.05976808891 Inf
"60" 71.0614301371864 3984.87370080782 342.777047301436 -Inf 3313.04303337002 3421.05563131833 3545.58723920591 3753.67409580052 3984.87370080782 4216.07330581511 4424.16016240973 4548.6917702973 4656.70436824561 Inf 4134.51423527865 362.91009431475 -Inf 3423.22352079571 3537.58025038773 3669.42623575764 3889.73509642066 4134.51423527865 4379.29337413664 4599.60223479965 4731.44822016957 4845.80494976159 Inf
"61" 71.2795785023915 3981.15293516562 342.562859835966 -Inf 3309.74206744608 3417.68717270556 3542.1409658454 3750.0977974084 3981.15293516562 4212.20807292283 4420.16490448584 4544.61869762567 4652.56380288515 Inf 4134.06888599855 362.684110864108 -Inf 3423.22109093997 3537.50661080606 3669.27049592251 3889.44217066173 4134.06888599855 4378.69560133538 4598.8672760746 4730.63116119105 4844.91668105714 Inf
"62" 71.4940490378505 3975.84511721113 342.315948657056 -Inf 3304.91818650964 3412.78548749924 3537.1495772988 3744.9565185133 3975.84511721113 4206.73371590896 4414.54065712347 4538.90474692302 4646.77204791262 Inf 4129.3261109888 362.423586026224 -Inf 3418.98893522955 3533.19236102081 3664.86159692661 3884.87511698481 4129.3261109888 4373.7771049928 4593.790625051 4725.4598609568 4839.66328674806 Inf
"63" 71.7048534369497 3968.38921739205 342.08612283048 -Inf 3297.91273703337 3405.70761752457 3529.98821112757 3737.65563385858 3968.38921739205 4199.12280092553 4406.79022365654 4531.07081725953 4638.86569775074 Inf 4120.09027103447 362.180991879389 -Inf 3410.22857106587 3524.35555292878 3655.93665388094 3875.80290429597 4120.09027103447 4364.37763777297 4584.243888188 4715.82498914016 4829.95197100307 Inf
"64" 71.9126234785524 3958.4648031975 341.912936424672 -Inf 3288.3277619568 3396.06806961775 3520.2857442425 3727.84803211961 3958.4648031975 4189.08157427538 4396.64386215249 4520.86153677725 4628.60184443819 Inf 4106.73552748147 361.998048145516 -Inf 3397.23239064246 3511.30172503996 3642.81636215649 3862.57155441633 4106.73552748147 4350.89950054661 4570.65469280645 4702.16932992298 4816.23866432048 Inf
"65" 72.1187390035729 3946.01389823646 341.81884578625 -Inf 3276.06127125836 3383.77192998458 3507.95542128644 3715.46059032978 3946.01389823646 4176.56720614314 4384.07237518648 4508.25586648834 4615.96652521456 Inf 4090.06757521125 361.898509495342 -Inf 3380.75953054165 3494.7974992795 3626.27597379923 3845.9707399454 4090.06757521125 4334.16441047709 4553.85917662326 4685.33765114299 4799.37561988084 Inf
"66" 72.3251577074 3931.23873734525 341.809792089943 -Inf 3261.30385528584 3369.01166109858 3493.19186317391 3700.69153606393 3931.23873734525 4161.78593862657 4369.28561151659 4493.46581359192 4601.17361940466 Inf 4071.2129930854 361.888751543743 -Inf 3361.9240736495 3475.95896755573 3607.43389699154 3827.12273945789 4071.2129930854 4315.30324671291 4534.99208917927 4666.46701861507 4780.5019125213 Inf
"67" 72.5342708247841 3914.61187361678 341.879662869998 -Inf 3244.54004734489 3352.26987016412 3476.47545643787 3684.01754521048 3914.61187361678 4145.20620202309 4352.74829079569 4476.95387706945 4584.68369988867 Inf 4051.57621308686 361.962433858557 -Inf 3342.14287896763 3456.20099093443 3587.7026893071 3807.43626149324 4051.57621308686 4295.71616468049 4515.44973686663 4646.95143523929 4761.0095472061 Inf
"68" 72.7487685176754 3896.92466826512 342.015904071676 -Inf 3226.58581414473 3334.35856797774 3458.61365096091 3666.23844656473 3896.92466826512 4127.61088996551 4335.23568556933 4459.4907685525 4567.26352238551 Inf 4032.85975004333 362.106377419611 -Inf 3323.14429172862 3437.24776180242 3568.80175516754 3788.62270999317 4032.85975004333 4277.09679009349 4496.91774491912 4628.47173828423 4742.57520835803 Inf
"69" 72.9716536214238 3879.36318545549 342.20511604372 -Inf 3208.65348268444 3316.48585916962 3440.80968325228 3648.54934221934 3879.36318545549 4110.17702869164 4317.91668765869 4442.24051174135 4550.07288822653 Inf 4017.09296676252 362.30643835368 -Inf 3306.98539622233 3421.1519075686 3552.77858348347 3772.72098766292 4017.09296676252 4261.46494586213 4481.40735004157 4613.03402595644 4727.20053730271 Inf
"70" 73.2060393858455 3863.61303468274 342.437962361419 -Inf 3192.44696151508 3300.35271028669 3424.76112791656 3632.64213899193 3863.61303468274 4094.58393037355 4302.46494144892 4426.87335907879 4534.7791078504 Inf 4006.62085540442 362.552685354919 -Inf 3296.0306496105 3410.27475593739 3541.99089389543 3762.08278522647 4006.62085540442 4251.15892558238 4471.25081691342 4602.96695487146 4717.21106119835 Inf
