"mid_age" "mean_left" "std_left" "min_left" "l.q2.5" "l.q5" "l.q10" "l.q25" "l.q50" "l.q75" "l.q90" "l.q95" "l.q97.5" "max_left" "mean_right" "std_right" "min_right" "r.q2.5" "r.q5" "r.q10" "r.q25" "r.q50" "r.q75" "r.q90" "r.q95" "r.q97.5" "max_right"
"1" 55.845565961853 4269.14179631685 334.708426222038 -Inf 3613.12533559957 3718.59542747431 3840.19568869103 4043.38439352582 4269.14179631685 4494.89919910787 4698.08790394267 4819.68816515939 4925.15825703412 Inf 4470.83731502312 358.294439187903 -Inf 3768.59311835386 3881.49540720836 4011.66451555594 4229.17138823863 4470.83731502312 4712.50324180762 4930.0101144903 5060.17922283789 5173.08151169239 Inf
"2" 56.211178766805 4262.94594430811 334.780244042959 -Inf 3606.78872324837 3712.28144566234 3833.90779844145 4037.14010113299 4262.94594430811 4488.75178748322 4691.98409017476 4813.61044295387 4919.10316536783 Inf 4483.35356570318 358.371291292613 -Inf 3780.95874167654 3893.88524742524 4024.08227630089 4241.63580296177 4483.35356570318 4725.07132844458 4942.62485510547 5072.82188398111 5185.74838972981 Inf
"3" 56.5714320547421 4259.72487901437 334.882187389298 -Inf 3603.36785266735 3708.89269848564 3830.55608749262 4033.85027609705 4259.72487901437 4485.5994819317 4688.89367053613 4810.5570595431 4916.08190536139 Inf 4489.27399461411 358.480388861081 -Inf 3786.66534328248 3899.62622680499 4029.86289105216 4247.48264668101 4489.27399461411 4731.06534254722 4948.68509817607 5078.92176242324 5191.88264594575 Inf
"4" 56.9278206324586 4259.11888221894 334.91739927545 -Inf 3602.69284184324 3708.22878329156 3829.90496484936 4033.22052924532 4259.11888221894 4485.01723519256 4688.33279958852 4810.00898114632 4915.54492259464 Inf 4485.10723189368 358.518079596587 -Inf 3782.4247080779 3895.39746834155 4025.64782571063 4243.2904619458 4485.10723189368 4726.92400184156 4944.56663807673 5074.8169954458 5187.78975570945 Inf
"5" 57.2811140004812 4259.75762208947 334.851340370913 -Inf 3603.46105478752 3708.97618039081 3830.62836261242 4033.90382516987 4259.75762208947 4485.61141900907 4688.88688156652 4810.53906378813 4916.05418939142 Inf 4471.4664186315 358.447386920034 -Inf 3768.92244991574 3881.8729341848 4012.09760875876 4229.69733016937 4471.4664186315 4713.23550709363 4930.83522850424 5061.0599030782 5174.01038734726 Inf
"6" 57.6315384300905 4260.11897967606 334.731541587534 -Inf 3604.05721367492 3709.53458944075 3831.1432485174 4034.34598580793 4260.11897967606 4485.89197354418 4689.09471083472 4810.70336991137 4916.1807456772 Inf 4452.9256272261 358.319168230032 -Inf 3750.63296252489 3863.5430437567 3993.72113621627 4211.24302095616 4452.9256272261 4694.60823349605 4912.13011823594 5042.30821069551 5155.21829192732 Inf
"7" 57.9791287724805 4259.22263340368 334.631956910206 -Inf 3603.35604978352 3708.80204538606 3830.37452514415 4033.51680837969 4259.22263340368 4484.92845842767 4688.07074166321 4809.6432214213 4915.08921702384 Inf 4436.26304995698 358.212574364679 -Inf 3734.17930539283 3847.05579779361 3977.19516448216 4194.65234015665 4436.26304995698 4677.87375975731 4895.3309354318 5025.47030212034 5138.34679452113 Inf
"8" 58.3235112747704 4256.88171565199 334.592594232547 -Inf 3601.09228146238 3706.52587347749 3828.08405269364 4031.20244035062 4256.88171565199 4482.56099095336 4685.67937861034 4807.2375578265 4912.67114984161 Inf 4427.76197168174 358.170435384144 -Inf 3725.76081800179 3838.62403197334 3968.7480894834 4186.17968419187 4427.76197168174 4669.34425917161 4886.77585388008 5016.89991139014 5129.76312536169 Inf
"9" 58.664043318009 4253.49191460662 334.603736202639 -Inf 3597.68064255691 3703.11774552219 3824.67997263905 4027.80512416063 4253.49191460662 4479.17870505261 4682.30385657418 4803.86608369104 4909.30318665633 Inf 4430.61447191059 358.182357981524 -Inf 3728.58995036917 3841.45692127465 3971.58531028891 4189.02414275099 4430.61447191059 4672.20480107019 4889.64363353227 5019.77202254653 5132.63899345201 Inf
"10" 58.9999187644227 4249.56389793938 334.62798939487 -Inf 3593.70509050638 3699.14983590375 3820.72087425534 4023.86074896382 4249.56389793938 4475.26704691494 4678.40692162342 4799.97795997501 4905.42270537237 Inf 4443.5667317369 358.208316974037 -Inf 3741.49133150508 3854.36648235798 3984.50430232773 4201.95889350293 4443.5667317369 4685.17456997088 4902.62916114608 5032.76698111583 5145.64213196872 Inf
"11" 59.3303223647114 4245.30423216323 334.628527335628 -Inf 3589.44437038572 3694.88928529379 3816.46051908037 4019.60072035213 4245.30423216323 4471.00774397432 4674.14794524608 4795.71917903266 4901.16409394073 Inf 4461.40418155892 358.208890175525 -Inf 3759.32765787282 3872.20298934744 4002.34101756248 4219.79595670641 4461.40418155892 4703.01240641142 4920.46734555536 5050.60537377039 5163.48070524501 Inf
"12" 59.6543334579744 4240.47058972256 334.586149989426 -Inf 3584.69378601737 3690.12534738472 3811.68118539407 4014.79566099713 4240.47058972256 4466.145518448 4669.25999405105 4790.8158320604 4896.24739342775 Inf 4476.98753483846 358.163526313212 -Inf 3774.9999226887 3887.86095954044 4017.98250697079 4235.40990744611 4476.98753483846 4718.5651622308 4935.99256270613 5066.11411013647 5178.97514698822 Inf
"13" 59.971127719834 4234.52200088237 334.504775610531 -Inf 3578.90468802908 3684.3106074868 3805.83688201655 4008.90195834143 4234.52200088237 4460.14204342332 4663.20711974819 4784.73339427794 4890.13931373566 Inf 4483.90337395406 358.076423839836 -Inf 3782.08647951508 3894.92006947529 4025.0099723975 4242.38449628722 4483.90337395406 4725.4222516209 4942.79677551061 5072.88667843282 5185.72026839304 Inf
"14" 60.2798918156924 4226.93124953132 334.406378831314 -Inf 3571.50679082149 3676.88170443492 3798.37223121195 4001.37757460941 4226.93124953132 4452.48492445323 4655.49026785069 4776.98079462771 4882.35570824115 Inf 4478.57559277415 357.971106126994 -Inf 3776.96511725927 3889.76552051733 4019.81716129737 4237.12775082514 4478.57559277415 4720.02343472316 4937.33402425093 5067.38566503096 5180.18606828902 Inf
"15" 60.5799801863393 4217.45953769263 334.315956512177 -Inf 3562.2123034717 3667.55872407582 3789.0164002379 3991.96685169816 4217.45953769263 4442.95222368709 4645.90267514735 4767.36035130943 4872.70677191355 Inf 4461.106818453 357.874325425822 -Inf 3759.68602962682 3872.45593628352 4002.47241643532 4219.72425409494 4461.106818453 4702.48938281105 4919.74122047068 5049.75770062247 5162.52760727918 Inf
"16" 60.8709481973838 4206.27233051325 334.244629627394 -Inf 3551.16489441763 3656.48883918158 3777.92060213939 3980.82775377149 4206.27233051325 4431.71690725502 4634.62405888712 4756.05582184492 4861.37976660888 Inf 4434.74181439771 357.79797913375 -Inf 3733.47066155434 3846.21651070365 3976.20525409016 4193.41074483112 4434.74181439771 4676.07288396429 4893.27837470526 5023.26711809176 5136.01296724107 Inf
"17" 61.1524892800758 4193.88730445947 334.183514082979 -Inf 3538.8996526298 3644.2043392527 3765.61389880723 3968.48394952599 4193.88730445947 4419.29065939295 4622.16071011171 4743.57026966625 4848.87495628914 Inf 4404.45718742813 357.732555643817 -Inf 3703.31426226877 3816.03949579878 3946.00447069652 4163.17024533492 4404.45718742813 4645.74412952133 4862.90990415973 4992.87487905748 5105.60011258748 Inf
"18" 61.4246846954179 4181.00698662293 334.112999391443 -Inf 3526.15754104904 3631.44000776227 3752.82394918402 3955.65119312613 4181.00698662293 4406.36278011972 4609.19002406183 4730.57396548358 4835.85643219681 Inf 4375.32909382177 357.657068425243 -Inf 3674.33412089212 3787.03556761768 3916.97311785331 4134.09306708377 4375.32909382177 4616.56512055978 4833.68506979024 4963.62262002586 5076.32406675143 Inf
"19" 61.6881145365344 4168.3439095647 334.019317726005 -Inf 3513.67807668109 3618.93102333122 3740.2809300108 3943.05130339102 4168.3439095647 4393.63651573838 4596.4068891186 4717.75679579817 4823.00974244831 Inf 4351.29963747332 357.556787388168 -Inf 3650.50121176467 3763.17105889678 3893.07217682492 4110.13124926696 4351.29963747332 4592.46802567968 4809.52709812172 4939.42821604986 5052.09806318197 Inf
"20" 61.9436704901411 4156.51582923269 333.905771399586 -Inf 3502.07254305944 3607.28971008606 3728.59836515118 3931.29980889236 4156.51582923269 4381.73184957303 4584.43329331421 4705.74194837933 4810.95911540595 Inf 4334.62543403363 357.435251329908 -Inf 3634.06521462199 3746.69676448332 3876.55372811096 4093.53902065285 4334.62543403363 4575.71184741441 4792.6971399563 4922.55410358394 5035.18565344527 Inf
"21" 62.1925436703283 4146.00295987753 333.792307093712 -Inf 3491.78205965732 3596.96347290593 3718.23090615484 3920.86347004851 4146.00295987753 4371.14244970654 4573.77501360022 4695.04244684912 4800.22386009774 Inf 4325.86889016171 357.313809562259 -Inf 3625.54669224088 3738.13997454338 3867.95281812649 4084.86438800845 4325.86889016171 4566.87339231497 4783.78496219693 4913.59780578004 5026.19108808254 Inf
"22" 62.4362593543857 4137.1566311849 333.705931568298 -Inf 3483.10502388365 3588.25921930957 3709.49527215203 3912.07540076245 4137.1566311849 4362.23786160735 4564.81799021778 4686.05404306024 4791.20823848616 Inf 4324.23378353684 357.221364258576 -Inf 3624.09277508177 3736.65692691157 3866.43618492529 4083.29163479337 4324.23378353684 4565.17593228031 4782.0313821484 4911.81064016211 5024.37479199192 Inf
"23" 62.6764204921556 4130.24554309347 333.668804400439 -Inf 3476.26670370407 3581.40919997485 3702.6317644407 3905.1893545652 4130.24554309347 4355.30173162175 4557.85932174625 4679.0818862121 4784.22438248287 Inf 4328.02544369488 357.181628801811 -Inf 3627.96231530398 3740.51394607979 3870.27876812015 4087.11009610972 4328.02544369488 4568.94079128004 4785.77211926961 4915.53694130997 5028.08857208578 Inf
"24" 62.9145441830097 4125.49388967978 333.689428476922 -Inf 3471.47462784326 3576.62362297415 3697.8536802095 3900.42379042331 4125.49388967978 4350.56398893625 4553.13409915006 4674.36415638541 4779.5131515163 Inf 4335.07034682172 357.203701604648 -Inf 3634.96395653222 3747.52254267683 3877.29538381196 4094.14011135729 4335.07034682172 4576.00058228616 4792.84530983149 4922.61815096662 5035.17673711123 Inf
"25" 63.1519955443738 4123.09739628681 333.759820199864 -Inf 3468.94016920851 3574.11134550039 3695.36697619379 3897.97981853471 4123.09739628681 4348.2149740389 4550.82781637983 4672.08344707323 4777.25462336511 Inf 4343.07700545771 357.279038739508 -Inf 3642.82295709718 3755.40528275329 3885.20549402482 4102.095955868 4343.07700545771 4584.05805504742 4800.94851689059 4930.74872816212 5043.33105381823 Inf
"26" 63.3898498502919 4123.21268172697 333.859003189408 -Inf 3468.86105956128 3574.06348944046 3695.35515351842 3898.02820606503 4123.21268172697 4348.3971573889 4551.07020993551 4672.36187401347 4777.56430389265 Inf 4349.9471811549 357.385192475421 -Inf 3649.48507529516 3762.10085109296 3891.93962823557 4108.89453195838 4349.9471811549 4590.99983035143 4807.95473407424 4937.79351121685 5050.40928701464 Inf
"27" 63.6288234750384 4125.9125228883 333.961022404796 -Inf 3471.36094673473 3576.59552392535 3697.92425179456 3900.65923631127 4125.9125228883 4351.16580946534 4553.90079398205 4675.22952185125 4780.46409904188 Inf 4354.05231560876 357.494386531801 -Inf 3653.37619333119 3766.02637730714 3895.90482487552 4112.92601614042 4354.05231560876 4595.17861507709 4812.199806342 4942.07825391038 5054.72843788633 Inf
"28" 63.8691941358921 4131.11291023757 334.043963283598 -Inf 3476.3987729487 3581.6594856693 3703.01834613075 3905.80368088791 4131.11291023757 4356.42213958723 4559.20747434439 4680.56633480584 4785.82704752644 Inf 4354.45881846871 357.583166533137 -Inf 3653.60869058597 3766.28685005988 3896.19755158577 4113.27263779945 4354.45881846871 4595.64499913797 4812.72008535165 4942.63078687753 5055.30894635145 Inf
"29" 64.1107057368978 4138.48649217075 334.095783996034 -Inf 3483.67078815185 3588.94783011568 3710.32551714879 3913.1423102817 4138.48649217075 4363.8306740598 4566.64746719272 4688.02515422582 4793.30219618965 Inf 4351.05723832993 357.638641037569 -Inf 3650.09838241645 3762.79402248129 3892.72487800899 4109.83364067604 4351.05723832993 4592.28083598383 4809.38959865087 4939.32045417857 5052.01609424341 Inf
"30" 64.352757473943 4147.40519590171 334.114319973923 -Inf 3492.55316203373 3597.83604487618 3719.22046606826 3922.04851168557 4147.40519590171 4372.76188011786 4575.58992573516 4696.97434692724 4802.25722976969 Inf 4344.52938856007 357.658487849371 -Inf 3643.53163361024 3756.23352761105 3886.17159352639 4103.29240443504 4344.52938856007 4585.7663726851 4802.88718359374 4932.82524950908 5045.52714350989 Inf
"31" 64.5944178026614 4156.94072495167 334.102336983628 -Inf 3502.11217731309 3607.39128419119 3728.77135193819 3931.59212313966 4156.94072495167 4382.28932676369 4585.11009796515 4706.49016571215 4811.76927259025 Inf 4336.12540714182 357.645662623266 -Inf 3635.15278917326 3747.85064181248 3877.78404829674 4094.89707350035 4336.12540714182 4577.3537407833 4794.46676598691 4924.40017247117 5037.09802511039 Inf
"32" 64.8345467323871 4165.95278233174 334.062372482594 -Inf 3511.20256367585 3616.46907732573 3737.83462588713 3940.63113616604 4165.95278233174 4391.27442849743 4594.07093877635 4715.43648733775 4820.70300098763 Inf 4327.30190281476 357.602880641648 -Inf 3626.41313598936 3739.09750758305 3869.0153712852 4086.10242518138 4327.30190281476 4568.50138044815 4785.58843434432 4915.50629804647 5028.19066964017 Inf
"33" 65.0719813258829 4173.25933256055 333.99572894652 -Inf 3518.63973283517 3623.88524641657 3745.22658324393 3947.98263677686 4173.25933256055 4398.53602834425 4601.29208187718 4722.63341870454 4827.87893228593 Inf 4319.33117974305 357.531539748177 -Inf 3618.58223849948 3731.24412983872 3861.13607524721 4078.17982081108 4319.33117974305 4560.48253867502 4777.5262842389 4907.41822964738 5020.08012098663 Inf
"34" 65.3057512065447 4177.8405105819 333.905788709948 -Inf 3523.39719048096 3628.61436296225 3749.92302431626 3952.6244785659 4177.8405105819 4403.0565425979 4605.75799684754 4727.06665820155 4832.28383068284 Inf 4313.0130573523 357.43526548631 -Inf 3612.45281019462 3725.08436451678 3854.94133328747 4071.92663442317 4313.0130573523 4554.09948028143 4771.08478141713 4900.94175018782 5013.57330450998 Inf
"35" 65.5351219215681 4179.00593207035 333.801730199864 -Inf 3524.76656290146 3629.95094546842 3751.22180215121 3953.86008645282 4179.00593207035 4404.15177768787 4606.79006198948 4728.06091867227 4833.24530123924 Inf 4308.57365637647 357.323885288073 -Inf 3608.23171039593 3720.82816766399 3850.64467177906 4067.56235824942 4308.57365637647 4549.58495450352 4766.50264097388 4896.31914508895 5008.91560235701 Inf
"36" 65.7597295789296 4176.48424469898 333.69847972413 -Inf 3522.44724274392 3627.59909001656 3748.83243558867 3951.40804046904 4176.48424469898 4401.56044892892 4604.1360538093 4725.36939938141 4830.52124665405 Inf 4305.73403292221 357.213374926305 -Inf 3605.60868327065 3718.1703175791 3847.94667305194 4064.79727290147 4305.73403292221 4546.67079294295 4763.52139279249 4893.29774826532 5005.85938257377 Inf
"37" 65.9795353915304 4170.4168728126 333.612415972915 -Inf 3516.54855271029 3621.6732804035 3742.87535883739 3945.39871770071 4170.4168728126 4395.43502792448 4597.9583867878 4719.16046522169 4824.28519291491 Inf 4303.88578555424 357.121261701156 -Inf 3603.94097450647 3716.47358298361 3846.21647353186 4063.01115495972 4303.88578555424 4544.76041614876 4761.55509757662 4891.29798812487 5003.83059660201 Inf
"38" 66.1947724497735 4161.28266961463 333.555520858611 -Inf 3507.52586188725 3612.63266134066 3733.81406966223 3936.30288967418 4161.28266961463 4386.26244955508 4588.75126956703 4709.93267788861 4815.03947734201 Inf 4302.28589868708 357.06036644473 -Inf 3602.46044014874 3714.97385989985 3844.69462707591 4061.45234131886 4302.28589868708 4543.11945605531 4759.87717029825 4889.59793747432 5002.11135722543 Inf
"39" 66.4059410691438 4149.78275873816 333.53134957095 -Inf 3496.07332586406 3601.17250869436 3722.34513553731 3924.81928208349 4149.78275873816 4374.74623539283 4577.22038193901 4698.39300878196 4803.49219161226 Inf 4300.21517880643 357.03449231619 -Inf 3600.44043262815 3712.94569917337 3842.65706622519 4059.3990732727 4300.21517880643 4541.03128434016 4757.77329138766 4887.48465843949 4999.9899249847 Inf
"40" 66.6136751613769 4136.72541145471 333.534623926489 -Inf 3483.00956096168 3588.10977557533 3709.28359199839 3911.75972628079 4136.72541145471 4361.69109662863 4564.16723091103 4685.34104733409 4790.44126194774 Inf 4297.07944473957 357.037990545269 -Inf 3597.29784215829 3709.80421103172 3839.51684899738 4056.26097968618 4297.07944473957 4537.89790979296 4754.64204048176 4884.35467844742 4996.86104732085 Inf
"41" 66.8186705177126 4122.92484270299 333.554036461296 -Inf 3469.17094434089 3574.27727604533 3695.4581450823 3897.94606397332 4122.92484270299 4347.90362143267 4550.39154032369 4671.57240936066 4776.67874106509 Inf 4292.45671423259 357.058761074456 -Inf 3592.63440216216 3705.14731604447 3834.8674999862 4051.62423967016 4292.45671423259 4533.28918879502 4750.04592847897 4879.7661124207 4992.27902630301 Inf
"42" 67.0215779893061 4109.12350767051 333.576719592983 -Inf 3455.32515118724 3560.43863058142 3681.62774044689 3884.12942940101 4109.12350767051 4334.11758594001 4536.61927489413 4657.8083847596 4762.92186415377 Inf 4286.10769248869 357.083034509009 -Inf 3586.23780536076 3698.75836805371 3828.48737058425 4045.25884574345 4286.10769248869 4526.95653923393 4743.72801439312 4873.45701692367 4985.97757961662 Inf
"43" 67.2230744536972 4095.92322682311 333.592572671182 -Inf 3442.09379887753 3547.21227374085 3668.40714306231 3870.91845581486 4095.92322682311 4320.92799783137 4523.43931058392 4644.63417990538 4749.75265476869 Inf 4277.95817024138 357.100001904645 -Inf 3578.05502762909 3690.58093692414 3820.3161037445 4037.09787916169 4277.95817024138 4518.81846132106 4735.60023673826 4865.33540355861 4977.86131285367 Inf
"44" 67.4237148583251 4083.75134898412 333.596958797615 -Inf 3429.91332438871 3535.03318136589 3656.22964417612 3858.74361957855 4083.75134898412 4308.7590783897 4511.27305379213 4632.46951660236 4737.58937357954 Inf 4268.07559648647 357.104700216718 -Inf 3568.16324535173 3680.69063513359 3810.4275088604 4027.21213644345 4268.07559648647 4508.93905652949 4725.72368411254 4855.46055783936 4967.98794762121 Inf
"45" 67.6239940816699 4072.83318847513 333.591120739271 -Inf 3419.0066062638 3524.12462360833 3645.31896543994 3847.82939678006 4072.83318847513 4297.83698017019 4500.34741151032 4621.54175334192 4726.65977068645 Inf 4256.63518271683 357.098457630182 -Inf 3556.73506682687 3669.26048950505 3798.99509528731 4015.77593323444 4256.63518271683 4497.49443219922 4714.27527014635 4844.00987592861 4956.53529860679 Inf
"46" 67.8243757371651 4063.19026634222 333.580445432062 -Inf 3409.38460734855 3514.4992607932 3635.6897242637 3838.19367503245 4063.19026634222 4288.18685765199 4490.69080842074 4611.88127189123 4716.99592533589 Inf 4243.88607425459 357.08703693208 -Inf 3544.00834252158 3656.5301664195 3786.2606230386 4003.03452791601 4243.88607425459 4484.73762059316 4701.51152547058 4831.24198208967 4943.76380598759 Inf
"47" 68.0252240888881 4054.66730336129 333.571529126576 -Inf 3400.87912000524 3505.99096382969 3627.17818798802 3829.67672600818 4054.66730336129 4279.6578807144 4482.15641873456 4603.34364289289 4708.45548671733 Inf 4230.12929870545 357.077495759494 -Inf 3530.27026732709 3642.7890847027 3772.51607499413 3989.28418778999 4230.12929870545 4470.97440962092 4687.74252241678 4817.46951270821 4929.98833008381 Inf
"48" 68.2269744124043 4046.9714586618 333.569370290848 -Inf 3393.18750654603 3498.29867009898 3619.48510994784 3821.98233742126 4046.9714586618 4271.96057990234 4474.45780737576 4595.64424722462 4700.75541077757 Inf 4215.68887535684 357.075183343137 -Inf 3515.83437623125 3628.35246494052 3758.07861512631 3974.8453241425 4215.68887535684 4456.53242657117 4673.29913558736 4803.02528577316 4915.54337448242 Inf
"49" 68.430100267701 4039.74058412224 333.57592739747 -Inf 3385.94378031365 3491.05701007881 3612.24583213802 3814.74704018049 4039.74058412224 4264.73412806398 4467.23533610646 4588.42415816567 4693.53738793083 Inf 4200.90615965887 357.082197378468 -Inf 3501.03791327665 3613.5582121811 3743.28691058039 3960.0578775496 4200.90615965887 4441.75444176814 4658.52540873735 4788.25410713664 4900.77440604109 Inf
"50" 68.6351365526675 4032.61842159415 333.590553813924 -Inf 3378.79295053609 3483.91078923656 3605.10492510302 3807.61501228442 4032.61842159415 4257.62183090387 4460.13191808527 4581.32605395173 4686.44389265221 Inf 4186.14203964034 357.097848671568 -Inf 3486.24311728733 3598.76834807634 3728.50273262268 3945.2832008943 4186.14203964034 4427.00087838638 4643.781346658 4773.51573120434 4886.04096199335 Inf
"51" 68.8426423786665 4025.33263795311 333.611908755706 -Inf 3371.46531197827 3476.58987984209 3597.79177400292 3800.31482495404 4025.33263795311 4250.35045095219 4452.87350190331 4574.07539606414 4679.19996392796 Inf 4171.79090382145 357.120705217602 -Inf 3471.84718346141 3584.37961658481 3714.12230496144 3930.91664856938 4171.79090382145 4412.66515907352 4629.45950268146 4759.20219105809 4871.7346241815 Inf
"52" 69.0531693903776 4017.76358325388 333.640172566699 -Inf 3363.84086122742 3468.97433531083 3590.18649777246 3792.72670660399 4017.76358325388 4242.80045990377 4445.3406687353 4566.55283119693 4671.68630528034 Inf 4158.29420500504 357.150961389212 -Inf 3458.29118363833 3570.83315079479 3700.58683130094 3917.39954227534 4158.29420500504 4399.18886773474 4616.00157870915 4745.75525921529 4858.29722637175 Inf
"53" 69.2670987588501 4009.99739334185 333.678051326436 -Inf 3356.00043031052 3461.14584038346 3582.37176427658 3784.93496785676 4009.99739334185 4235.05981882693 4437.62302240711 4558.84894630024 4663.99435637317 Inf 4146.15028953596 357.191512390567 -Inf 3446.06778966706 3558.62253486406 3688.39094763259 3905.22827557149 4146.15028953596 4387.07230350044 4603.90963143934 4733.67804420787 4846.23278940486 Inf
"54" 69.4846527719677 4002.33689352149 333.729458038663 -Inf 3348.23917518564 3453.40078404604 3574.64538410369 3777.23979473592 4002.33689352149 4227.43399230706 4430.02840293929 4551.27300299693 4656.43461185734 Inf 4135.88552022593 357.246542845556 -Inf 3435.6951626472 3548.26724851054 3678.05565395681 3894.92638878362 4135.88552022593 4376.84465166824 4593.71538649505 4723.50379194132 4836.07587780467 Inf
"55" 69.7057063382322 3995.26503282783 333.795815733648 -Inf 3341.03725579971 3446.21977465711 3567.48848260213 3770.12317645714 3995.26503282783 4220.40688919851 4423.04158305352 4544.31029099854 4649.49280985595 Inf 4127.99607080819 357.317571800817 -Inf 3427.66649903529 3540.26096685812 3670.07517727026 3886.98903106359 4127.99607080819 4369.00311055279 4585.91696434612 4715.73117475826 4828.3256425811 Inf
"56" 69.929782211237 3989.33413391542 333.871804033046 -Inf 3334.95742255724 3440.16388611483 3561.46020076567 3764.14102421566 3989.33413391542 4214.52724361518 4417.20806706517 4538.50438171601 4643.71084527361 Inf 4122.83376406398 357.398902617427 -Inf 3422.34478681968 3534.96488282523 3664.80864089069 3881.7718675172 4122.83376406398 4363.89566061076 4580.85888723727 4710.70264530273 4823.32274130827 Inf
"57" 70.1561617889101 3984.99513782448 333.943664010803 -Inf 3330.47758349796 3435.70669087885 3557.02911240774 3759.75355930627 3984.99513782448 4210.23671634269 4412.96116324123 4534.28358477011 4639.512692151 Inf 4120.4660160049 357.475810002972 -Inf 3419.82630305479 3532.47063337409 3662.34233205126 3879.35224621485 4120.4660160049 4361.57978579494 4578.58969995853 4708.4613986357 4821.105728955 Inf
"58" 70.3839122584014 3982.41586504189 333.992382027102 -Inf 3327.80282515803 3433.04728409045 3554.38740497509 3757.14142672104 3982.41586504189 4207.69030336275 4410.4443251087 4531.78444599333 4637.02890492576 Inf 4120.55779067155 357.527947254995 -Inf 3419.81589058522 3532.47664989265 3662.36729014096 3879.40885483941 4120.55779067155 4361.70672650368 4578.74829120213 4708.63893145044 4821.29969075787 Inf
"59" 70.6119120892521 3981.34747745023 334.001159697859 -Inf 3326.71723364781 3431.96445851521 3553.30776834572 3756.06711868042 3981.34747745023 4206.62783622004 4409.38718655473 4530.73049638525 4635.97772125264 Inf 4122.32118798906 357.537338809428 -Inf 3421.56088079428 3534.22459947779 3664.11865169718 3881.16591764971 4122.32118798906 4363.4764583284 4580.52372428093 4710.41777650032 4823.08149518383 Inf
"60" 70.8391031349405 3981.09935504565 333.963199143032 -Inf 3326.54351256353 3431.77877566691 3553.10829434961 3755.84460028098 3981.09935504565 4206.35410981032 4409.09041574168 4530.41993442438 4635.65519752777 Inf 4124.57899349645 357.496710145402 -Inf 3423.8983170199 3536.54923319056 3666.42852493256 3883.45112677455 4124.57899349645 4365.70686021834 4582.72946206033 4712.60875380233 4825.25966997299 Inf
"61" 71.0645739290254 3980.64869790155 333.884987719542 -Inf 3326.24614699265 3431.45676486641 3552.75786917773 3755.44669594037 3980.64869790155 4205.85069986272 4408.53952662537 4529.84063093668 4635.05124881045 Inf 4125.94415349237 357.413002881473 -Inf 3425.42754023837 3538.05207938316 3667.90096010362 3884.87274646201 4125.94415349237 4367.01556052273 4583.98734688112 4713.83622760158 4826.46076674637 Inf
"62" 71.2876201131669 3978.84849341958 333.783451717137 -Inf 3324.64494941852 3429.82357224626 3551.0877883186 3753.7149764513 3978.84849341958 4203.98201038785 4406.60919852055 4527.87341459289 4633.05203742063 Inf 4125.06843292636 357.30432972036 -Inf 3424.76481515423 3537.35511026036 3667.16450979737 3884.0703248293 4125.06843292636 4366.06654102343 4582.97235605535 4712.78175559236 4825.37205069849 Inf
"63" 71.5079375860293 3974.66466220284 333.679175045797 -Inf 3320.66549672205 3425.81126089059 3547.03759303327 3749.60147878057 3974.66466220284 4199.72784562512 4402.29173137242 4523.5180635151 4628.66382768364 Inf 4120.88982546318 357.192719076953 -Inf 3420.80496053242 3533.3600859688 3663.12893712898 3879.96699760111 4120.88982546318 4361.81265332525 4578.65071379738 4708.41956495756 4820.97469039394 Inf
"64" 71.7256015608045 3967.37169664827 333.589984169758 -Inf 3313.54734207225 3418.66500127196 3539.85893018552 3742.36867155769 3967.37169664827 4192.37472173884 4394.88446311102 4516.07839202458 4621.19605122428 Inf 4112.81201955399 357.097250919786 -Inf 3412.91426877295 3525.43931120418 3655.17347858607 3871.9535839854 4112.81201955399 4353.67045512258 4570.45056052191 4700.1847279038 4812.70977033503 Inf
"65" 71.9411728574604 3956.66265031918 333.52766759437 -Inf 3302.96043398657 3408.05845658792 3529.22974576118 3731.70165711997 3956.66265031918 4181.62364351839 4384.09555487719 4505.26684405045 4610.36486665179 Inf 4100.78487682277 357.030545326835 -Inf 3401.01786660148 3513.52188940947 3643.23182251193 3859.97143349291 4100.78487682277 4341.59832015264 4558.33793113362 4688.04786423608 4800.55188704407 Inf
"66" 72.1558990882899 3942.66130313026 333.49816216206 -Inf 3289.01691638233 3394.10564151635 3515.26621130523 3717.72021104272 3942.66130313026 4167.6023952178 4370.0563949553 4491.21696474418 4596.3056898782 Inf 4085.28320785833 356.998960364269 -Inf 3385.57810302612 3498.07217308525 3627.7706313057 3844.49106826197 4085.28320785833 4326.07534745468 4542.79578441095 4672.4942426314 4784.98831269054 Inf
"67" 72.3713991562692 3925.91269692592 333.503669842322 -Inf 3272.25751532303 3377.34797598415 3498.51054672462 3700.9678899645 3925.91269692592 4150.85750388734 4353.31484712722 4474.47741786769 4579.56787852881 Inf 4067.27567320435 357.004855548677 -Inf 3367.55901402302 3480.05494171582 3609.75554166892 3826.47955736653 4067.27567320435 4308.07178904216 4524.79580473978 4654.49640469288 4766.99233238568 Inf
"68" 72.5896734624475 3907.36068007703 333.544376692438 -Inf 3253.62571451399 3358.7290023252 3479.90636194824 3682.38841676244 3907.36068007703 4132.33294339162 4334.81499820582 4455.99235782885 4561.09564564007 Inf 4048.18872720957 357.048430205069 -Inf 3348.38666327108 3460.89632178944 3590.61275250503 3807.36322071265 4048.18872720957 4289.01423370649 4505.76470191412 4635.48113262971 4747.99079114807 Inf
"69" 72.8130797606417 3888.34205940591 333.618719631803 -Inf 3234.46138435921 3339.58809840063 3460.79246696679 3663.31965254072 3888.34205940591 4113.3644662711 4315.89165184503 4437.09602041119 4542.22273445261 Inf 4029.88919533449 357.128008746268 -Inf 3329.93116032129 3442.46589486223 3572.21123662588 3789.01001392719 4029.88919533449 4270.76837674178 4487.56715404309 4617.31249580674 4729.84723034768 Inf
"70" 73.0443025153816 3870.59445412859 333.721910480958 -Inf 3216.51152873401 3321.67075928081 3442.91261729518 3645.50244609333 3870.59445412859 4095.68646216385 4298.27629096199 4419.51814897636 4524.67737952316 Inf 4014.66773128542 357.238462220015 -Inf 3314.49321144172 3427.06275101626 3556.84822075461 3773.71405014221 4014.66773128542 4255.62141242863 4472.48724181623 4602.27271155458 4714.84225112912 Inf
