"mid_age" "mean_left" "std_left" "min_left" "l.q2.5" "l.q5" "l.q10" "l.q25" "l.q50" "l.q75" "l.q90" "l.q95" "l.q97.5" "max_left" "mean_right" "std_right" "min_right" "r.q2.5" "r.q5" "r.q10" "r.q25" "r.q50" "r.q75" "r.q90" "r.q95" "r.q97.5" "max_right"
"1" 55.790528413302 4247.06051334399 334.953205691576 -Inf 3590.56429368227 3696.11151810318 3817.80070820577 4021.1380093097 4247.06051334399 4472.98301737828 4676.32031848221 4798.0095085848 4903.55673300572 Inf 4453.80270918341 365.345464980487 -Inf 3737.73875590661 3852.86289601998 3985.59365657304 4207.38093777345 4453.80270918341 4700.22448059337 4922.01176179377 5054.74252234683 5169.8666624602 Inf
"2" 56.1596657595391 4244.13130018856 334.946053180589 -Inf 3587.64909919077 3693.19406978139 3814.88066136199 4018.21362044962 4244.13130018856 4470.0489799275 4673.38193901513 4795.06853059574 4900.61350118636 Inf 4461.11777621782 365.337308684992 -Inf 3745.06980898645 3860.19137896662 3992.91917632072 4214.70150614557 4461.11777621782 4707.53404629007 4929.31637611493 5062.04417346902 5177.1657434492 Inf
"3" 56.5234098107689 4252.33009592179 334.954469181801 -Inf 3595.83139986473 3701.3790224245 3823.06867155569 4026.40673967629 4252.33009592179 4478.25345216728 4681.59152028789 4803.28116941908 4908.82879197885 Inf 4472.46900747241 365.346121344083 -Inf 3756.4037677466 3871.52811468694 4004.25911369825 4226.04679335193 4472.46900747241 4718.89122159288 4940.67890124656 5073.40990025787 5188.53424719821 Inf
"4" 56.8821841555763 4267.38848691678 334.957466960885 -Inf 3610.88391532068 3716.43248251169 3838.1232207422 4041.46310870002 4267.38848691678 4493.31386513353 4696.65375309135 4818.34449132186 4923.89305851287 Inf 4483.79847671626 365.349506499703 -Inf 3767.72660220736 3882.85201584529 4015.58424469061 4237.37397934301 4483.79847671626 4730.2229740895 4952.0127087419 5084.74493758722 5199.87035122515 Inf
"5" 57.2360889929724 4282.16400151336 334.951674088899 -Inf 3625.67078373772 3731.21752553477 3852.90615920295 4056.24253052938 4282.16400151336 4508.08547249734 4711.42184382378 4833.11047749196 4938.657219289 Inf 4490.76655630578 365.343512896942 -Inf 3774.70642904243 3889.82995403405 4022.56000539114 4244.34610155616 4490.76655630578 4737.1870110554 4958.97310722042 5091.70315857751 5206.82668356913 Inf
"6" 57.5849270601479 4289.69770592962 334.942204742341 -Inf 3633.22304773219 3738.76680564006 3860.45199907512 4063.78262192284 4289.69770592962 4515.61278993641 4718.94341278413 4840.62860621919 4946.17236412705 Inf 4490.25921750795 365.333214775803 -Inf 3774.21927419114 3889.33955413813 4022.06586416658 4243.84570873549 4490.25921750795 4736.67272628042 4958.45257084933 5091.17888087778 5206.29916082476 Inf
"7" 57.9284632449678 4285.93821262111 334.926999508592 -Inf 3629.4933561342 3735.03232271542 3856.71199205771 4060.03338438863 4285.93821262111 4511.84304085358 4715.1644331845 4836.84410252679 4942.38306910801 Inf 4481.38004437857 365.316399718093 -Inf 3765.37305796926 3880.48803931741 4013.20824040073 4234.97787719018 4481.38004437857 4727.78221156695 4949.55184835641 5082.27204943973 5197.38703078787 Inf
"8" 58.2665163272251 4270.98885093547 334.898462732849 -Inf 3614.59992550125 3720.12989984887 3841.7992017217 4045.10327046574 4270.98885093547 4496.8744314052 4700.17850014923 4821.84780202207 4927.37777636968 Inf 4465.54880444897 365.285289919613 -Inf 3749.60279212426 3864.70797045268 3997.41686928208 4219.16762050079 4465.54880444897 4711.92998839715 4933.68073961586 5066.38963844527 5181.49481677368 Inf
"9" 58.5988442524393 4248.58868918669 334.856992325658 -Inf 3592.28104425699 3697.79795084977 3819.45218643818 4022.73108008154 4248.58868918669 4474.44629829183 4677.72519193519 4799.37942752361 4904.89633411638 Inf 4445.79260740839 365.240570825164 -Inf 3729.93424289822 3845.02532977679 3977.717982067 4199.44158603105 4445.79260740839 4692.14362878573 4913.86723274978 5046.55988503998 5161.65097191856 Inf
"10" 58.9252662865319 4224.31413427361 334.815323105559 -Inf 3568.08815951457 3673.5919357045 3795.23103277936 3998.48463063032 4224.31413427361 4450.1436379169 4653.39723576786 4775.03633284272 4880.54010903264 Inf 4425.6054140553 365.195773928568 -Inf 3709.83484984907 3824.91182076154 3957.58819824687 4179.28460772556 4425.6054140553 4671.92622038504 4893.62262986373 5026.29900734905 5141.37597826152 Inf
"11" 59.2457068159254 4203.42844469916 334.787371292933 -Inf 3547.25725448617 3652.75222277043 3774.38116489414 3977.61779426698 4203.42844469916 4429.23909513133 4632.47572450418 4754.10466662789 4859.59963491215 Inf 4407.87356985933 365.165554517403 -Inf 3692.16223461063 3807.22968307364 3939.89508178459 4161.57314621268 4407.87356985933 4654.17399350599 4875.85205793407 5008.51745664503 5123.58490510804 Inf
"12" 59.5601604837252 4189.26652371896 334.77553386562 -Inf 3533.11853443718 3638.60977262548 3760.23441418745 3963.46385751018 4189.26652371896 4415.06918992774 4618.29863325048 4739.92327481244 4845.41451300075 Inf 4394.23877772196 365.152442885724 -Inf 3678.55314079912 3793.61645765119 3926.27709287933 4147.94719773648 4394.23877772196 4640.53035770744 4862.2004625646 4994.86109779273 5109.9244146448 Inf
"13" 59.868692504841 4182.60667770593 334.770426533341 -Inf 3526.46869861147 3631.95832742647 3753.58111348409 3956.80745634042 4182.60667770593 4408.40589907144 4611.63224192777 4733.25502798539 4838.74465680039 Inf 4385.00064679671 365.146591301328 -Inf 3669.32647876854 3784.38795172575 3917.04646106122 4138.71301364493 4385.00064679671 4631.28827994849 4852.9548325322 4985.61334186767 5100.67481482488 Inf
"14" 60.1714775825321 4182.00987101003 334.761364946791 -Inf 3525.88965229885 3631.37642571408 3752.99591967863 3956.21676159177 4182.00987101003 4407.80298042829 4611.02382234144 4732.64331630599 4838.13008972121 Inf 4379.4427458262 365.136729332146 -Inf 3663.78790690245 3778.84627225102 3911.50119871276 4133.16176447155 4379.4427458262 4625.72372718086 4847.38429293965 4980.03921940138 5095.09758474996 Inf
"15" 60.4686460451876 4184.76669455886 334.745431950002 -Inf 3528.67770394755 3634.15945671046 3755.77316218443 3958.98433178362 4184.76669455886 4410.5490573341 4613.76022693329 4735.37393240726 4840.85568517017 Inf 4376.35139868663 365.119674506674 -Inf 3660.72998660656 3775.78297780298 3908.43170821146 4130.08192063695 4376.35139868663 4622.62087673631 4844.27108916179 4976.91981957027 5091.9728107667 Inf
"16" 60.7603964193945 4187.98551190277 334.727244456263 -Inf 3531.93216812416 3637.40818981941 3759.01528773942 3962.21541640564 4187.98551190277 4413.7556073999 4616.95573606613 4738.56283398613 4844.03885568138 Inf 4374.4900919702 365.100162874362 -Inf 3658.90692198674 3773.95376486573 3906.59540665797 4128.23377431652 4374.4900919702 4620.74640962387 4842.38477728242 4975.02641907466 5090.07326195365 Inf
"17" 61.0469275963662 4189.45090967136 334.712185817681 -Inf 3533.42708028203 3638.8983568443 3760.49998392986 3963.69097107161 4189.45090967136 4415.21084827112 4618.40183541287 4740.00346249843 4845.4747390607 Inf 4372.90001712052 365.083822591173 -Inf 3657.34887350361 3772.39056739012 3905.02627272379 4126.65472082037 4372.90001712052 4619.14531342067 4840.77376151724 4973.40946685092 5088.45116073743 Inf
"18" 61.3284020818549 4188.05462783116 334.700923751486 -Inf 3532.05287168596 3637.52059945452 3759.11813500822 3962.30228537962 4188.05462783116 4413.8069702827 4616.9911206541 4738.5886562078 4844.05638397636 Inf 4370.98734766192 365.071414896272 -Inf 3655.46052268014 3770.49830677348 3903.12950436601 4124.7504202248 4370.98734766192 4617.22427509903 4838.84519095782 4971.47638855035 5086.51417264369 Inf
"19" 61.6050796873776 4183.79072762261 334.689635643189 -Inf 3527.81109576312 3633.27526653184 3754.86870109253 3958.04599888441 4183.79072762261 4409.5354563608 4612.71275415269 4734.30618871337 4839.77035948209 Inf 4368.44860662927 365.058993198256 -Inf 3652.94612772823 3767.97999761586 3900.60668237991 4122.22005750014 4368.44860662927 4614.67715575839 4836.29053087863 4968.91721564267 5083.9510855303 Inf
"20" 61.8772069930693 4177.44014971461 334.674191055463 -Inf 3521.49078869083 3626.95009270998 3748.53791622011 3951.70583819254 4177.44014971461 4403.17446123669 4606.34238320911 4727.93020671924 4833.3895107384 Inf 4365.12706788347 365.042229851765 -Inf 3649.65744453782 3764.68603212134 3897.30662672705 4118.90982545973 4365.12706788347 4611.34431030721 4832.94750903989 4965.5681036456 5080.59669122912 Inf
"21" 62.1450369763091 4170.12782423798 334.653741245272 -Inf 3514.21854410566 3619.67140417781 3741.25179822974 3944.40730590327 4170.12782423798 4395.84834257268 4599.00385024621 4720.58424429814 4826.0371043703 Inf 4360.88554167234 365.020189173516 -Inf 3645.45911726225 3760.48075959977 3893.09334678164 4114.68316546017 4360.88554167234 4607.08791788451 4828.67773656305 4961.29032374491 5076.31196608243 Inf
"22" 62.4088857642373 4162.91241950483 334.631018384326 -Inf 3507.04767536159 3612.49337522491 3734.06551401461 3937.20722750692 4162.91241950483 4388.61761150273 4591.75932499505 4713.33146378475 4818.77716364807 Inf 4355.54860777158 364.995701656275 -Inf 3640.17017801336 3755.18410408056 3887.78779489693 4109.3627481388 4355.54860777158 4601.73446740437 4823.30942064623 4955.9131114626 5070.92703752981 Inf
"23" 62.6691142058318 4156.5183533028 334.610059661174 -Inf 3500.6946875021 3606.13378305467 3727.69830749705 3930.82729774884 4156.5183533028 4382.20940885676 4585.33839910855 4706.90292355093 4812.3420191035 Inf 4348.92706879584 364.973028771175 -Inf 3633.59307707583 3748.5998586821 3881.19531239258 4102.75650179166 4348.92706879584 4595.09763580001 4816.65882519909 4949.25427890957 5064.26106051584 Inf
"24" 62.9260706664647 4151.24297505511 334.593801640705 -Inf 3495.45117438899 3600.88514687091 3722.44376474094 3925.56288536931 4151.24297505511 4376.9230647409 4580.04218536927 4701.6008032393 4807.03477572123 Inf 4340.9025675288 364.955342664313 -Inf 3625.60323994127 3740.60444847209 3873.19347678348 4094.74392962242 4340.9025675288 4587.06120543518 4808.61165827412 4941.20068658551 5056.20189511633 Inf
"25" 63.1800482643136 4147.0117485144 334.583256689555 -Inf 3491.24061557275 3596.67126523135 3718.22605209889 3921.33877129007 4147.0117485144 4372.68472573873 4575.79744492991 4697.35223179745 4802.78288145605 Inf 4331.53093524799 364.943819293988 -Inf 3616.25419305128 3731.25177044875 3863.83661229595 4085.38006973678 4331.53093524799 4577.6818007592 4799.22525820003 4931.81010004723 5046.8076774447 Inf
"26" 63.4312695060503 4143.52528995965 334.578187974504 -Inf 3487.76409151695 3593.19314397093 3714.74608936385 3917.85573153167 4143.52528995965 4369.19484838763 4572.30449055545 4693.85743594836 4799.28648840235 Inf 4321.11992067512 364.938288293477 -Inf 3605.85401904021 3720.84985356213 3853.43268598545 4074.97278576706 4321.11992067512 4567.26705558317 4788.80715536479 4921.3899877881 5036.38582231003 Inf
"27" 63.6798768860238 4140.43420739566 334.578021776116 -Inf 3484.67333469582 3590.10233477897 3711.65521979167 3914.76476106679 4140.43420739566 4366.10365372454 4569.21319499966 4690.76608001236 4796.19508009551 Inf 4310.24763029404 364.938147817471 -Inf 3594.98200398705 3709.97779424352 3842.56057563162 4064.10059013562 4310.24763029404 4556.39467045247 4777.93468495647 4910.51746634456 5025.51325660104 Inf
"28" 63.9258417190848 4137.48534282509 334.581904337592 -Inf 3481.71686044458 3587.14708396307 3708.70137951835 3911.81327774829 4137.48534282509 4363.15740790188 4566.26930613182 4687.8236016871 4793.25382520559 Inf 4299.70958403686 364.942414648353 -Inf 3584.435594895 3699.43272967409 3832.01706121063 4053.55966594473 4299.70958403686 4545.85950212898 4767.40210686308 4899.98643839963 5014.98357317871 Inf
"29" 64.1690243607089 4134.59833047907 334.587913624713 -Inf 3478.81807011223 3584.25018721933 3705.80666596101 3908.9222121997 4134.59833047907 4360.27444875843 4563.38999499712 4684.9464737388 4790.3785908459 Inf 4290.38887648948 364.948920715746 -Inf 3575.10213568985 3690.10132059816 3822.6880158024 4044.23457012158 4290.38887648948 4536.54318285737 4758.08973717655 4890.6764323808 5005.6756172891 Inf
"30" 64.4092055442516 4131.86163191264 334.592426603126 -Inf 3476.07252627065 3581.50606546399 3703.06418378004 3906.1824696756 4131.86163191264 4357.54079414968 4560.65908004524 4682.21719836129 4787.65073755463 Inf 4283.08520678174 364.953697498869 -Inf 3567.78910365923 3682.78979378138 3815.37822440078 4036.92767852259 4283.08520678174 4529.24273504089 4750.79218916271 4883.38061978211 4998.38130990425 Inf
"31" 64.6460767065241 4129.46136244921 334.590670844015 -Inf 3473.67569803185 3579.10868396731 3700.66616441245 3903.78338445369 4129.46136244921 4355.13934044473 4558.25656048598 4679.81404093112 4785.24702686658 Inf 4278.3470661067 364.951610470811 -Inf 3563.05505348402 3678.05508596201 3810.64275835981 4032.19094552658 4278.3470661067 4524.50318668682 4746.05137385359 4878.6390462514 4993.63907872938 Inf
"32" 64.8792786997622 4127.57572319133 334.578574054981 -Inf 3471.8137680448 3577.24294215674 3698.79602781349 3901.90590435602 4127.57572319133 4353.24554202663 4556.35541856917 4677.90850422591 4783.33767833786 Inf 4276.34911143247 364.938341832806 -Inf 3561.08310486241 3676.07895625513 3808.66180812939 4030.20194041269 4276.34911143247 4522.49628245225 4744.03641473556 4876.61926660982 4991.61511800254 Inf
"33" 65.1084875982007 4126.27671214873 334.55490478287 -Inf 3470.56114792308 3575.98286360222 3697.52735016362 3900.62285799486 4126.27671214873 4351.9305663026 4555.02607413384 4676.57056069524 4781.99227637438 Inf 4276.8508026216 364.912649247028 -Inf 3561.63515259433 3676.62290798715 3809.19642569204 4030.72096098758 4276.8508026216 4522.98064425562 4744.50517955116 4877.07869725604 4992.06645264887 Inf
"34" 65.3334711916934 4125.47359319127 334.52232206458 -Inf 3469.82188991999 3575.23333844712 3696.76598763979 3899.84171574692 4125.47359319127 4351.10547063562 4554.18119874275 4675.71384793542 4781.12529646256 Inf 4279.2467286088 364.877443678256 -Inf 3564.10008022837 3679.07674198184 3811.63746943102 4033.14063277007 4279.2467286088 4525.35282444753 4746.85598778658 4879.41671523576 4994.39337698922 Inf
"35" 65.5542190395182 4124.91139631963 334.486598543231 -Inf 3469.32970986359 3574.72990153914 3696.24957230287 3899.30361402427 4124.91139631963 4350.51917861499 4553.5732203364 4675.09289110013 4780.49308277567 Inf 4282.68853490073 364.838930833527 -Inf 3567.61737030892 3682.58189626611 3815.12863191941 4036.60841558102 4282.68853490073 4528.76865422044 4750.24843788205 4882.79517353535 4997.75969949254 Inf
"36" 65.7708521933607 4124.21702538174 334.454477527066 -Inf 3468.69829496053 3574.08836497118 3695.59636610352 3898.63090838254 4124.21702538174 4349.80314238093 4552.83768465995 4674.34568579229 4779.73575580295 Inf 4286.23501692596 364.804318197103 -Inf 3571.23169185495 3686.1853110119 3818.71947182304 4040.17824347475 4286.23501692596 4532.29179037718 4753.75056202889 4886.28472284003 5001.23834199697 Inf
"37" 65.9836602662361 4122.97057386051 334.431249964177 -Inf 3467.49736862601 3572.88011939101 3694.37968190188 3897.4001236144 4122.97057386051 4348.54102410661 4551.56146581914 4673.06102833 4778.44377909501 Inf 4288.99480204698 364.779245171098 -Inf 3574.04061920392 3688.98633759068 3821.51138931978 4042.95494009481 4288.99480204698 4535.03466399915 4756.47821477418 4889.00326650328 5003.94898489004 Inf
"38" 66.1930553232627 4120.78082206486 334.419167001532 -Inf 3465.33129900197 3570.7102423003 3692.20541504592 3895.21852165321 4120.78082206486 4346.3431224765 4549.35622908379 4670.85140182942 4776.23034512775 Inf 4290.23526062944 364.766109898401 -Inf 3575.3068224478 3690.24840177408 3822.76868143153 4044.20425828407 4290.23526062944 4536.26626297481 4757.70183982735 4890.22211948481 5005.16369881109 Inf
"39" 66.3995766883276 4117.34802455839 334.417184698311 -Inf 3461.90238673842 3567.28070539248 3688.77515796325 3891.78706118995 4117.34802455839 4342.90898792683 4545.92089115353 4667.41534372431 4772.79366237836 Inf 4289.44919533378 364.763808593676 -Inf 3574.52526762652 3689.46612178784 3821.98556537655 4043.41974519486 4289.44919533378 4535.4786454727 4756.91282529102 4889.43226887973 5004.37312304105 Inf
"40" 66.6038033848837 4112.5077211551 334.42190064161 -Inf 3457.05284025612 3562.43264495275 3683.92881083545 3886.94357693125 4112.5077211551 4338.07186537896 4541.08663147476 4662.58279735746 4767.96260205409 Inf 4286.38107271847 364.76873158789 -Inf 3571.44749611985 3686.38990156765 3818.9111336903 4040.34830207042 4286.38107271847 4532.41384336653 4753.85101174665 4886.3722438693 5001.3146493171 Inf
"41" 66.8063096976455 4106.25391153463 334.429104753536 -Inf 3450.78491083572 3556.16698562264 3677.66576877405 3880.68490821112 4106.25391153463 4331.82291485814 4534.8420542952 4656.34083744662 4761.72291223353 Inf 4281.02386783702 364.776402590687 -Inf 3566.07525634919 3681.02007900942 3813.5440980232 4034.9859231762 4281.02386783702 4527.06181249784 4748.50363765084 4881.02765666462 4995.97247932485 Inf
"42" 67.0076794825732 4098.74064148696 334.435300061169 -Inf 3443.25949820822 3548.64352520074 3670.14455912019 3873.16745949195 4098.74064148696 4324.31382348197 4527.33672385373 4648.83775777318 4754.2217847657 Inf 4273.59172631495 364.783086153148 -Inf 3558.63001528541 3673.5769440054 3806.1033911712 4027.54927365976 4273.59172631495 4519.63417897015 4741.08006145871 4873.60650862451 4988.5534373445 Inf
"43" 67.2084880380942 4090.26596453968 334.438674423456 -Inf 3434.77820763239 3540.16329792141 3661.66555775364 3864.69050657189 4090.26596453968 4315.84142250746 4518.86637132572 4640.36863115794 4745.75372144697 Inf 4264.47596710453 364.78681723546 -Inf 3549.50694328803 3664.45504771069 3796.98285038639 4018.43099787256 4264.47596710453 4510.52093633649 4731.96908382266 4864.49688649836 4979.44499092102 Inf
"44" 67.4091934139796 4081.24511480033 334.43928269006 -Inf 3425.7561657124 3531.14144767254 3652.64392848927 3855.66924656295 4081.24511480033 4306.8209830377 4509.84630111139 4631.34878192812 4736.73406388826 Inf 4254.195675287 364.787604165694 -Inf 3539.22510911558 3654.17346150812 3786.70155007719 4008.15017527865 4254.195675287 4500.24117529534 4721.68980049681 4854.21788906588 4969.16624145841 Inf
"45" 67.6101670829777 4072.1647083713 334.438514861188 -Inf 3416.67726420031 3522.06230420961 3643.56450607254 3846.58935802663 4072.1647083713 4297.74005871597 4500.76491067007 4622.26711253299 4727.65215254229 Inf 4243.33579396013 364.786881169658 -Inf 3528.36664483491 3643.3147694039 3775.84259530702 3997.2907816052 4243.33579396013 4489.38080631506 4710.82899261324 4843.35681851635 4958.30494308535 Inf
"46" 67.8117590955498 4063.52375550787 334.438159337601 -Inf 3408.0370081503 3513.42193613044 3634.92400883091 3837.94864496021 4063.52375550787 4289.09886605552 4492.12350218482 4613.62557488529 4719.01050286543 Inf 4232.4782353913 364.786531656209 -Inf 3517.50977129985 3632.45778573353 3764.9854846577 3986.4334587796 4232.4782353913 4478.52301200299 4699.97098612489 4832.49868504906 4947.44669948275 Inf
"47" 68.014246035687 4055.77522477591 334.439517743274 -Inf 3400.28581499215 3505.67117101998 3627.17373723203 3830.19919799755 4055.77522477591 4281.35125155427 4484.37671231978 4605.87927853183 4711.26463455967 Inf 4222.14257797772 364.787957277876 -Inf 3507.17131971914 3622.11978338098 3754.64800023644 3976.09683979882 4222.14257797772 4468.18831615661 4689.637155719 4822.16537257445 4937.11383623629 Inf
"48" 68.2179635362438 4049.26340707586 334.44297072544 -Inf 3393.76722957141 3499.15367366969 3620.65749435728 3823.68505129642 4049.26340707586 4274.8417628553 4477.86931979443 4599.37314048202 4704.7595845803 Inf 4212.72853286074 364.791610196277 -Inf 3497.75011501366 3612.69972974792 3745.22927371616 3966.68033082582 4212.72853286074 4458.77673489565 4680.22779200531 4812.75733597355 4927.70695070781 Inf
"49" 68.4232673450628 4044.18055391829 334.448154375846 -Inf 3388.67421664574 3494.06229416595 3615.56799808442 3818.59870181979 4044.18055391829 4269.76240601679 4472.79310975216 4594.29881367063 4699.68689119084 Inf 4204.48630781919 364.797159595546 -Inf 3489.49701334941 3604.44837675686 3736.9799368333 3958.43436277135 4204.48630781919 4450.53825286703 4671.99267880509 4804.52423888152 4919.47560228897 Inf
"50" 68.6304968451348 4040.53893523138 334.4545890148 -Inf 3385.01998629822 3490.41009143982 3611.91813307588 3814.95274303485 4040.53893523138 4266.1251274279 4469.15973738687 4590.66777902293 4696.05788416453 Inf 4197.50723830029 364.804135398764 -Inf 3482.50427150744 3597.45783306273 3729.99192746286 3951.45058814468 4197.50723830029 4443.56388845589 4665.02254913772 4797.55664353784 4912.51020509314 Inf
"51" 68.8400585846207 4038.16104764887 334.462375089135 -Inf 3382.62683829044 3488.0193969047 3609.53026723763 3812.56960382501 4038.16104764887 4263.75249147273 4466.79182806012 4588.30269839304 4693.6952570073 Inf 4191.73156041358 364.812652416614 -Inf 3476.71190057249 3591.66814592833 3724.20533457859 3945.66916561673 4191.73156041358 4437.79395521044 4659.25778624857 4791.79497489884 4906.75122025468 Inf
"52" 69.0522522463267 4036.69627589024 334.472499519163 -Inf 3381.14222301359 3486.53797194062 3608.05252049984 3811.0980032421 4036.69627589024 4262.29454853838 4465.34003128064 4586.85457983986 4692.25032876689 Inf 4186.98310787527 364.823737346699 -Inf 3471.94172197044 3586.90146030256 3719.44267613077 3940.91323640669 4186.98310787527 4433.05297934384 4654.52353961976 4787.06475544797 4902.0244937801 Inf
"53" 69.2672531219205 4035.65635357858 334.486477859804 -Inf 3380.07490365771 3485.47505730466 3606.99468422385 3810.04865268296 4035.65635357858 4261.26405447421 4464.31802293331 4585.8376498525 4691.23780349945 Inf 4183.01065153024 364.838966003488 -Inf 3467.93941800658 3582.90395504618 3715.4507034768 3936.93050848876 4183.01065153024 4429.09079457173 4650.57059958369 4783.11734801431 4898.08188505391 Inf
"54" 69.4851005760721 4034.4747641737 334.505375228262 -Inf 3378.85627609125 3484.26238449473 3605.78887686683 3808.85431719674 4034.4747641737 4260.09521115065 4463.16065148056 4584.68714385267 4690.09325225615 Inf 4179.53691943305 364.859442592908 -Inf 3464.42555253159 3579.39654195661 3711.95072957438 3933.44296514188 4179.53691943305 4425.63087372422 4647.12310929172 4779.67729690949 4894.64828633451 Inf
"55" 69.7055801158769 4032.58531515046 334.528627282864 -Inf 3376.92125387842 3482.33468924514 3603.86962913662 3806.949184901 4032.58531515046 4258.22144539992 4461.3010011643 4582.83594105578 4688.2493764225 Inf 4176.30658778671 364.884551487689 -Inf 3461.14600835579 3576.12490985362 3708.68821958462 3930.19569780337 4176.30658778671 4422.41747777005 4643.92495598879 4776.48826571979 4891.46716721763 Inf
"56" 69.9282789390499 4029.50750020109 334.553349499802 -Inf 3373.79498427424 3479.21620986758 3600.76013139143 3803.85469506971 4029.50750020109 4255.16030533248 4458.25486901076 4579.79879053461 4685.22001612795 Inf 4173.11697986717 364.911208234421 -Inf 3457.90415417271 3572.89145548753 3705.46444966957 3926.98811018138 4173.11697986717 4419.24584955295 4640.76951006476 4773.3425042468 4888.32980556163 Inf
"57" 70.1526363321452 4024.92006013563 334.574683385945 -Inf 3369.16573056028 3474.59367868211 3596.14535085078 3799.25286551671 4024.92006013563 4250.58725475455 4453.69476942047 4575.24644158914 4680.67438971097 Inf 4169.82485216682 364.934205432473 -Inf 3454.56695279244 3569.56150076257 3702.14284987406 3923.68047110667 4169.82485216682 4415.96923322698 4637.50685445959 4770.08820357108 4885.08275154121 Inf
"58" 70.3779697487137 4018.7035783399 334.587223788237 -Inf 3362.92467002771 3468.3565697602 3589.91279788286 3793.02792534817 4018.7035783399 4244.37923133163 4447.49435879694 4569.05058691961 4674.48248665209 Inf 4166.32635503904 364.947725299196 -Inf 3451.04195721279 3566.04076543296 3698.62702633991 3920.17285496735 4166.32635503904 4412.47985511072 4634.02568373816 4766.61194464511 4881.61075286528 Inf
"59" 70.6034731959473 4010.94230901097 334.586975972956 -Inf 3355.1638864078 3460.59570805112 3582.15184614199 3785.2668231681 4010.94230901097 4236.61779485383 4439.73277187994 4561.28890997081 4666.72073161413 Inf 4162.5195121516 364.947447673665 -Inf 3447.2356584614 3562.23437919889 3694.8205392439 3916.36619933549 4162.5195121516 4408.6728249677 4630.21848505929 4762.80464510431 4877.8033658418 Inf
"60" 70.8284988400905 4001.87472128297 334.57294721765 -Inf 3346.12379453495 3451.55119557217 3573.10223698731 3776.20869769177 4001.87472128297 4227.54074487417 4430.64720557862 4552.19824699376 4657.62564803098 Inf 4158.26239924075 364.932287080695 -Inf 3443.00825976675 3558.00220324437 3690.58285541471 3912.1193120892 4158.26239924075 4404.40548639229 4625.94194306678 4758.52259523712 4873.51653871474 Inf
"61" 71.0525077299246 3991.82678744478 334.547634012469 -Inf 3336.12547366725 3441.54489825133 3563.08674332686 3766.17783735102 3991.82678744478 4217.47573753854 4420.5668315627 4542.10867663822 4647.5281012223 Inf 4153.35604857574 364.904938334425 -Inf 3438.15551165946 3553.14083726386 3685.7115535783 3907.23140787324 4153.35604857574 4399.48068927825 4621.00054357318 4753.57125988762 4868.55658549202 Inf
"62" 71.2752318293152 3981.13501362285 334.516281103244 -Inf 3325.49515041821 3430.90469537586 3552.43514987483 3755.507210745 3981.13501362285 4206.7628165007 4409.83487737087 4531.36533186984 4636.77487682748 Inf 4147.55396632719 364.871076254401 -Inf 3432.4197978682 3547.39445318045 3679.95286733142 3901.45216525058 4147.55396632719 4393.65576740379 4615.15506532296 4747.71347947392 4862.68813478618 Inf
"63" 71.4967232738824 3970.08962437373 334.485332301117 -Inf 3314.51041970663 3419.91021237617 3541.42942311153 3744.4826961457 3970.08962437373 4195.69655260176 4398.74982563593 4520.26903637129 4625.66882904083 Inf 4140.60084638444 364.837665158291 -Inf 3425.5321624705 3540.49628960032 3673.04256543119 3894.5215807497 4140.60084638444 4386.68011201917 4608.15912733768 4740.70540316856 4855.66953029837 Inf
"64" 71.7174178327714 3958.90383597862 334.460760712336 -Inf 3303.37279074057 3408.76484064799 3530.27512447449 3733.31348103537 3958.90383597862 4184.49419092188 4387.53254748275 4509.04283130925 4614.43488121667 Inf 4132.28556044893 364.811143259611 -Inf 3417.26885850121 3532.22462830604 3664.76126867646 3886.22418356301 4132.28556044893 4378.34693733485 4599.8098522214 4732.34649259181 4847.30226239665 Inf
"65" 71.9381464914622 3947.71214470986 334.446884293931 -Inf 3292.20829675212 3397.59597405637 3519.10121655146 3722.13114926859 3947.71214470986 4173.29314015114 4376.32307286826 4497.82831536335 4603.2159926676 Inf 4122.49623661847 364.796150813848 -Inf 3407.50891932449 3522.45996485438 3654.99115843834 3876.44497198355 4122.49623661847 4368.5475012534 4590.00131479861 4722.53250838257 4837.48355391246 Inf
"66" 72.1601661857343 3936.58766847075 334.445949293059 -Inf 3281.08565308105 3386.47303575683 3507.97793856418 3711.00730367798 3936.58766847075 4162.16803326352 4365.19739837732 4486.70230118466 4592.08968386045 Inf 4111.26684204354 364.795105140912 -Inf 3396.28157423085 3511.23229025837 3643.7631039472 3865.21628270429 4111.26684204354 4357.31740138279 4578.77058013988 4711.30139382871 4826.25210985623 Inf
"67" 72.385040025513 3925.57921711031 334.458437592494 -Inf 3270.05272510349 3375.44404297178 3496.95348280405 3699.99042908758 3925.57921711031 4151.16800513305 4354.20495141658 4475.71439124885 4581.10570911714 Inf 4098.82318970882 364.808555603398 -Inf 3383.81155947408 3498.76651388164 3631.30221415122 3852.76355817049 4098.82318970882 4344.88282124715 4566.34416526642 4698.87986553599 4813.83481994355 Inf
"68" 72.6145462561684 3914.75255027886 334.48378258148 -Inf 3259.17638300643 3364.57568734326 3486.09433506228 3689.14666732084 3914.75255027886 4140.35843323688 4343.41076549543 4464.92941321445 4570.32871755129 Inf 4085.62324657477 364.835953382725 -Inf 3370.5579176793 3485.5215054109 3618.06715935019 3839.54513551511 4085.62324657477 4331.70135763444 4553.17933379936 4685.72498773865 4800.68857547025 Inf
"69" 72.8506923728079 3904.22812767853 334.521088733506 -Inf 3248.57884169174 3353.98990158347 3475.52210270443 3678.59708210335 3904.22812767853 4129.85917325372 4332.93415265264 4454.4663537736 4559.87741366533 Inf 4072.37897082692 364.876390343362 -Inf 3357.23438694495 3472.21071678168 3604.77106155212 3826.27358545177 4072.37897082692 4318.48435620206 4539.98688010171 4672.54722487216 4787.52355470888 Inf
"70" 73.0956658192111 3894.21903131805 334.569314142813 -Inf 3238.47522526587 3343.90148148358 3465.45120299514 3668.55545819859 3894.21903131805 4119.88260443751 4322.98685964095 4444.53658115252 4549.96283737023 Inf 4060.05020285642 364.928735770415 -Inf 3344.80302382267 3459.79584824564 3592.37521021763 3813.90951102726 4060.05020285642 4306.19089468558 4527.72519549521 4660.3045574672 4775.29738189017 Inf
