"mid_age" "mean_left" "std_left" "min_left" "l.q2.5" "l.q5" "l.q10" "l.q25" "l.q50" "l.q75" "l.q90" "l.q95" "l.q97.5" "max_left" "mean_right" "std_right" "min_right" "r.q2.5" "r.q5" "r.q10" "r.q25" "r.q50" "r.q75" "r.q90" "r.q95" "r.q97.5" "max_right"
"1" 30 3.24325545346596e-09 2333.91589184828 -Inf -4574.39109096507 -3838.95001970308 -2991.03356504434 -1574.20234686817 3.24325545346596e-09 1574.20234687466 2991.03356505083 3838.95001970957 4574.39109097155 Inf 3.43290007461888e-09 2422.66989680451 -Inf -4748.34574416277 -3984.93736666161 -3104.77639904416 -1634.06601349981 3.43290007461888e-09 1634.06601350667 3104.77639905103 3984.93736666847 4748.34574416964 Inf
"2" 30.7070707070707 3.35043143979361e-08 2333.91589184828 -Inf -4574.39109093481 -3838.95001967282 -2991.03356501408 -1574.20234683791 3.35043143979361e-08 1574.20234690492 2991.03356508109 3838.95001973983 4574.39109100181 Inf 3.53328155591686e-08 2422.66989680451 -Inf -4748.34574413087 -3984.93736662971 -3104.77639901226 -1634.06601346791 3.53328155591686e-08 1634.06601353857 3104.77639908293 3984.93736670037 4748.34574420154 Inf
"3" 31.4141414141414 3.12986418734039e-07 2333.91589184828 -Inf -4574.39109065532 -3838.95001939334 -2991.0335647346 -1574.20234655843 3.12986418734039e-07 1574.2023471844 2991.03356536057 3838.95002001931 4574.3910912813 Inf 3.28786502789817e-07 2422.66989680451 -Inf -4748.34574383742 -3984.93736633626 -3104.77639871881 -1634.06601317445 3.28786502789817e-07 1634.06601383203 3104.77639937638 3984.93736699383 4748.34574449499 Inf
"4" 32.1212121212121 2.64364296677061e-06 2333.91589184828 -Inf -4574.39108832467 -3838.95001706268 -2991.03356240395 -1574.20234422777 2.64364296677061e-06 1574.20234951506 2991.03356769123 3838.95002234997 4574.39109361195 Inf 2.76581764874476e-06 2422.66989680451 -Inf -4748.34574140039 -3984.93736389923 -3104.77639628178 -1634.06601073742 2.76581764874476e-06 1634.06601626906 3104.77640181341 3984.93736943086 4748.34574693202 Inf
"5" 32.8282828282828 2.01869360207511e-05 2333.91589184828 -Inf -4574.39107078137 -3838.94999951939 -2991.03354486065 -1574.20232668448 2.01869360207511e-05 1574.20236705835 2991.03358523452 3838.95003989326 4574.39111115525 Inf 2.10308092934894e-05 2422.66989680451 -Inf -4748.3457231354 -3984.93734563423 -3104.77637801678 -1634.06599247243 2.10308092934894e-05 1634.06603453405 3104.7764200784 3984.93738769585 4748.34576519701 Inf
"6" 33.5353535353535 0.000139333226256526 2333.91589184828 -Inf -4574.39095163507 -3838.94988037309 -2991.03342571436 -1574.20220753818 0.000139333226256526 1574.20248620464 2991.03370438081 3838.95015903954 4574.39123030153 Inf 0.000144528372592105 2422.6698968045 -Inf -4748.34559963782 -3984.93722213666 -3104.77625451921 -1634.06586897486 0.000144528372592105 1634.06615803161 3104.77654357596 3984.93751119341 4748.34588869457 Inf
"7" 34.2424242424242 0.000869097956993465 2333.9158918481 -Inf -4574.39022187 -3838.94915060807 -2991.0326959494 -1574.20147777333 0.000869097956993465 1574.20321596925 2991.03443414531 3838.95088880398 4574.39196006591 Inf 0.000897528290830701 2422.66989680433 -Inf -4748.34484663757 -3984.93646913647 -3104.77550151908 -1634.06511597483 0.000897528290830701 1634.06691103141 3104.77729657566 3984.93826419305 4748.34664169415 Inf
"8" 34.9494949494949 0.00489790206643932 2333.91589184283 -Inf -4574.38619305555 -3838.94512179529 -2991.02866713853 -1574.19744896567 0.00489790206643932 1574.2072447698 2991.03846294266 3838.95491759942 4574.39598885969 Inf 0.00503574973397086 2422.66989679921 -Inf -4748.34070840609 -3984.9323309066 -3104.77136329107 -1634.06097774993 0.00503574973397086 1634.0710492494 3104.78143479054 3984.94240240606 4748.35077990555 Inf
"9" 35.6565656565657 0.0249320849520662 2333.91589171367 -Inf -4574.36615861952 -3838.92508739996 -2991.00863279012 -1574.17741469567 0.0249320849520662 1574.22727886557 2991.05849696003 3838.97495156986 4574.41602278943 Inf 0.025521849264723 2422.6698966735 -Inf -4748.32022206016 -3984.91184460028 -3104.75087703043 -1634.04049156561 0.025521849264723 1634.09153526414 3104.80192072896 3984.96288829881 4748.37126575869 Inf
"10" 36.3636363636364 0.114597186672324 2333.9158891445 -Inf -4574.27648848233 -3838.83541807234 -2990.91896439589 -1574.08774786107 0.114597186672324 1574.31694223442 2991.14815876923 3839.06461244568 4574.50568285568 Inf 0.116812463266455 2422.66989416692 -Inf -4748.22892653336 -3984.82054986333 -3104.65958320412 -1633.94919926095 0.116812463266455 1634.18282418748 3104.89320813066 3985.05417478986 4748.4625514599 Inf
"11" 37.0707070707071 0.475437889413114 2333.91584768555 -Inf -4573.91556652154 -3838.47450917569 -2990.55807056136 -1573.72687919469 0.475437889413114 1574.67775497352 2991.50894634019 3839.42538495451 4574.86644230037 Inf 0.482698776917301 2422.6698536128 -Inf -4747.8629607351 -3984.45459684409 -3104.29364491828 -1633.58328559396 0.482698776917301 1634.54868314779 3105.25904247211 3985.41999439792 4748.82835828893 Inf
"12" 37.7777777777778 1.77964050245525 2333.91530585997 -Inf -4572.61030194988 -3837.16941533888 -2989.2531735709 -1572.42231112585 1.77964050245525 1575.98159213076 2992.81245457581 3840.72869634378 4576.16958295479 Inf 1.80026381510484 2422.66932209506 -Inf -4746.54435394129 -3983.13615753702 -3102.9753987127 -1632.2653620525 1.80026381510484 1635.86588968271 3106.57592634291 3986.73668516723 4750.14488157149 Inf
"13" 38.4848484848485 6.00731322950808 2333.90958330481 -Inf -4568.37141322081 -3832.93232984621 -2985.01816709432 -1568.190778594 6.00731322950808 1580.20540505301 2997.03279355334 3844.94695630523 4580.38603967982 Inf 6.05777193763371 2422.66369070269 -Inf -4742.27580849252 -3978.86938659832 -3098.71067367046 -1628.00405561354 6.05777193763371 1640.11959948881 3110.82621754572 3990.98493047359 4754.39135236778 Inf
"14" 39.1919191919192 18.2771294846415 2333.86087041577 -Inf -4556.00612145757 -3820.58238801886 -2972.68592275998 -1555.8881059945 18.2771294846415 1592.44236496379 3009.24018172926 3857.13664698814 4592.56038042686 Inf 18.3836547197645 2422.61558715254 -Inf -4729.85564448458 -3966.46438051727 -3086.32314370833 -1615.64572747989 18.3836547197645 1652.41303691942 3123.09045314786 4003.2316899568 4766.62295392411 Inf
"15" 39.8989898989899 50.0924408883006 2333.52778339113 -Inf -4523.53797148189 -3788.21919721463 -2940.44374315842 -1523.8481308068 50.0924408883006 1624.0330125834 3040.62862493502 3888.40407899122 4623.72285325849 Inf 50.2925566941284 2422.28540486861 -Inf -4697.29959712538 -3934.01237701563 -3053.99109611108 -1583.51412093932 50.2925566941284 1684.09923432757 3154.57620949934 4034.59749040388 4797.88471051363 Inf
"16" 40.6060606060606 123.603558075874 2331.70576349358 -Inf -4446.45576091601 -3711.71112399019 -2864.59761351869 -1449.10807987367 123.603558075874 1696.31519602542 3111.80472967044 3958.91824014193 4693.66287706775 Inf 123.975183157843 2420.47163530382 -Inf -4620.06204763841 -3857.34636510481 -2977.98403042207 -1508.60812549493 123.975183157843 1756.55849181062 3225.93439673775 4105.29673142049 4868.0124139541 Inf
"17" 41.3131313131313 274.45478489086 2323.76810959676 -Inf -4280.04701834151 -3547.80361837353 -2703.57387392548 -1292.90298686468 274.45478489086 1841.8125566464 3252.4834437072 4096.71318815525 4828.95658812323 Inf 275.263031323073 2412.53328104711 -Inf -4453.2153110335 -3693.0010861484 -2816.5227719313 -1351.96593875012 275.263031323073 1902.49200139627 3367.04883457744 4243.52714879454 5003.74137367965 Inf
"18" 42.020202020202 548.218691190519 2296.32650641183 -Inf -3952.49855812136 -3228.90229154579 -2394.64213810313 -1000.63000048784 548.218691190519 2097.06738286888 3491.07952048417 4325.33967392682 5048.93594050239 Inf 550.329794778784 2384.95186117008 -Inf -4124.08995797635 -3372.56692417149 -2506.10899665225 -1058.29579029151 550.329794778784 2158.95537984907 3606.76858620982 4473.22651372906 5224.74954753392 Inf
"19" 42.7272727272727 985.139576318506 2221.09526402309 -Inf -3368.12714739923 -2668.23702451461 -1861.30853651398 -512.966413474128 985.139576318506 2483.24556611114 3831.58768915099 4638.51617715162 5338.40630003624 Inf 990.764971696103 2308.9396581068 -Inf -3534.67360066945 -2807.10279935296 -1968.26026189868 -566.591161518177 990.764971696103 2548.12110491038 3949.79020529088 4788.63274274516 5516.20354406165 Inf
"20" 43.4343434343434 1593.70687111333 2056.97382678541 -Inf -2437.88774652761 -1789.7139884189 -1042.41115688778 206.299108524963 1593.70687111333 2981.11463370171 4229.82489911445 4977.12773064557 5625.30148875428 Inf 1607.16902963741 2142.22765935723 -Inf -2591.5200293883 -1916.48190561209 -1138.20618096479 162.258430814416 1607.16902963741 3052.0796284604 4352.54424023961 5130.81996488691 5805.85808866311 Inf
"21" 44.1414141414141 2325.39499261057 1770.41051815926 -Inf -1144.54586083248 -586.671169376731 56.5226214069385 1131.27124447281 2325.39499261057 3519.51874074833 4594.26736381421 5237.46115459787 5795.33584605363 Inf 2353.15111481562 1849.59892964169 -Inf -1271.99617312592 -689.168393011069 -17.2052890963 1105.61559479866 2353.15111481562 3600.68663483258 4723.50751872755 5395.47062264231 5978.29840275716 Inf
"22" 44.8484848484848 3072.03329462903 1369.13827618562 -Inf 388.571583449964 820.001235247028 1317.41199333631 2148.5635607407 3072.03329462903 3995.50302851736 4826.65459592175 5324.06535401103 5755.4950058081 Inf 3121.34035540149 1437.72678032277 -Inf 303.447646360139 756.490246222325 1278.81934925345 2151.60837849137 3121.34035540149 4091.07233231161 4963.86136154953 5486.19046458066 5939.23306444284 Inf
"23" 45.5555555555556 3700.35993089984 924.752152658522 -Inf 1887.87901706325 2179.27799856829 2515.24236191957 3076.62408245991 3700.35993089984 4324.09577933978 4885.47749988011 5221.44186323139 5512.84084473643 Inf 3777.10664705899 979.435711951803 -Inf 1857.44792646111 2166.07826388927 2521.90927705687 3116.4872983715 3777.10664705899 4437.72599574648 5032.30401706111 5388.13503022871 5696.76536765687 Inf
"24" 46.2626262626263 4112.56466828614 560.330451303942 -Inf 3014.33716428934 3190.90309316749 3394.47230119526 3734.62752215888 4112.56466828614 4490.50181441339 4830.65703537702 5034.22624340478 5210.79217228294 Inf 4219.78156054117 602.111585910419 -Inf 3039.66453748245 3229.39613462691 3448.14451498513 3813.66346737028 4219.78156054117 4625.89965371205 4991.4186060972 5210.16698645542 5399.89858359988 Inf
"25" 46.969696969697 4295.70381288517 384.618547488887 -Inf 3541.86531202084 3663.06260005527 3802.7953112133 4036.28254486861 4295.70381288517 4555.12508090173 4788.61231455704 4928.34502571507 5049.5423137495 Inf 4433.14713784655 418.7626389038 -Inf 3612.38744752416 3744.34389241387 3896.4812223678 4150.69603014088 4433.14713784655 4715.59824555223 4969.81305332531 5121.95038327924 5253.90682816895 Inf
"26" 47.6767676767677 4323.45267213325 350.763676299701 -Inf 3635.96849950097 3746.49776696886 3873.93093363519 4086.86616772801 4323.45267213325 4560.0391765385 4772.97441063131 4900.40757729765 5010.93684476553 Inf 4486.32145118009 382.243427783454 -Inf 3737.13809939738 3857.58696261211 3996.45678788507 4228.50217706033 4486.32145118009 4744.14072529984 4976.18611447511 5115.05593974806 5235.50480296279 Inf
"27" 48.3838383838384 4305.75874975386 342.688180153229 -Inf 3634.10225872595 3742.08685371542 3866.58617598485 4074.61908472715 4305.75874975386 4536.89841478056 4744.93132352286 4869.43064579229 4977.41524078176 Inf 4481.81338714073 373.526024417678 -Inf 3749.71583199365 3867.41775111655 4003.1205257766 4229.87391223951 4481.81338714073 4733.75286204195 4960.50624850486 5096.20902316491 5213.91094228781 Inf
"28" 49.0909090909091 4320.02311927605 338.043934491706 -Inf 3657.46918248009 3763.99032755842 3886.80238580535 4092.01595034544 4320.02311927605 4548.03028820666 4753.24385274675 4876.05591099368 4982.57705607201 Inf 4490.44181305203 368.543384804521 -Inf 3768.11005209468 3884.24188986734 4018.13446128469 4241.86307749881 4490.44181305203 4739.02054860525 4962.74916481937 5096.64173623671 5212.77357400937 Inf
"29" 49.7979797979798 4371.33624835864 337.001076209646 -Inf 3710.82627623649 3817.01880586865 3939.45199155195 4144.03247665018 4371.33624835864 4598.64002006709 4803.22050516532 4925.65369084862 5031.84622048078 Inf 4522.12085159904 367.403385291723 -Inf 3802.02344862917 3917.7960607477 4051.27446799205 4274.31103403243 4522.12085159904 4769.93066916565 4992.96723520603 5126.44564245038 5242.21825456891 Inf
"30" 50.5050505050505 4409.97409782738 336.641547696212 -Inf 3750.16878864298 3856.2480271167 3978.55059534994 4182.91282441614 4409.97409782738 4637.03537123862 4841.39760030481 4963.70016853805 5069.77940701178 Inf 4548.01010174611 367.018619963444 -Inf 3828.66682496217 3944.31819354051 4077.65681474794 4300.45980444966 4548.01010174611 4795.56039904256 5018.36338874428 5151.7020099517 5267.35337853005 Inf
"31" 51.2121212121212 4392.21637503298 336.316665396763 -Inf 3733.04782345472 3839.02468815089 3961.20922597502 4165.37423140274 4392.21637503298 4619.05851866322 4823.22352409094 4945.40806191507 5051.38492661125 Inf 4545.27491216088 366.662029729399 -Inf 3826.63053939291 3942.16954269509 4075.37861393541 4297.96513132231 4545.27491216088 4792.58469299945 5015.17121038635 5148.38028162667 5263.91928492886 Inf
"32" 51.9191919191919 4330.44008899144 335.845724498519 -Inf 3672.19456461258 3778.02303095391 3900.0364749789 4103.91559017001 4330.44008899144 4556.96458781287 4760.84370300398 4882.85714702897 4988.6856133703 Inf 4520.95386191797 366.155991339539 -Inf 3803.30130616892 3918.68085153312 4051.70607798325 4273.98539878657 4520.95386191797 4767.92232504938 4990.2016458527 5123.22687230283 5238.60641766703 Inf
"33" 52.6262626262626 4280.51968775434 335.504662694439 -Inf 3622.94263222798 3728.66362646226 3850.55316203077 4054.22523162395 4280.51968775434 4506.81414388473 4710.48621347791 4832.37574904642 4938.0967432807 Inf 4497.84173407543 365.78492493678 -Inf 3780.91645511166 3896.179073609 4029.06949087009 4251.12355142933 4497.84173407543 4744.55991672153 4966.61397728078 5099.50439454187 5214.76701303921 Inf
"34" 53.3333333333333 4277.68925702509 335.315580675775 -Inf 3620.48279544544 3726.1442079772 3847.96504965856 4051.52233477823 4277.68925702509 4503.85617927195 4707.41346439163 4829.23430607298 4934.89571860475 Inf 4486.26427388238 365.581131896379 -Inf 3769.73842193809 3884.9368231376 4017.75320196701 4239.68354755319 4486.26427388238 4732.84500021157 4954.77534579775 5087.59172462717 5202.79012582667 Inf
"35" 54.040404040404 4297.68639133483 335.357582142741 -Inf 3640.39760839263 3746.07225602167 3867.90835692255 4071.49113952901 4297.68639133483 4523.88164314065 4727.46442574711 4849.30052664799 4954.97517427704 Inf 4478.01432313843 365.626127222777 -Inf 3761.40028197492 3876.61286166782 4009.44558739207 4231.40324792277 4478.01432313843 4724.62539835408 4946.58305888479 5079.41578460903 5194.62836430193 Inf
"36" 54.7474747474747 4294.89331616776 335.451914904952 -Inf 3637.41964440906 3743.12401726854 3864.99438945639 4068.63443788072 4294.89331616776 4521.1521944548 4724.79224287914 4846.66261506699 4952.36698792647 Inf 4466.80113173092 365.727065932644 -Inf 3749.98925433143 3865.23364085729 3998.10303782291 4220.12197439006 4466.80113173092 4713.48028907177 4935.49922563893 5068.36862260455 5183.61300913041 Inf
"37" 55.4545454545455 4266.52618100481 335.336928732821 -Inf 3609.2778780022 3714.94601752786 3836.77461500234 4040.34485971228 4266.52618100481 4492.70750229733 4696.27774700727 4818.10634448175 4923.77448400741 Inf 4462.19272449121 365.60413017686 -Inf 3745.62179674547 3860.82744494136 3993.65217909348 4215.59648605756 4462.19272449121 4708.78896292486 4930.73326988894 5063.55800404106 5178.76365223695 Inf
"38" 56.1616161616162 4251.93785469003 335.259972084831 -Inf 3594.84038394586 3700.48427363465 3822.28491260028 4025.80843986779 4251.93785469003 4478.06726951227 4681.59079677978 4803.39143574541 4909.0353254342 Inf 4473.88278985272 365.5202455452 -Inf 3757.47627296389 3872.6554882435 4005.44974693602 4227.34313074332 4473.88278985272 4720.42244896211 4942.31583276941 5075.11009146193 5190.28930674154 Inf
"39" 56.8686868686869 4269.00535172307 335.271508024331 -Inf 3611.88527095295 3717.53279573576 3839.33762573199 4042.86815602788 4269.00535172307 4495.14254741827 4698.67307771415 4820.47790771038 4926.12543249319 Inf 4489.78794929137 365.532789180385 -Inf 3773.35684732934 3888.54001523833 4021.33883105936 4243.23982962861 4489.78794929137 4736.33606895412 4958.23706752338 5091.03588334441 5206.2190512534 Inf
"40" 57.5757575757576 4284.19062500645 335.283546189968 -Inf 3627.04694986524 3732.69826799873 3854.50747148535 4058.04530969192 4284.19062500645 4510.33594032098 4713.87377852755 4835.68298201417 4941.33430014766 Inf 4484.92742955176 365.545747689421 -Inf 3768.47092937873 3883.65818064813 4016.46170432221 4238.37056950749 4484.92742955176 4731.48428959604 4953.39315478131 5086.1966784554 5201.38392972479 Inf
"41" 58.2828282828283 4261.66692883703 335.234310634738 -Inf 3604.61975361083 3710.2555571109 3832.04687321882 4035.55482239985 4261.66692883703 4487.77903527421 4691.28698445524 4813.07830056315 4918.71410406323 Inf 4452.56968992461 365.49200895504 -Inf 3736.21851573554 3851.38883337313 3984.17283365423 4206.04907610586 4452.56968992461 4699.09030374336 4920.96654619498 5053.75054647609 5168.92086411368 Inf
"42" 58.989898989899 4215.63536737806 335.13459370149 -Inf 3558.78363374967 3664.38801541125 3786.14310415176 3989.59051899027 4215.63536737806 4441.68021576584 4645.12763060436 4766.88271934486 4872.48710100644 Inf 4413.00964699394 365.384780346546 -Inf 3696.86863701563 3812.00516580806 3944.75020971465 4166.56135777255 4413.00964699394 4659.45793621533 4881.26908427323 5014.01412817982 5129.15065697225 Inf
"43" 59.6969696969697 4188.04838167192 335.099927007612 -Inf 3531.264593515 3636.85805134227 3758.60054560143 3962.02691561383 4188.04838167192 4414.06984773001 4617.4962177424 4739.23871200156 4844.83216982884 Inf 4387.83022226012 365.34651774246 -Inf 3671.76420560777 3786.88867745734 3919.619820481 4141.407740773 4387.83022226012 4634.25270374724 4856.04062403924 4988.77176706289 5103.89623891246 Inf
"44" 60.4040404040404 4190.60714244021 335.062193642332 -Inf 3533.89731032025 3639.4788779733 3761.20766362307 3964.61112715024 4190.60714244021 4416.60315773018 4620.00662125735 4741.73540690712 4847.31697456017 Inf 4378.20178626927 365.305911703874 -Inf 3662.21535599011 3777.32703245634 3910.04342322248 4131.80669313898 4378.20178626927 4624.59687939957 4846.36014931607 4979.07654008221 5094.18821654844 Inf
"45" 61.1111111111111 4197.37409184216 335.026405046149 -Inf 3540.73440408178 3646.30469437749 3768.02047795649 3971.40221559349 4197.37409184216 4423.34596809083 4626.72770572784 4748.44348930683 4854.01377960254 Inf 4373.58687101893 365.26710990769 -Inf 3657.67649086282 3772.77594048118 3905.47823447477 4127.21794930244 4373.58687101893 4619.95579273541 4841.69550756308 4974.39780155667 5089.49725117503 Inf
"46" 61.8181818181818 4187.28061567739 334.991434448438 -Inf 3530.70946902904 3636.2687397272 3757.97181841596 3961.33232673844 4187.28061567739 4413.22890461635 4616.58941293882 4738.29249162758 4843.85176232574 Inf 4367.31011243988 365.228868648376 -Inf 3651.47468377475 3766.56208317621 3899.25048404147 4120.96698406084 4367.31011243988 4613.65324081892 4835.36974083828 4968.05814170354 5083.145541105 Inf
"47" 62.5252525252525 4166.02964746795 334.925416906877 -Inf 3509.58789282341 3615.12636071044 3736.80545509027 3940.12588668411 4166.02964746795 4391.93340825179 4595.25383984564 4716.93293422546 4822.47140211249 Inf 4354.3591650384 365.157784253736 -Inf 3638.66305922663 3753.72805919908 3886.39063495723 4108.06398235494 4354.3591650384 4600.65434772186 4822.32769511957 4954.99027087772 5070.05527085017 Inf
"48" 63.2323232323232 4146.57553147661 334.888774439762 -Inf 3490.20559474792 3595.73251621403 3717.39829831002 3920.69648566126 4146.57553147661 4372.45457729196 4575.7527646432 4697.41854673918 4802.9454682053 Inf 4328.18788794566 365.117702824263 -Inf 3612.5703402921 3727.62271019098 3860.27072428317 4081.91973977555 4328.18788794566 4574.45603611576 4796.10505160814 4928.75306570034 5043.80543559921 Inf
"49" 63.9393939393939 4132.67549820581 334.873331777064 -Inf 3476.33582853984 3581.85788386299 3703.51805560778 3906.80686830817 4132.67549820581 4358.54412810346 4561.83294080385 4683.49311254864 4789.01516787179 Inf 4293.63412761083 365.101226277225 -Inf 3578.04887339606 3693.09605136431 3825.738079493 4047.37709270282 4293.63412761083 4539.89116251884 4761.53017572866 4894.17220385735 5009.2193818256 Inf
"50" 64.6464646464646 4125.4287624225 334.879773434205 -Inf 3469.07646734053 3574.60055249656 3696.26306450867 3899.55578769314 4125.4287624225 4351.30173715186 4554.59446033633 4676.25697234844 4781.78105750448 Inf 4271.82445714392 365.107877573647 -Inf 3556.22616662771 3671.27544048835 3803.91988504675 4025.56293600465 4271.82445714392 4518.08597828319 4739.72902924109 4872.37347379949 4987.42274766013 Inf
"51" 65.3535353535354 4125.61582994208 334.820189282751 -Inf 3469.38031765101 3574.88562722377 3696.52649219083 3899.78304411216 4125.61582994208 4351.44861577201 4554.70516769333 4676.34603266039 4781.85134223316 Inf 4276.00070879864 365.043109900848 -Inf 3560.52936058848 3675.55822548459 3808.17913981394 4029.78287279082 4276.00070879864 4522.21854480646 4743.82227778334 4876.4431921127 4991.4720570088 Inf
"52" 66.0606060606061 4124.35198038819 334.713373389359 -Inf 3468.32582340114 3573.79747417954 3695.39953271234 3898.59124078351 4124.35198038819 4350.11271999286 4553.30442806403 4674.90648659683 4780.37813737524 Inf 4289.67041633865 364.927988992928 -Inf 3574.42470096188 3689.41729006752 3821.99638073372 4043.53022820325 4289.67041633865 4535.81060447404 4757.34445194358 4889.92354260977 5004.91613171541 Inf
"53" 66.7676767676768 4108.3030948785 334.709542279698 -Inf 3452.28444672841 3557.75489028447 3679.35555696724 3882.54493931802 4108.3030948785 4334.06125043898 4537.25063278977 4658.85129947253 4764.3217430286 Inf 4284.44539927299 364.923386431131 -Inf 3569.20870475158 3684.19984354233 3816.77726208833 4038.30831551834 4284.44539927299 4530.58248302763 4752.11353645764 4884.69095500365 4999.6820937944 Inf
"54" 67.4747474747475 4079.3582510481 334.738090287471 -Inf 3423.28364983094 3528.76308915994 3650.37412739278 3853.58084014899 4079.3582510481 4305.13566194721 4508.34237470342 4629.95341293626 4735.43285226526 Inf 4254.33155971377 364.954408558823 -Inf 3539.03406293937 3654.03497712387 3786.62366607281 4008.17355185198 4254.33155971377 4500.48956757557 4722.03945335474 4854.62814230368 4969.62905648818 Inf
"55" 68.1818181818182 4054.73794645833 334.753030701315 -Inf 3398.63406256812 3504.11820977627 3625.73467589226 3828.95045840322 4054.73794645833 4280.52543451344 4483.7412170244 4605.35768314038 4710.84183034854 Inf 4217.49916320813 364.970648242692 -Inf 3502.16983723821 3617.1758687153 3749.77045757488 3971.33020184601 4217.49916320813 4463.66812457024 4685.22786884138 4817.82245770095 4932.82848917804 Inf
"56" 68.8888888888889 4043.07337463335 334.778724486262 -Inf 3386.91913185001 3492.41137543593 3614.03717615695 3817.26855638364 4043.07337463335 4268.87819288305 4472.10957310974 4593.73537383076 4699.22761741668 Inf 4189.4246363169 364.998457135071 -Inf 3474.04080591948 3589.05560026659 3721.66029215409 3943.23691814192 4189.4246363169 4435.61235449189 4657.18898047972 4789.79367236722 4904.80846671433 Inf
"57" 69.5959595959596 4033.72011579309 334.832513599619 -Inf 3377.46044828482 3482.96964137748 3604.61498379427 3807.87901733776 4033.72011579309 4259.56121424842 4462.82524779192 4584.4705902087 4689.97978330136 Inf 4170.84211468211 365.056957296426 -Inf 3455.34362607534 3570.37685442921 3703.00279954592 3924.6149387479 4170.84211468211 4417.06929061632 4638.68142981829 4771.307374935 4886.34060328888 Inf
"58" 70.3030303030303 4014.36594566016 334.918454358056 -Inf 3357.93783736055 3463.47411127633 3585.15067614782 3788.46688104414 4014.36594566016 4240.26501027619 4443.58121517251 4565.25778004399 4670.79405395977 Inf 4158.42510954133 365.149628643642 -Inf 3442.74498843162 3557.80741848685 3690.46703129504 3912.13542773329 4158.42510954133 4404.71479134937 4626.38318778762 4759.0428005958 4874.10523065104 Inf
"59" 71.010101010101 3986.33835726593 334.894067766409 -Inf 3329.95804580766 3435.48663525582 3557.15434042829 3760.45574115602 3986.33835726593 4212.22097337585 4415.52237410358 4537.19007927604 4642.71866872421 Inf 4148.61759179565 365.123125749047 -Inf 3432.98941540483 3548.04349412347 3680.69347837542 3902.34578591837 4148.61759179565 4394.88939767294 4616.54170521588 4749.19168946783 4864.24576818647 Inf
"60" 71.7171717171717 3956.47527740066 334.774996249566 -Inf 3300.32834182697 3405.81941060689 3527.44385685184 3730.67297380839 3956.47527740066 4182.27758099292 4385.50669794947 4507.13114419442 4612.62221297434 Inf 4131.09945018113 364.994765196037 -Inf 3415.72285585124 3530.73648683012 3663.33983742856 3884.91422218117 4131.09945018113 4377.28467818108 4598.85906293369 4731.46241353213 4846.47604451101 Inf
"61" 72.4242424242424 3925.71670623158 334.764095021767 -Inf 3269.59113667177 3375.0787703619 3496.69925616831 3699.92175540573 3925.71670623158 4151.51165705743 4354.73415629484 4476.35464210126 4581.84227579138 Inf 4097.5257907211 364.982748782581 -Inf 3382.17274812881 3497.18259261136 3629.78157762201 3851.34866766886 4097.5257907211 4343.70291377335 4565.27000382019 4697.86898883085 4812.87883331339 Inf
"62" 73.1313131313131 3894.54150465068 334.888835895516 -Inf 3238.17144747092 3343.69838830238 3465.36419272537 3668.66241738406 3894.54150465068 4120.4205919173 4323.71881657599 4445.38462099897 4550.91156183043 Inf 4059.81153863891 365.118024398556 -Inf 3344.19336071132 3459.24583194159 3591.89396286239 3813.54317357024 4059.81153863891 4306.07990370758 4527.72911441543 4660.37724533623 4775.42971656649 Inf
"63" 73.8383838383838 3871.1404651587 335.062304373342 -Inf 3214.43041600995 3320.01201855549 3441.74084443406 3645.1443751818 3871.1404651587 4097.1365551356 4300.54008588334 4422.26891176191 4527.85051430745 Inf 4040.85773561255 365.30552018799 -Inf 3324.87207269042 3439.98362578594 3572.69987431355 3794.46290655571 4040.85773561255 4287.2525646694 4509.01559691156 4641.73184543916 4756.84339853468 Inf
"64" 74.5454545454545 3863.11052003223 335.151559162127 -Inf 3206.22553471201 3311.83526236596 3433.59651469329 3637.05422861514 3863.11052003223 4089.16681144932 4292.62452537117 4414.3857776985 4519.99550535244 Inf 4041.05238800817 365.402522782462 -Inf 3324.87660349447 3440.01872311222 3572.77021288236 3794.59213169561 4041.05238800817 4287.51264432073 4509.33456313398 4642.08605290412 4757.22817252187 Inf
"65" 75.2525252525253 3863.64408857591 335.274216027673 -Inf 3206.51870021677 3312.16707831948 3433.97289213891 3637.50506636022 3863.64408857591 4089.78311079161 4293.31528501292 4415.12109883234 4520.76947693506 Inf 4033.48080044758 365.536279394672 -Inf 3317.04285779125 3432.2271255029 3565.02720932599 3786.93032667106 4033.48080044758 4280.0312742241 4501.93439156917 4634.73447539225 4749.91874310391 Inf
"66" 75.959595959596 3855.61284970976 335.540774173054 -Inf 3197.96501698589 3303.69739032111 3425.60004526424 3629.29403675718 3855.61284970976 4081.93166266234 4285.62565415528 4407.52830909841 4513.26068243363 Inf 4003.56142252064 365.82342631923 -Inf 3286.56068223391 3401.83543291564 3534.73983780834 3756.81727108671 4003.56142252064 4250.30557395457 4472.38300723294 4605.28741212564 4720.56216280737 Inf
"67" 76.6666666666667 3831.57033098643 335.808115812494 -Inf 3173.39851827769 3279.21513373251 3401.21491444435 3605.07119883825 3831.57033098643 4058.06946313462 4261.92574752852 4383.92552824035 4489.74214369518 Inf 3974.50915355647 366.115260428442 -Inf 3256.93642892622 3372.30313955847 3505.31356838463 3727.56816300712 3974.50915355647 4221.45014410582 4443.70473872831 4576.71516755448 4692.08187818672 Inf
"68" 77.3737373737374 3804.38077317551 336.188475365722 -Inf 3145.46346944126 3251.39994013092 3373.53790625252 3577.62509240728 3804.38077317551 4031.13645394374 4235.2236400985 4357.3616062201 4463.29807690975 Inf 3974.51240722654 366.524689873677 -Inf 3256.13721562942 3371.63294172056 3504.79211710818 3727.29526071295 3974.51240722654 4221.72955374014 4444.2326973449 4577.39187273252 4692.88759882366 Inf
"69" 78.0808080808081 3795.44372620283 336.532532564253 -Inf 3135.85208275084 3241.89696942735 3364.15993223842 3568.45598238071 3795.44372620283 4022.43147002495 4226.72752016724 4348.9904829783 4455.03536965482 Inf 3991.94535612952 366.899234832929 -Inf 3272.83606990167 3388.44981898886 3521.74506733226 3744.47558287992 3991.94535612952 4239.41512937911 4462.14564492677 4595.44089327018 4711.05464235736 Inf
"70" 78.7878787878788 3814.98263251067 337.107216493404 -Inf 3154.26462925506 3260.49060478998 3382.96235145717 3587.60727026874 3814.98263251067 4042.35799475261 4247.00291356418 4369.47466023137 4475.70063576629 Inf 3988.06937011843 367.522245785579 -Inf 3267.73900486141 3383.54907115267 3517.07066065945 3740.17938236701 3988.06937011843 4235.95935786985 4459.0680795774 4592.58966908419 4708.39973537544 Inf
"71" 79.4949494949495 3852.73659523664 338.725832531206 -Inf 3188.84616284213 3295.58218105553 3418.64197426587 3624.26949306771 3852.73659523664 4081.20369740557 4286.83121620741 4409.89100941775 4516.62702763115 Inf 3949.53073942499 369.274638992366 -Inf 3225.76574659592 3342.1280101372 3476.28624770841 3700.45878041728 3949.53073942499 4198.6026984327 4422.77523114157 4556.93346871278 4673.29573225406 Inf
"72" 80.2020202020202 3878.16831681905 342.746634562243 -Inf 3206.39725725474 3314.40027183393 3438.92083071066 3646.98922489261 3878.16831681905 4109.34740874548 4317.41580292743 4441.93636180416 4549.93937638335 Inf 3898.0758531221 373.621846995364 -Inf 3165.79048917385 3283.52260298347 3419.26019018353 3646.0717468744 3898.0758531221 4150.0799593698 4376.89151606067 4512.62910326073 4630.36121707035 Inf
"73" 80.9090909090909 3841.28998120148 350.089321311347 -Inf 3155.12752005917 3265.44429128553 3392.63246339448 3605.15832232387 3841.28998120148 4077.42164007909 4289.94749900848 4417.13567111743 4527.45244234379 Inf 3834.61671399526 381.513952398616 -Inf 3086.86310769444 3207.0821056598 3345.6869110217 3577.2894635456 3834.61671399526 4091.94396444492 4323.54651696881 4462.15132233071 4582.37032029607 Inf
"74" 81.6161616161616 3679.39608216929 375.712131935904 -Inf 2943.01383502016 3061.40461926485 3197.90161129274 3425.98210015421 3679.39608216929 3932.81006418438 4160.89055304585 4297.38754507373 4415.77832931842 Inf 3693.32531555134 409.364026350372 -Inf 2890.98656733831 3019.98141206547 3168.70420670438 3417.21347567902 3693.32531555134 3969.43715542367 4217.9464243983 4366.66921903721 4495.66406376438 Inf
"75" 82.3232323232323 3341.94926760945 510.391954955804 -Inf 2341.59941789709 2502.42920933354 2687.85565869447 2997.69512540922 3341.94926760945 3686.20340980968 3996.04287652443 4181.46932588536 4342.29911732182 Inf 3376.88842577791 551.094689244362 -Inf 2296.76268278767 2470.41832738063 2670.63216401348 3005.18070649509 3376.88842577791 3748.59614506073 4083.14468754234 4283.35852417519 4457.01416876815 Inf
"76" 83.030303030303 2825.95594060522 829.609812635099 -Inf 1199.95058661941 1461.36923133785 1762.76818643155 2266.39262532076 2825.95594060522 3385.51925588969 3889.1436947789 4190.5426498726 4451.96129459104 Inf 2844.21388222325 882.501350994901 -Inf 1114.5430179653 1392.62833424971 1713.24289426051 2248.975766443 2844.21388222325 3439.45199800351 3975.18487018599 4295.79943019679 4573.8847464812 Inf
"77" 83.7373737373737 2192.53430356014 1258.63621145084 -Inf -274.347340521458 122.261966142755 579.527096324183 1343.59707971092 2192.53430356014 3041.47152740936 3805.54151079609 4262.80664097752 4659.41594764173 Inf 2159.88284919595 1325.26358770927 -Inf -437.586052736556 -19.9817697143621 461.489223607882 1266.00614297796 2159.88284919595 3053.75955541394 3858.27647478402 4339.74746810626 4757.35175112846 Inf
"78" 84.4444444444444 1545.11947145555 1675.76639620924 -Inf -1739.32231161703 -1211.27096327261 -602.46157709343 414.832213489395 1545.11947145555 2675.40672942171 3692.70052000453 4301.50990618371 4829.56125452813 Inf 1459.72357624501 1753.43595301042 -Inf -1976.94774085307 -1424.42191069128 -787.395014417674 277.048998314189 1459.72357624501 2642.39815417584 3706.8421669077 4343.86906318131 4896.39489334309 Inf
"79" 85.1515151515152 982.886033869991 1994.00206520572 -Inf -2925.2861990317 -2296.95549523236 -1572.53043449356 -362.047920981084 982.886033869991 2327.81998872107 3538.30250223355 4262.72756297234 4891.05826677168 Inf 871.265508458642 2078.3778909057 -Inf -3202.28030398085 -2547.36190357336 -1792.28293142485 -530.579075991406 871.265508458642 2273.11009290869 3534.81394834213 4289.89292049064 4944.81132089814 Inf
"80" 85.8585858585859 562.437209221276 2188.15218564973 -Inf -3726.2622673448 -3036.75284966648 -2241.79264994798 -913.449011868623 562.437209221276 2038.32343031118 3366.66706839053 4161.62726810903 4851.13668578736 Inf 456.780623894996 2275.61561815185 -Inf -4003.34403033947 -3286.27397916948 -2459.53813412525 -1078.09878593454 456.780623894996 1991.66003372454 3373.09938191524 4199.83522695947 4916.90527812946 Inf
"81" 86.5656565656566 289.050363762401 2282.79223123698 -Inf -4185.1401936499 -3465.80871736438 -2636.4655939924 -1250.66959803418 289.050363762401 1828.77032555898 3214.5663215172 4043.90944488918 4763.2409211747 Inf 209.142567013884 2371.29507257533 -Inf -4438.51037195106 -3691.29073368381 -2829.79434561323 -1390.27165412865 209.142567013884 1808.55678815642 3248.079479641 4109.57586771157 4856.79550597883 Inf
"82" 87.2727272727273 133.347318693367 2319.41521202809 -Inf -4412.62296207603 -3681.75120521746 -2839.1028774292 -1431.07446826845 133.347318693367 1697.76910565519 3105.79751481593 3948.44584260419 4679.31759946276 Inf 82.9027780195005 2408.15166655268 -Inf -4636.98775773386 -3878.15422495891 -3003.26776031992 -1541.37083798789 82.9027780195005 1707.17639402689 3169.07331635893 4043.9597809979 4802.79331377286 Inf
"83" 87.979797979798 55.2288868938878 2330.60960162047 -Inf -4512.68199430547 -3778.28276933947 -2931.5674967361 -1516.74340110769 55.2288868938878 1627.20117489547 3042.02527052388 3888.74054312724 4623.13976809325 Inf 27.9984246892139 2419.37068497719 -Inf -4713.88098311809 -3951.51222143559 -3072.54986427602 -1603.84230425278 27.9984246892139 1659.8391536312 3128.54671365445 4007.50907081402 4769.87783249651 Inf
"84" 88.6868686868687 20.5460381809276 2333.31077735888 -Inf -4552.65905018163 -3817.40865676278 -2969.71204144543 -1553.24816516969 20.5460381809276 1594.34024153154 3010.80411780729 3858.50073312463 4593.75112654348 Inf 7.78654860401414 2422.06786822158 -Inf -4739.379241222 -3976.16056916288 -3096.21831977063 -1625.87340279072 7.78654860401414 1641.44649999875 3111.79141697866 3991.73366637091 4754.95233843002 Inf
"85" 89.3939393939394 6.86990806835188 2333.82690104942 -Inf -4567.34676413924 -3831.9337347997 -2984.04961068164 -1567.27241542137 6.86990806835188 1581.01223155807 2997.78942681834 3845.67355093641 4581.08658027594 Inf 1.62759670796055 2422.58158970771 -Inf -4746.54506872894 -3983.16451770863 -3103.03563224148 -1632.37885456362 1.62759670796055 1635.63404797954 3106.29082565741 3986.41971112455 4749.80026214486 Inf
"86" 90.1010101010101 2.06607704856513 2333.90535459739 -Inf -4572.3043612875 -3836.86661042241 -2988.95398396864 -1572.12916255512 2.06607704856513 1576.26131665226 2993.08613806577 3840.99876451954 4576.43651538463 Inf 0.164078986938225 2422.65946421282 -Inf -4748.1612176753 -3984.75612759183 -3104.59895015645 -1633.89489784014 0.164078986938225 1634.22305581402 3104.92710813032 3985.08428556571 4748.48937564917 Inf
"87" 90.8080808080808 0.559288497376148 2333.91488516822 -Inf -4573.82982941427 -3838.3890753676 -2990.47298643781 -1573.64237937865 0.559288497376148 1574.76095637341 2991.59156343256 3839.50765236235 4574.94840640902 Inf -0.0532784294103891 2422.66890209767 -Inf -4748.39707300604 -3984.9890089473 -3104.8284027089 -1634.11862101308 -0.0532784294103891 1634.01206415426 3104.72184585008 3984.88245208848 4748.29051614722 Inf
"88" 91.5151515151515 0.136376999071521 2333.91581410365 -Inf -4574.25456159256 -3838.81351482872 -2990.89708841476 -1574.06591743438 0.136376999071521 1574.33867143253 2991.16984241291 3839.08626882686 4574.52731559071 Inf -0.0394357880357507 2422.66982011786 -Inf -4748.38502965118 -3984.97667631477 -3104.81573655774 -1634.10539756692 -0.0394357880357507 1634.02652599085 3104.73686498167 3984.8978047387 4748.30615807511 Inf
"89" 92.2222222222222 0.0299767782522014 2333.91588698647 -Inf -4574.36110466108 -3838.92003493111 -2991.00358203867 -1574.17236681392 0.0299767782522014 1574.23232037042 2991.06353559518 3838.97998848761 4574.42105821759 Inf -0.015125885526679 2422.66989201617 -Inf -4748.36086066675 -3984.95248467445 -3104.79151879661 -1634.08113615908 -0.015125885526679 1634.05088438803 3104.76126702556 3984.92223290339 4748.3306088957 Inf
"90" 92.9292929292929 0.0059442220934191 2333.91589160173 -Inf -4574.38514626298 -3838.94407507869 -2991.02762050952 -1574.19640248302 0.0059442220934191 1574.20829092721 2991.03950895371 3838.95596352287 4574.39703470717 Inf -0.00442203994056747 2422.669896562 -Inf -4748.35016573085 -3984.9417883061 -3104.78082077675 -1634.07043537961 -0.00442203994056747 1634.06159129973 3104.77197669687 3984.93294422622 4748.34132165097 Inf
"91" 93.6363636363636 0.00106417003963408 2333.91589183813 -Inf -4574.39002677837 -3838.94895551959 -2991.03250086454 -1574.20128269452 0.00106417003963408 1574.2034110346 2991.03462920462 3838.95108385966 4574.39215511845 Inf -0.00107432992124316 2422.66989679453 -Inf -4748.34681847658 -3984.93844097856 -3104.77747336473 -1634.06708782643 -0.00107432992124316 1634.06493916659 3104.77532470489 3984.93629231871 4748.34466981673 Inf
"92" 94.3434343434343 0.000172144491299189 2333.91589184794 -Inf -4574.39091882315 -3838.94984756128 -2991.03339290266 -1574.20217472669 0.000172144491299189 1574.20251901567 2991.03373719164 3838.95019185026 4574.39126311213 Inf -0.000224406560307761 2422.66989680417 -Inf -4748.34596857211 -3984.93759107106 -3104.77662345373 -1634.06623790957 -0.000224406560307761 1634.06578909645 3104.77617464061 3984.93714225793 4748.34551975899 Inf
"93" 95.0505050505051 2.51843520342892e-05 2333.91589184827 -Inf -4574.39106578394 -3838.94999452196 -2991.03353986322 -1574.20232168705 2.51843520342892e-05 1574.20237205576 2991.03359023193 3838.95004489066 4574.39111615264 Inf -4.09918145917766e-05 2422.6698968045 -Inf -4748.345785158 -3984.93740765684 -3104.7764400394 -1634.06605449505 -4.09918145917766e-05 1634.06597251142 3104.77635805577 3984.93732567321 4748.34570317437 Inf
"94" 95.7575757575758 3.33542122492559e-06 2333.91589184828 -Inf -4574.39108763289 -3838.9500163709 -2991.03356171217 -1574.20234353599 3.33542122492559e-06 1574.20235020683 2991.03356838301 3838.95002304174 4574.39109430373 Inf -6.61240585428521e-06 2422.66989680451 -Inf -4748.34575077861 -3984.93737327745 -3104.77640566 -1634.06602011564 -6.61240585428521e-06 1634.06600689083 3104.77639243519 3984.93736005264 4748.3457375538 Inf
"95" 96.4646464646465 4.00334198107382e-07 2333.91589184828 -Inf -4574.39109056798 -3838.95001930599 -2991.03356464725 -1574.20234647108 4.00334198107382e-07 1574.20234727175 2991.03356544792 3838.95002010666 4574.39109136864 Inf -9.47736922439095e-07 2422.66989680451 -Inf -4748.34574511394 -3984.93736761278 -3104.77639999533 -1634.06601445098 -9.47736922439095e-07 1634.0660125555 3104.77639809986 3984.9373657173 4748.34574321847 Inf
"96" 97.1717171717172 4.35975360680959e-08 2333.91589184828 -Inf -4574.39109092471 -3838.95001966273 -2991.03356500399 -1574.20234682781 4.35975360680959e-08 1574.20234691501 2991.03356509119 3838.95001974992 4574.39109101191 Inf -1.21191148545041e-07 2422.66989680451 -Inf -4748.3457442874 -3984.93736678624 -3104.77639916878 -1634.06601362443 -1.21191148545041e-07 1634.06601338205 3104.7763989264 3984.93736654385 4748.34574404501 Inf
"97" 97.8787878787879 4.31345769030478e-09 2333.91589184828 -Inf -4574.391090964 -3838.95001970201 -2991.03356504327 -1574.2023468671 4.31345769030478e-09 1574.20234687573 2991.0335650519 3838.95001971064 4574.39109097262 Inf -1.38665694122959e-08 2422.66989680451 -Inf -4748.34574418007 -3984.93736667891 -3104.77639906146 -1634.06601351711 -1.38665694122959e-08 1634.06601348937 3104.77639903373 3984.93736665117 4748.34574415234 Inf
"98" 98.5858585858586 3.88241250583472e-10 2333.91589184828 -Inf -4574.39109096792 -3838.95001970594 -2991.0335650472 -1574.20234687102 3.88241250583472e-10 1574.2023468718 2991.03356504798 3838.95001970671 4574.3910909687 Inf -1.42266892933905e-09 2422.66989680451 -Inf -4748.34574416763 -3984.93736666647 -3104.77639904902 -1634.06601350466 -1.42266892933905e-09 1634.06601350182 3104.77639904617 3984.93736666362 4748.34574416478 Inf
"99" 99.2929292929293 3.18339064395988e-11 2333.91589184828 -Inf -4574.39109096828 -3838.95001970629 -2991.03356504756 -1574.20234687138 3.18339064395988e-11 1574.20234687144 2991.03356504762 3838.95001970636 4574.39109096834 Inf -1.31090058891108e-10 2422.66989680451 -Inf -4748.34574416633 -3984.93736666517 -3104.77639904772 -1634.06601350337 -1.31090058891108e-10 1634.06601350311 3104.77639904746 3984.93736666491 4748.34574416607 Inf
"100" 100 2.38107130669866e-12 2333.91589184828 -Inf -4574.39109096831 -3838.95001970632 -2991.03356504759 -1574.20234687141 2.38107130669866e-12 1574.20234687141 2991.03356504759 3838.95001970633 4574.39109096831 Inf -1.08618240590543e-11 2422.66989680451 -Inf -4748.34574416621 -3984.93736666505 -3104.7763990476 -1634.06601350325 -1.08618240590543e-11 1634.06601350323 3104.77639904758 3984.93736666503 4748.34574416619 Inf
