"mid_age" "mean_left" "std_left" "min_left" "l.q2.5" "l.q5" "l.q10" "l.q25" "l.q50" "l.q75" "l.q90" "l.q95" "l.q97.5" "max_left" "mean_right" "std_right" "min_right" "r.q2.5" "r.q5" "r.q10" "r.q25" "r.q50" "r.q75" "r.q90" "r.q95" "r.q97.5" "max_right"
"1" 30 3.22491825319169e-09 2326.86890391627 -Inf -4560.57924841886 -3827.35875604405 -2982.00248662772 -1569.44922573829 3.22491825319169e-09 1569.44922574474 2982.00248663417 3827.3587560505 4560.57924842531 Inf 3.59288602987496e-09 2423.3772754687 -Inf -4749.73218086786 -3986.10090102288 -3105.68294127853 -1634.54313315815 3.59288602987496e-09 1634.54313316534 3105.68294128571 3986.10090103006 4749.73218087504 Inf
"2" 30.7070707070707 3.33231425666733e-08 2326.86890391627 -Inf -4560.57924838876 -3827.35875601396 -2982.00248659763 -1569.44922570819 3.33231425666733e-08 1569.44922577484 2982.00248666427 3827.3587560806 4560.57924845541 Inf 3.70005145296048e-08 2423.3772754687 -Inf -4749.73218083445 -3986.10090098947 -3105.68294124512 -1634.54313312474 3.70005145296048e-08 1634.54313319874 3105.68294131912 3986.10090106347 4749.73218090845 Inf
"3" 31.4141414141414 3.11381649575585e-07 2326.86890391627 -Inf -4560.5792481107 -3827.3587557359 -2982.00248631957 -1569.44922543014 3.11381649575585e-07 1569.4492260529 2982.00248694233 3827.35875635866 4560.57924873347 Inf 3.44499381162348e-07 2423.3772754687 -Inf -4749.73218052695 -3986.10090068197 -3105.68294093762 -1634.54313281725 3.44499381162348e-07 1634.54313350624 3105.68294162662 3986.10090137097 4749.73218121595 Inf
"4" 32.1212121212121 2.63093164246125e-06 2326.86890391627 -Inf -4560.57924579115 -3827.35875341635 -2982.00248400002 -1569.44922311059 2.63093164246125e-06 1569.44922837245 2982.00248926188 3827.35875867821 4560.57925105302 Inf 2.89958292758701e-06 2423.3772754687 -Inf -4749.73217797187 -3986.10089812689 -3105.68293838254 -1634.54313026216 2.89958292758701e-06 1634.54313606133 3105.6829441817 3986.10090392605 4749.73218377103 Inf
"5" 32.8282828282828 2.00972150803695e-05 2326.86890391627 -Inf -4560.57922832487 -3827.35873595006 -2982.00246653373 -1569.4492056443 2.00972150803695e-05 1569.44924583873 2982.00250672816 3827.35877614449 4560.5792685193 Inf 2.20592827747507e-05 2423.3772754687 -Inf -4749.73215881217 -3986.10087896719 -3105.68291922284 -1634.54311110246 2.20592827747507e-05 1634.54315522103 3105.6829633414 3986.10092308575 4749.73220293073 Inf
"6" 33.5353535353535 0.000138771759341222 2326.86890391627 -Inf -4560.57910965032 -3827.35861727551 -2982.00234785918 -1569.44908696975 0.000138771759341222 1569.44936451327 2982.0026254027 3827.35889481903 4560.57938719383 Inf 0.000151666338644648 2423.3772754687 -Inf -4749.7320292051 -3986.10074936012 -3105.68278961578 -1634.5429814954 0.000151666338644648 1634.54328482808 3105.68309294845 3986.1010526928 4749.73233253778 Inf
"7" 34.2424242424242 0.000866006489346552 2326.86890391609 -Inf -4560.57838241524 -3827.35789004049 -2982.00162062423 -1569.44835973491 0.000866006489346552 1569.45009174789 2982.00335263721 3827.35962205347 4560.58011442822 Inf 0.000942217651405899 2423.37727546853 -Inf -4749.73123865346 -3986.09995880853 -3105.68199906425 -1634.54219094398 0.000942217651405899 1634.54407537928 3105.68388349955 3986.10184324383 4749.73312308876 Inf
"8" 34.9494949494949 0.00488310972249964 2326.86890391085 -Inf -4560.57436530173 -3827.35387292863 -2981.99760351427 -1569.44434262814 0.00488310972249964 1569.45410884758 2982.00736973372 3827.36363914808 4560.58413152118 Inf 0.00528794253599133 2423.37727546344 -Inf -4749.72689291861 -3986.09561307528 -3105.67765333284 -1634.53784521566 0.00528794253599133 1634.54842110073 3105.68822921792 3986.10618896035 4749.73746880368 Inf
"9" 35.6565656565657 0.0248719328108718 2326.86890378244 -Inf -4560.55437622698 -3827.33388389434 -2981.97761452663 -1569.42435371844 0.0248719328108718 1569.47409758406 2982.02735839225 3827.38362775996 4560.6041200926 Inf 0.0268033769813497 2423.37727533863 -Inf -4749.70537723953 -3986.07409743554 -3105.65613773845 -1634.51632969703 0.0268033769813497 1634.56993645099 3105.70974449241 3986.1277041895 4749.7589839935 Inf
"10" 36.3636363636364 0.114398965338675 2326.86890122891 -Inf -4560.46484418962 -3827.24435266163 -2981.88808422162 -1569.33482496358 0.114398965338675 1569.56362289426 2982.1168821523 3827.4731505923 4560.6936421203 Inf 0.122669169244478 2423.37727285019 -Inf -4749.60950657002 -3985.97822755016 -3105.56026875712 -1634.42046222634 0.122669169244478 1634.66580056483 3105.80560709561 3986.22356588864 4749.85484490851 Inf
"11" 37.0707070707071 0.474977243815728 2326.86886003144 -Inf -4560.10418516558 -3826.88370661934 -2981.52745314646 -1568.97421889783 0.474977243815728 1569.92417338546 2982.47740763409 3827.83366110697 4561.05413965321 Inf 0.506733476914633 2423.37723258996 -Inf -4749.22536335374 -3985.5940970203 -3105.17615285389 -1634.03637076356 0.506733476914633 1635.04983771739 3106.18961980771 3986.60756397412 4750.23883030757 Inf
"12" 37.7777777777778 1.77940635015218 2326.86832171604 -Inf -4558.79870098045 -3825.57839206296 -2980.22233416118 -1567.66942670328 1.77940635015218 1571.22823940358 2983.78114686148 3829.13720476327 4562.35751368075 Inf 1.88866146833671 2423.37670489277 -Inf -4747.84240109485 -3984.21130104425 -3103.79354859131 -1632.65408684579 1.88866146833671 1636.43140978247 3107.57087152798 3987.98862398092 4751.61972403152 Inf
"13" 38.4848484848485 6.01196726856845 2326.86263681415 -Inf -4554.55499785907 -3821.33648031306 -2975.98248774785 -1563.4330313768 6.01196726856845 1575.45696591394 2988.00642228498 3833.36041485019 4566.57893239621 Inf 6.34843440273265 2423.371113129 -Inf -4743.37166850484 -3979.74233047693 -3099.3266095233 -1628.19054232405 6.34843440273265 1640.88741112951 3112.02347832876 3992.43919928239 4756.06853731031 Inf
"14" 39.1919191919192 18.3088170047613 2326.81424485226 -Inf -4542.16330162043 -3808.96003288283 -2963.62362121713 -1551.10354175832 18.3088170047613 1587.72117576785 3000.24125522665 3845.57766689235 4578.78093562995 Inf 19.2353955053563 2423.32333525256 -Inf -4730.39106448514 -3966.77678176096 -3086.37841860833 -1615.27135553348 19.2353955053563 1653.74214654419 3124.84920961904 4005.24757277167 4768.86185549586 Inf
"15" 39.8989898989899 50.2285383613036 2326.4833161218 -Inf -4509.59497187074 -3776.49598220373 -2931.27979762798 -1518.96061236504 50.2285383613036 1619.41768908765 3031.73687435059 3876.95305892633 4610.05204859334 Inf 52.5076894332991 2422.99525398034 -Inf -4696.47574307966 -3932.96484216247 -3052.68567161235 -1581.77777415019 52.5076894332991 1686.79315301679 3157.70105047895 4037.98022102907 4801.49112194625 Inf
"16" 40.6060606060606 124.058392668273 2324.67265272277 -Inf -4432.21628251355 -3699.68785163768 -2855.12948480732 -1443.90948415437 124.058392668273 1692.02626949092 3103.24627014386 3947.80463697423 4680.3330678501 Inf 129.059952343655 2421.19199443957 -Inf -4616.38915641461 -3853.44648125614 -2973.82243861443 -1504.00923116264 129.059952343655 1762.12913584995 3231.94234330174 4111.56638594345 4874.50906110191 Inf
"17" 41.3131313131313 275.705738362102 2316.78131128887 -Inf -4265.10219181956 -3535.06040436478 -2693.36897814462 -1286.93950954808 275.705738362102 1838.35098627228 3244.78045486883 4086.47188108899 4816.51366854377 Inf 285.487491013005 2413.29375418718 -Inf -4444.48135130933 -3684.02749346112 -2807.27289778459 -1342.25441039847 285.487491013005 1913.22939242448 3378.2478798106 4255.00247548713 5015.45633333534 Inf
"18" 42.020202020202 551.105086852011 2289.48481331486 -Inf -3936.20269039652 -3214.76231217925 -2382.98775994223 -993.128952958451 551.105086852011 2095.33912666247 3485.19793364626 4316.97248588327 5038.41286410054 Inf 568.146905342058 2385.82675046406 -Inf -4107.98759891973 -3356.1888784366 -2489.41310183335 -1041.06878358958 568.146905342058 2177.36259427369 3625.70691251746 4492.48268912071 5244.28140960384 Inf
"19" 42.7272727272727 990.74949967707 2214.60114032396 -Inf -3349.78897547923 -2651.94521823567 -1847.37605876196 -502.976270243997 990.74949967707 2484.47526959814 3828.8750581161 4633.4442175898 5331.28797483337 Inf 1017.24104211631 2310.05158002401 -Inf -3510.37685716059 -2782.45567773116 -1943.20917675224 -540.865071034149 1017.24104211631 2575.34715526676 3977.69126098485 4816.93776196377 5544.8589413932 Inf
"20" 43.4343434343434 1602.84019140111 2051.11708730694 -Inf -2417.2754277952 -1770.94718895786 -1025.77212295238 219.382739560537 1602.84019140111 2986.29764324169 4231.45250575461 4976.62757176008 5622.95581059742 Inf 1639.85116428952 2143.67791181855 -Inf -2561.68033732886 -1886.18522398097 -1107.38261962491 193.962385046175 1639.85116428952 3085.73994353287 4387.08494820396 5165.88755256002 5841.3826659079 Inf
"21" 44.1414141414141 2337.6647919781 1765.4573726718 -Inf -1122.56807469934 -566.254170689333 75.1401321282929 1146.88188970286 2337.6647919781 3528.44769425333 4600.1894518279 5241.58375464553 5797.89765865554 Inf 2385.08575813291 1851.33219976866 -Inf -1243.45867683298 -660.084725348623 12.5080791762512 1136.38116518098 2385.08575813291 3633.79035108484 4757.66343708957 5430.25624161444 6013.6301930988 Inf
"22" 44.8484848484848 3085.24937431895 1365.20020564758 -Inf 409.506139563005 839.694864544621 1335.67491348947 2164.43582864407 3085.24937431895 4006.06291999383 4834.82383514842 5330.80388409327 5760.99260907489 Inf 3143.43064060226 1439.47593159221 -Inf 322.109658069282 775.703433613459 1298.66800690649 2172.51887908935 3143.43064060226 4114.34240211516 4988.19327429803 5511.15784759105 5964.75162313523 Inf
"23" 45.5555555555556 3711.15604467253 921.77026989847 -Inf 1904.51951365176 2194.97887301399 2529.85991221167 3089.43144559053 3711.15604467253 4332.88064375452 4892.45217713338 5227.33321633106 5517.79257569329 Inf 3783.91308238157 980.905406954361 -Inf 1861.37381251042 2170.46726605638 2526.83222244804 3122.30243947894 3783.91308238157 4445.5237252842 5040.99394231509 5397.35889870676 5706.45235225272 Inf
"24" 46.2626262626263 4118.43016642132 558.148127467875 -Inf 3024.47993854581 3200.35819457961 3403.13455985907 3741.9649753531 4118.43016642132 4494.89535748953 4833.72577298356 5036.50213826302 5212.38039429682 Inf 4214.68648156254 603.274279017628 -Inf 3032.29062188863 3222.38859567386 3441.55938483471 3807.78416380822 4214.68648156254 4621.58879931687 4987.81357829038 5206.98436745122 5397.08234123646 Inf
"25" 46.969696969697 4296.83856867535 382.913021270925 -Inf 3546.34283777292 3667.00269683092 3806.11578679818 4038.5676606115 4296.83856867535 4555.1094767392 4787.56135055252 4926.67444051978 5047.33429957778 Inf 4426.85798050618 419.747399669272 -Inf 3604.16819455006 3736.43494775673 3888.93004332675 4143.7426617578 4426.85798050618 4709.97329925456 4964.78591768561 5117.28101325563 5249.54776646229 Inf
"26" 47.6767676767677 4322.22201145246 349.156418099254 -Inf 3637.88800700691 3747.91081076852 3874.76005721742 4086.71958622934 4322.22201145246 4557.72443667558 4769.6839656875 4896.5332121364 5006.55601589801 Inf 4487.58991590813 383.106304319999 -Inf 3736.71535719069 3857.4361217394 3996.61943183683 4229.18864040879 4487.58991590813 4745.99119140747 4978.56039997943 5117.74371007685 5238.46447462557 Inf
"27" 48.3838383838384 4303.85155186103 341.249125054511 -Inf 3635.01555699838 3742.5466908211 3866.52320140669 4073.68251474838 4303.85155186103 4534.02058897367 4741.17990231536 4865.15641290095 4972.68754672367 Inf 4488.40711696609 374.52267651934 -Inf 3754.35615959464 3872.37213411768 4008.43699454078 4235.79541043779 4488.40711696609 4741.01882349439 4968.37723939141 5104.4420998145 5222.45807433754 Inf
"28" 49.0909090909091 4316.75918185521 336.745147214843 -Inf 3656.75082134548 3762.86270510057 3885.20291125248 4089.62803163052 4316.75918185521 4543.89033207989 4748.31545245793 4870.65565860985 4976.76754236494 Inf 4491.06093718671 369.659007672145 -Inf 3766.54259558849 3883.0259776819 4017.32385718681 4241.7297254442 4491.06093718671 4740.39214892923 4964.79801718661 5099.09589669152 5215.57927878493 Inf
"29" 49.7979797979798 4365.89256553556 335.619248264636 -Inf 3708.09092641846 3813.84802775274 3935.77919249511 4139.52082261255 4365.89256553556 4592.26430845857 4796.00593857601 4917.93710331837 5023.69420465265 Inf 4509.34633031242 368.421575966748 -Inf 3787.25331029011 3903.34676483634 4037.19508285182 4260.84975357176 4509.34633031242 4757.84290705308 4981.49757777302 5115.3458957885 5231.43935033473 Inf
"30" 50.5050505050505 4404.71168077373 335.247992324909 -Inf 3747.63768992755 3853.27780466991 3975.07409136406 4178.59034617677 4404.71168077373 4630.8330153707 4834.34927018341 4956.14555687756 5061.78567161992 Inf 4528.35180551908 368.021807530294 -Inf 3807.04231723437 3923.00980060564 4056.71288192408 4280.12486849126 4528.35180551908 4776.5787425469 4999.99072911408 5133.69381043252 5249.66129380379 Inf
"31" 51.2121212121212 4391.15281469904 334.954381472744 -Inf 3734.65429054857 3840.20188547031 3961.89150273662 4165.22951761241 4391.15281469904 4617.07611178567 4820.41412666146 4942.10374392777 5047.65133884951 Inf 4533.36070134258 367.695826886059 -Inf 3812.69012338022 3928.55488687412 4062.13953875253 4285.35363491806 4533.36070134258 4781.36776776709 5004.58186393262 5138.16651581103 5254.03127930493 Inf
"32" 51.9191919191919 4332.89114621425 334.448979831566 -Inf 3677.38319107822 3782.77152870808 3904.27753251632 4107.30873735433 4332.89114621425 4558.47355507418 4761.50475991219 4883.01076372042 4988.39910135028 Inf 4523.1946935772 367.150358812201 -Inf 3803.59321339433 3919.28609424841 4052.67257645116 4275.55553977755 4523.1946935772 4770.83384737684 4993.71681070324 5127.10329290598 5242.79617376007 Inf
"33" 52.6262626262626 4278.64154131045 334.101420944136 -Inf 3623.81478907629 3729.09360730085 3850.47334224882 4053.29355735768 4278.64154131045 4503.98952526322 4706.80974037208 4828.18947532005 4933.46829354461 Inf 4504.96808153217 366.769324517486 -Inf 3786.11341484381 3901.68622784504 4034.93427950305 4257.58593145879 4504.96808153217 4752.35023160556 4975.00188356129 5108.2499352193 5223.82274822053 Inf
"34" 53.3333333333333 4264.20376908559 333.906887197701 -Inf 3609.75829598822 3714.97581461437 3836.28487505125 4038.98699615086 4264.20376908559 4489.42054202032 4692.12266311993 4813.4317235568 4918.64924218296 Inf 4484.47049171334 366.558388666439 -Inf 3766.02925169609 3881.53559662586 4014.70701485436 4237.23061570944 4484.47049171334 4731.71036771725 4954.23396857233 5087.40538680082 5202.9117317306 Inf
"35" 54.040404040404 4276.24779278444 333.911305361944 -Inf 3621.79366024428 3727.01257107975 3848.3232366448 4051.02803984322 4276.24779278444 4501.46754572567 4704.17234892408 4825.48301448914 4930.70192532461 Inf 4465.48684905196 366.562827492183 -Inf 3747.03690909611 3862.54465274586 3995.7176836089 4218.24397910559 4465.48684905196 4712.72971899833 4935.25601449502 5068.42904535806 5183.93678900781 Inf
"36" 54.7474747474747 4279.00211232407 333.966556845065 -Inf 3624.43968886689 3729.67601001697 3851.00674855974 4053.74509282379 4279.00211232407 4504.25913182434 4706.9974760884 4828.32821463117 4933.56453578124 Inf 4455.46112021154 366.621552940503 -Inf 3736.89608049201 3852.42232913878 3985.61669507825 4208.17864055221 4455.46112021154 4702.74359987088 4925.30554534484 5058.49991128431 5174.02615993107 Inf
"37" 55.4545454545455 4265.94986974134 333.833952402717 -Inf 3611.64734621535 3716.84188233218 3838.12444540769 4040.78229057826 4265.94986974134 4491.11744890442 4693.77529407498 4815.05785715049 4920.25239326732 Inf 4463.16167503877 366.47894496969 -Inf 3744.87614180594 3860.35745320403 3993.50000937373 4215.97538299404 4463.16167503877 4710.3479670835 4932.82334070381 5065.96589687352 5181.4472082716 Inf
"38" 56.1616161616162 4262.66661384709 333.784903004178 -Inf 3608.4602253757 3713.63930551902 3834.90404884693 4037.53211800058 4262.66661384709 4487.8011096936 4690.42917884724 4811.69392217515 4916.87300231847 Inf 4485.35538766452 366.424716400784 -Inf 3767.17614047368 3882.64036388802 4015.76321870685 4238.20567223368 4485.35538766452 4732.50510309535 4954.94755662218 5088.07041144101 5203.53463485536 Inf
"39" 56.8686868686869 4279.23713888401 333.819230978428 -Inf 3624.96346881944 3730.15336606299 3851.43058081471 4054.07948917072 4279.23713888401 4504.3947885973 4707.04369695331 4828.32091170503 4933.51080894859 Inf 4501.45198973197 366.462076316392 -Inf 3783.19951845208 3898.67551436279 4031.81194211598 4254.27707542099 4501.45198973197 4748.62690404295 4971.09203734797 5104.22846510116 5219.70446101187 Inf
"40" 57.5757575757576 4287.97606603982 333.817472452686 -Inf 3633.70584262237 3738.89518573625 3860.17176161194 4062.81960243413 4287.97606603982 4513.13252964552 4715.78037046771 4837.0569463434 4942.24628945728 Inf 4490.9466736739 366.460359228419 -Inf 3772.69756782459 3888.1730226631 4021.30882659469 4243.77291752116 4490.9466736739 4738.12042982665 4960.58452075312 5093.72032468471 5209.19577952322 Inf
"41" 58.2828282828283 4262.82708204752 333.771093783884 -Inf 3608.64775915056 3713.82248786553 3835.08221427525 4037.70190037855 4262.82708204752 4487.95226371648 4690.57194981979 4811.8316762295 4917.00640494447 Inf 4455.81506753393 366.409250670324 -Inf 3737.66613261778 3853.12548262027 3986.24271870735 4208.67578357977 4455.81506753393 4702.95435148809 4925.3874163605 5058.50465244758 5173.96400245007 Inf
"42" 58.989898989899 4219.62297198907 333.684103759529 -Inf 3565.61414640687 3670.76146366416 3791.9895864187 3994.5564641999 4219.62297198907 4444.68947977824 4647.25635755944 4768.48448031398 4873.63179757127 Inf 4417.67767035314 366.315216805674 -Inf 3699.71303842504 3815.14275738281 3948.22583077302 4170.60181127686 4417.67767035314 4664.75352942942 4887.12950993326 5020.21258332347 5135.64230228124 Inf
"43" 59.6969696969697 4195.18912021907 333.636476363885 -Inf 3541.27364261701 3646.40595198863 3767.61677161215 3970.1547366201 4195.18912021907 4420.22350381805 4622.76146882599 4743.97228844952 4849.10459782114 Inf 4393.15128717383 366.262545733225 -Inf 3675.28988865076 3790.70301040806 3923.76694828907 4146.11095419605 4393.15128717383 4640.19162015162 4862.5356260586 4995.59956393961 5111.01268569691 Inf
"44" 60.4040404040404 4198.37000808189 333.585050943103 -Inf 3544.55532245245 3649.67142714133 3770.86356380348 3973.37031040213 4198.37000808189 4423.36970576165 4625.8764523603 4747.06858902244 4852.18469371133 Inf 4381.16926412402 366.206876309917 -Inf 3663.41697566567 3778.81255541109 3911.85626847585 4134.16647960166 4381.16926412402 4628.17204864639 4850.4822597722 4983.52597283696 5098.92155258237 Inf
"45" 61.1111111111111 4204.54273557619 333.554926441465 -Inf 3550.78709288501 3655.89370503141 3777.07489740001 3979.56335656401 4204.54273557619 4429.52211458836 4632.01057375236 4753.19176612096 4858.29837826736 Inf 4374.1045738158 366.17384861009 -Inf 3656.4170184596 3771.80219083471 3904.83390486804 4127.12406613844 4374.1045738158 4621.08508149315 4843.37524276355 4976.40695679688 5091.792129172 Inf
"46" 61.8181818181818 4193.03290308409 333.505370672861 -Inf 3539.3743879146 3644.46538452504 3765.62857318075 3968.0869489299 4193.03290308409 4417.97885723828 4620.43723298743 4741.60042164314 4846.69141825358 Inf 4367.67202983024 366.119383929175 -Inf 3650.09122328706 3765.45923327709 3898.47116017958 4120.7282580219 4367.67202983024 4614.61580163857 4836.8728994809 4969.88482638338 5085.25283637341 Inf
"47" 62.5252525252525 4168.07708496202 333.42004343536 -Inf 3514.58580810494 3619.64991721905 3740.78210631349 3943.18868315494 4168.07708496202 4392.9654867691 4595.37206361056 4716.50425270499 4821.56836181911 Inf 4355.57801182113 366.027081679563 -Inf 3638.17811436289 3753.51703895804 3886.49543226297 4108.69649693408 4355.57801182113 4602.45952670818 4824.6605913793 4957.63898468422 5072.97790927938 Inf
"48" 63.2323232323232 4143.6610138038 333.393717193521 -Inf 3490.22133543257 3595.27714887521 3716.39977359171 3918.790368777 4143.6610138038 4368.5316588306 4570.92225401589 4692.0448787324 4797.10069217504 Inf 4329.42026281085 365.997657054876 -Inf 3612.07803655725 3727.40768914839 3860.37539242651 4082.55859453155 4329.42026281085 4576.28193109014 4798.46513319518 4931.4328364733 5046.76248906445 Inf
"49" 63.9393939393939 4127.41195852558 333.370512396737 -Inf 3474.01776072031 3579.06626209113 3700.18045645713 3902.55696489636 4127.41195852558 4352.26695215479 4554.64346059402 4675.75765496002 4780.80615633085 Inf 4294.08021423186 365.972772991743 -Inf 3576.78675984579 3692.1085712109 3825.06723405759 4047.23532999809 4294.08021423186 4540.92509846563 4763.09319440613 4896.05185725282 5011.37366861793 Inf
"50" 64.6464646464646 4121.84705795817 333.369284540735 -Inf 3468.45526670644 3573.50338116712 3694.6171294505 3896.99289250524 4121.84705795817 4346.70122341109 4549.07698646583 4670.19073474921 4775.23884920989 Inf 4271.20796622054 365.97116041586 -Inf 3553.91767242512 3669.23897565087 3802.19705264542 4024.36416965267 4271.20796622054 4518.0517627884 4740.21887979566 4873.1769567902 4988.49826001595 Inf
"51" 65.3535353535354 4124.74638110726 333.318082911687 -Inf 3471.45494320442 3576.48692350146 3697.58207012746 3899.92675062832 4124.74638110726 4349.5660115862 4551.91069208705 4673.00583871306 4778.0378190101 Inf 4274.33852888026 365.914872719269 -Inf 3557.15855694294 3672.46212333249 3805.39975089083 4027.53269778681 4274.33852888026 4521.14435997371 4743.2773068697 4876.21493442804 4991.51850081759 Inf
"52" 66.0606060606061 4124.38777161658 333.203834601414 -Inf 3471.32025628716 3576.3162357583 3697.36987573767 3899.64520045189 4124.38777161658 4349.13034278126 4551.40566749548 4672.45930747485 4777.45528694599 Inf 4288.28275368441 365.791170149548 -Inf 3571.34523432853 3686.6098207571 3819.50250691687 4041.56035870631 4288.28275368441 4535.00514866251 4757.06300045196 4889.95568661172 5005.22027304029 Inf
"53" 66.7676767676768 4108.04399942574 333.205241605631 -Inf 3454.97372641873 3559.97014925147 3681.02430039837 3883.30047925113 4108.04399942574 4332.78751960035 4535.0636984531 4656.1178496 4761.11427243274 Inf 4285.45580130741 365.792124273777 -Inf 3568.5164119024 3683.7812989854 3816.67433178046 4038.73276278229 4285.45580130741 4532.17883983252 4754.23727083435 4887.13030362941 5002.39519071241 Inf
"54" 67.4747474747475 4078.8895750419 333.24356186718 -Inf 3425.74419570238 3530.75269364644 3651.82076662335 3854.12020824365 4078.8895750419 4303.65894184014 4505.95838346044 4627.02645643736 4732.03495438142 Inf 4256.75192180921 365.833971518854 -Inf 3539.730513311 3655.00858689436 3787.91682287982 4010.00065774622 4256.75192180921 4503.5031858722 4725.58702073859 4858.49525672406 4973.77333030741 Inf
"55" 68.1818181818182 4053.2989635459 333.251521838331 -Inf 3400.13798294961 3505.14898916302 3626.21995401386 3828.5242278287 4053.2989635459 4278.0736992631 4480.37797307793 4601.44893792877 4706.45994414219 Inf 4215.64631334894 365.842793551832 -Inf 3498.60761398383 3613.88846748115 3746.79990852938 3968.88909891513 4215.64631334894 4462.40352778275 4684.4927181685 4817.40415921673 4932.68501271406 Inf
"56" 68.8888888888889 4039.36197630466 333.270303388812 -Inf 3386.16418454585 3491.18110902036 3612.25889724721 3814.57457262417 4039.36197630466 4264.14937998516 4466.46505536212 4587.54284358897 4692.55976806347 Inf 4179.01510633624 365.863180967747 -Inf 3461.9364483702 3577.22372615344 3710.1425739919 3932.24414079936 4179.01510633624 4425.78607187312 4647.88763868058 4780.80648651904 4896.09376430228 Inf
"57" 69.5959595959596 4029.04030859296 333.315956505174 -Inf 3375.7530383703 3480.78434861463 3601.87872271276 3804.22211235342 4029.04030859296 4253.85850483251 4456.20189447317 4577.2962685713 4682.32757881562 Inf 4156.24181944859 365.913233445572 -Inf 3439.06506042867 3554.3681102661 3687.30514227293 3909.43709402844 4156.24181944859 4403.04654486873 4625.17849662424 4758.11552863107 4873.4185784685 Inf
"58" 70.3030303030303 4012.69114440403 333.399938169354 -Inf 3359.23927314421 3464.29704688077 3585.42193169062 3787.81630339279 4012.69114440403 4237.56598541526 4439.96035711744 4561.08524192729 4666.14301566384 Inf 4149.773999774 366.00436057752 -Inf 3432.41863485745 3547.75039979801 3680.72053847973 3902.90781003739 4149.773999774 4396.64018951061 4618.82746106827 4751.79759974999 4867.12936469055 Inf
"59" 71.010101010101 3989.04603342225 333.379633247233 -Inf 3335.6339590785 3440.68533452379 3561.80284251358 3764.18488787286 3989.04603342225 4213.90717897164 4416.28922433093 4537.40673232072 4642.458107766 Inf 4150.45027568289 365.981989891865 -Inf 3433.13875650453 3548.46347221034 3681.42548357584 3903.59917474446 4150.45027568289 4397.30137662132 4619.47506778994 4752.43707915544 4867.76179486124 Inf
"60" 71.7171717171717 3958.56338485257 333.24978250238 -Inf 3305.4058132921 3410.41627142275 3531.48660436925 3733.78982229965 3958.56338485257 4183.3369474055 4385.6401653359 4506.7104982824 4611.72095641305 Inf 4136.96097112153 365.841218876532 -Inf 3419.92535806329 3535.20571536412 3668.11658432956 3890.20481879007 4136.96097112153 4383.71712345299 4605.80535791349 4738.71622687894 4853.99658417977 Inf
"61" 72.4242424242424 3920.68667327063 333.239533611801 -Inf 3267.54918916658 3372.55641776565 3493.62302726908 3695.92002348935 3920.68667327063 4145.45332305192 4347.75031927219 4468.81692877562 4573.82415737469 Inf 4098.26501881232 365.829850891993 -Inf 3381.25168659436 3496.52846172551 3629.43520067874 3851.51653406991 4098.26501881232 4345.01350355473 4567.0948369459 4700.00157589913 4815.27835103029 Inf
"62" 73.1313131313131 3883.98184791834 333.398935165304 -Inf 3230.53194251034 3335.58940018993 3456.71392060634 3659.10768342306 3883.98184791834 4108.85601241363 4311.24977523034 4432.37429564675 4537.43175332634 Inf 4055.50017937094 366.00373286404 -Inf 3338.1460447502 3453.47761189175 3586.44752252386 3808.63441302064 4055.50017937094 4302.36594572124 4524.55283621802 4657.52274685014 4772.85431399168 Inf
"63" 73.8383838383838 3866.34881894713 333.584524128736 -Inf 3212.53516585488 3317.6511045391 3438.8430498085 3641.34947659826 3866.34881894713 4091.348161296 4293.85458808577 4415.04653335517 4520.16247203939 Inf 4041.47644523812 366.205406555472 -Inf 3323.72703744555 3439.12215405612 3572.16533315606 3794.47465205007 4041.47644523812 4288.47823842618 4510.78755732019 4643.83073642013 4759.2258530307 Inf
"64" 74.5454545454545 3873.60879771905 333.645981776877 -Inf 3219.67468984986 3324.80999447557 3446.02426743522 3648.56800281643 3873.60879771905 4098.64959262166 4301.19332800287 4422.40760096253 4527.54290558823 Inf 4054.68392747596 366.273222039918 -Inf 3336.80160377628 3452.2180897484 3585.28590635364 3807.63639343875 4054.68392747596 4301.73146151318 4524.08194859829 4657.14976520353 4772.56625117565 Inf
"65" 75.2525252525253 3884.62505480743 333.799818462851 -Inf 3230.38943257423 3335.57321273306 3456.84337487786 3659.48049863692 3884.62505480743 4109.76961097793 4312.406734737 4433.67689688179 4538.86067704062 Inf 4055.46149546789 366.441598094836 -Inf 3337.24916076471 3452.71870377571 3585.84769174879 3808.30039350745 4055.46149546789 4302.62259742833 4525.07529918699 4658.20428716008 4773.67383017107 Inf
"66" 75.959595959596 3870.67454305598 334.100976772628 -Inf 3215.84866138197 3321.12733964349 3442.50691322303 3645.32685869234 3870.67454305598 4096.02222741961 4298.84217288892 4420.22174646846 4525.50042472998 Inf 4019.36353479124 366.767727397039 -Inf 3300.51199840144 3416.08430813348 3549.33177955433 3771.98246195923 4019.36353479124 4266.74460762326 4489.39529002816 4622.64276144901 4738.21507118105 Inf
"67" 76.6666666666667 3829.65119047552 334.328693673568 -Inf 3174.378991877 3279.7294260926 3401.19172969167 3604.14991339625 3829.65119047552 4055.15246755478 4258.11065125936 4379.57295485843 4484.92338907403 Inf 3974.31503112657 367.019322959787 -Inf 3254.97037649511 3370.62196659489 3503.96084320233 3726.76425966628 3974.31503112657 4221.86580258685 4444.6692190508 4578.00809565824 4693.65968575802 Inf
"68" 77.3737373737374 3791.53549729713 334.692865009527 -Inf 3135.54953599593 3241.01472437143 3362.60933216756 3565.78859038444 3791.53549729713 4017.28240420982 4220.4616624267 4342.05627022283 4447.52145859833 Inf 3964.0051351895 367.412776008467 -Inf 3243.88932675302 3359.66489798366 3493.14671689476 3716.1889836807 3964.0051351895 4211.8212866983 4434.86355348424 4568.34537239533 4684.12094362598 Inf
"69" 78.0808080808081 3787.68579188578 335.081819285595 -Inf 3130.93749421186 3236.52524610837 3358.26116179479 3561.67653930059 3787.68579188578 4013.69504447097 4217.11042197677 4338.84633766319 4444.4340895597 Inf 3986.58383937508 367.839991825103 -Inf 3265.63070332437 3381.54089468376 3515.17792198171 3738.47953517684 3986.58383937508 4234.68814357332 4457.98975676845 4591.6267840664 4707.53697542579 Inf
"70" 78.7878787878788 3821.23549580692 335.827849338325 -Inf 3163.02500609826 3268.84783979147 3390.85478973391 3594.72305359783 3821.23549580692 4047.74793801602 4251.61620187993 4373.62315182238 4479.44598551558 Inf 3995.93381051659 368.65175052147 -Inf 3273.38965665686 3389.55564158934 3523.48758249504 3747.28198339801 3995.93381051659 4244.58563763516 4468.38003853814 4602.31197944384 4718.47796437631 Inf
"71" 79.4949494949495 3867.4870624048 337.624196934496 -Inf 3205.75579610393 3312.14467753051 3434.80424425765 3639.7630021543 3867.4870624048 4095.2111226553 4300.16988055194 4422.82944727908 4529.21832870567 Inf 3961.76614376821 370.610261075395 -Inf 3235.38337975945 3352.16651165292 3486.80998348015 3711.79332135537 3961.76614376821 4211.73896618106 4436.72230405628 4571.36577588351 4688.14890777698 Inf
"72" 80.2020202020202 3889.94521589262 341.890370942119 -Inf 3219.85240218503 3327.58559922869 3451.79507576712 3659.34366500143 3889.94521589262 4120.54676678382 4328.09535601812 4452.30483255655 4560.03802960021 Inf 3898.76689588031 375.25003589448 -Inf 3163.29034032977 3281.53551332561 3417.86462490908 3645.66459290878 3898.76689588031 4151.86919885185 4379.66916685155 4515.99827843502 4634.24345143086 Inf
"73" 80.9090909090909 3845.04213938473 349.410338597271 -Inf 3160.21045990813 3270.31327664866 3397.25477293793 3609.36844738833 3845.04213938473 4080.71583138113 4292.82950583153 4419.77100212079 4529.87381886133 Inf 3820.30337226132 383.368521081962 -Inf 3068.91487813429 3189.71826990063 3328.99684388821 3561.72523424371 3820.30337226132 4078.88151027893 4311.60990063443 4450.88847462201 4571.69186638835 Inf
"74" 81.6161616161616 3679.61183373165 374.205708393835 -Inf 2946.18212247044 3064.09821705411 3200.0479223038 3427.21391895514 3679.61183373165 3932.00974850816 4159.1757451595 4295.12545040919 4413.04154499287 Inf 3681.21438403879 410.532304168533 -Inf 2876.58585337822 3005.94883454643 3155.09606692497 3404.31455275273 3681.21438403879 3958.11421532484 4207.3327011526 4356.47993353114 4485.84291469935 Inf
"75" 82.3232323232323 3346.13109236819 508.798831096193 -Inf 2348.90370804358 2509.23148965095 2694.0791538296 3002.95149588206 3346.13109236819 3689.31068885432 3998.18303090678 4183.03069508544 4343.35847669281 Inf 3392.9312400473 552.700149238274 -Inf 2309.65885329037 2483.82039495611 2684.61749851426 3020.14065445424 3392.9312400473 3765.72182564036 4101.24498158035 4302.0420851385 4476.20362680423 Inf
"76" 83.030303030303 2837.35734327859 829.452929465101 -Inf 1211.65947465575 1473.02868386239 1774.37064297703 2277.89984408426 2837.35734327859 3396.81484247291 3900.34404358014 4201.68600269478 4463.05521190143 Inf 2902.8975757697 886.622246520085 -Inf 1165.14990469834 1444.53375784527 1766.64544769521 2304.87995819608 2902.8975757697 3500.91519334332 4039.14970384418 4361.26139369412 4640.64524684106 Inf
"77" 83.7373737373737 2208.67081145253 1258.76293597291 -Inf -258.459208128275 138.190030745402 595.501200206926 1359.64811321207 2208.67081145253 3057.69350969298 3821.84042269813 4279.15159215965 4675.80083103333 Inf 2254.03289299633 1330.97684116446 -Inf -354.633779942907 64.7708084185465 548.317438498403 1356.30265588254 2254.03289299633 3151.76313011012 3959.74834749425 4443.29497757411 4862.69956593556 Inf
"78" 84.4444444444444 1561.1216921262 1674.43725556258 -Inf -1720.71502314854 -1193.08250078858 -584.755994146228 431.730925902783 1561.1216921262 2690.51245834961 3706.99937839862 4315.32588504097 4842.95840740094 Inf 1566.78693379387 1758.76388873649 -Inf -1880.32694543926 -1326.12222754562 -687.159681239691 380.518717826103 1566.78693379387 2753.05514976163 3820.73354882743 4459.69609513336 5013.900813027 Inf
"79" 85.1515151515152 995.20185088655 1990.50042778545 -Inf -2906.1072987845 -2278.8799972048 -1555.72708855909 -347.370285415652 995.20185088655 2337.77398718875 3546.13079033219 4269.2836989779 4896.5110005576 Inf 967.788779729598 2082.18763348767 -Inf -3113.22399096092 -2457.1051012061 -1700.64204172413 -436.62543704287 967.788779729598 2372.20299650207 3636.21960118333 4392.68266066529 5048.80155042011 Inf
"80" 85.8585858585859 570.137494741925 2182.82988495216 -Inf -3708.13046414201 -3020.29815853969 -2227.27156163605 -902.158889079996 570.137494741925 2042.43387856385 3367.5465511199 4160.57314802354 4848.40545362586 Inf 529.147576823222 2277.90984257334 -Inf -3935.47367464983 -3217.680689602 -2390.1113480961 -1007.27926386327 529.147576823222 2065.57441750971 3448.40650174254 4275.97584324844 4993.76882829627 Inf
"81" 86.5656565656566 293.047602741026 2276.40328886316 -Inf -4168.6208577193 -3451.30260334981 -2624.28059591244 -1242.36308290983 293.047602741026 1828.45828839188 3210.37580139449 4037.39780883186 4754.71606320135 Inf 255.440856979307 2372.62935852733 -Inf -4394.82723439663 -3647.18714880591 -2785.20601189847 -1344.87332636168 255.440856979307 1855.75504032029 3296.08772585709 4158.06886276452 4905.70894835524 Inf
"82" 87.2727272727273 135.083166126419 2312.56469206629 -Inf -4397.46034224248 -3668.74725517874 -2828.58773541431 -1424.71801533765 135.083166126419 1694.88434759049 3098.75406766715 3938.91358743158 4667.62667449531 Inf 108.582304750121 2409.05110454412 -Inf -4613.07109707278 -3853.95414207072 -2978.74090975534 -1516.29797296343 108.582304750121 1733.46258246368 3195.90551925558 4071.11875157096 4830.23570657302 Inf
"83" 87.979797979798 55.8560627508735 2323.608540044 -Inf -4498.33298990506 -3766.13987195591 -2921.96809945532 -1511.39408097689 55.8560627508735 1623.10620647863 3033.68022495706 3877.85199745766 4610.04511540681 Inf 40.4778287616034 2420.12387167645 -Inf -4702.87779784988 -3940.27169923725 -3061.03570779722 -1591.87091688902 40.4778287616034 1672.82657441223 3141.99136532042 4021.22735676046 4783.83345537309 Inf
"84" 88.6868686868687 20.7297263485756 2326.27223096997 -Inf -4538.68006458821 -3805.64759003887 -2960.50809313392 -1548.31704960644 20.7297263485756 1589.77650230359 3001.96754583107 3847.10704273602 4580.13951728536 Inf 13.139816696544 2422.78380691808 -Inf -4735.42918718975 -3971.98491543196 -3091.78256403544 -1621.00302801075 13.139816696544 1647.28266140383 3118.06219742852 3998.26454882505 4761.70882058283 Inf
"85" 89.3939393939394 6.91010863689412 2326.78114066493 -Inf -4553.49712697339 -3820.3042897081 -2974.9799048619 -1562.47992169115 6.91010863689412 1576.30013896494 2988.80012213569 3834.12450698188 4567.31734424718 Inf 3.66573945411224 2423.2902310078 -Inf -4745.89583740892 -3982.29198617514 -3101.90564986287 -1630.81868311094 3.66573945411224 1638.15016201917 3109.23712877109 3989.62346508336 4753.22731631714 Inf
"86" 90.1010101010101 2.07052465202042 2326.85850876134 -Inf -4558.48834964078 -3825.27113288696 -2979.91864005185 -1567.37168966404 2.07052465202042 1571.51273896808 2984.05968935589 3829.412182191 4562.62939894482 Inf 0.855643824076712 2423.36699091817 -Inf -4748.85637969875 -3985.22834062216 -3104.81411727622 -1633.68055251375 0.855643824076712 1635.39184016191 3106.52540492437 3986.93962827031 4750.5676673469 Inf
"87" 90.8080808080808 0.558107405570267 2326.86791039964 -Inf -4560.0191937597 -3826.79901445227 -2981.44310598258 -1568.89044821916 0.558107405570267 1570.0066630303 2982.55932079372 3827.91522926341 4561.13540857084 Inf 0.156518048589881 2423.37629463992 -Inf -4749.57374043378 -3985.9427696581 -3105.52516625087 -1634.3859535542 0.156518048589881 1634.69898965138 3105.83820234805 3986.25580575528 4749.88677653096 Inf
"88" 91.5151515151515 0.135434370119928 2326.86882715184 -Inf -4560.44366359645 -3827.22319541091 -2981.86695388325 -1569.31373959458 0.135434370119928 1569.58460833482 2982.13782262349 3827.49406415115 4560.71453233669 Inf 0.0176091928823236 2423.37719982718 -Inf -4749.71442342391 -3986.08316741435 -3105.66523515073 -1634.52547294943 0.0176091928823236 1634.5606913352 3105.70045353649 3986.11838580012 4749.74964180968 Inf
"89" 92.2222222222222 0.0296101655041963 2326.86889911334 -Inf -4560.54962884301 -3827.32913798166 -2981.97287031024 -1569.41961233649 0.0296101655041963 1569.4788326675 2982.03209064125 3827.38835831267 4560.60884917402 Inf -0.00119577287822201 2423.37727074383 -Inf -4749.73336738375 -3986.10208902762 -3105.68413099983 -1634.54432574774 -0.00119577287822201 1634.54193420199 3105.68173945407 3986.09969748186 4749.73097583799 Inf
"90" 92.9292929292929 0.00583689521303065 2326.86890367258 -Inf -4560.57341104924 -3827.35291875123 -2981.99664942343 -1569.44338868194 0.00583689521303065 1569.45506247236 2982.00832321386 3827.36459254165 4560.58508483967 Inf -0.00136217312225574 2423.37727522931 -Inf -4749.73354257539 -3986.10226280584 -3105.68430314846 -1634.5444951734 -0.00136217312225574 1634.54177082716 3105.68157880221 3986.09953845959 4749.73081822914 Inf
"91" 93.6363636363636 0.00103822274860434 2326.86890390623 -Inf -4560.57821017966 -3827.35771780802 -2982.00144839533 -1569.448187512 0.00103822274860434 1569.45026395749 2982.00352484083 3827.35979425351 4560.58028662516 Inf -0.000468961366435222 2423.37727545885 -Inf -4749.73264981351 -3986.10136997163 -3105.68341023087 -1634.54360211647 -0.000468961366435222 1634.54266419373 3105.68247230813 3986.1004320489 4749.73171189078 Inf
"92" 94.3434343434343 0.000166773194704333 2326.86890391594 -Inf -4560.57908164823 -3827.35858927353 -2982.00231985732 -1569.4490589681 0.000166773194704333 1569.44939251449 2982.00265340371 3827.35892281992 4560.57941519462 Inf -0.000116422711802018 2423.37727546837 -Inf -4749.73229729352 -3986.10101744864 -3105.68305770441 -1634.54324958423 -0.000116422711802018 1634.54301673881 3105.68282485899 3986.10078460321 4749.7320644481 Inf
"93" 95.0505050505051 2.42148199647871e-05 2326.86890391626 -Inf -4560.57922420725 -3827.35873183244 -2982.00246241612 -1569.44920152669 2.42148199647871e-05 1569.44924995633 2982.00251084576 3827.35878026208 4560.57927263689 Inf -2.36103746535587e-05 2423.37727546869 -Inf -4749.73220448181 -3986.10092463683 -3105.68296489248 -1634.54315677211 -2.36103746535587e-05 1634.54310955136 3105.68291767174 3986.10087741608 4749.73215726106 Inf
"94" 95.7575757575758 3.18120824189399e-06 2326.86890391627 -Inf -4560.57924524088 -3827.35875286607 -2982.00248344974 -1569.44922256031 3.18120824189399e-06 1569.44922892273 2982.00248981216 3827.35875922848 4560.57925160329 Inf -4.08603319267932e-06 2423.3772754687 -Inf -4749.73218495749 -3986.1009051125 -3105.68294536815 -1634.54313724778 -4.08603319267932e-06 1634.54312907571 3105.68293719609 3986.10089694043 4749.73217678542 Inf
"95" 96.4646464646465 3.78573216441378e-07 2326.86890391627 -Inf -4560.57924804351 -3827.35875566871 -2982.00248625238 -1569.44922536294 3.78573216441378e-07 1569.44922612009 2982.00248700952 3827.35875642585 4560.57924880066 Inf -6.15969710147791e-07 2423.3772754687 -Inf -4749.73218148742 -3986.10090164244 -3105.68294189809 -1634.54313377771 -6.15969710147791e-07 1634.54313254577 3105.68294066615 3986.1009004105 4749.73218025548 Inf
"96" 97.1717171717172 4.08608179940318e-08 2326.86890391627 -Inf -4560.57924838122 -3827.35875600642 -2982.00248659009 -1569.44922570066 4.08608179940318e-08 1569.44922578238 2982.00248667181 3827.35875608814 4560.57924846295 Inf -8.18101514808742e-08 2423.3772754687 -Inf -4749.73218095326 -3986.10090110828 -3105.68294136393 -1634.54313324355 -8.18101514808742e-08 1634.54313307993 3105.68294120031 3986.10090094466 4749.73218078964 Inf
"97" 97.8787878787879 4.00570168648634e-09 2326.86890391627 -Inf -4560.57924841808 -3827.35875604327 -2982.00248662694 -1569.44922573751 4.00570168648634e-09 1569.44922574552 2982.00248663495 3827.35875605128 4560.57924842609 Inf -9.63977314799725e-09 2423.3772754687 -Inf -4749.73218088109 -3986.10090103611 -3105.68294129176 -1634.54313317138 -9.63977314799725e-09 1634.5431331521 3105.68294127248 3986.10090101683 4749.73218086181 Inf
"98" 98.5858585858586 3.5721902437899e-10 2326.86890391627 -Inf -4560.57924842173 -3827.35875604692 -2982.00248663059 -1569.44922574116 3.5721902437899e-10 1569.44922574187 2982.00248663131 3827.35875604763 4560.57924842244 Inf -1.012342411028e-09 2423.3772754687 -Inf -4749.73218087246 -3986.10090102748 -3105.68294128313 -1634.54313316276 -1.012342411028e-09 1634.54313316073 3105.68294128111 3986.10090102545 4749.73218087044 Inf
"99" 99.2929292929293 2.9025596721888e-11 2326.86890391627 -Inf -4560.57924842206 -3827.35875604725 -2982.00248663092 -1569.44922574149 2.9025596721888e-11 1569.44922574155 2982.00248663098 3827.35875604731 4560.57924842211 Inf -9.50539785931836e-11 2423.3772754687 -Inf -4749.73218087155 -3986.10090102656 -3105.68294128222 -1634.54313316184 -9.50539785931836e-11 1634.54313316165 3105.68294128203 3986.10090102637 4749.73218087136 Inf
"100" 100 2.15242660660215e-12 2326.86890391627 -Inf -4560.57924842208 -3827.35875604728 -2982.00248663095 -1569.44922574152 2.15242660660215e-12 1569.44922574152 2982.00248663095 3827.35875604728 4560.57924842209 Inf -7.99824212469715e-12 2423.3772754687 -Inf -4749.73218087146 -3986.10090102648 -3105.68294128213 -1634.54313316175 -7.99824212469715e-12 1634.54313316174 3105.68294128211 3986.10090102646 4749.73218087144 Inf
