"mid_age" "mean_left" "std_left" "min_left" "l.q2.5" "l.q5" "l.q10" "l.q25" "l.q50" "l.q75" "l.q90" "l.q95" "l.q97.5" "max_left" "mean_right" "std_right" "min_right" "r.q2.5" "r.q5" "r.q10" "r.q25" "r.q50" "r.q75" "r.q90" "r.q95" "r.q97.5" "max_right"
"1" 30 3.2369467845358e-08 2337.62557903818 -Inf -4581.66194422206 -3845.05191210312 -2995.78772044112 -1576.70449282506 3.2369467845358e-08 1576.7044928898 2995.78772050585 3845.05191216786 4581.66194428679 Inf 3.76010581628271e-08 2418.67584660155 -Inf -4740.51754957836 -3978.36773866488 -3099.65781771953 -1631.37206754197 3.76010581628271e-08 1631.37206761718 3099.65781779473 3978.36773874008 4740.51754965356 Inf
"2" 30.7070707070707 2.99918455519388e-07 2337.62557903818 -Inf -4581.66194395451 -3845.05191183557 -2995.78772017357 -1576.70449255752 2.99918455519388e-07 1576.70449315735 2995.7877207734 3845.05191243541 4581.66194455434 Inf 3.48916876500179e-07 2418.67584660155 -Inf -4740.51754926704 -3978.36773835356 -3099.65781740821 -1631.37206723066 3.48916876500179e-07 1631.37206792849 3099.65781810604 3978.36773905139 4740.51754996487 Inf
"3" 31.4141414141414 2.51319261015126e-06 2337.62557903818 -Inf -4581.66194174123 -3845.0519096223 -2995.78771796029 -1576.70449034424 2.51319261015126e-06 1576.70449537063 2995.78772298668 3845.05191464868 4581.66194676762 Inf 2.92816816063761e-06 2418.67584660155 -Inf -4740.51754668779 -3978.36773577431 -3099.65781482896 -1631.37206465141 2.92816816063761e-06 1631.37207050774 3099.6578206853 3978.36774163065 4740.51755254413 Inf
"4" 32.1212121212121 1.90445446811465e-05 2337.62557903818 -Inf -4581.66192520988 -3845.05189309094 -2995.78770142894 -1576.70447381289 1.90445446811465e-05 1576.70451190198 2995.78773951803 3845.05193118003 4581.66196329897 Inf 2.22214392324935e-05 2418.67584660155 -Inf -4740.51752739452 -3978.36771648104 -3099.65779553569 -1631.37204535814 2.22214392324935e-05 1631.37208980101 3099.65783997857 3978.36776092392 4740.5175718374 Inf
"5" 32.8282828282828 0.000130496819566453 2337.62557903818 -Inf -4581.66181375759 -3845.05178163866 -2995.78758997666 -1576.70436236061 0.000130496819566453 1576.70462335425 2995.7878509703 3845.0520426323 4581.66207475123 Inf 0.000152472095695846 2418.67584660154 -Inf -4740.51739714385 -3978.36758623038 -3099.65766528502 -1631.37191510748 0.000152472095695846 1631.37222005167 3099.65797022922 3978.36789117456 4740.51770208804 Inf
"6" 33.5353535353535 0.000808481554104444 2337.62557903798 -Inf -4581.66113577247 -3845.0511036536 -2995.78691199167 -1576.70368437574 0.000808481554104444 1576.70530133885 2995.78852895478 3845.0527206167 4581.66275273558 Inf 0.000945754529089951 2418.67584660135 -Inf -4740.51660386104 -3978.36679294763 -3099.65687200234 -1631.37112182491 0.000945754529089951 1631.37301333397 3099.6587635114 3978.36868445668 4740.5184953701 Inf
"7" 34.2424242424242 0.00452825030007876 2337.62557903197 -Inf -4581.65741599196 -3845.04738387498 -2995.78319221523 -1576.69996460295 0.00452825030007876 1576.70902110355 2995.79224871583 3845.05644037558 4581.66647249256 Inf 0.005302125191065 2418.67584659553 -Inf -4740.51224747898 -3978.3624365674 -3099.65251562423 -1631.36676545033 0.005302125191065 1631.37736970071 3099.66311987461 3978.37304081778 4740.52285172936 Inf
"8" 34.9494949494949 0.02292564968601 2337.62557888458 -Inf -4581.63901830368 -3845.02898623314 -2995.76479462695 -1576.68156710414 0.02292564968601 1576.72741840351 2995.81064592632 3845.07483753251 4581.68486960305 Inf 0.0268597423809672 2418.67584645256 -Inf -4740.49068958156 -3978.34087871503 -3099.63095782381 -1631.3452077367 0.0268597423809672 1631.39892722146 3099.68467730857 3978.39459819979 4740.54440906633 Inf
"9" 35.6565656565657 0.104899755049211 2337.62557594863 -Inf -4581.55703844397 -3844.94700729859 -2995.68281675902 -1576.59959101852 0.104899755049211 1576.80939052861 2995.89261626912 3845.15680680868 4581.76683795407 Inf 0.122916797098665 2418.67584360033 -Inf -4740.39462693658 -3978.24481696881 -3099.53489711381 -1631.24914875818 0.122916797098665 1631.49498235238 3099.78073070801 3978.49065056301 4740.64046053077 Inf
"10" 36.3636363636364 0.433718117176247 2337.62552858412 -Inf -4581.22812724911 -3844.61811102877 -2995.35393769683 -1576.27074070951 0.433718117176247 1577.13817694386 2996.22137393118 3845.48554726312 4582.09556348346 Inf 0.507963754749181 2418.67579750552 -Inf -4740.00948963477 -3977.85969419196 -3099.14979108329 -1630.86407071006 0.507963754749181 1631.87999821956 3100.16571859279 3978.87562170145 4741.02541714427 Inf
"11" 37.0707070707071 1.62003956625626 2337.62491093641 -Inf -4580.04059523275 -3843.43077363961 -2994.16682470035 -1575.08400266338 1.62003956625626 1578.32408179589 2997.40690383287 3846.67085277212 4583.28067436527 Inf 1.89493924772704 2418.67519520417 -Inf -4738.62133365283 -3976.47172800141 -3097.76204371007 -1629.47668897099 1.89493924772704 1633.26656746645 3101.55192220552 3980.26160649686 4742.41121214828 Inf
"12" 37.7777777777778 5.46534597969066 2337.61841628838 -Inf -4576.18255954309 -3839.57478448081 -2990.31319506057 -1571.23431567642 5.46534597969066 1582.1650076358 3001.24388701995 3850.50547644019 4587.11325150247 Inf 6.3782270237904 2418.66884722576 -Inf -4734.12560406771 -3971.97799873004 -3093.27062067234 -1624.98911954856 6.3782270237904 1637.74557359614 3106.02707471992 3984.73445277762 4746.88205811529 Inf
"13" 38.4848484848485 16.6477766865041 2337.56351189 -Inf -4564.89251819286 -3828.30204407518 -2979.06040153606 -1560.01485251565 16.6477766865041 1593.31040588866 3012.35595490906 3861.59759744818 4598.18807156586 Inf 19.3606152496113 2418.6150386721 -Inf -4721.03775301465 -3958.90710330956 -3080.21927401033 -1611.97043800482 19.3606152496113 1650.69166850404 3118.94050450955 3997.62833380878 4759.75898351387 Inf
"14" 39.1919191919192 45.7719057011031 2337.19169966738 -Inf -4535.03965061291 -3798.56633837766 -2949.45977598547 -1530.6399399679 45.7719057011031 1622.18375137011 3041.00358738768 3890.11014977986 4626.58346201512 Inf 52.9662681428478 2418.24951152424 -Inf -4686.71568007624 -3924.70021176142 -3046.14517922851 -1578.11824079693 52.9662681428478 1684.05077708263 3152.0777155142 4030.63274804712 4792.64821636193 Inf
"15" 39.8989898989899 113.551999387375 2335.18327529901 -Inf -4463.32311749897 -3727.48268058463 -2879.10578290564 -1461.50518463112 113.551999387375 1688.60918340587 3106.20978168039 3954.58667935937 4690.42711627372 Inf 130.518206821489 2416.26787686668 -Inf -4605.27980883827 -3843.88877412901 -2966.05367355214 -1499.22970985314 130.518206821489 1760.26612349611 3227.09008719511 4104.92518777198 4866.31622248124 Inf
"16" 40.6060606060606 254.096499794072 2326.56801535128 -Inf -4305.89301787726 -3572.76733860577 -2727.52038262535 -1315.14977969441 254.096499794072 1823.34277928255 3235.7133822135 4080.96033819391 4814.08601746541 Inf 289.51524687693 2407.73184667136 -Inf -4429.55245702905 -3670.85121384702 -2796.11727063634 -1334.47520492359 289.51524687693 1913.50569867745 3375.1477643902 4249.88170760088 5008.58295078291 Inf
"17" 41.3131313131313 512.746463767719 2297.317994469 -Inf -3989.91406642732 -3266.00537169551 -2431.38500859782 -1036.77097644264 512.746463767719 2062.26390397808 3456.87793613325 4291.49829923094 5015.40699396275 Inf 577.816852812013 2378.61235527579 -Inf -4084.17769671053 -3334.65230687496 -2470.49753491541 -1026.53280051127 577.816852812013 2182.1665061353 3626.13124053944 4490.28601249898 5239.81140233456 Inf
"18" 42.020202020202 933.025748617387 2218.72284913607 -Inf -3415.59112736541 -2716.44857698418 -1910.38199220252 -563.48007165074 933.025748617387 2429.53156888551 3776.4334894373 4582.50007421896 5281.64262460018 Inf 1037.42460573274 2299.95484242441 -Inf -3470.40405148759 -2745.66445865365 -1910.08612325814 -513.871361396368 1037.42460573274 2588.72057286184 3984.93533472362 4820.51367011912 5545.25326295307 Inf
"19" 42.7272727272727 1531.64086681781 2050.86468108699 -Inf -2487.98004527792 -1841.73134225481 -1096.64797594936 148.353660385477 1531.64086681781 2914.92807325014 4159.92970958497 4905.01307589042 5551.26177891354 Inf 1676.46247451645 2131.01359836647 -Inf -2500.24742884694 -1828.74297183955 -1054.54133866694 239.115644889794 1676.46247451645 3113.8093041431 4407.46628769983 5181.66792087245 5853.17237787984 Inf
"20" 43.4343434343434 2271.19458411001 1764.02685508147 -Inf -1186.23451961113 -630.371386510546 10.5032063176322 1081.37655128693 2271.19458411001 3461.01261693308 4531.88596190238 5172.76055473055 5728.62368783114 Inf 2442.77114395468 1840.60749413152 -Inf -1164.75325421762 -584.758768561615 83.9377282973041 1201.30025502888 2442.77114395468 3684.24203288049 4801.60455961206 5470.30105647098 6050.29554212699 Inf
"21" 44.1414141414141 3050.81965480813 1370.68108223337 -Inf 364.334099340343 796.249905302803 1294.22116800959 2126.30931405405 3050.81965480813 3975.32999556221 4807.41814160667 5305.38940431345 5737.30521027592 Inf 3222.39539911773 1439.87114645835 -Inf 400.299809680975 854.018121522945 1377.12627719154 2251.2170692285 3222.39539911773 4193.57372900697 5067.66452104393 5590.77267671252 6044.49098855449 Inf
"22" 44.8484848484848 3732.49401717937 942.781636733404 -Inf 1884.67596389617 2181.75622257518 2524.27073465697 3096.5974665296 3732.49401717937 4368.39056782913 4940.71729970176 5283.23181178355 5580.31207046256 Inf 3877.94656600599 1001.00549534041 -Inf 1916.01184681211 2231.43904639696 2595.10640633374 3202.77861950893 3877.94656600599 4553.11451250305 5160.78672567824 5524.45408561501 5839.88128519987 Inf
"23" 45.5555555555556 4198.82474820013 592.806655786683 -Inf 3036.9450530626 3223.74457034843 3439.11245041145 3798.98273502399 4198.82474820013 4598.66676137626 4958.53704598881 5173.90492605183 5360.70444333766 Inf 4312.11615477102 639.236409389288 -Inf 3059.23581476131 3260.66582830761 3492.90173356507 3880.9577486858 4312.11615477102 4743.27456085624 5131.33057597697 5363.56648123443 5564.99649478073 Inf
"24" 46.2626262626263 4409.99404518544 409.730191198993 -Inf 3606.9376270567 3736.04785412025 3884.90367720348 4133.63523087584 4409.99404518544 4686.35285949504 4935.0844131674 5083.94023625062 5213.05046331417 Inf 4513.62919464067 447.227854747476 -Inf 3637.07870645251 3778.00483568556 3940.48363723389 4211.97859061132 4513.62919464067 4815.27979867003 5086.77475204745 5249.25355359578 5390.17968282884 Inf
"25" 46.969696969697 4420.58352539066 358.742460132068 -Inf 3717.46122380651 3830.50468870094 3960.83656398109 4178.61541307145 4420.58352539066 4662.55163770987 4880.33048680023 5010.66236208039 5123.70582697481 Inf 4550.05973049005 392.086481847264 -Inf 3781.5843472444 3905.13485874494 4047.58068584981 4285.60141729363 4550.05973049005 4814.51804368647 5052.53877513029 5194.98460223517 5318.53511373571 Inf
"26" 47.6767676767677 4343.31529651435 344.348197024401 -Inf 3668.40523220522 3776.91291570457 3902.01532552527 4111.05596712289 4343.31529651435 4575.57462590581 4784.61526750343 4909.71767732414 5018.22536082348 Inf 4516.00869705777 376.46991015383 -Inf 3778.14123189324 3896.77079990315 4033.5430943197 4262.08360140178 4516.00869705777 4769.93379271377 4998.47429979585 5135.2465942124 5253.87616222231 Inf
"27" 48.3838383838384 4284.60008691718 337.061315769365 -Inf 3623.97204742754 3730.1835591689 3852.63863000842 4057.25568424314 4284.60008691718 4511.94448959122 4716.56154382593 4839.01661466545 4945.22812640681 Inf 4481.9102833213 368.613077750527 -Inf 3759.44192669981 3875.5957254416 4009.5136164499 4233.28454059034 4481.9102833213 4730.53602605226 4954.3069501927 5088.224841201 5204.3786399428 Inf
"28" 49.0909090909091 4292.67240720389 334.238062940491 -Inf 3637.5778415781 3742.89971711099 3864.32909437791 4067.23225962514 4292.67240720389 4518.11255478265 4721.01572002988 4842.4450972968 4947.76697282969 Inf 4477.03886135218 365.5440491711 -Inf 3760.58569021389 3875.77240626257 4008.57531286145 4230.4831469411 4477.03886135218 4723.59457576326 4945.50240984292 5078.3053164418 5193.49203249048 Inf
"29" 49.7979797979798 4346.00814300216 333.405540618612 -Inf 3692.54529114357 3797.60483026992 3918.73175046113 4121.12952319632 4346.00814300216 4570.886762808 4773.28453554318 4894.4114557344 4999.47099486074 Inf 4499.30041004137 364.640753381486 -Inf 3784.61766611811 3899.51974430752 4031.99448168396 4253.35395938178 4499.30041004137 4745.24686070096 4966.60633839878 5099.08107577523 5213.98315396463 Inf
"30" 50.5050505050505 4385.93780554359 333.074942618024 -Inf 3733.12291385952 3838.07827813168 3959.08509138778 4161.28217070059 4385.93780554359 4610.5934403866 4812.7905196994 4933.7973329555 5038.75269722766 Inf 4528.95806194091 364.27948192081 -Inf 3814.98339706921 3929.77163487946 4062.11512158952 4283.25528517858 4528.95806194091 4774.66083870323 4995.8010022923 5128.14448900236 5242.93272681261 Inf
"31" 51.2121212121212 4372.91563777639 332.738758626892 -Inf 3720.75965460711 3825.60908382162 3946.49376074073 4148.48675558958 4372.91563777639 4597.3445199632 4799.33751481205 4920.22219173116 5025.07162094566 Inf 4542.52404168412 363.915497289699 -Inf 3829.26277358033 3943.93631606331 4076.14756640657 4297.06676882471 4542.52404168412 4787.98131454354 5008.90051696168 5141.11176730493 5255.78530978792 Inf
"32" 51.9191919191919 4323.09745594252 332.44389490421 -Inf 3671.51939505005 3776.27590965145 3897.05346197228 4098.86745631436 4323.09745594252 4547.32745557067 4749.14144991275 4869.91900223358 4974.67551683499 Inf 4530.77782068603 363.595036321775 -Inf 3818.14464453782 3932.71720645061 4064.81203266361 4285.53669546482 4530.77782068603 4776.01894590724 4996.74360870845 5128.83843492145 5243.41099683424 Inf
"33" 52.6262626262626 4286.85174407414 332.20842200602 -Inf 3635.73520158146 3740.41751623371 3861.10952076523 4062.78056850227 4286.85174407414 4510.92291964602 4712.59396738306 4833.28597191457 4937.96828656682 Inf 4506.08513650709 363.339189285452 -Inf 3793.95341133563 3908.44535319731 4040.44722965462 4261.0165774895 4506.08513650709 4751.15369552468 4971.72304335957 5103.72491981687 5218.21686167856 Inf
"34" 53.3333333333333 4287.22503867012 332.037523720279 -Inf 3636.44345066251 3741.07191349484 3861.70183032685 4063.26913224031 4287.22503867012 4511.18094509994 4712.7482470134 4833.37816384541 4938.00662667773 Inf 4484.76537200158 363.154044914882 -Inf 3772.99652312837 3887.43012408124 4019.36473720706 4239.82169096425 4484.76537200158 4729.70905303892 4950.1660067961 5082.10061992192 5196.53422087479 Inf
"35" 54.040404040404 4292.9936102973 332.065889494653 -Inf 3642.15642639352 3746.79382757515 3867.43404975147 4069.01857144341 4292.9936102973 4516.96864915119 4718.55317084313 4839.19339301945 4943.83079420108 Inf 4466.41981782266 363.184562099991 -Inf 3754.59115636572 3869.0343735997 4000.98007368178 4221.45555325676 4466.41981782266 4711.38408238855 4931.85956196353 5063.80526204561 5178.24847927959 Inf
"36" 54.7474747474747 4266.81035288886 332.125127354615 -Inf 3615.85706491304 3720.5131325579 3841.17487597085 4042.7953587056 4266.81035288886 4490.82534707211 4692.44582980686 4813.10757321982 4917.76364086468 Inf 4443.13406368686 363.24781752165 -Inf 3731.18142388165 3845.64457355417 3977.61325446133 4198.12713398741 4443.13406368686 4688.14099338631 4908.65487291239 5040.62355381956 5155.08670349207 Inf
"37" 55.4545454545455 4224.66657577183 332.018578277822 -Inf 3573.92212014911 3678.54461307628 3799.16764698999 4000.72344784876 4224.66657577183 4448.6097036949 4650.16550455367 4770.78853846738 4875.41103139455 Inf 4424.48505424752 363.133331292956 -Inf 3712.75680332727 3827.18387720333 3959.1109650276 4179.55534433586 4424.48505424752 4669.41476415918 4889.85914346743 5021.78623129171 5136.21330516776 Inf
"38" 56.1616161616162 4217.03675555092 331.95969371145 -Inf 3566.40771155753 3671.01164934794 3791.61329037731 3993.13334466432 4217.03675555092 4440.94016643753 4642.46022072454 4763.0618617539 4867.66579954431 Inf 4432.08875708369 363.069140683204 -Inf 3720.4863174467 3834.89316419676 3966.79693144019 4187.20234308037 4432.08875708369 4676.97517108701 4897.38058272718 5029.28434997061 5143.69119672067 Inf
"39" 56.8686868686869 4253.24291549654 331.981854020245 -Inf 3602.57043809603 3707.18135882927 3827.7910507445 4029.32455770879 4253.24291549654 4477.16127328429 4678.69478024859 4799.30447216382 4903.91539289706 Inf 4463.858473368 363.092937753588 -Inf 3752.20939233013 3866.62373778355 3998.5361505517 4218.95600848462 4463.858473368 4708.76093825138 4929.1807961843 5061.09320895246 5175.50755440588 Inf
"40" 57.5757575757576 4281.31503681411 331.97875453182 -Inf 3630.64863429928 3735.25857835161 3855.8671442163 4057.39876959953 4281.31503681411 4505.23130402868 4706.76292941191 4827.3714952766 4931.98143932894 Inf 4484.26245243829 363.089791419013 -Inf 3772.61953810286 3887.03289211367 4018.94416181199 4239.36210972533 4484.26245243829 4729.16279515124 4949.58074306458 5081.4920127629 5195.90536677371 Inf
"41" 58.2828282828283 4257.42575462855 331.960372550278 -Inf 3606.7953801355 3711.39953183506 3832.00141948797 4033.52188587211 4257.42575462855 4481.32962338498 4682.85008976912 4803.45197742203 4908.05612912159 Inf 4463.9357995554 363.069589473407 -Inf 3752.33248030578 3866.73946847428 3998.64339876412 4219.04908284769 4463.9357995554 4708.82251626311 4929.22820034668 5061.13213063652 5175.53911880502 Inf
"42" 58.989898989899 4203.50951040387 331.923669075547 -Inf 3552.95107339941 3657.54365945392 3778.1322126588 3979.63039776494 4203.50951040387 4427.38862304281 4628.88680814895 4749.47536135383 4854.06794740834 Inf 4415.20060061402 363.029917994542 -Inf 3703.67503603419 3818.0695233088 3949.95904086858 4170.34064191218 4415.20060061402 4660.06055931586 4880.44216035945 5012.33167791924 5126.72616519385 Inf
"43" 59.6969696969697 4171.03597601312 331.87362566973 -Inf 3520.57562228172 3625.15243914073 3745.72281147312 3947.19061713848 4171.03597601312 4394.88133488777 4596.34914055313 4716.91951288551 4821.49632974452 Inf 4374.03047883073 362.975353745335 -Inf 3662.61185821418 3776.98915172872 3908.85884598429 4129.2073231557 4374.03047883073 4618.85363450575 4839.20211167717 4971.07180593274 5085.44909944727 Inf
"44" 60.4040404040404 4172.15373626532 331.830121624818 -Inf 3521.77864889513 3626.34175717899 3746.89632440218 3948.33772042306 4172.15373626532 4395.96975210758 4597.41114812846 4717.96571535165 4822.52882363551 Inf 4358.45971577271 362.928359556937 -Inf 3647.13320207291 3761.49568723194 3893.34830840199 4113.66825719608 4358.45971577271 4603.25117434935 4823.57112314344 4955.42374431349 5069.78622947251 Inf
"45" 61.1111111111111 4178.70655877107 331.818015994479 -Inf 3528.35519800036 3632.91449167471 3753.46466089744 3954.8987080524 4178.70655877107 4402.51440948975 4603.9484566447 4724.49862586743 4829.05791954179 Inf 4360.22138381395 362.914875421214 -Inf 3648.92129853453 3763.27953470273 3895.12725705847 4115.43902014865 4360.22138381395 4605.00374747925 4825.31551056943 4957.16323292518 5071.52146909337 Inf
"46" 61.8181818181818 4173.67126568375 331.780947642357 -Inf 3523.39255754816 3627.94017060082 3748.47687281482 3949.88841718864 4173.67126568375 4397.45411417886 4598.86565855269 4719.40236076668 4823.94997381934 Inf 4366.38312563894 362.87462661191 -Inf 3655.16192657618 3769.50747992768 3901.34057980804 4121.62790938298 4366.38312563894 4611.13834189491 4831.42567146985 4963.25877135021 5077.60432470171 Inf
"47" 62.5252525252525 4167.03670341995 331.729601913511 -Inf 3516.85863106366 3621.39006454534 3741.9081127502 3943.28848709266 4167.03670341995 4390.78491974724 4592.1652940897 4712.68334229456 4817.21477577624 Inf 4369.37111224588 362.819065471926 -Inf 3658.25881101643 3772.58685647724 3904.3997708809 4124.65337140934 4369.37111224588 4614.08885308241 4834.34245361086 4966.15536801452 5080.48341347533 Inf
"48" 63.2323232323232 4164.68461030245 331.718584716844 -Inf 3514.52813125483 3619.05609310374 3739.57013873834 3940.94382496138 4164.68461030245 4388.42539564351 4589.79908186656 4710.31312750116 4814.84108935006 Inf 4361.04223810061 362.806872364207 -Inf 3649.95383492314 3764.27803820942 3896.08652283192 4116.33272139025 4361.04223810061 4605.75175481096 4825.9979533693 4957.80643799179 5072.13064127807 Inf
"49" 63.9393939393939 4155.64637391541 331.725465981405 -Inf 3505.47640783709 3610.00653804373 3730.52308365593 3931.90094723193 4155.64637391541 4379.39180059889 4580.76966417489 4701.28620978709 4805.81633999373 Inf 4336.68182768111 362.81446049367 -Inf 3625.57855204319 3739.90514642766 3871.71638783323 4091.96719285521 4336.68182768111 4581.39646250702 4801.647267529 4933.45850893457 5047.78510331904 Inf
"50" 64.6464646464646 4135.55943270315 331.73185544503 -Inf 3485.37694350624 3589.90908709905 3710.42795401656 3911.80969639195 4135.55943270315 4359.30916901435 4560.69091138974 4681.20977830725 4785.74192190006 Inf 4305.30978719819 362.821159730863 -Inf 3594.19338129665 3708.52208668014 3840.3357619324 4060.59063380547 4305.30978719819 4550.02894059092 4770.28381246399 4902.09748771624 5016.42619309974 Inf
"51" 65.3535353535354 4116.21469822064 331.679459225953 -Inf 3466.13490372605 3570.65053672753 3691.15036799063 3892.50030262216 4116.21469822064 4339.92909381913 4541.27902845065 4661.77885971375 4766.29449271523 Inf 4281.71835359897 362.764197438748 -Inf 3570.71359173845 3685.0243477137 3816.81732844781 4037.03762068843 4281.71835359897 4526.39908650951 4746.61937875013 4878.41235948423 4992.72311545949 Inf
"52" 66.0606060606061 4104.01041266044 331.611041399196 -Inf 3454.0647146422 3558.55878847782 3679.03376340343 3880.34216418484 4104.01041266044 4327.67866113605 4528.98706191746 4649.46203684307 4753.95611067869 Inf 4268.3552259853 362.690294879695 -Inf 3557.49531047889 3671.78277899234 3803.5489107744 4023.72433959336 4268.3552259853 4512.98611237725 4733.16154119621 4864.92767297827 4979.21514149172 Inf
"53" 66.7676767676768 4089.86428891715 331.62288105262 -Inf 3439.8953856046 3544.39319023765 3664.87246653375 3866.18805471666 4089.86428891715 4313.54052311763 4514.85611130054 4635.33538759664 4739.83319222969 Inf 4256.22226618101 362.702743315858 -Inf 3545.33795218805 3659.62934333267 3791.39999765725 4011.58298344646 4256.22226618101 4500.86154891556 4721.04453470477 4852.81518902935 4967.10658017397 Inf
"54" 67.4747474747475 4068.26068839504 331.636789558053 -Inf 3418.26452491277 3522.76671225993 3643.25104154473 3844.5750730502 4068.26068839504 4291.94630373988 4493.27033524535 4613.75466453014 4718.25685187731 Inf 4240.50980805937 362.717926228698 -Inf 3529.59573610407 3643.89191154178 3775.66808184989 3995.86028460574 4240.50980805937 4485.15933151301 4705.35153426885 4837.12770457696 4951.42388001468 Inf
"55" 68.1818181818182 4048.3139812372 331.620546509764 -Inf 3398.34965354458 3502.84672253899 3623.32515069086 3824.63932166194 4048.3139812372 4271.98864081246 4473.30281178355 4593.78123993542 4698.27830892983 Inf 4222.77284151455 362.700347824289 -Inf 3511.89322259879 3626.18385889921 3757.95364293676 3978.13517451451 4222.77284151455 4467.41050851459 4687.59204009234 4819.36182412989 4933.65246043031 Inf
"56" 68.8888888888889 4037.18692607027 331.621029401688 -Inf 3387.22165192686 3491.71887308552 3612.19747667303 3813.51194078936 4037.18692607027 4260.86191135118 4462.17637546752 4582.65497905502 4687.15220021368 Inf 4201.27923433719 362.700915627326 -Inf 3490.39850254793 3604.68931776896 3736.45930809053 3956.64118435982 4201.27923433719 4445.91728431455 4666.09916058385 4797.86915090541 4912.15996612645 Inf
"57" 69.5959595959596 4026.91149712094 331.654405158626 -Inf 3376.88080769598 3481.38854590134 3601.87927497014 3803.21400023407 4026.91149712094 4250.60899400781 4451.94371927174 4572.43444834054 4676.9421865459 Inf 4173.69427126525 362.737131389175 -Inf 3462.74255788709 3577.04478506979 3708.82793265229 3929.03179412772 4173.69427126525 4418.35674840278 4638.5606098782 4770.34375746071 4884.64598464341 Inf
"58" 70.3030303030303 4006.70682805325 331.691417991573 -Inf 3356.60359480875 3461.12299614113 3581.62717204844 3782.98436638993 4006.70682805325 4230.42928971657 4431.78648405806 4552.29065996536 4656.81006129775 Inf 4147.16193417866 362.777205140642 -Inf 3436.1316776909 3550.44653252775 3682.24423898677 3902.47242770651 4147.16193417866 4391.8514406508 4612.07962937054 4743.87733582956 4858.19219066641 Inf
"59" 71.010101010101 3977.964203951 331.677885506394 -Inf 3327.88749389007 3432.40263099621 3552.90189052376 3754.25086981023 3977.964203951 4201.67753809177 4403.02651737824 4523.52577690579 4628.04091401193 Inf 4130.60310694537 362.76254920751 -Inf 3419.60157555871 3533.91181215923 3665.70419408753 3885.9234857499 4130.60310694537 4375.28272814083 4595.5020198032 4727.2944017315 4841.60463833203 Inf
"60" 71.7171717171717 3949.17296259856 331.638202222881 -Inf 3299.1740303441 3403.67666283658 3524.16150534543 3725.48639442577 3949.17296259856 4172.85953077135 4374.18441985169 4494.66926236053 4599.17189485302 Inf 4118.11756902812 362.719634915544 -Inf 3407.20014810814 3521.49686197077 3653.27365304834 3873.46689308272 4118.11756902812 4362.76824497352 4582.9614850079 4714.73827608547 4829.0349899481 Inf
"61" 72.4242424242424 3923.89868487249 331.64268584776 -Inf 3273.89096487475 3378.39501020387 3498.88148162287 3700.20909254067 3923.89868487249 4147.5882772043 4348.9158881221 4469.4023595411 4573.90640487023 Inf 4096.21341931385 362.724466079735 -Inf 3385.28652948605 3499.58476569856 3631.36331194804 3851.55948479772 4096.21341931385 4340.86735382998 4561.06352667966 4692.84207292914 4807.14030914165 Inf
"62" 73.1313131313131 3901.09779817042 331.707685198462 -Inf 3250.96268178628 3355.48720908405 3475.99729490115 3677.36436444278 3901.09779817042 4124.83123189805 4326.19830143968 4446.70838725678 4551.23291455455 Inf 4067.72511859663 362.795160517833 -Inf 3356.65967021625 3470.98018297843 3602.78441266299 3823.0235014066 4067.72511859663 4312.42673578665 4532.66582453026 4664.47005421482 4778.79056697701 Inf
"63" 73.8383838383838 3881.78573436751 331.822921360012 -Inf 3231.42475925702 3335.98559866286 3456.537550015 3657.97457503006 3881.78573436751 4105.59689370496 4307.03391872002 4427.58587007216 4532.146709478 Inf 4050.10209595076 362.92018257674 -Inf 3338.79160883765 3453.15151734552 3585.00116780181 3805.31615266346 4050.10209595076 4294.88803923806 4515.20302409971 4647.052674556 4761.41258306387 Inf
"64" 74.5454545454545 3867.80982337576 331.911693601457 -Inf 3217.27485786921 3321.8636703278 3442.44787281825 3643.93878807135 3867.80982337576 4091.68085868016 4293.17177393326 4413.75597642372 4518.34478888231 Inf 4046.07279498559 363.01655194688 -Inf 3334.57342737779 3448.96370287235 3580.84836451947 3801.2218515459 4046.07279498559 4290.92373842528 4511.29722545172 4643.18188709883 4757.57216259339 Inf
"65" 75.2525252525253 3855.96441091223 332.008723629593 -Inf 3205.23927004511 3309.85865767056 3430.47811137026 3632.02792984838 3855.96441091223 4079.90089197607 4281.45071045419 4402.07016415389 4506.68955177934 Inf 4036.03640959042 363.122750578897 -Inf 3324.32889648866 3438.75263627212 3570.67588010117 3791.11383626194 4036.03640959042 4280.95898291889 4501.39693907966 4633.32018290871 4747.74392269218 Inf
"66" 75.959595959596 3839.94971449593 332.194916068341 -Inf 3188.85964315467 3293.53770194608 3414.22479974259 3615.88764854059 3839.94971449593 4064.01178045127 4265.67462924927 4386.36172704578 4491.03978583718 Inf 4009.58946216714 363.323786805307 -Inf 3297.48792530203 3411.97501368269 3543.97129438721 3764.53129196453 4009.58946216714 4254.64763236975 4475.20762994707 4607.20391065159 4721.69099903225 Inf
"67" 76.6666666666667 3819.3972275734 332.378033924985 -Inf 3167.9482518282 3272.68401295289 3393.4376378442 3595.21165050067 3819.3972275734 4043.58280464613 4245.3568173026 4366.11044219391 4470.84620331861 Inf 3985.44576595168 363.524120493823 -Inf 3272.95158227218 3387.50179787307 3519.57086021959 3740.25247272955 3985.44576595168 4230.6390591738 4451.32067168376 4583.38973403028 4697.93994963117 Inf
"68" 77.3737373737374 3802.31302596285 332.65248466639 -Inf 3150.32613664897 3255.14838004492 3376.00171345634 3577.94233467811 3802.31302596285 4026.68371724759 4228.62433846937 4349.47767188079 4454.29991527674 Inf 3982.0572571343 363.820798709744 -Inf 3268.9815948366 3383.62529681619 3515.80214297014 3736.66385749642 3982.0572571343 4227.45065677217 4448.31237129846 4580.4892174524 4695.13291943199 Inf
"69" 78.0808080808081 3796.14432272754 332.883593862738 -Inf 3143.70446771232 3248.59953600978 3369.53683186864 3571.61775065869 3796.14432272754 4020.6708947964 4222.75181358645 4343.68910944531 4448.58417774277 Inf 3982.06722548829 364.071918395886 -Inf 3268.49937764994 3383.22221004363 3515.49028849721 3736.50444819604 3982.06722548829 4227.63000278054 4448.64416247936 4580.91224093294 4695.63507332663 Inf
"70" 78.7878787878788 3800.21274397801 333.30451711272 -Inf 3146.94789455256 3251.97560012584 3373.06581826911 3575.40226349142 3800.21274397801 4025.02322446459 4227.3596696869 4348.44988783017 4453.47759340345 Inf 3951.03712727478 364.531829559473 -Inf 3236.56787011972 3351.43562528462 3483.870790412 3705.16414461669 3951.03712727478 4196.91010993287 4418.20346413756 4550.63862926493 4665.50638442984 Inf
"71" 79.4949494949495 3809.02117670916 334.682105697749 -Inf 3153.05630327154 3258.51810127646 3380.10880019245 3583.28152684199 3809.02117670916 4034.76082657633 4237.93355322587 4359.52425214186 4464.98605014677 Inf 3888.55191817405 366.021702369847 -Inf 3171.16256396911 3286.49979348806 3419.47623247868 3641.67403157627 3888.55191817405 4135.42980477184 4357.62760386943 4490.60404286005 4605.94127237899 Inf
"72" 80.2020202020202 3814.26412128488 337.387307467152 -Inf 3152.99714980833 3259.31138491015 3381.88488920548 3586.69984055204 3814.26412128488 4041.82840201773 4246.64335336429 4369.21685765962 4475.53109276144 Inf 3831.73465555692 368.963677560142 -Inf 3108.57913593559 3224.84341230877 3358.88867695063 3582.87243684795 3831.73465555692 4080.59687426589 4304.58063416322 4438.62589880508 4554.89017517825 Inf
"73" 80.9090909090909 3791.06449220791 343.23231539455 -Inf 3118.3415157043 3226.49757334424 3351.19458106853 3559.55781353822 3791.06449220791 4022.5711708776 4230.9344033473 4355.63141107159 4463.78746871152 Inf 3791.52815060838 375.278400021618 -Inf 3055.99600239019 3174.25011321628 3310.5895295456 3538.40671632381 3791.52815060838 4044.64958489295 4272.46677167116 4408.80618800048 4527.06029882657 Inf
"74" 81.6161616161616 3683.18320820627 370.674368075914 -Inf 2956.67479678533 3073.47812945865 3208.14489149132 3433.16714627865 3683.18320820627 3933.19927013388 4158.22152492121 4292.88828695388 4409.6916196272 Inf 3699.7458541286 405.069174983956 -Inf 2905.82485991269 3033.46635249 3180.62881877405 3426.53084748154 3699.7458541286 3972.96086077566 4218.86288948315 4366.0253557672 4493.66684834451 Inf
"75" 82.3232323232323 3419.22758873052 504.638214932626 -Inf 2430.15486223999 2589.17159060027 2772.50769434998 3078.85428520121 3419.22758873052 3759.60089225982 4065.94748311106 4249.28358686076 4408.30031522105 Inf 3442.63669126004 546.079035131635 -Inf 2372.34144968966 2544.41660972161 2742.80824887601 3074.31197926679 3442.63669126004 3810.9614032533 4142.46513364408 4340.85677279847 4512.93193283043 Inf
"76" 83.030303030303 2961.87203287739 817.051469404953 -Inf 1360.48057932816 1617.94196002063 1914.77844313096 2410.77919138111 2961.87203287739 3512.96487437368 4008.96562262383 4305.80210573416 4563.26348642663 Inf 2956.25611305371 869.720079258223 -Inf 1251.63608107627 1525.6938862533 1841.66498389476 2369.63883405431 2956.25611305371 3542.8733920531 4070.84724221266 4386.81833985412 4660.87614503114 Inf
"77" 83.7373737373737 2348.45561997799 1242.01246292915 -Inf -85.8440757130388 305.526915610041 756.752603685229 1510.73094411649 2348.45561997799 3186.1802958395 3940.15863627075 4391.38432434594 4782.75531566902 Inf 2289.13695646545 1306.62733723097 -Inf -271.805565722715 139.92624174715 614.626646853732 1407.83021017716 2289.13695646545 3170.44370275373 3963.64726607717 4438.34767118375 4850.07947865361 Inf
"78" 84.4444444444444 1682.30326658574 1661.27844343568 -Inf -1573.74265084096 -1050.25660647574 -446.710723404756 561.78798426667 1682.30326658574 2802.81854890481 3811.31725657623 4414.86313964721 4938.34918401244 Inf 1576.3552416623 1734.96283275415 -Inf -1824.10942505142 -1277.40466641937 -647.089092815478 406.140593998466 1576.3552416623 2746.56988932613 3799.79957614008 4430.11514974396 4976.81990837602 Inf
"79" 85.1515151515152 1080.27791662096 1985.35344950118 -Inf -2810.94334098371 -2185.33790557167 -1464.05490474665 -258.822635584021 1080.27791662096 2419.37846882593 3624.61073798856 4345.89373881358 4971.49917422562 Inf 957.482839827222 2064.09114235711 -Inf -3088.06146000085 -2437.64496203728 -1687.75639508727 -434.725479163168 957.482839827222 2349.69115881761 3602.72207474172 4352.61064169172 5003.02713965529 Inf
"80" 85.8585858585859 619.192274255825 2185.3387312944 -Inf -3663.99293310165 -2975.3700640313 -2181.43199807976 -854.796300708757 619.192274255825 2093.18084922041 3419.81654659141 4213.75461254295 4902.3774816133 Inf 509.945800851325 2266.05787053498 -Inf -3931.44601228076 -3217.38770638006 -2394.12421074744 -1018.48700617568 509.945800851325 2038.37860787833 3414.01581245009 4237.27930808271 4951.33761398341 Inf
"81" 86.5656565656566 316.107743078401 2283.81162846405 -Inf -4160.0807961849 -3440.42809727464 -2610.71462478866 -1224.29979169922 316.107743078401 1856.51527785602 3242.93011094547 4072.64358343144 4792.29628234171 Inf 236.602620767055 2364.97651696025 -Inf -4398.66617675801 -3653.43758081007 -2794.23673701956 -1358.54979937706 236.602620767055 1831.75504091117 3267.44197855367 4126.64282234417 4871.87141829211 Inf
"82" 87.2727272727273 143.577949078833 2322.25839963982 -Inf -4407.96487701084 -3676.19720228725 -2832.51593857868 -1422.76153878498 143.577949078833 1709.91743694265 3119.67183673634 3963.35310044491 4695.1207751685 Inf 94.6821397718483 2403.40372194994 -Inf -4615.90259555956 -3858.56518930618 -2985.40366272882 -1526.3890362665 94.6821397718483 1715.7533158102 3174.76794227252 4047.92946884988 4805.26687510325 Inf
"83" 87.979797979798 57.9793250412008 2334.10110869697 -Inf -4516.77478427986 -3781.27534927046 -2933.29160494878 -1516.34794869621 57.9793250412008 1632.30659877861 3049.25025503119 3897.23399935286 4632.73343436226 Inf 32.0714369649922 2415.18615544137 -Inf -4701.60644365984 -3940.55627057572 -3063.11416162253 -1596.94686969569 32.0714369649922 1661.08974362567 3127.25703555252 4004.6991445057 4765.74931758982 Inf
"84" 88.6868686868687 20.799112731037 2336.97732923153 -Inf -4559.59228524936 -3823.18652335881 -2974.15784218787 -1555.46814227624 20.799112731037 1597.06636773832 3015.75606764994 3864.78474882088 4601.19051071144 Inf 8.82261618196644 2418.0361078573 -Inf -4730.44106853576 -3968.49284592674 -3090.01534338593 -1622.11795417181 8.82261618196644 1639.76318653574 3107.66057574987 3986.13807829067 4748.08630089969 Inf
"85" 89.3939393939394 6.61998922420468 2337.52985118897 -Inf -4574.85433189344 -3838.2744646113 -2989.04505107425 -1570.01993618013 6.61998922420468 1583.25991462853 3002.28502952266 3851.51444305971 4588.09431034185 Inf 1.7478485402744 2418.5816490349 -Inf -4738.58507723763 -3976.46494895306 -3097.78925017785 -1629.5606837461 1.7478485402744 1633.05638082665 3101.28494725839 3979.9606460336 4742.08077431817 Inf
"86" 90.1010101010101 1.86549613619849 2337.61420554554 -Inf -4579.77415648227 -3843.16770826867 -2993.90764861999 -1574.83132541703 1.86549613619849 1578.56231768942 2997.63864089238 3846.89870054106 4583.50514875467 Inf 0.110429687452075 2418.66468331061 -Inf -4740.38524028032 -3978.23894703544 -3099.5330817367 -1631.25410836681 0.110429687452075 1631.47496774171 3099.7539411116 3978.45980641034 4740.60609965522 Inf
"87" 90.8080808080808 0.463795113837006 2337.62448944247 -Inf -4581.19601357224 -3844.58632479619 -2995.32252898656 -1576.23996282246 0.463795113837006 1577.16755305013 2996.25011921423 3845.51391502387 4582.12360379991 Inf -0.0985944968510993 2418.67477952316 -Inf -4740.61405267761 -3978.46457801158 -3099.755044738 -1631.46994234299 -0.0985944968510993 1631.27275334929 3099.5578557443 3978.26738901788 4740.4168636839 Inf
"88" 91.5151515151515 0.101131469875812 2337.62549469905 -Inf -4581.56064748289 -3844.95064194009 -2995.68648091867 -1576.60330450168 0.101131469875812 1576.80556744143 2995.88874385842 3845.15290487984 4581.76291042265 Inf -0.0597289345268423 2418.67576416694 -Inf -4740.57711698163 -3978.42733204415 -3099.71744104745 -1631.4317409128 -0.0597289345268423 1631.31228304375 3099.5979831784 3978.30787417509 4740.45765911257 Inf
"89" 92.2222222222222 0.0191432389072988 2337.62557375427 -Inf -4581.64279065924 -3845.03276020532 -2995.76857046297 -1576.68534605458 0.0191432389072988 1576.7236325324 2995.80685694079 3845.07104668313 4581.68107713705 Inf -0.0220360065777768 2418.67584144586 -Inf -4740.53957551757 -3978.38976622871 -3099.67984715642 -1631.39410010869 -0.0220360065777768 1631.35002809554 3099.63577514327 3978.34569421555 4740.49550350442 Inf
"90" 92.9292929292929 0.00308564879275882 2337.62557876982 -Inf -4581.65885807966 -3845.04882604529 -2995.78463448078 -1576.70140702764 0.00308564879275882 1576.70757832522 2995.79080577836 3845.05499734287 4581.66502937725 Inf -0.0063684132714271 2418.6758463401 -Inf -4740.5239175168 -3978.37410668571 -3099.66418583534 -1631.3784358165 -0.0063684132714271 1631.36569898996 3099.6514490088 3978.36136985916 4740.51118069026 Inf
"91" 93.6363636363636 0.000406250213005991 2337.62557902712 -Inf -4581.66153798253 -3845.05150586708 -2995.78731420909 -1576.70408659976 0.000406250213005991 1576.70489910019 2995.78812670952 3845.0523183675 4581.66235048295 Inf -0.00154346729422374 2418.67584659078 -Inf -4740.51909306216 -3978.36928215207 -3099.65936121063 -1631.37361103961 -0.00154346729422374 1631.37052410502 3099.65627427604 3978.36619521748 4740.51600612757 Inf
"92" 94.3434343434343 3.87946338618487e-05 2337.62557903781 -Inf -4581.66190545906 -3845.05187334025 -2995.78768167838 -1576.70445406255 3.87946338618487e-05 1576.70453165182 2995.78775926764 3845.05195092951 4581.66198304833 Inf -0.000322861122127326 2418.67584660119 -Inf -4740.51787247637 -3978.36806156301 -3099.65814061779 -1631.37239044045 -0.000322861122127326 1631.37174471821 3099.65749489554 3978.36741584076 4740.51722675413 Inf
"93" 95.0505050505051 1.23359984172392e-06 2337.62557903817 -Inf -4581.6619430208 -3845.05191090187 -2995.78771923987 -1576.70449162383 1.23359984172392e-06 1576.70449409103 2995.78772170707 3845.05191336907 4581.661945488 Inf -5.9166169783551e-05 2418.67584660154 -Inf -4740.51760878211 -3978.36779786863 -3099.65787692328 -1631.37212674574 -5.9166169783551e-05 1631.3720084134 3099.65775859094 3978.36767953629 4740.51749044977 Inf
"94" 95.7575757575758 -4.93143960154096e-07 2337.62557903818 -Inf -4581.66194474757 -3845.05191262863 -2995.78772096663 -1576.70449335058 -4.93143960154096e-07 1576.70449236429 2995.78771998034 3845.05191164234 4581.66194376128 Inf -9.58286493120004e-06 2418.67584660155 -Inf -4740.51755919882 -3978.36774828534 -3099.65782733999 -1631.37207716244 -9.58286493120004e-06 1631.37205799671 3099.65780817426 3978.36772911961 4740.51754003309 Inf
"95" 96.4646464646465 -1.46068424160386e-07 2337.62557903818 -Inf -4581.66194440049 -3845.05191228156 -2995.78772061955 -1576.7044930035 -1.46068424160386e-07 1576.70449271137 2995.78772032742 3845.05191198942 4581.66194410836 Inf -1.37954949794848e-06 2418.67584660155 -Inf -4740.51755099551 -3978.36774008203 -3099.65781913668 -1631.37206895912 -1.37954949794848e-06 1631.37206620003 3099.65781637758 3978.36773732293 4740.51754823641 Inf
"96" 97.1717171717172 -2.61904751040049e-08 2337.62557903818 -Inf -4581.66194428062 -3845.05191216168 -2995.78772049968 -1576.70449288362 -2.61904751040049e-08 1576.70449283124 2995.7877204473 3845.0519121093 4581.66194422823 Inf -1.7720503293089e-07 2418.67584660155 -Inf -4740.51754979316 -3978.36773887969 -3099.65781793433 -1631.37206775678 -1.7720503293089e-07 1631.37206740237 3099.65781757992 3978.36773852527 4740.51754943875 Inf
"97" 97.8787878787879 -3.67823211930001e-09 2337.62557903818 -Inf -4581.6619442581 -3845.05191213917 -2995.78772047716 -1576.70449286111 -3.67823211930001e-09 1576.70449285376 2995.78772046981 3845.05191213181 4581.66194425075 Inf -2.03662457521149e-08 2418.67584660155 -Inf -4740.51754963632 -3978.36773872285 -3099.65781777749 -1631.37206759994 -2.03662457521149e-08 1631.37206755921 3099.65781773676 3978.36773868211 4740.51754959559 Inf
"98" 98.5858585858586 -4.33467355451396e-10 2337.62557903818 -Inf -4581.66194425486 -3845.05191213592 -2995.78772047392 -1576.70449285787 -4.33467355451396e-10 1576.704492857 2995.78772047305 3845.05191213505 4581.66194425399 Inf -2.09860836935341e-09 2418.67584660155 -Inf -4740.51754961806 -3978.36773870458 -3099.65781775923 -1631.37206758167 -2.09860836935341e-09 1631.37206757748 3099.65781775503 3978.36773870038 4740.51754961386 Inf
"99" 99.2929292929293 -4.41159746173792e-11 2337.62557903818 -Inf -4581.66194425447 -3845.05191213553 -2995.78772047353 -1576.70449285748 -4.41159746173792e-11 1576.70449285739 2995.78772047344 3845.05191213544 4581.66194425438 Inf -1.94185164957783e-10 2418.67584660155 -Inf -4740.51754961615 -3978.36773870267 -3099.65781775732 -1631.37206757977 -1.94185164957783e-10 1631.37206757938 3099.65781775693 3978.36773870228 4740.51754961576 Inf
"100" 100 -3.93550730748152e-12 2337.62557903818 -Inf -4581.66194425443 -3845.05191213549 -2995.78772047349 -1576.70449285744 -3.93550730748152e-12 1576.70449285743 2995.78772047348 3845.05191213548 4581.66194425442 Inf -1.61545623070507e-11 2418.67584660155 -Inf -4740.51754961597 -3978.3677387025 -3099.65781775714 -1631.37206757959 -1.61545623070507e-11 1631.37206757956 3099.65781775711 3978.36773870246 4740.51754961594 Inf
