"mid_age" "mean_left" "std_left" "min_left" "l.q2.5" "l.q5" "l.q10" "l.q25" "l.q50" "l.q75" "l.q90" "l.q95" "l.q97.5" "max_left" "mean_right" "std_right" "min_right" "r.q2.5" "r.q5" "r.q10" "r.q25" "r.q50" "r.q75" "r.q90" "r.q95" "r.q97.5" "max_right"
"1" 30 5.90179448955526e-11 2398.2378128394 -Inf -4700.45973952727 -3944.75016474099 -3073.46542359253 -1617.58682329279 5.90179448955526e-11 1617.5868232929 3073.46542359265 3944.75016474111 4700.45973952739 Inf 2.9095702394085e-11 2512.70916492471 -Inf -4924.81946687612 -4133.03878340058 -3220.1663640675 -1694.79657696544 2.9095702394085e-11 1694.7965769655 3220.16636406756 4133.03878340064 4924.81946687617 Inf
"2" 30.7070707070707 7.27245379436041e-10 2398.2378128394 -Inf -4700.45973952661 -3944.75016474033 -3073.46542359187 -1617.58682329212 7.27245379436041e-10 1617.58682329357 3073.46542359332 3944.75016474178 4700.45973952806 Inf 3.55403334052711e-10 2512.70916492471 -Inf -4924.81946687579 -4133.03878340026 -3220.16636406717 -1694.79657696512 3.55403334052711e-10 1694.79657696583 3220.16636406788 4133.03878340097 4924.8194668765 Inf
"3" 31.4141414141414 8.09721434789885e-09 2398.2378128394 -Inf -4700.45973951924 -3944.75016473296 -3073.4654235845 -1617.58682328475 8.09721434789885e-09 1617.58682330094 3073.46542360069 3944.75016474915 4700.45973953543 Inf 3.92088140632962e-09 2512.70916492471 -Inf -4924.81946687222 -4133.03878339669 -3220.16636406361 -1694.79657696155 3.92088140632962e-09 1694.79657696939 3220.16636407145 4133.03878340453 4924.81946688006 Inf
"4" 32.1212121212121 8.14480834338285e-08 2398.2378128394 -Inf -4700.45973944589 -3944.75016465961 -3073.46542351114 -1617.5868232114 8.14480834338285e-08 1617.58682337429 3073.46542367404 3944.7501648225 4700.45973960878 Inf 3.906191306627e-08 2512.70916492471 -Inf -4924.81946683708 -4133.03878336155 -3220.16636402847 -1694.79657692641 3.906191306627e-08 1694.79657700453 3220.16636410659 4133.03878343967 4924.81946691521 Inf
"5" 32.8282828282828 7.40015964146591e-07 2398.2378128394 -Inf -4700.45973878732 -3944.75016400104 -3073.46542285258 -1617.58682255283 7.40015964146591e-07 1617.58682403286 3073.46542433261 3944.75016548107 4700.45974026735 Inf 3.51372929361817e-07 2512.70916492471 -Inf -4924.81946652477 -4133.03878304924 -3220.16636371615 -1694.7965766141 3.51372929361817e-07 1694.79657731684 3220.1663644189 4133.03878375198 4924.81946722752 Inf
"6" 33.5353535353535 6.07199148154614e-06 2398.2378128394 -Inf -4700.45973345534 -3944.75015866906 -3073.4654175206 -1617.58681722085 6.07199148154614e-06 1617.58682936484 3073.46542966458 3944.75017081304 4700.45974559932 Inf 2.85342839960474e-06 2512.70916492471 -Inf -4924.81946402272 -4133.03878054718 -3220.1663612141 -1694.79657411204 2.85342839960474e-06 1694.7965798189 3220.16636692096 4133.03878625404 4924.81946972957 Inf
"7" 34.2424242424242 4.49836824594923e-05 2398.2378128394 -Inf -4700.45969454365 -3944.75011975737 -3073.46537860891 -1617.58677830916 4.49836824594923e-05 1617.58686827653 3073.46546857627 3944.75020972473 4700.45978451101 Inf 2.09166996239433e-05 2512.70916492471 -Inf -4924.81944595944 -4133.03876248391 -3220.16634315083 -1694.79655604877 2.09166996239433e-05 1694.79659788217 3220.16638498423 4133.03880431731 4924.81948779284 Inf
"8" 34.9494949494949 0.000300818204093376 2398.23781283939 -Inf -4700.45943870912 -3944.74986392284 -3073.46512277438 -1617.58652247464 0.000300818204093376 1617.58712411104 3073.46572441079 3944.75046555924 4700.46004034552 Inf 0.000138388432994296 2512.7091649247 -Inf -4924.8193284877 -4133.03864501217 -3220.16622567908 -1694.79643857703 0.000138388432994296 1694.7967153539 3220.16650245595 4133.03892178903 4924.81960526456 Inf
"9" 35.6565656565657 0.00181533061475891 2398.23781283914 -Inf -4700.45792419621 -3944.74834941001 -3073.46360826165 -1617.58500796205 0.00181533061475891 1617.58863862328 3073.46723892287 3944.75198007124 4700.46155485744 Inf 0.000826334195095243 2512.70916492444 -Inf -4924.81864054142 -4133.03795706598 -3220.16553773299 -1694.7957506311 0.000826334195095243 1694.79740329949 3220.16719040138 4133.03960973437 4924.82029320981 Inf
"10" 36.3636363636364 0.00988259359254322 2398.23781283173 -Inf -4700.44985691871 -3944.74028213485 -3073.45554098917 -1617.57694069408 0.00988259359254322 1617.59670588126 3073.47530617636 3944.76004732203 4700.4696221059 Inf 0.00445302148825078 2512.70916491679 -Inf -4924.81501383913 -4133.0343303661 -3220.16191103589 -1694.79212393864 0.00445302148825078 1694.80102998162 3220.17081707886 4133.04323640907 4924.82391988211 Inf
"11" 37.0707070707071 0.0485168410691393 2398.23781265463 -Inf -4700.41122232413 -3944.70164759607 -3073.41690651473 -1617.53830632715 0.0485168410691393 1617.63534000929 3073.51394019687 3944.79868127821 4700.50825600627 Inf 0.0216584861378544 2512.70916473374 -Inf -4924.79780801572 -4133.01712460037 -3220.14470533666 -1694.77491835053 0.0216584861378544 1694.81823532281 3220.18802230893 4133.06044157264 4924.841124988 Inf
"12" 37.7777777777778 0.214705309441886 2398.23780921567 -Inf -4700.24502711551 -3944.53545347111 -3073.25071363915 -1617.37211553923 0.214705309441886 1617.80152615812 3073.68012425804 3944.96486408999 4700.67443773439 Inf 0.0950955538925764 2512.70916117762 -Inf -4924.7243639781 -4132.94368168331 -3220.07126371155 -1694.70147888421 0.0950955538925764 1694.89166999199 3220.26145481934 4133.1338727911 4924.91455508588 Inf
"13" 38.4848484848485 0.856094111958271 2398.23775504844 -Inf -4699.60353214718 -3943.89397557143 -3072.60925541854 -1616.73069020148 0.856094111958271 1618.44287842539 3074.32144364246 3945.60616379534 4701.3157203711 Inf 0.377059327490926 2512.70910513511 -Inf -4924.44229036319 -4132.66162572798 -3219.78922811658 -1694.41947731051 0.377059327490926 1695.17359596549 3220.54334677156 4133.41574438296 4925.19640901817 Inf
"14" 39.1919191919192 3.07400371627604 2398.23706413311 -Inf -4697.3842683737 -3941.67492951252 -3070.3904603706 -1614.51231458185 3.07400371627604 1620.6603220144 3076.53846780315 3947.82293694507 4703.53227580625 Inf 1.35093281563175 2512.70838987817 -Inf -4923.46701499721 -4131.68657574687 -3218.81443798979 -1693.44512138889 1.35093281563175 1696.14698702016 3221.51630362105 4134.38844137813 4926.16888062847 Inf
"15" 39.8989898989899 9.93442674975539 2398.22994227913 -Inf -4690.5098867629 -3934.80279207168 -3063.520910314 -1607.64708793086 9.93442674975539 1627.51594143037 3083.38976381351 3954.67164557119 4710.37874026241 Inf 4.37739358289206 2512.70101230086 -Inf -4920.42609444413 -4128.64797994482 -3215.77852247678 -1690.41368452136 4.37739358289206 1699.16847168714 3224.53330964257 4137.4027671106 4929.18088160992 Inf
"16" 40.6060606060606 28.8779543248769 2398.17077061631 -Inf -4671.45038485976 -3915.76193577237 -3044.50155120176 -1588.66364967566 28.8779543248769 1646.41955832542 3102.25745985151 3973.51784442212 4729.20629350952 Inf 12.8437048911603 2512.63967161165 -Inf -4911.83955759423 -4120.08077218143 -3207.23359991223 -1681.90599954695 12.8437048911603 1707.59340932927 3232.92100969455 4145.76818196374 4937.52696737655 Inf
"17" 41.3131313131313 75.4555500874589 2397.77578664436 -Inf -4624.09863473769 -3868.53464919094 -2997.41776311156 -1541.81964127251 75.4555500874589 1692.73074144743 3148.32886328648 4019.44574936586 4775.0097349126 Inf 34.1791896441205 2512.22987984767 -Inf -4889.7008957427 -4098.07123995918 -3185.37294588259 -1660.29411444947 34.1791896441205 1728.65249373771 3253.73132517083 4166.42961924742 4958.05927503094 Inf
"18" 42.020202020202 177.107937478625 2395.66571159907 -Inf -4518.31057625306 -3763.41149720838 -2893.06120574268 -1438.74402989115 177.107937478625 1792.9599048484 3247.27708069993 4117.62737216563 4872.52645121031 Inf 82.6605255611464 2510.03874481332 -Inf -4836.92501407308 -4045.98580763376 -3134.08355743197 -1610.33488041047 82.6605255611464 1775.65593153277 3299.40460855426 4211.30685875605 5002.24606519537 Inf
"19" 42.7272727272727 373.225490419105 2386.68167052425 -Inf -4304.58462637031 -3552.5165117213 -2685.43014089785 -1236.56683333036 373.225490419105 1983.01781416857 3431.88112173606 4298.96749255951 5051.03560720852 Inf 182.092164852017 2500.70037464453 -Inf -4719.19050557709 -3931.19391630095 -3022.68431523166 -1504.60460615722 182.092164852017 1868.78893586126 3386.86864493569 4295.37824600498 5083.37483528112 Inf
"20" 43.4343434343434 705.949905453257 2356.28973337429 -Inf -3912.29310910184 -3169.80180863596 -2313.75689122923 -883.34336819996 705.949905453257 2295.24317910647 3725.65670213575 4581.70161954247 5324.19292000835 Inf 366.240355546672 2469.07589899745 -Inf -4473.05948158418 -3695.02809213775 -2798.00772826195 -1299.12603078328 366.240355546672 2031.60674187663 3530.4884393553 4427.50880323109 5205.54019267753 Inf
"21" 44.1414141414141 1198.91444507216 2274.60383881768 -Inf -3259.22715810705 -2542.47592908485 -1716.1076655584 -335.282529967031 1198.91444507216 2733.11142011134 4113.93655570271 4940.30481922916 5657.05604825136 Inf 673.975053644911 2383.98076706481 -Inf -3998.54138963828 -3247.32435764419 -2381.21923061521 -933.995538404894 673.975053644911 2281.94564569472 3729.16933790503 4595.27446493401 5346.4914969281 Inf
"22" 44.8484848484848 1830.92856761033 2099.44416398057 -Inf -2283.90638134439 -1622.34978009521 -859.617387512443 414.874997896457 1830.92856761033 3246.98213732421 4521.47452273311 5284.20691531588 5945.76351656506 Inf 1136.54485570522 2201.29820100651 -Inf -3177.92033750034 -2484.26847422208 -1684.53230002518 -348.208217998742 1136.54485570522 2621.29792940918 3957.62201143562 4757.35818563252 5451.01004891078 Inf
"23" 45.5555555555556 2523.67389266273 1797.93337734031 -Inf -1000.21077352673 -433.663344072584 219.529558187369 1310.98625811127 2523.67389266273 3736.3615272142 4827.8182271381 5481.01112939805 6047.5585588522 Inf 1757.51542723999 1886.47147896616 -Inf -1939.90072939569 -1345.454027078 -660.095049984328 485.109750640073 1757.51542723999 3029.92110383991 4175.12590446431 4860.48488155798 5454.93158387567 Inf
"24" 46.2626262626263 3163.11869527537 1380.49414736271 -Inf 457.399885576126 892.407890000533 1393.94425949753 2231.98954267354 3163.11869527537 4094.2478478772 4932.29313105321 5433.8295005502 5868.83750497461 Inf 2492.24588905309 1450.09840766371 -Inf -349.894764006673 107.046263770873 633.870004517923 1514.16937630825 2492.24588905309 3470.32240179792 4350.62177358825 4877.4455143353 5334.38654211285 Inf
"25" 46.969696969697 3652.9148315871 922.658703525203 -Inf 1844.53700265528 2135.27631665532 2470.48012562102 3030.59099313014 3652.9148315871 4275.23867004405 4835.34953755317 5170.55334651887 5461.29266051891 Inf 3241.35804569801 970.988709260726 -Inf 1338.25514615196 1644.22374554158 1996.9859452188 2586.43611374553 3241.35804569801 3896.2799776505 4485.73014617723 4838.49234585445 5144.46094524407 Inf
"26" 47.6767676767677 3965.71727470958 552.781808443479 -Inf 2882.28483885144 3056.47211217853 3257.29888269426 3592.8716108196 3965.71727470958 4338.56293859956 4674.13566672489 4874.96243724063 5049.14971056771 Inf 3874.3408344148 583.583314037579 -Inf 2730.53855692261 2914.43170369173 3126.44872468423 3480.71987071099 3874.3408344148 4267.96179811861 4622.23294414536 4834.24996513787 5018.14311190698 Inf
"27" 48.3838383838384 4148.53622799354 384.089496165921 -Inf 3395.7346486682 3516.76522715106 3656.30573287287 3889.47179967165 4148.53622799354 4407.60065631543 4640.76672311421 4780.30722883602 4901.33780731888 Inf 4285.42507226981 406.580564474331 -Inf 3488.54180908616 3616.65955614623 3764.37111334773 4011.19064890294 4285.42507226981 4559.65949563669 4806.4790311919 4954.19058839339 5082.30833545347 Inf
"28" 49.0909090909091 4272.94499277687 358.090031363431 -Inf 3571.10142808173 3683.93930591356 3814.03415247715 4031.41693697484 4272.94499277687 4514.4730485789 4731.85583307659 4861.95067964017 4974.78855747201 Inf 4454.50594263228 379.07580688662 -Inf 3711.53101372404 3830.98172678526 3968.70074885664 4198.82319633994 4454.50594263228 4710.18868892461 4940.31113640791 5078.03015847929 5197.48087154051 Inf
"29" 49.7979797979798 4374.37247311896 353.198018892648 -Inf 3682.11707667847 3793.41343071131 3921.73099905983 4136.14402958631 4374.37247311896 4612.60091665161 4827.01394717808 4955.33151552661 5066.62786955945 Inf 4464.49780091467 373.928048040698 -Inf 3731.61229394554 3849.44089487604 3985.28972554708 4212.28716520039 4464.49780091467 4716.70843662895 4943.70587628226 5079.55470695329 5197.3833078838 Inf
"30" 50.5050505050505 4438.24205614046 350.765354240151 -Inf 3750.75459480533 3861.28439100963 3988.71816727519 4201.65441998158 4438.24205614046 4674.82969229934 4887.76594500573 5015.19972127129 5125.72951747559 Inf 4446.21709487877 371.35227835293 -Inf 3718.38000373013 3835.39695295326 3970.31000118702 4195.74378941775 4446.21709487877 4696.69040033978 4922.12418857052 5057.03723680428 5174.0541860274 Inf
"31" 51.2121212121212 4441.03347059025 348.659057736421 -Inf 3757.6742745432 3867.54035490302 3994.20890930684 4205.86650983401 4441.03347059025 4676.20043134649 4887.85803187367 5014.52658627749 5124.39266663731 Inf 4483.16475868948 369.121972630655 -Inf 3759.69898643101 3876.01314322046 4010.11591678775 4234.19577157794 4483.16475868948 4732.13374580101 4956.2136005912 5090.31637415849 5206.63053094794 Inf
"32" 51.9191919191919 4393.64870333437 346.376280982411 -Inf 3714.76366750992 3823.91042127049 3949.74963817385 4160.0214521007 4393.64870333437 4627.27595456805 4837.5477684949 4963.38698539825 5072.53373915882 Inf 4556.71207594981 366.720151991071 -Inf 3837.95378564225 3953.5111038711 4086.74129104889 4309.36309224148 4556.71207594981 4804.06105965813 5026.68286085072 5159.91304802851 5275.47036625736 Inf
"33" 52.6262626262626 4336.08302590714 346.969092609361 -Inf 3656.03610064425 3765.36965548857 3891.42424207802 4102.05592930729 4336.08302590714 4570.11012250699 4780.74180973626 4906.79639632571 5016.12995117003 Inf 4585.42955146794 367.337718553867 -Inf 3865.46085293925 3981.21277278853 4114.66732317165 4337.66402544294 4585.42955146794 4833.19507749294 5056.19177976423 5189.64633014735 5305.39824999663 Inf
"34" 53.3333333333333 4296.09747669543 346.32964819705 -Inf 3617.30383945078 3726.43589873768 3852.25817385398 4062.5016787975 4296.09747669543 4529.69327459335 4739.93677953687 4865.75905465317 4974.89111394007 Inf 4522.34788200723 366.663887424036 -Inf 3803.69986822467 3919.23945690568 4052.44920305029 4275.03684817267 4522.34788200723 4769.65891584179 4992.24656096417 5125.45630710878 5240.99589578979 Inf
"35" 54.040404040404 4268.936930313 344.704478352807 -Inf 3593.32856743184 3701.94851886797 3827.18036642973 4036.43729281735 4268.936930313 4501.43656780866 4710.69349419628 4835.92534175803 4944.54529319417 Inf 4412.21381926605 364.951079811542 -Inf 3696.92284671642 3811.92271197818 3944.51019158638 4166.05805661017 4412.21381926605 4658.36958192193 4879.91744694572 5012.50492655392 5127.50479181568 Inf
"36" 54.7474747474747 4242.07650708931 344.560166063503 -Inf 3566.7509910977 3675.32546823675 3800.50488684632 4009.67420675362 4242.07650708931 4474.478807425 4683.6481273323 4808.82754594186 4917.40202308091 Inf 4350.05334189742 364.794062920365 -Inf 3635.07011679947 3750.0205044125 3882.55093946045 4104.00348552525 4350.05334189742 4596.10319826959 4817.55574433439 4950.08617938235 5065.03656699538 Inf
"37" 55.4545454545455 4225.05511641043 343.85613727039 -Inf 3551.10947149741 3659.46210187171 3784.38574536945 3993.12767627954 4225.05511641043 4456.98255654133 4665.72448745142 4790.64813094916 4899.00076132346 Inf 4385.86825278177 364.051794541922 -Inf 3672.33984697243 3787.0563381313 3919.31710554725 4140.31904882275 4385.86825278177 4631.41745674079 4852.41940001629 4984.68016743224 5099.39665859111 Inf
"38" 56.1616161616162 4239.16428392383 343.496339552808 -Inf 3565.92382957898 3674.16308396583 3798.95601221108 4007.47952366558 4239.16428392383 4470.84904418207 4679.37255563657 4804.16548388182 4912.40473826867 Inf 4476.69758192847 363.672834007418 -Inf 3763.91192511832 3878.50900188765 4010.63209216022 4231.40398296571 4476.69758192847 4721.99118089123 4942.76307169672 5074.88616196929 5189.48323873862 Inf
"39" 56.8686868686869 4281.59769326434 344.662590463549 -Inf 3606.07142913751 3714.67818126588 3839.89481087112 4049.12630872065 4281.59769326434 4514.06907780804 4723.30057565756 4848.5172052628 4957.12395739118 Inf 4535.04297818527 364.902772953724 -Inf 3819.84668533718 3934.83132860769 4067.40125823486 4288.91979800986 4535.04297818527 4781.16615836069 5002.68469813568 5135.25462776286 5250.23927103337 Inf
"40" 57.5757575757576 4317.25360358256 345.064580638819 -Inf 3640.93945319006 3749.67287658631 3875.03555005089 4084.51108078597 4317.25360358256 4549.99612637915 4759.47165711423 4884.83433057881 4993.56775397506 Inf 4518.6715970642 365.328901047083 -Inf 3802.64010850032 3917.75902914671 4050.48377198862 4272.26099785754 4518.6715970642 4765.08219627086 4986.85942213978 5119.58416498169 5234.70308562808 Inf
"41" 58.2828282828283 4313.72352605431 344.42941687168 -Inf 3638.65427376968 3747.18755048414 3872.31946764279 4081.40941470835 4313.72352605431 4546.03763740027 4755.12758446582 4880.25950162447 4988.79277833893 Inf 4464.17413528316 364.658468071285 -Inf 3749.45667120589 3864.36433147753 3996.8455046373 4218.21573624687 4464.17413528316 4710.13253431944 4931.50276592901 5063.98393908878 5178.89159936042 Inf
"42" 58.989898989899 4275.44941080979 344.081215271854 -Inf 3601.06262112018 3709.48617590401 3834.49159070366 4043.37015787391 4275.44941080979 4507.52866374567 4716.40723091592 4841.41264571557 4949.8362004994 Inf 4432.65767938602 364.290073490056 -Inf 3718.66225542006 3833.45383074349 3965.80116539248 4186.9477587188 4432.65767938602 4678.36760005324 4899.51419337956 5031.86152802856 5146.65310335198 Inf
"43" 59.6969696969697 4234.34314724199 344.090245179012 -Inf 3559.93865925956 3668.36505946067 3793.3737548442 4002.25780372628 4234.34314724199 4466.42849075769 4675.31253963977 4800.3212350233 4908.74763522441 Inf 4437.15677521003 364.299557879212 -Inf 3723.14276218291 3837.93732613559 3970.28810648272 4191.44045741953 4437.15677521003 4682.87309300052 4904.02544393734 5036.37622428447 5151.17078823715 Inf
"44" 60.4040404040404 4210.89989285399 344.012713901309 -Inf 3536.64736338354 3645.049332676 3770.02986078652 3978.86684339042 4210.89989285399 4442.93294231756 4651.76992492146 4776.75045303198 4885.15242232444 Inf 4438.76529218991 364.217167404609 -Inf 3724.91276152568 3839.68136338645 3972.00221110432 4193.10454593005 4438.76529218991 4684.42603844977 4905.52837327551 5037.84922099338 5152.61782285414 Inf
"45" 61.1111111111111 4194.1955037624 343.659754372309 -Inf 3520.63476225679 3628.92551034585 3753.77780753189 3962.40052188337 4194.1955037624 4425.99048564142 4634.6131999929 4759.46549717894 4867.756245268 Inf 4408.22187418529 363.844396594818 -Inf 3695.09996088274 3809.75109880034 3941.93651811457 4162.81255801581 4408.22187418529 4653.63119035478 4874.50723025601 5006.69264957025 5121.34378748784 Inf
"46" 61.8181818181818 4162.20203148492 343.0871982767 -Inf 3489.76347930584 3597.87380903887 3722.5180954151 3930.7932328238 4162.20203148492 4393.61083014605 4601.88596755474 4726.53025393097 4834.64058366401 Inf 4365.94474539158 363.23879784431 -Inf 3654.00978382911 3768.47009130788 3900.43549534767 4120.94389937205 4365.94474539158 4610.94559141112 4831.4539954355 4963.41939947529 5077.87970695406 Inf
"47" 62.5252525252525 4116.24100259048 342.534706772895 -Inf 3444.88531386062 3552.82154779833 3677.26511287232 3885.20485378574 4116.24100259048 4347.27715139522 4555.21689230865 4679.66045738264 4787.59669132035 Inf 4348.81004346045 362.655283273528 -Inf 3638.01874944116 3752.29518543487 3884.04859742824 4104.202772038 4348.81004346045 4593.4173148829 4813.57148949266 4945.32490148603 5059.60133747974 Inf
"48" 63.2323232323232 4088.96438008169 342.629721999798 -Inf 3417.42246492911 3525.38863914895 3649.86672345074 3857.86414448029 4088.96438008169 4320.06461568309 4528.06203671264 4652.54012101443 4760.50629523426 Inf 4356.84722241342 362.755636549923 -Inf 3645.85923958667 3760.16729793719 3891.95716848274 4112.17226373464 4356.84722241342 4601.5221810922 4821.7372763441 4953.52714688965 5067.83520524017 Inf
"49" 63.9393939393939 4112.76839623836 343.15791879069 -Inf 3440.19123439888 3548.32384889837 3672.99382818312 3881.31189731542 4112.76839623836 4344.22489516129 4552.54296429359 4677.21294357834 4785.34555807783 Inf 4357.15131152067 363.313169179128 -Inf 3645.07058482047 3759.55432747714 3891.54675077619 4112.10030279809 4357.15131152067 4602.20232024324 4822.75587226515 4954.74829556419 5069.23203822087 Inf
"50" 64.6464646464646 4178.06810752714 343.192603233252 -Inf 3505.42296542942 3613.56650935601 3738.24908957024 3946.5882143032 4178.06810752714 4409.54800075108 4617.88712548404 4742.56970569827 4850.71324962486 Inf 4334.20019043121 363.350193422457 -Inf 3622.04689754753 3736.54230692676 3868.54818120972 4089.12420923599 4334.20019043121 4579.27617162642 4799.85219965269 4931.85807393565 5046.35348331488 Inf
"51" 65.3535353535354 4229.93302271785 342.632877990412 -Inf 3558.38492193734 3666.3520906425 3790.83132152219 3998.83065843313 4229.93302271785 4461.03538700257 4669.03472391352 4793.5139547932 4901.48112349837 Inf 4310.11209271097 362.758442626767 -Inf 3599.11861007467 3713.42755264906 3845.21844264812 4065.43524136212 4310.11209271097 4554.78894405982 4775.00574277382 4906.79663277287 5021.10557534727 Inf
"52" 66.0606060606061 4217.54160837067 342.043891716622 -Inf 3547.14789947418 3654.92947250399 3779.19472345627 3986.83650929063 4217.54160837067 4448.24670745071 4655.88849328508 4780.15374423736 4887.93531726717 Inf 4308.5301822722 362.136259889612 -Inf 3598.75615539252 3712.86904174213 3844.4338914702 4064.27298680231 4308.5301822722 4552.78737774209 4772.6264730742 4904.19132280227 5018.30420915188 Inf
"53" 66.7676767676768 4146.53341077984 341.938946396082 -Inf 3476.34539093195 3584.09389460428 3708.32101870527 3915.89909624284 4146.53341077984 4377.16772531685 4584.74580285441 4708.9729269554 4816.72143062774 Inf 4317.58447382038 362.025061468334 -Inf 3608.02839184154 3722.10623841686 3853.63068952925 4073.40228054588 4317.58447382038 4561.76666709488 4781.5382581115 4913.0627092239 5027.14055579921 Inf
"54" 67.4747474747475 4070.41220405428 342.07328252477 -Inf 3399.96089023234 3507.75172461022 3632.02765330368 3839.6872811754 4070.41220405428 4301.13712693317 4508.79675480488 4633.07268349835 4740.86351787623 Inf 4302.14210610954 362.166834153747 -Inf 3592.3081547733 3706.43067539021 3838.00663281147 4057.86428861187 4302.14210610954 4546.4199236072 4766.2775794076 4897.85353682886 5011.97605744577 Inf
"55" 68.1818181818182 4029.82260440682 342.144145062259 -Inf 3359.23240256355 3467.04556646095 3591.34723966036 3799.04988547273 4029.82260440682 4260.59532334092 4468.29796915328 4592.59964235269 4700.4128062501 Inf 4245.87561598074 362.242094831228 -Inf 3535.89415642719 3650.0403924631 3781.64369224363 4001.54703592752 4245.87561598074 4490.20419603396 4710.10753971786 4841.71083949839 4955.8570755343 Inf
"56" 68.8888888888889 4017.43543514474 342.205696117167 -Inf 3346.72459545063 3454.55715472296 3578.8811895475 3786.621200655 4017.43543514474 4248.24966963448 4455.98968074198 4580.31371556652 4688.14627483885 Inf 4172.07095512877 362.306794535025 -Inf 3461.96268648597 3576.12931006868 3707.75611538497 3927.6987357885 4172.07095512877 4416.44317446905 4636.38579487258 4768.01260018887 4882.17922377158 Inf
"57" 69.5959595959596 4007.38299768978 342.36649348229 -Inf 3336.35700095123 3444.24022913878 3568.62268197754 3776.4603070254 4007.38299768978 4238.30568835416 4446.14331340203 4570.52576624078 4678.40899442834 Inf 4123.11347202841 362.47742248213 -Inf 3412.67077875452 3526.89116897065 3658.57996377186 3878.62616588671 4123.11347202841 4367.6007781701 4587.64698028495 4719.33577508616 4833.55616530229 Inf
"58" 70.3030303030303 3994.69051753214 342.826170959173 -Inf 3322.76356949439 3430.79164681606 3555.34110142975 3763.4577791212 3994.69051753214 4225.92325594307 4434.03993363453 4558.58938824822 4666.61746556989 Inf 4119.1308802017 362.962603551036 -Inf 3407.73724950678 3522.11052530303 3653.97558738673 3874.31632440204 4119.1308802017 4363.94543600136 4584.28617301668 4716.15123510037 4830.52451089662 Inf
"59" 71.010101010101 3985.58738774618 342.817045561571 -Inf 3313.67832515907 3421.70352697344 3546.24966631137 3754.36080432239 3985.58738774618 4216.81397116996 4424.92510918098 4549.47124851891 4657.49645033328 Inf 4134.07638065545 362.952304217375 -Inf 3422.70293628357 3537.07296665311 3668.93428696765 3889.26877165078 4134.07638065545 4378.88398966012 4599.21847434325 4731.07979465779 4845.44982502733 Inf
"60" 71.7171717171717 3967.87461443556 342.074040402166 -Inf 3297.42181520122 3405.21288839412 3529.489092426 3737.14918037614 3967.87461443556 4198.60004849498 4406.26013644512 4530.53634047701 4638.32741366991 Inf 4119.41134959515 362.168233826466 -Inf 3409.5746549508 3523.69761661908 3655.27408254432 3875.13258803258 4119.41134959515 4363.69011115772 4583.54861664598 4715.12508257122 4829.24804423951 Inf
"61" 72.4242424242424 3923.51165482545 341.83390677579 -Inf 3253.52950885028 3361.2449134503 3485.43387644071 3692.9481884357 3923.51165482545 4154.0751212152 4361.58943321019 4485.7783962006 4593.49380080062 Inf 4061.862448847 361.914150322963 -Inf 3352.52374871858 3466.56664604321 3598.05080290786 3817.75506400324 4061.862448847 4305.96983369076 4525.67409478614 4657.15825165079 4771.20114897542 Inf
"62" 73.1313131313131 3868.21997926507 342.360728004718 -Inf 3197.20528265491 3305.08669408076 3429.46705230963 3637.30117735622 3868.21997926507 4099.13878117392 4306.9729062205 4431.35326444937 4539.23467587523 Inf 4009.17682188879 362.471007913593 -Inf 3298.74670093822 3412.96506985737 3544.6515342326 3764.69384230783 4009.17682188879 4253.65980146976 4473.70210954499 4605.38857392022 4719.60694283937 Inf
"63" 73.8383838383838 3847.17000408928 343.189869852523 -Inf 3174.53021931934 3282.67290192935 3407.35448910073 3615.69195450262 3847.17000408928 4078.64805367593 4286.98551907782 4411.6671062492 4519.80978885921 Inf 4016.75983936796 363.347501914899 -Inf 3304.61182174216 3419.10638299948 3551.1112794522 3771.68567356701 4016.75983936796 4261.83400516891 4482.40839928372 4614.41329573644 4728.90785699376 Inf
"64" 74.5454545454545 3879.39674113438 344.22445707279 -Inf 3204.72920267385 3313.1978944328 3438.255349274 3647.22087307197 3879.39674113438 4111.57260919678 4320.53813299475 4445.59558783596 4554.0642795949 Inf 4069.79217692932 364.441235119295 -Inf 3355.50048161421 3470.33968953268 3602.74194151318 3823.98029929256 4069.79217692932 4315.60405456609 4536.84241234546 4669.24466432597 4784.08387224443 Inf
"65" 75.2525252525253 3926.55965815015 345.137441929581 -Inf 3250.10270225188 3358.85908499552 3484.24822911723 3693.76799115975 3926.55965815015 4159.35132514054 4368.87108718306 4494.26023130477 4603.01661404841 Inf 4088.24028125612 365.405835449526 -Inf 3372.05800403428 3487.20116750773 3619.95386077664 3841.77779058358 4088.24028125612 4334.70277192866 4556.52670173559 4689.2793950045 4804.42255847796 Inf
"66" 75.959595959596 3932.26270222642 345.462204452482 -Inf 3255.16922347974 3364.0279422581 3489.53507327385 3699.25198624307 3932.26270222642 4165.27341820976 4374.99033117898 4500.49746219473 4609.35618097309 Inf 4024.23673469908 365.749539785326 -Inf 3307.38080935774 3422.63227762736 3555.50983938998 3777.54241897495 4024.23673469908 4270.93105042322 4492.96363000818 4625.84119177081 4741.09266004042 Inf
"67" 76.6666666666667 3882.49101109794 345.909573386916 -Inf 3204.52070535197 3313.52039471523 3439.19005578707 3649.17854935376 3882.49101109794 4115.80347284211 4325.7919664088 4451.46162748064 4560.46131684391 Inf 3929.03682239654 366.223931614299 -Inf 3211.25110615585 3326.65206020433 3459.70196949634 3682.02253424618 3929.03682239654 4176.05111054689 4398.37167529674 4531.42158458875 4646.82253863722 Inf
"68" 77.3737373737374 3815.79843367708 347.381574116097 -Inf 3134.9430595167 3244.40659155611 3370.61103352725 3581.4931225288 3815.79843367708 4050.10374482537 4260.98583382692 4387.19027579806 4496.65380783747 Inf 3895.41902151823 367.777492709349 -Inf 3174.58838148346 3290.47887872414 3424.09319996449 3647.35687233296 3895.41902151823 4143.4811707035 4366.74484307196 4500.35916431232 4616.249661553 Inf
"69" 78.0808080808081 3781.45405235841 349.129344041179 -Inf 3097.17311209161 3207.18738453709 3334.02679492488 3545.96988830996 3781.45405235841 4016.93821640687 4228.88130979195 4355.72072017974 4465.73499262522 Inf 3945.77015872509 369.626922567072 -Inf 3221.31470277725 3337.78797452173 3472.07419744182 3696.46058805708 3945.77015872509 4195.0797293931 4419.46612000835 4553.75234292845 4670.22561467293 Inf
"70" 78.7878787878788 3797.22768294214 351.220372110491 -Inf 3108.84840296883 3219.52158001696 3347.12066521279 3560.33314189356 3797.22768294214 4034.12222399072 4247.3347006715 4374.93378586733 4485.60696291546 Inf 4007.49247446773 371.835214984636 -Inf 3278.70884491413 3395.87797247197 3530.96647257955 3756.69343319863 4007.49247446773 4258.29151573682 4484.0184763559 4619.10697646349 4736.27610402132 Inf
"71" 79.4949494949495 3838.0287527162 355.501584787298 -Inf 3141.25845008618 3253.28068159182 3382.43514017845 3598.24657759871 3838.0287527162 4077.8109278337 4293.62236525395 4422.77682384058 4534.79905534622 Inf 3997.37519740379 376.364454230999 -Inf 3259.71442204996 3378.31075980632 3515.04474186872 3743.52123068684 3997.37519740379 4251.22916412074 4479.70565293887 4616.43963500126 4735.03597275763 Inf
"72" 80.2020202020202 3845.9783110188 364.899966131425 -Inf 3130.78751944132 3245.77127825306 3378.3401881559 3599.85702401626 3845.9783110188 4092.09959802135 4313.6164338817 4446.18534378455 4561.16910259628 Inf 3898.13812165696 386.284951662638 -Inf 3141.03352862839 3262.75591787789 3403.09403710738 3637.59288110552 3898.13812165696 4158.68336220839 4393.18220620653 4533.52032543602 4655.24271468552 Inf
"73" 80.9090909090909 3748.18990878745 378.923703969889 -Inf 3005.51309611795 3124.91587997469 3262.57964274288 3492.60975435343 3748.18990878745 4003.77006322148 4233.80017483202 4371.46393760021 4490.86672145695 Inf 3737.87969580951 401.091779222776 -Inf 2951.75425403778 3078.14242801451 3223.8598982195 3467.34740183584 3737.87969580951 4008.41198978319 4251.89949339953 4397.61696360452 4524.00513758125 Inf
"74" 81.6161616161616 3483.27275257229 424.48405050914 -Inf 2651.2993015627 2785.05862250928 2939.27455309359 3196.96261138216 3483.27275257229 3769.58289376242 4027.270952051 4181.4868826353 4315.24620358189 Inf 3518.71388900124 449.289011580256 -Inf 2638.12360765434 2779.69922875402 2942.92685282858 3215.67305581463 3518.71388900124 3821.75472218786 4094.50092517391 4257.72854924847 4399.30417034815 Inf
"75" 82.3232323232323 3033.37228682032 612.307054031656 -Inf 1833.27251343846 2026.21680818838 2248.66922313205 2620.37745490321 3033.37228682032 3446.36711873743 3818.07535050859 4040.52776545226 4233.47206020219 Inf 3195.66639107535 646.544885361913 -Inf 1928.46170137743 2132.19469140089 2367.08578104494 2759.57849285704 3195.66639107535 3631.75428929366 4024.24700110577 4259.13809074982 4462.87108077328 Inf
"76" 83.030303030303 2442.07419561785 980.967908339885 -Inf 519.41242528209 828.525573661993 1184.91323693586 1780.42139617131 2442.07419561785 3103.72699506439 3699.23515429984 4055.62281757371 4364.73596595362 Inf 2728.7674896766 1032.64895803334 -Inf 704.812723258432 1030.21110568779 1405.37460085097 2032.25635193245 2728.7674896766 3425.27862742075 4052.16037850223 4427.3238736654 4752.72225609477 Inf
"77" 83.7373737373737 1800.62192205637 1426.22485493976 -Inf -994.727427481415 -545.309203439625 -27.1587736102945 838.647875924614 1800.62192205637 2762.59596818813 3628.40261772304 4146.55304755237 4595.97127159416 Inf 2141.33552741727 1498.36385975305 -Inf -795.403673435134 -323.253701790544 221.104977195296 1130.7044619496 2141.33552741727 3151.96659288494 4061.56607763924 4605.92475662508 5078.07472826967 Inf
"78" 84.4444444444444 1208.83503283534 1828.29236689101 -Inf -2374.55215948053 -1798.43829797303 -1134.21591222708 -24.3294289943817 1208.83503283534 2441.99949466505 3551.88597789775 4216.1083636437 4792.2222251512 Inf 1521.22300686067 1918.41972444459 -Inf -2238.81056028198 -1634.29663490726 -937.330794372937 227.268566148801 1521.22300686067 2815.17744757253 3979.77680809427 4676.74264862859 5281.25657400332 Inf
"79" 85.1515151515152 736.423087736279 2116.53443623204 -Inf -3411.90817931731 -2744.96625626769 -1976.02493254595 -691.157695439276 736.423087736279 2164.00387091183 3448.87110801851 4217.81243174024 4884.75435478987 Inf 970.610637807613 2219.22225190845 -Inf -3378.98504962282 -2679.68513225541 -1873.43711341707 -526.232024511701 970.610637807613 2467.45330012693 3814.6583890323 4620.90640787063 5320.20632523804 Inf
"80" 85.8585858585859 406.384656697609 2282.66393963906 -Inf -4067.55445380325 -3348.26340352903 -2518.96688875903 -1133.24877373114 406.384656697609 1946.01808712636 3331.73620215425 4161.03271692424 4880.32376719847 Inf 554.410219498775 2392.40440317399 -Inf -4134.61624717728 -3380.74484019663 -2511.57938880464 -1059.24202876605 554.410219498775 2168.0624677636 3620.39982780219 4489.56527919418 5243.43668617483 Inf
"81" 86.5656565656566 202.976584186371 2359.4243574002 -Inf -4421.41018056458 -3677.93112760099 -2820.74739482392 -1388.43096124304 202.976584186371 1794.38412961578 3226.70056319666 4083.88429597373 4827.36334893732 Inf 283.326498698444 2472.34082298532 -Inf -4562.3724718609 -3783.31227104915 -2885.10575355822 -1384.2420453965 283.326498698444 1950.89504279339 3451.75875095511 4349.96526844603 5129.02546925778 Inf
"82" 87.2727272727273 91.7346567240176 2387.67323513259 -Inf -4588.01889098609 -3835.63832405878 -2968.19171576909 -1518.72646719043 91.7346567240176 1702.19578063847 3151.66102921713 4019.10763750681 4771.48820443413 Inf 129.635508367661 2501.72999172996 -Inf -4773.66517446674 -3985.34414218263 -3076.46047910375 -1557.75572881232 129.635508367661 1817.02674554764 3335.73149583907 4244.61515891795 5032.93619120206 Inf
"83" 87.979797979798 37.5145898560268 2395.91870544716 -Inf -4658.39978270623 -3903.4209826796 -3032.97877802737 -1578.50801927114 37.5145898560268 1653.5371989832 3108.00795773942 3978.45016239166 4733.42896241828 Inf 53.1747898690322 2510.30075435984 -Inf -4866.92427903998 -4075.90251067877 -3163.90507186861 -1639.99733885617 53.1747898690322 1746.34691859424 3270.25465160668 4182.25209041683 4973.27385877804 Inf
"84" 88.6868686868687 13.8836900538451 2397.82767947995 -Inf -4685.7722028601 -3930.19186534338 -3059.05612648986 -1603.42650249183 13.8836900538451 1631.19388259952 3086.82350659755 3957.95924545107 4713.53958296779 Inf 19.5830820493986 2512.28350445436 -Inf -4904.40210563522 -4112.75555218271 -3200.03777617596 -1674.92639129176 19.5830820493986 1714.09255539056 3239.20394027476 4151.92171628151 4943.56826973402 Inf
"85" 89.3939393939394 4.6508467889581 2398.1793234868 -Inf -4695.69425571381 -3940.00311152834 -3068.73961968225 -1612.89652603506 4.6508467889581 1622.19821961298 3078.04131326016 3949.30480510625 4704.99594929173 Inf 6.48483736220977 2512.64849432961 -Inf -4918.21571733262 -4126.45415179001 -3213.60377420919 -1688.27081790873 6.48483736220977 1701.24049263315 3226.57344893361 4139.42382651442 4931.18539205704 Inf
"86" 90.1010101010101 1.41050922318978 2398.23107569577 -Inf -4699.03602574526 -3943.32857390272 -3072.04628037243 -1616.17176993533 1.41050922318978 1618.99278838171 3074.86729881881 3946.1495923491 4701.85704419164 Inf 1.93362566089599 2512.70217984464 -Inf -4922.87215070988 -4131.09366830543 -3218.22378666633 -1692.85823993966 1.93362566089599 1696.72549126146 3222.09103798812 4134.96091962722 4926.73940203167 Inf
"87" 90.8080808080808 0.38737676910824 2398.23718500778 -Inf -4700.07113223086 -3944.36175528083 -3073.07724222489 -1617.19902305774 0.38737676910824 1617.97377659596 3073.8519957631 3945.13650881904 4700.84588576908 Inf 0.519831013104422 2512.70851425613 -Inf -4924.29836057606 -4132.51788213294 -3219.64569918909 -1694.27630708308 0.519831013104422 1695.31596910929 3220.6853612153 4133.55754415914 4925.33802260227 Inf
"88" 91.5151515151515 0.0963610056797087 2398.23776543284 -Inf -4700.36328560651 -3944.65372575853 -3073.36900183297 -1617.49043031193 0.0963610056797087 1617.68315232329 3073.56172384433 3944.84644776989 4700.55600761787 Inf 0.126146532356179 2512.70911581138 -Inf -4924.69322408343 -4132.91255608402 -3220.04015459391 -1694.67039730668 0.126146532356179 1694.92269037139 3220.29244765862 4133.16484914873 4924.94551714814 Inf
"89" 92.2222222222222 0.0217156752625027 2398.23780993508 -Inf -4700.43801815972 -3944.72844428862 -3073.4437041953 -1617.56510565865 0.0217156752625027 1617.60853700918 3073.48713554583 3944.77187563914 4700.48144951024 Inf 0.0276609038089028 2512.70916191677 -Inf -4924.79180007688 -4133.01111754918 -3220.13869930889 -1694.76891403284 0.0276609038089028 1694.82423584046 3220.19402111651 4133.0664393568 4924.8471218845 Inf
"90" 92.9292929292929 0.00443445659622315 2398.23781269487 -Inf -4700.45530478746 -3944.74573004672 -3073.46098895077 -1617.58238873876 0.00443445659622315 1617.59125765195 3073.46985786396 3944.75459895991 4700.46417370065 Inf 0.00548581908141318 2512.70916477506 -Inf -4924.81398076376 -4133.03329733538 -3220.16087805666 -1694.79109104545 0.00548581908141318 1694.80206268362 3220.17184969483 4133.04426897354 4924.82495240192 Inf
"91" 93.6363636363636 0.000820708243546117 2398.23781283355 -Inf -4700.45891880763 -3944.74934402319 -3073.46460287685 -1617.58600258066 0.000820708243546117 1617.58764399714 3073.46624429334 3944.75098543967 4700.46056022411 Inf 0.000984832727293729 2512.70916491866 -Inf -4924.81848203155 -4133.03779855793 -3220.16537922704 -1694.79559212866 0.000984832727293729 1694.79756179412 3220.1673488925 4133.03976822338 4924.82045169701 Inf
"92" 94.3434343434343 0.000137688905380882 2398.23781283921 -Inf -4700.45960183805 -3944.75002705183 -3073.46528590344 -1617.58668560381 0.000137688905380882 1617.58696098162 3073.46556128125 3944.75030242964 4700.45987721586 Inf 0.000160158648749052 2512.70916492451 -Inf -4924.8193067171 -4133.03862324164 -3220.16620390862 -1694.79641680669 0.000160158648749052 1694.79673712399 3220.16652422592 4133.03894355893 4924.8196270344 Inf
"93" 95.0505050505051 2.0943253450127e-05 2398.23781283939 -Inf -4700.45971858407 -3944.75014379779 -3073.46540264933 -1617.58680234959 2.0943253450127e-05 1617.58684423609 3073.46544453584 3944.7501856843 4700.45976047058 Inf 2.36095842645661e-05 2512.7091649247 -Inf -4924.81944326655 -4133.03875979102 -3220.16634045794 -1694.79655335588 2.36095842645661e-05 1694.79660057505 3220.1663876771 4133.03880701019 4924.81949048572 Inf
"94" 95.7575757575758 2.88861209423944e-06 2398.2378128394 -Inf -4700.45973663872 -3944.75016185244 -3073.46542070398 -1617.58682040423 2.88861209423944e-06 1617.58682618146 3073.4654264812 3944.75016762966 4700.45974241595 Inf 3.15662814568561e-06 2512.70916492471 -Inf -4924.81946371952 -4133.03878024399 -3220.1663609109 -1694.79657380884 3.15662814568561e-06 1694.7965801221 3220.16636722416 4133.03878655724 4924.81947003277 Inf
"95" 96.4646464646465 3.61317843610366e-07 2398.2378128394 -Inf -4700.45973916602 -3944.75016437974 -3073.46542323127 -1617.58682293153 3.61317843610366e-07 1617.58682365416 3073.46542395391 3944.75016510237 4700.45973988865 Inf 3.82972993528032e-07 2512.70916492471 -Inf -4924.81946649317 -4133.03878301764 -3220.16636368455 -1694.7965765825 3.82972993528032e-07 1694.79657734844 3220.1663644505 4133.03878378358 4924.81946725912 Inf
"96" 97.1717171717172 4.09910889646998e-08 2398.2378128394 -Inf -4700.45973948634 -3944.75016470006 -3073.4654235516 -1617.58682325185 4.09910889646998e-08 1617.58682333384 3073.46542363358 3944.75016478204 4700.45973956832 Inf 4.21794867038862e-08 2512.70916492471 -Inf -4924.81946683396 -4133.03878335843 -3220.16636402535 -1694.79657692329 4.21794867038862e-08 1694.79657700765 3220.16636410971 4133.03878344279 4924.81946691832 Inf
"97" 97.8787878787879 4.21816017191991e-09 2398.2378128394 -Inf -4700.45973952312 -3944.75016473684 -3073.46542358837 -1617.58682328863 4.21816017191991e-09 1617.58682329706 3073.46542359681 3944.75016474527 4700.45973953155 Inf 4.21860232184795e-09 2512.70916492471 -Inf -4924.81946687193 -4133.0387833964 -3220.16636406331 -1694.79657696125 4.21860232184795e-09 1694.79657696969 3220.16636407175 4133.03878340483 4924.81946688036 Inf
"98" 98.5858585858586 3.93742829140081e-10 2398.2378128394 -Inf -4700.45973952694 -3944.75016474066 -3073.4654235922 -1617.58682329245 3.93742829140081e-10 1617.58682329324 3073.46542359299 3944.75016474145 4700.45973952773 Inf 3.83251138826526e-10 2512.70916492471 -Inf -4924.81946687576 -4133.03878340023 -3220.16636406714 -1694.79657696509 3.83251138826526e-10 1694.79657696586 3220.16636406791 4133.03878340099 4924.81946687653 Inf
"99" 99.2929292929293 3.33402964700725e-11 2398.2378128394 -Inf -4700.4597395273 -3944.75016474102 -3073.46542359256 -1617.58682329281 3.33402964700725e-11 1617.58682329288 3073.46542359263 3944.75016474108 4700.45973952737 Inf 3.16320915504436e-11 2512.70916492471 -Inf -4924.81946687611 -4133.03878340058 -3220.1663640675 -1694.79657696544 3.16320915504436e-11 1694.7965769655 3220.16636406756 4133.03878340064 4924.81946687618 Inf
"100" 100 2.56090769734925e-12 2398.2378128394 -Inf -4700.45973952733 -3944.75016474105 -3073.46542359259 -1617.58682329284 2.56090769734925e-12 1617.58682329285 3073.4654235926 3944.75016474105 4700.45973952734 Inf 2.37221409451993e-12 2512.70916492471 -Inf -4924.81946687614 -4133.03878340061 -3220.16636406753 -1694.79657696547 2.37221409451993e-12 1694.79657696547 3220.16636406753 4133.03878340061 4924.81946687615 Inf
