"mid_age" "mean_left" "std_left" "min_left" "l.q2.5" "l.q5" "l.q10" "l.q25" "l.q50" "l.q75" "l.q90" "l.q95" "l.q97.5" "max_left" "mean_right" "std_right" "min_right" "r.q2.5" "r.q5" "r.q10" "r.q25" "r.q50" "r.q75" "r.q90" "r.q95" "r.q97.5" "max_right"
"1" 30 1.88595761214222e-09 2428.57992488648 -Inf -4759.9291863526 -3994.65849778918 -3112.35040478657 -1638.05226686601 1.88595761214222e-09 1638.05226686979 3112.35040479034 3994.65849779294 4759.92918635638 Inf 3.54712207052322e-09 2566.52173966749 -Inf -5030.29017528382 -4221.55259213833 -3289.12995347158 -1731.09260705759 3.54712207052322e-09 1731.09260706469 3289.12995347867 4221.55259214542 5030.29017529091 Inf
"2" 30.7070707070707 1.9525738614801e-08 2428.57992488648 -Inf -4759.92918633496 -3994.65849777154 -3112.35040476893 -1638.05226684837 1.9525738614801e-08 1638.05226688743 3112.35040480798 3994.65849781058 4759.92918637402 Inf 3.65905015994903e-08 2566.52173966749 -Inf -5030.29017525077 -4221.55259210528 -3289.12995343853 -1731.09260702455 3.65905015994903e-08 1731.09260709773 3289.12995351172 4221.55259217846 5030.29017532395 Inf
"3" 31.4141414141414 1.82958434245834e-07 2428.57992488648 -Inf -4759.92918617153 -3994.6584976081 -3112.3504046055 -1638.05226668494 1.82958434245834e-07 1638.05226705086 3112.35040497142 3994.65849797402 4759.92918653745 Inf 3.41371920131972e-07 2566.52173966749 -Inf -5030.29017494599 -4221.5525918005 -3289.12995313375 -1731.09260671977 3.41371920131972e-07 1731.09260740251 3289.1299538165 4221.55259248324 5030.29017562874 Inf
"4" 32.1212121212121 1.55157735738212e-06 2428.57992488648 -Inf -4759.92918480291 -3994.65849623948 -3112.35040323688 -1638.05226531632 1.55157735738212e-06 1638.05226841948 3112.35040634004 3994.65849934264 4759.92918790607 Inf 2.88009037330111e-06 2566.52173966749 -Inf -5030.29017240727 -4221.55258926178 -3289.12995059503 -1731.09260418105 2.88009037330111e-06 1731.09260994123 3289.12995635522 4221.55259502196 5030.29017816745 Inf
"5" 32.8282828282828 1.19090083669439e-05 2428.57992488648 -Inf -4759.92917444548 -3994.65848588205 -3112.35039287945 -1638.05225495889 1.19090083669439e-05 1638.05227877691 3112.35041669747 3994.65850970007 4759.9291982635 Inf 2.19707207457785e-05 2566.52173966749 -Inf -5030.29015331664 -4221.55257017115 -3289.1299315044 -1731.09258509042 2.19707207457785e-05 1731.09262903186 3289.12997544585 4221.55261411259 5030.29019725808 Inf
"6" 33.5353535353535 8.27297615076773e-05 2428.57992488648 -Inf -4759.92910362472 -3994.6584150613 -3112.35032205869 -1638.05218413814 8.27297615076773e-05 1638.05234959766 3112.35048751822 3994.65858052082 4759.92926908425 Inf 0.000151520182240942 2566.52173966749 -Inf -5030.29002376718 -4221.55244062169 -3289.12980195494 -1731.09245554095 0.000151520182240942 1731.09275858132 3289.1301049953 4221.55274366205 5030.29032680754 Inf
"7" 34.2424242424242 0.000520153403567068 2428.57992488639 -Inf -4759.92866620091 -3994.65797763751 -3112.34988463494 -1638.05174671443 0.000520153403567068 1638.05278702124 3112.35092494174 3994.65901794431 4759.92970650771 Inf 0.000944490157412128 2566.52173966739 -Inf -5030.28923079702 -4221.55164765156 -3289.12900898484 -1731.09166257092 0.000944490157412128 1731.09355155123 3289.13089796516 4221.55353663187 5030.29111977733 Inf
"8" 34.9494949494949 0.00295991654078762 2428.57992488356 -Inf -4759.92622643222 -3994.65553786972 -3112.34744486817 -1638.04930694939 0.00295991654078762 1638.05522678247 3112.35336470125 3994.66145770279 4759.93214626531 Inf 0.00532009972040615 2566.52173966441 -Inf -5030.28485518161 -4221.54727203709 -3289.12463337146 -1731.08728695934 0.00532009972040615 1731.09792715878 3289.1352735709 4221.55791223653 5030.29549538105 Inf
"9" 35.6565656565657 0.0152438412808264 2428.57992481116 -Inf -4759.91394236559 -3994.6432538259 -3112.33516085066 -1638.03702297582 0.0152438412808264 1638.06751065838 3112.36564853322 3994.67374150845 4759.94443004815 Inf 0.0270714047227278 2566.52173958814 -Inf -5030.26310372713 -4221.52552060664 -3289.10288196872 -1731.0655356029 0.0270714047227278 1731.11967841234 3289.15702477816 4221.57966341608 5030.31724653657 Inf
"10" 36.3636363636364 0.071048781232942 2428.57992330391 -Inf -4759.85813447147 -3994.58744640673 -3112.27935397907 -1637.98121701924 0.071048781232942 1638.1233145817 3112.42145154154 3994.72954396919 4760.00023203393 Inf 0.124399634826037 2566.52173800017 -Inf -5030.16577238464 -4221.42818976454 -3289.00555170354 -1730.96820630172 0.124399634826037 1731.21700557137 3289.25435097319 4221.67698903419 5030.41457165429 Inf
"11" 37.0707070707071 0.299664823624753 2428.57989781404 -Inf -4759.62946846986 -3994.35878843724 -3112.05070527011 -1637.75258378419 0.299664823624753 1638.35191343144 3112.65003491736 3994.95811808449 4760.22879811711 Inf 0.516018438082094 2566.52171114339 -Inf -5029.77410094307 -4221.03652678582 -3288.61389848193 -1730.57656938384 0.516018438082094 1731.60860626001 3289.6459353581 4222.06856366198 5030.80613781923 Inf
"12" 37.7777777777778 1.14363615295083 2428.57954830534 -Inf -4758.78481211606 -3993.51424221725 -3111.20628602735 -1636.90837671483 1.14363615295083 1639.19564902073 3113.49355833325 3995.80151452315 4761.07208442196 Inf 1.93124966514428 2566.52134286277 -Inf -5028.35814789925 -4219.62068979104 -3287.19819528427 -1729.16108975528 1.93124966514428 1733.02358908556 3291.06069461455 4223.48318912133 5032.22064722954 Inf
"13" 38.4848484848485 3.94867971154398 2428.5756715428 -Inf -4755.97217024253 -3990.70282195175 -3108.39627419767 -1634.10071831964 3.94867971154398 1641.99807774273 3116.29363362076 3998.60018137483 4763.86952966562 Inf 6.51770383947218 2566.5172574979 -Inf -5023.76368655693 -4215.0275157895 -3282.6065055042 -1724.57188004422 6.51770383947218 1737.60728772317 3295.64191318315 4228.06292346844 5036.79909423587 Inf
"14" 39.1919191919192 12.3323420829794 2428.54098498118 -Inf -4747.52052345956 -3982.26210526362 -3099.96815920888 -1625.69366021792 12.3323420829794 1650.35834438388 3124.63284337484 4006.92678942957 4772.18520762552 Inf 19.8224036545179 2566.4807004458 -Inf -5010.38733623639 -4201.66268497472 -3269.25495594181 -1711.24252287224 19.8224036545179 1750.88733018127 3308.89976325084 4241.30749228375 5050.03214354542 Inf
"15" 39.8989898989899 34.8305732040168 2428.29153628713 -Inf -4724.53338188219 -3959.35356755343 -3077.15024672345 -1603.02717850955 34.8305732040168 1672.68832491758 3146.81139313149 4029.01471396146 4794.19452829022 Inf 54.2896027149646 2566.21776551848 -Inf -4975.40479418811 -4166.76299644541 -3234.45079221361 -1676.59797689834 54.2896027149646 1785.17718232827 3343.02999764354 4275.34220187534 5083.98399961804 Inf
"16" 40.6060606060606 88.932024813961 2426.85596393252 -Inf -4667.61826016002 -3902.89080954926 -3021.20903511501 -1547.95744806076 88.932024813961 1725.82149768868 3199.07308474294 4080.75485917718 4845.48230978794 Inf 133.798503625915 2564.70434487372 -Inf -4892.92964331997 -4084.76474009782 -3153.00236470604 -1596.06828927476 133.798503625915 1863.6652965266 3420.59937195787 4352.36174734965 5160.5266505718 Inf
"17" 41.3131313131313 205.194208802902 2420.27727137571 -Inf -4538.46207569436 -3775.80763924764 -2896.51591738065 -1427.25800337255 205.194208802902 1837.64642097836 3306.90433498645 4186.19605685344 4948.85049330016 Inf 296.512966476678 2557.76763740735 -Inf -4716.61948366383 -3910.6404088119 -2981.39815354203 -1428.67508833783 296.512966476678 2021.70102129118 3574.42408649538 4503.66634176525 5309.64541661718 Inf
"18" 42.020202020202 427.636695647237 2396.37853865219 -Inf -4269.17893343579 -3514.0552352035 -2643.44597219997 -1188.69606626353 427.636695647237 2043.96945755801 3498.71936349444 4369.32862649797 5124.45232473026 Inf 590.521362009443 2532.56304005654 -Inf -4373.21098507865 -3575.17413991081 -2655.08876681542 -1117.66645023413 590.521362009443 2298.70917425301 3836.1314908343 4756.21686392969 5554.25370909754 Inf
"19" 42.7272727272727 804.565047800374 2327.69642297307 -Inf -3757.63610816956 -3024.15485596885 -2178.49794717333 -765.442331063047 804.565047800374 2374.57242666379 3787.62804277408 4633.2849515696 5366.76620377031 Inf 1056.6214714938 2460.11117778095 -Inf -3765.10783492128 -2989.90132198306 -2096.13785980515 -602.698302262264 1056.6214714938 2715.94124524986 4209.38080279275 5103.14426497066 5878.35077790888 Inf
"20" 43.4343434343434 1365.89915886541 2171.24112467589 -Inf -2889.65524725156 -2205.47468004391 -1416.65830363779 -98.5807249326842 1365.89915886541 2830.37904266351 4148.45662136861 4937.27299777474 5621.45356498239 Inf 1699.43153937192 2295.02795053317 -Inf -2798.74058718587 -2075.55350901757 -1241.76512360248 151.458710323775 1699.43153937192 3247.40436842007 4640.62820234632 5474.41658776141 6197.60366592971 Inf
"21" 44.1414141414141 2092.03530632285 1887.50466079887 -Inf -1607.40584949443 -1012.63358087998 -326.899246696674 818.93275916668 2092.03530632285 3365.13785347902 4510.96985934237 5196.70419352568 5791.47646214013 Inf 2461.48252622245 1995.57013503516 -Inf -1449.7630670702 -820.938248226176 -95.9435044859124 1115.49092434382 2461.48252622245 3807.47412810107 5018.90855693081 5743.90330067107 6372.72811951509 Inf
"22" 44.8484848484848 2892.66349616031 1477.71084718218 -Inf -3.59654388093122 462.045449587171 998.900846531752 1895.96267598236 2892.66349616031 3889.36431633826 4786.42614578888 5323.28154273345 5788.92353620156 Inf 3224.52899697762 1562.96658889057 -Inf 161.170773712686 653.677734436999 1221.50671809101 2170.324052872 3224.52899697762 4278.73394108325 5227.55127586424 5795.38025951825 6287.88722024256 Inf
"23" 45.5555555555556 3620.35035374808 1014.6534505947 -Inf 1631.66613379319 1951.39394543857 2320.01963565322 2935.97700132088 3620.35035374808 4304.72370617529 4920.68107184295 5289.30676205759 5609.03457370298 Inf 3852.16488933896 1074.02695003872 -Inf 1747.11074883767 2085.54776512414 2475.74397007975 3127.74472010349 3852.16488933896 4576.58505857444 5228.58580859818 5618.78201355378 5957.21902984026 Inf
"24" 46.2626262626263 4129.28339691899 634.491494441221 -Inf 2885.7029193172 3085.63776101748 3316.14982889311 3701.32538733179 4129.28339691899 4557.24140650619 4942.41696494487 5172.92903282049 5372.86387452078 Inf 4255.83170329682 672.502594562754 -Inf 2937.75083844408 3149.663371496 3393.98495040212 3802.23559628397 4255.83170329682 4709.42781030967 5117.67845619153 5362.00003509764 5573.91256814956 Inf
"25" 46.969696969697 4354.46497172316 450.091787613611 -Inf 3472.30127826323 3614.12986240584 3777.64913666817 4050.88267433035 4354.46497172316 4658.04726911598 4931.28080677816 5094.80008104048 5236.62866518309 Inf 4438.1052288679 477.48260217291 -Inf 3502.25652536453 3652.71623887757 3826.1866525329 4116.04810780532 4438.1052288679 4760.16234993049 5050.02380520291 5223.49421885824 5373.95393237127 Inf
"26" 47.6767676767677 4355.94344048341 396.202496746979 -Inf 3579.40081627449 3704.24832670191 3848.18951050464 4088.70891742548 4355.94344048341 4623.17796354135 4863.69737046218 5007.63855426491 5132.48606469234 Inf 4477.42142315522 420.28296753058 -Inf 3653.68194347967 3786.11745966662 3938.80712814468 4193.94486937385 4477.42142315522 4760.89797693659 5016.03571816577 5168.72538664383 5301.16090283078 Inf
"27" 48.3838383838384 4282.4607350168 365.553653992473 -Inf 3565.98873877453 3681.17848140191 3813.98487745219 4035.89854225215 4282.4607350168 4529.02292778144 4750.9365925814 4883.74298863168 4998.93273125906 Inf 4467.34680010028 387.817090400266 -Inf 3707.23927032664 3829.44445236163 3970.33920075287 4205.76814767443 4467.34680010028 4728.92545252612 4964.35439944769 5105.24914783892 5227.45432987391 Inf
"28" 49.0909090909091 4268.33203168096 351.783039896942 -Inf 3578.84994311094 3689.70042260646 3817.503926169 4031.05797697765 4268.33203168096 4505.60608638427 4719.16013719292 4846.96364075546 4957.81412025098 Inf 4463.43756753226 373.228446717185 -Inf 3731.92325396075 3849.53140326804 3985.12606733607 4211.69880573992 4463.43756753226 4715.17632932461 4941.74906772845 5077.34373179649 5194.95188110377 Inf
"29" 49.7979797979798 4342.44706503794 349.350742827758 -Inf 3657.73219112322 3767.81622861951 3894.73607364286 4106.81356977723 4342.44706503794 4578.08056029865 4790.15805643303 4917.07790145637 5027.16193895266 Inf 4476.39860027847 370.644904730315 -Inf 3749.94793595378 3866.74198442173 4001.39804236021 4226.40241107547 4476.39860027847 4726.39478948148 4951.39915819674 5086.05521613522 5202.84926460317 Inf
"30" 50.5050505050505 4429.71512168832 347.606685261086 -Inf 3748.41853779124 3857.95300468404 3984.2392299982 4195.25797538008 4429.71512168832 4664.17226799656 4875.19101337843 5001.47723869259 5111.0117055854 Inf 4498.2553835674 368.798870439553 -Inf 3775.42287996683 3891.6352239093 4025.62061378451 4249.50432557203 4498.2553835674 4747.00644156278 4970.89015335029 5104.87554322551 5221.08788716798 Inf
"31" 51.2121212121212 4443.41324306402 345.979765588569 -Inf 3765.30536313082 3874.32717078384 4000.02233282724 4210.05343739929 4443.41324306402 4676.77304872875 4886.80415330081 5012.4993153442 5121.52112299723 Inf 4521.02351292788 367.0717754973 -Inf 3801.576053212 3917.24417164963 4050.60210437208 4273.43736276868 4521.02351292788 4768.60966308709 4991.44492148368 5124.80285420613 5240.47097264376 Inf
"32" 51.9191919191919 4375.4169733765 344.79134692452 -Inf 3699.63835122339 3808.28567584622 3933.54908293915 4142.85874391961 4375.4169733765 4607.97520283339 4817.28486381385 4942.54827090678 5051.19559552962 Inf 4533.43366595898 365.813542283733 -Inf 3816.45229802584 3931.72393414562 4064.62474814785 4286.69618120568 4533.43366595898 4780.17115071228 5002.24258377011 5135.14339777234 5250.41503389212 Inf
"33" 52.6262626262626 4293.75879411362 344.967267261986 -Inf 3617.63537443493 3726.33813337821 3851.66545269238 4061.08190819226 4293.75879411362 4526.43568003499 4735.85213553487 4861.17945484904 4969.88221379232 Inf 4518.82912685746 365.998597182016 -Inf 3801.48505798852 3916.81500682347 4049.78305165172 4271.96682447204 4518.82912685746 4765.69142924287 4987.8752020632 5120.84324689145 5236.17319572639 Inf
"34" 53.3333333333333 4260.93627568197 344.489569317351 -Inf 3585.74912677025 3694.30135814337 3819.45512880953 4028.58159212795 4260.93627568197 4493.29095923598 4702.4174225544 4827.57119322056 4936.12342459369 Inf 4472.89513073544 365.491933597279 -Inf 3756.54410424487 3871.71439813645 4004.49837103992 4226.37456774473 4472.89513073544 4719.41569372615 4941.29189043096 5074.07586333443 5189.24615722601 Inf
"35" 54.040404040404 4273.43112155861 343.362854235285 -Inf 3600.45229362858 3708.6494854093 3833.39391816352 4041.83639577884 4273.43112155861 4505.02584733838 4713.46832495371 4838.21275770793 4946.40994948865 Inf 4421.56547996825 364.298642753673 -Inf 3707.55326055423 3822.34753614137 3954.6979840215 4175.84977942055 4421.56547996825 4667.28118051594 4888.43297591499 5020.78342379513 5135.57769938227 Inf
"36" 54.7474747474747 4286.45707999353 343.153179810705 -Inf 3613.88920638415 3722.02032758196 3846.68858518552 4055.00377746402 4286.45707999353 4517.91038252305 4726.22557480155 4850.8938324051 4959.02495360291 Inf 4405.65742239342 364.075153012175 -Inf 3692.08323482365 3806.80708647843 3939.07634007477 4160.09246338563 4405.65742239342 4651.2223814012 4872.23850471206 5004.5077583084 5119.23160996319 Inf
"37" 55.4545454545455 4277.46069251331 342.677225738248 -Inf 3605.82567174425 3713.80681488409 3838.30215739198 4046.32841612724 4277.46069251331 4508.59296889939 4716.61922763465 4841.11457014254 4949.09571328238 Inf 4437.54465304426 363.57103013683 -Inf 3724.95852815394 3839.52352546921 3971.60963018574 4192.31971974873 4437.54465304426 4682.76958633978 4903.47967590277 5035.5657806193 5150.13077793457 Inf
"38" 56.1616161616162 4263.2997186829 342.554491827517 -Inf 3591.90525195855 3699.84772037189 3824.29847339701 4032.25022506162 4263.2997186829 4494.34921230419 4702.30096396879 4826.75171699391 4934.69418540726 Inf 4480.20147175102 363.441095860376 -Inf 3767.87001336291 3882.39406704186 4014.43296636791 4235.06417779316 4480.20147175102 4725.33876570887 4945.96997713413 5078.00887646018 5192.53293013912 Inf
"39" 56.8686868686869 4262.13144390184 343.064532653683 -Inf 3589.73731552755 3697.84050308802 3822.47655499668 4030.73793297112 4262.13144390184 4493.52495483256 4701.78633280699 4826.42238471566 4934.52557227612 Inf 4483.73999183203 363.981076611399 -Inf 3770.35019061957 3885.04439782607 4017.27947327208 4238.23848639231 4483.73999183203 4729.24149727175 4950.20051039198 5082.43558583799 5197.12979304449 Inf
"40" 57.5757575757576 4265.60290343122 342.773357463437 -Inf 3593.77946794301 3701.79090318515 3826.32117054697 4034.40578718183 4265.60290343122 4496.8000196806 4704.88463631546 4829.41490367729 4937.42633891943 Inf 4444.32459009154 363.67303876315 -Inf 3731.53853196753 3846.13567325751 3978.25883791826 4199.03085302313 4444.32459009154 4689.61832715994 4910.39034226482 5042.51350692557 5157.11064821555 Inf
"41" 58.2828282828283 4258.1841244814 342.538412271091 -Inf 3586.82117310853 3694.7585746871 3819.20348597622 4027.14547635611 4258.1841244814 4489.22277260669 4697.16476298658 4821.60967427571 4929.54707585428 Inf 4411.85993922294 363.423934554556 -Inf 3699.56211637617 3814.0807623499 3946.11342693817 4166.73422038996 4411.85993922294 4656.98565805592 4877.60645150771 5009.63911609597 5124.15776206971 Inf
"42" 58.989898989899 4244.74063270611 342.791429074872 -Inf 3572.88177751034 3680.89890730443 3805.43574011994 4013.53132734004 4244.74063270611 4475.94993807218 4684.04552529228 4808.58235810779 4916.59948790187 Inf 4428.84767509965 363.691835502448 -Inf 3716.02477604358 3830.62784038081 3962.7578339357 4183.54125982325 4428.84767509965 4674.15409037605 4894.9375162636 5027.06750981849 5141.67057415571 Inf
"43" 59.6969696969697 4241.02596128755 342.660310472664 -Inf 3569.42409382982 3677.39990679427 3801.88910395131 4009.90509407473 4241.02596128755 4472.14682850037 4680.16281862379 4804.65201578083 4912.62782874529 Inf 4473.75212789999 363.553113589339 -Inf 3761.20111879748 3875.76047042306 4007.84006602095 4228.5392791321 4473.75212789999 4718.96497666787 4939.66418977902 5071.74378537691 5186.30313700249 Inf
"44" 60.4040404040404 4244.18684423872 342.3583187357 -Inf 3573.17686970906 3681.0575219493 3805.43700488577 4013.26966735713 4244.18684423872 4475.10402112031 4682.93668359167 4807.31616652814 4915.19681876838 Inf 4484.60868197353 363.232782277393 -Inf 3772.68551070556 3887.14392261689 4019.10714118882 4239.61189339222 4484.60868197353 4729.60547055484 4950.11022275825 5082.07344133017 5196.5318532415 Inf
"45" 61.1111111111111 4230.37100360786 342.094342285255 -Inf 3559.87841341385 3667.67588394038 3791.95946368824 3999.63187613639 4230.37100360786 4461.11013107934 4668.78254352748 4793.06612327534 4900.86359380188 Inf 4435.49846217445 362.952875313615 -Inf 3724.12389847451 3838.49410880238 3970.35563659737 4190.69046797122 4435.49846217445 4680.30645637768 4900.64128775152 5032.50281554651 5146.87302587439 Inf
"46" 61.8181818181818 4184.95083098885 341.700153709573 -Inf 3515.23083620629 3622.90409382979 3747.04446405552 3954.47757967132 4184.95083098885 4415.42408230638 4622.85719792219 4746.99756814792 4854.67082577142 Inf 4365.93873391072 362.534831100469 -Inf 3655.38352181249 3769.62200207887 3901.33165354947 4121.41270624438 4365.93873391072 4610.46476157705 4830.54581427197 4962.25546574256 5076.49394600895 Inf
"47" 62.5252525252525 4126.26364035203 341.377297684571 -Inf 3457.17643175067 3564.74795409668 3688.77103006299 3896.00815211415 4126.26364035203 4356.51912858991 4563.75625064108 4687.77932660739 4795.3508489534 Inf 4327.68169519025 362.192628084698 -Inf 3617.79718867833 3731.92783723005 3863.51316563959 4083.38647995054 4327.68169519025 4571.97691042996 4791.85022474091 4923.43555315045 5037.56620170217 Inf
"48" 63.2323232323232 4093.92691678356 341.499272316515 -Inf 3424.60064229656 3532.21060011246 3656.27798971399 3863.58915790665 4093.92691678356 4324.26467566047 4531.57584385314 4655.64323345467 4763.25319127057 Inf 4325.7571241177 362.321850885267 -Inf 3615.61934557068 3729.79071356529 3861.42298888467 4081.37474942351 4325.7571241177 4570.13949881188 4790.09125935073 4921.7235346701 5035.89490266471 Inf
"49" 63.9393939393939 4112.42017342142 341.743580241394 -Inf 3442.61506420052 3550.30200597398 3674.45815314825 3881.91763135329 4112.42017342142 4342.92271548956 4550.3821936946 4674.53834086886 4782.22528264233 Inf 4328.7933226351 362.580808917802 -Inf 3618.14799567081 3732.40096402365 3864.12731933006 4084.23628340224 4328.7933226351 4573.35036186796 4793.45932594014 4925.18568124654 5039.43864959939 Inf
"50" 64.6464646464646 4163.78869030087 341.717150331956 -Inf 3494.03538275058 3601.71399618583 3725.86054131951 3933.30397493575 4163.78869030087 4394.27340566599 4601.71683928223 4725.86338441591 4833.54199785116 Inf 4318.98550585561 362.552902113598 -Inf 3608.39487522249 3722.63904985228 3854.35526655919 4074.44728947615 4318.98550585561 4563.52372223508 4783.61574515203 4915.33196185895 5029.57613648874 Inf
"51" 65.3535353535354 4198.42395759359 341.39643994037 -Inf 3529.29923086027 3636.87678512935 3760.90681551665 3968.15555810037 4198.42395759359 4428.6923570868 4635.94109967052 4759.97113005782 4867.5486843269 Inf 4306.73508819469 362.212664631267 -Inf 3596.81131077313 3710.9482730482 3842.54088077641 4062.42635850969 4306.73508819469 4551.04381787969 4770.92929561297 4902.52190334119 5016.65886561626 Inf
"52" 66.0606060606061 4181.21029719186 341.006761902202 -Inf 3512.84932537892 3620.30408806204 3744.1925476148 3951.20473154127 4181.21029719186 4411.21586284245 4618.22804676892 4742.11650632167 4849.5712690048 Inf 4302.74156031498 361.799706997557 -Inf 3593.62716498262 3707.63400003007 3839.07657939868 4058.71136632118 4302.74156031498 4546.77175430877 4766.40654123127 4897.84912059989 5011.85595564733 Inf
"53" 66.7676767676768 4127.30977815747 341.051240519514 -Inf 3458.86162985651 3566.33040821264 3690.23502693875 3897.2742121354 4127.30977815747 4357.34534417954 4564.38452937618 4688.28914810229 4795.75792645842 Inf 4298.91238746391 361.846701086336 -Inf 3589.70588541006 3703.72752878162 3835.18718119956 4054.85049643891 4298.91238746391 4542.9742784889 4762.63759372825 4894.09724614619 5008.11888951775 Inf
"54" 67.4747474747475 4081.44763919289 341.16821296175 -Inf 3412.77022911797 3520.2758667022 3644.22298175771 3851.33317645748 4081.44763919289 4311.56210192831 4518.67229662808 4642.61941168358 4750.12504926781 Inf 4279.00267237115 361.970668462529 -Inf 3569.5531987247 3683.61390550051 3815.11859552177 4034.85716662155 4279.00267237115 4523.14817812075 4742.88674922053 4874.39143924179 4988.45214601759 Inf
"55" 68.1818181818182 4062.44141833931 341.125712289065 -Inf 3393.84730805217 3501.33955323424 3625.27122770775 3832.355621872 4062.44141833931 4292.52721480663 4499.61160897088 4623.54328344439 4731.03552862645 Inf 4235.2703533381 361.925820873685 -Inf 3525.90877935058 3639.95535418663 3771.44375098641 3991.15509682749 4235.2703533381 4479.3856098487 4699.09695568978 4830.58535248957 4944.63192732561 Inf
"56" 68.8888888888889 4047.37479409287 341.196283857808 -Inf 3378.64236607266 3486.15684908699 3610.11416235689 3817.24139782578 4047.37479409287 4277.50819035995 4484.63542582884 4608.59273909874 4716.10722211307 Inf 4176.36445461968 362.000426429349 -Inf 3466.85665643001 3580.92674024938 3712.44224140133 3932.19887742647 4176.36445461968 4420.53003181288 4640.28666783802 4771.80216898997 4885.87225280934 Inf
"57" 69.5959595959596 4015.84011749498 341.331550856073 -Inf 3346.84257102987 3454.39967807639 3578.40613412561 3785.61548502402 4015.84011749498 4246.06474996593 4453.27410086434 4577.28055691356 4684.83766396008 Inf 4127.46365469043 362.14412688453 -Inf 3417.67420878404 3531.78957410523 3663.35728192877 3883.2011530131 4127.46365469043 4371.72615636775 4591.57002745208 4723.13773527562 4837.25310059681 Inf
"58" 70.3030303030303 3983.13554602469 341.667002774279 -Inf 3313.48052588136 3421.14333730178 3545.27166372438 3752.68465467322 3983.13554602469 4213.58643737616 4420.999428325 4545.1277547476 4652.79056616803 Inf 4112.40465865495 362.499553374669 -Inf 3401.91858962875 3516.14595351834 3647.84278851843 3867.90242545308 4112.40465865495 4356.90689185683 4576.96652879148 4708.66336379157 4822.89072768116 Inf
"59" 71.010101010101 3969.82637218369 341.614224098503 -Inf 3300.27479634403 3407.92097665705 3532.03012847795 3739.41107950806 3969.82637218369 4200.24166485931 4407.62261588943 4531.73176771032 4639.37794802335 Inf 4121.76459112916 362.443453081189 -Inf 3411.38847665769 3525.59816276375 3657.27461641157 3877.30019700022 4121.76459112916 4366.22898525809 4586.25456584674 4717.93101949456 4832.14070560062 Inf
"60" 71.7171717171717 3961.45320629084 341.042811926326 -Inf 3293.02157772897 3400.48770014809 3524.38925674892 3731.42332526848 3961.45320629084 4191.4830873132 4398.51715583276 4522.41871243359 4629.88483485271 Inf 4113.21936863795 361.837949734751 -Inf 3404.03001891802 3518.04890464806 3649.50537768193 3869.1633803099 4113.21936863795 4357.27535696601 4576.93335959397 4708.38983262784 4822.40871835788 Inf
"61" 72.4242424242424 3930.54444258513 340.906391683045 -Inf 3262.38019278685 3369.80332777433 3493.65532261956 3700.60657561858 3930.54444258513 4160.48230955167 4367.4335625507 4491.28555739592 4598.7086923834 Inf 4066.68300215035 361.693153625323 -Inf 3357.77744759 3471.75070656622 3603.15457487505 3822.72467731397 4066.68300215035 4310.64132698672 4530.21142942564 4661.61529773447 4775.58855671069 Inf
"62" 73.1313131313131 3887.35598578967 341.338844513779 -Inf 3218.34414401815 3325.90354937176 3449.91265522185 3657.12643382135 3887.35598578967 4117.58553775799 4324.79931635749 4448.80842220758 4556.36782756119 Inf 4024.50194032237 362.151793128237 -Inf 3314.69746885443 3428.81524988841 3560.3857428741 3780.23426784225 4024.50194032237 4268.7696128025 4488.61813777065 4620.18863075633 4734.30641179032 Inf
"63" 73.8383838383838 3872.28776607571 341.951937595455 -Inf 3202.07428394493 3309.82688127874 3434.05872510924 3641.64468910788 3872.28776607571 4102.93084304353 4310.51680704217 4434.74865087268 4542.50124820649 Inf 4040.29075478156 362.801700642336 -Inf 3329.2124879927 3443.53506161585 3575.34166734113 3795.5847263446 4040.29075478156 4284.99678321852 4505.23984222199 4637.04644794727 4751.36902157042 Inf
"64" 74.5454545454545 3895.77605715235 342.400667849771 -Inf 3224.68307988434 3332.57707676905 3456.97194522596 3664.83031622739 3895.77605715235 4126.72179807732 4334.58016907874 4458.97503753566 4566.86903442037 Inf 4092.33895672448 363.277741653595 -Inf 3380.32766669839 3494.80024577482 3626.77979818081 3847.31184350475 4092.33895672448 4337.36606994421 4557.89811526815 4689.87766767413 4804.35024675057 Inf
"65" 75.2525252525253 3918.79268066531 342.83064807329 -Inf 3246.85695764513 3354.88644575183 3479.43752691031 3687.55692248679 3918.79268066531 4150.02843884382 4358.1478344203 4482.69891557878 4590.72840368548 Inf 4095.04812073032 363.733662612003 -Inf 3382.14324204595 3496.75948653863 3628.90467596864 3849.71349349725 4095.04812073032 4340.3827479634 4561.19156549201 4693.33675492202 4807.95299941469 Inf
"66" 75.959595959596 3904.84555301237 343.427695929219 -Inf 3231.73963769753 3339.95726176761 3464.72525164291 3673.20709217466 3904.84555301237 4136.48401385009 4344.96585438184 4469.73384425714 4577.95146832722 Inf 4013.08234813472 364.366739534583 -Inf 3298.93666148265 3413.75239507078 3546.12758265179 3767.32071700628 4013.08234813472 4258.84397926316 4480.03711361765 4612.41230119866 4727.22803478679 Inf
"67" 76.6666666666667 3865.052665092 344.314998028717 -Inf 3190.20766961874 3298.70489177068 3423.79524032781 3632.81572808285 3865.052665092 4097.28960210115 4306.31008985619 4431.40043841332 4539.89766056527 Inf 3920.75307762855 365.307806068458 -Inf 3204.76293446303 3319.87520786316 3452.59228685585 3674.35670676876 3920.75307762855 4167.14944848834 4388.91386840125 4521.63094739394 4636.74322079407 Inf
"68" 77.3737373737374 3834.61718082812 345.430098642048 -Inf 3157.58662831359 3266.43523021854 3391.93069712718 3601.62811988484 3834.61718082812 4067.60624177141 4277.30366452906 4402.7991314377 4511.64773334266 Inf 3911.37385393279 366.489543536922 -Inf 3193.0675478899 3308.5521990063 3441.69860565733 3664.1804132631 3911.37385393279 4158.56729460249 4381.04910220826 4514.19550885929 4629.68015997568 Inf
"69" 78.0808080808081 3825.00822626083 346.321199387369 -Inf 3146.23114837888 3255.36054535834 3381.17975100467 3591.41812699844 3825.00822626083 4058.59832552323 4268.836701517 4394.65590716333 4503.78530414279 Inf 3974.21287269379 367.435363688262 -Inf 3254.05279321842 3369.83548206092 3503.32550712265 3726.38148602649 3974.21287269379 4222.04425936109 4445.10023826493 4578.59026332666 4694.37295216916 Inf
"70" 78.7878787878788 3821.0531325338 347.855542488572 -Inf 3139.26879743355 3248.8816818163 3375.2583174742 3586.42813457636 3821.0531325338 4055.67813049124 4266.84794759339 4393.2245832513 4502.83746763404 Inf 4006.88268349989 369.061564712133 -Inf 3283.53530858611 3399.83043021475 3533.91125746072 3757.95444091023 4006.88268349989 4255.81092608955 4479.85410953906 4613.93493678503 4730.23005841367 Inf
"71" 79.4949494949495 3810.49870100055 352.217876693956 -Inf 3120.16434796923 3231.15184904335 3359.11332971062 3572.93135333465 3810.49870100055 4048.06604866645 4261.88407229048 4389.84555295775 4500.83305403187 Inf 3942.36692359747 373.688769062517 -Inf 3209.95039480783 3327.70359645396 3463.46549657897 3690.31767910141 3942.36692359747 4194.41616809353 4421.26835061598 4557.03025074098 4674.78345238711 Inf
"72" 80.2020202020202 3785.26164771036 362.855240063235 -Inf 3074.07844558478 3188.417890034 3320.24394674126 3540.51950748276 3785.26164771036 4030.00378793795 4250.27934867946 4382.10540538671 4496.44484983593 Inf 3816.3467825733 384.960742253844 -Inf 3061.83759229396 3183.14270944313 3322.99974066468 3556.69470769521 3816.3467825733 4075.99885745139 4309.69382448193 4449.55085570347 4570.85597285264 Inf
"73" 80.9090909090909 3708.76687400975 378.232584749608 -Inf 2967.44463012102 3086.62963515312 3224.04231288391 3453.65287240596 3708.76687400975 3963.88087561353 4193.49143513559 4330.90411286637 4450.08911789847 Inf 3692.05981177067 401.259848488829 -Inf 2905.60496029057 3032.04609463382 3177.82462474962 3421.41415679972 3692.05981177067 3962.70546674162 4206.29499879172 4352.07352890752 4478.51466325077 Inf
"74" 81.6161616161616 3507.0923529211 423.762175509182 -Inf 2676.53375091276 2810.06560156998 2964.01927347872 3221.26910901936 3507.0923529211 3792.91559682284 4050.16543236348 4204.11910427222 4337.65095492944 Inf 3551.72056937285 449.552645108063 -Inf 2670.61357580633 2812.27227056123 2975.5956732399 3248.50191807393 3551.72056937285 3854.93922067178 4127.84546550581 4291.16886818448 4432.82756293937 Inf
"75" 82.3232323232323 3115.97610604613 612.785536879387 -Inf 1914.93852351549 2108.03359316667 2330.65984191526 2702.65854235258 3115.97610604613 3529.29366973968 3901.292370177 4123.9186189256 4317.01368857677 Inf 3295.00727691922 649.489705738819 -Inf 2022.03084534162 2226.69177876708 2462.65272772453 2856.93312754052 3295.00727691922 3733.08142629792 4127.3618261139 4363.32277507136 4567.98370849682 Inf
"76" 83.030303030303 2541.82662295086 985.869205361095 -Inf 609.55848697599 920.216084812895 1278.38439939814 1876.86794890084 2541.82662295086 3206.78529700087 3805.26884650358 4163.43716108882 4474.09475892573 Inf 2841.21692785041 1043.71706953787 -Inf 795.569061506493 1124.45512050988 1503.63968339853 2137.24046234242 2841.21692785041 3545.19339335839 4178.79417230229 4557.97873519094 4886.86479419432 Inf
"77" 83.7373737373737 1874.01898041999 1437.42024672148 -Inf -943.272933802794 -490.32692585332 31.8908128885687 904.493757282028 1874.01898041999 2843.54420355795 3716.14714795141 4238.3648866933 4691.31089464278 Inf 2215.82935733441 1520.62746713968 -Inf -764.545712161728 -285.380247232325 267.066846211432 1190.18171688207 2215.82935733441 3241.47699778676 4164.59186845739 4717.03896190115 5196.20442683055 Inf
"78" 84.4444444444444 1237.2384651731 1846.11376324316 -Inf -2381.0780221472 -1799.34845406244 -1128.65151828461 -7.94634583032644 1237.2384651731 2482.42327617653 3603.12844863081 4273.82538440864 4855.5549524934 Inf 1539.11048247021 1952.08166892436 -Inf -2286.89928350237 -1671.7781307655 -962.582836410719 222.451405235068 1539.11048247021 2855.76955970535 4040.80380135114 4749.99909570592 5365.12024844279 Inf
"79" 85.1515151515152 727.719130935692 2139.94033550939 -Inf -3466.48685572726 -2792.16949138667 -2014.7247562084 -715.648691396553 727.719130935692 2171.08695326794 3470.16301807978 4247.60775325805 4921.92511759865 Inf 945.170865156971 2262.13749204543 -Inf -3488.53714732983 -2775.71419329686 -1953.87497925099 -580.617686761942 945.170865156971 2470.95941707588 3844.21670956493 4666.0559236108 5378.87887764378 Inf
"80" 85.8585858585859 380.188788232423 2309.82903204687 -Inf -4146.99292502445 -3419.14187276768 -2579.97622392761 -1177.76721858853 380.188788232423 1938.14479505337 3340.35380039246 4179.51944923252 4907.3705014893 Inf 511.471395383897 2441.33483392334 -Inf -4273.45695330892 -3504.16706079788 -2617.22508304913 -1135.18392689405 511.471395383897 2158.12671766184 3640.16787381692 4527.10985156567 5296.39974407672 Inf
"81" 86.5656565656566 176.005056021113 2388.58703013855 -Inf -4505.53949698993 -3752.87098379153 -2885.09239189247 -1435.07241325864 176.005056021113 1787.08252530086 3237.1025039347 4104.88109583375 4857.54960903216 Inf 243.423895774543 2524.37494389795 -Inf -4704.26007774075 -3908.80338648141 -2991.69276559943 -1459.24112953643 243.423895774543 1946.08892108552 3478.54055714852 4395.6511780305 5191.10786928984 Inf
"82" 87.2727272727273 71.9933878875293 2417.66515091989 -Inf -4666.54323459305 -3904.71190435724 -3026.36917123648 -1558.6969758142 71.9933878875293 1702.68375158926 3170.35594701154 4048.69868013229 4810.53001036811 Inf 101.658760479729 2555.02259207967 -Inf -4906.09349968259 -4100.97941704547 -3172.73444240179 -1621.67778939743 101.658760479729 1824.99531035689 3376.05196336125 4304.29693800492 5109.41102064205 Inf
"83" 87.979797979798 25.9036997612922 2426.17814476049 -Inf -4729.31808404746 -3964.80422127839 -3083.3686999466 -1610.5285910294 25.9036997612922 1662.33599055198 3135.17609946919 4016.61162080097 4781.12548357005 Inf 37.1025440741311 2563.99205421438 -Inf -4988.22953883292 -4180.28908577515 -3248.78548704822 -1692.28381607766 37.1025440741311 1766.48890422593 3322.99057519649 4254.49417392341 5062.43462698118 Inf
"84" 88.6868686868687 8.13596511168202 2428.1542762334 -Inf -4750.9589652127 -3985.82240294855 -3103.66894897905 -1629.62920610253 8.13596511168202 1645.9011363259 3119.94087920241 4002.09433317192 4767.23089543607 Inf 11.7431335356816 2566.07352999672 -Inf -5017.66856693945 -4209.07221930359 -3276.81241613417 -1719.04716069658 11.7431335356816 1742.53342776795 3300.29868320554 4232.55848637495 5041.15483401081 Inf
"85" 89.3939393939394 2.19961159485376 2428.51911432362 -Inf -4757.61038824656 -3992.35886172134 -3110.07286132157 -1635.8116391717 2.19961159485376 1640.2108623614 3114.47208451128 3996.75808491104 4762.00961143627 Inf 3.17468203081085 2566.45771914582 -Inf -5026.99001533981 -4218.2726057238 -3285.87322584454 -1727.87474384466 3.17468203081085 1734.22410790628 3292.22258990617 4224.62196978542 5033.33937940144 Inf
"86" 90.1010101010101 0.497517401057092 2428.57290990371 -Inf -4759.41791983986 -3994.14944177016 -3111.84389732525 -1637.55001793287 0.497517401057092 1638.54505273498 3112.83893212737 3995.14447657227 4760.41295464197 Inf 0.70960680004509 2566.51435571255 -Inf -5029.56609620158 -4220.83083981677 -3288.41088375607 -1730.37801985917 0.70960680004509 1731.79723345926 3289.83009735616 4222.25005341686 5030.98530980167 Inf
"87" 90.8080808080808 0.0877571708575582 2428.57927035558 -Inf -4759.84014632664 -3994.56966401268 -3112.2618088025 -1637.96406822266 0.0877571708575582 1638.13958256438 3112.43732314422 3994.74517835439 4760.01566066836 Inf 0.120325089780048 2566.52105081659 -Inf -5030.16850007463 -4221.4311339932 -3289.0087455874 -1730.97181734849 0.120325089780048 1731.21246752805 3289.24939576696 4221.67178417275 5030.40915025419 Inf
"88" 91.5151515151515 0.00919885810374424 2428.57987541384 -Inf -4759.9198905318 -3994.64921755771 -3112.34114252862 -1638.04303464101 0.00919885810374424 1638.06143235722 3112.35954024482 3994.66761527391 4759.938288248 Inf 0.0104196165617308 2566.52168760778 -Inf -5030.27965363565 -4221.54208689471 -3289.11946714136 -1731.08215233084 0.0104196165617308 1731.10299156396 3289.14030637448 4221.56292612783 5030.30049286877 Inf
"89" 92.2222222222222 -0.000859660011320129 2428.57992185309 -Inf -4759.93004006916 -3994.65935246158 -3112.35126056102 -1638.05312448192 -0.000859660011320129 1638.0514051619 3112.349541241 3994.65763314156 4759.92832074914 Inf -0.00221086326610991 2566.52173647584 -Inf -5030.29237989512 -4221.55479775535 -3289.13216024813 -1731.09481577167 -0.00221086326610991 1731.09039404514 3289.1277385216 4221.55037602881 5030.28795816859 Inf
"90" 92.9292929292929 -0.000788272741595302 2428.57992473542 -Inf -4759.92997433116 -3994.65928581533 -3112.35119286761 -1638.05305503876 -0.000788272741595302 1638.05147849327 3112.34961632213 3994.65770926985 4759.92839778568 Inf -0.00140564568579323 2566.52173950857 -Inf -5030.29158062157 -4221.55399752616 -3289.13135891714 -1731.09401259963 -0.00140564568579323 1731.09120130826 3289.12854762577 4221.55118623478 5030.2887693302 Inf
"91" 93.6363636363636 -0.000261202549062244 2428.57992488036 -Inf -4759.92944754505 -3994.65875898355 -3112.35066598317 -1638.05252806632 -0.000261202549062244 1638.05200566123 3112.35014357807 3994.65823657845 4759.92892513995 Inf -0.000439440016181659 2566.52173966106 -Inf -5030.29061471477 -4221.55303157131 -3289.1303929069 -1731.09304649682 -0.000439440016181659 1731.09216761678 3289.12951402686 4221.55215269127 5030.28973583474 Inf
"92" 94.3434343434343 -6.33824485753555e-05 2428.57992488628 -Inf -4759.92924973654 -3994.65856117318 -3112.35046817065 -1638.05233025021 -6.33824485753555e-05 1638.05220348532 3112.35034140575 3994.65843440828 4759.92912297165 Inf -0.000104017723225816 2566.52173966728 -Inf -5030.29027930467 -4221.55269615925 -3289.13005749258 -1731.09271107872 -0.000104017723225816 1731.09250304327 3289.12984945713 4221.5524881238 5030.29007126923 Inf
"93" 95.0505050505051 -1.26329654035754e-05 2428.57992488647 -Inf -4759.92919898744 -3994.65851042402 -3112.35041742142 -1638.05227950086 -1.26329654035754e-05 1638.05225423493 3112.35039215549 3994.65848515808 4759.92917372151 Inf -2.04296129566715e-05 2566.52173966748 -Inf -5030.29019571697 -4221.55261257148 -3289.12997390473 -1731.09262749075 -2.04296129566715e-05 1731.09258663152 3289.1299330455 4221.55257171225 5030.29015485774 Inf
"94" 95.7575757575758 -2.15523101555995e-06 2428.57992488648 -Inf -4759.92918850972 -3994.65849994629 -3112.35040694369 -1638.05226902313 -2.15523101555995e-06 1638.05226471267 3112.35040263323 3994.65849563583 4759.92918419926 Inf -3.44925892499675e-06 2566.52173966749 -Inf -5030.29017873662 -4221.55259559113 -3289.12995692438 -1731.0926105104 -3.44925892499675e-06 1731.09260361188 3289.12995002587 4221.55258869261 5030.29017183811 Inf
"95" 96.4646464646465 -3.20962956635839e-07 2428.57992488648 -Inf -4759.92918667545 -3994.65849811202 -3112.35040510942 -1638.05226718886 -3.20962956635839e-07 1638.05226654694 3112.35040446749 3994.6584974701 4759.92918603353 Inf -5.0945931349454e-07 2566.52173966749 -Inf -5030.29017579682 -4221.55259265133 -3289.12995398458 -1731.0926075706 -5.0945931349454e-07 1731.09260655168 3289.12995296567 4221.55259163241 5030.29017477791 Inf
"96" 97.1717171717172 -4.21816266492423e-08 2428.57992488648 -Inf -4759.92918639667 -3994.65849783324 -3112.35040483064 -1638.05226691008 -4.21816266492423e-08 1638.05226682572 3112.35040474628 3994.65849774888 4759.92918631231 Inf -6.64888121209548e-08 2566.52173966749 -Inf -5030.29017535385 -4221.55259220836 -3289.12995354161 -1731.09260712763 -6.64888121209548e-08 1731.09260699465 3289.12995340864 4221.55259207538 5030.29017522088 Inf
"97" 97.8787878787879 -4.92500628480432e-09 2428.57992488648 -Inf -4759.92918635942 -3994.65849779599 -3112.35040479338 -1638.05226687283 -4.92500628480432e-09 1638.05226686298 3112.35040478353 3994.65849778613 4759.92918634956 Inf -7.71538242853372e-09 2566.52173966749 -Inf -5030.29017529508 -4221.55259214959 -3289.12995348284 -1731.09260706885 -7.71538242853372e-09 1731.09260705342 3289.12995346741 4221.55259213416 5030.29017527965 Inf
"98" 98.5858585858586 -5.13121801909347e-10 2428.57992488648 -Inf -4759.929186355 -3994.65849779157 -3112.35040478897 -1638.05226686841 -5.13121801909347e-10 1638.05226686739 3112.35040478794 3994.65849779055 4759.92918635398 Inf -7.99373926160867e-10 2566.52173966749 -Inf -5030.29017528816 -4221.55259214267 -3289.12995347592 -1731.09260706194 -7.99373926160867e-10 1731.09260706034 3289.12995347433 4221.55259214107 5030.29017528656 Inf
"99" 99.2929292929293 -4.7851185435316e-11 2428.57992488648 -Inf -4759.92918635454 -3994.65849779111 -3112.35040478851 -1638.05226686795 -4.7851185435316e-11 1638.05226686785 3112.35040478841 3994.65849779101 4759.92918635444 Inf -7.41648753871738e-11 2566.52173966749 -Inf -5030.29017528744 -4221.55259214195 -3289.1299534752 -1731.09260706121 -7.41648753871738e-11 1731.09260706106 3289.12995347505 4221.5525921418 5030.29017528729 Inf
"100" 100 -4.00296768053128e-12 2428.57992488648 -Inf -4759.92918635449 -3994.65849779107 -3112.35040478846 -1638.0522668679 -4.00296768053128e-12 1638.0522668679 3112.35040478845 3994.65849779105 4759.92918635449 Inf -6.17487507394736e-12 2566.52173966749 -Inf -5030.29017528737 -4221.55259214188 -3289.12995347513 -1731.09260706114 -6.17487507394736e-12 1731.09260706113 3289.12995347512 4221.55259214187 5030.29017528736 Inf
