"mid_age" "mean_left" "std_left" "min_left" "l.q2.5" "l.q5" "l.q10" "l.q25" "l.q50" "l.q75" "l.q90" "l.q95" "l.q97.5" "max_left" "mean_right" "std_right" "min_right" "r.q2.5" "r.q5" "r.q10" "r.q25" "r.q50" "r.q75" "r.q90" "r.q95" "r.q97.5" "max_right"
"1" 30 1.22756303390454e-12 2499.73631038268 -Inf -4899.3931391971 -4111.70033655525 -3203.54098201961 -1686.04651954609 1.22756303390454e-12 1686.04651954609 3203.54098201961 4111.70033655525 4899.3931391971 Inf 1.59606662495907e-12 2607.47268579406 -Inf -5110.55255482828 -4288.91090440525 -3341.61070259416 -1758.71360048434 1.59606662495907e-12 1758.71360048434 3341.61070259416 4288.91090440525 5110.55255482828 Inf
"2" 30.7070707070707 1.62056600409812e-11 2499.73631038268 -Inf -4899.39313919708 -4111.70033655523 -3203.5409820196 -1686.04651954607 1.62056600409812e-11 1686.04651954611 3203.54098201963 4111.70033655526 4899.39313919711 Inf 2.10706058443442e-11 2607.47268579406 -Inf -5110.55255482826 -4288.91090440523 -3341.61070259414 -1758.71360048432 2.10706058443442e-11 1758.71360048436 3341.61070259418 4288.91090440527 5110.5525548283 Inf
"3" 31.4141414141414 1.93584088847327e-10 2499.73631038268 -Inf -4899.3931391969 -4111.70033655506 -3203.54098201942 -1686.0465195459 1.93584088847327e-10 1686.04651954628 3203.54098201981 4111.70033655544 4899.39313919729 Inf 2.51700641999208e-10 2607.47268579406 -Inf -5110.55255482803 -4288.910904405 -3341.61070259391 -1758.71360048409 2.51700641999208e-10 1758.71360048459 3341.61070259441 4288.9109044055 5110.55255482853 Inf
"4" 32.1212121212121 2.09245101303561e-09 2499.73631038268 -Inf -4899.393139195 -4111.70033655316 -3203.54098201752 -1686.046519544 2.09245101303561e-09 1686.04651954818 3203.5409820217 4111.70033655734 4899.39313919919 Inf 2.72067146751401e-09 2607.47268579406 -Inf -5110.55255482556 -4288.91090440254 -3341.61070259144 -1758.71360048162 2.72067146751401e-09 1758.71360048706 3341.61070259688 4288.91090440797 5110.552554831 Inf
"5" 32.8282828282828 2.04657549739965e-08 2499.73631038268 -Inf -4899.39313917663 -4111.70033653478 -3203.54098199915 -1686.04651952563 2.04657549739965e-08 1686.04651956656 3203.54098204008 4111.70033657571 4899.39313921756 Inf 2.66107512463045e-08 2607.47268579406 -Inf -5110.55255480167 -4288.91090437864 -3341.61070256755 -1758.71360045773 2.66107512463045e-08 1758.71360051095 3341.61070262077 4288.91090443186 5110.55255485489 Inf
"6" 33.5353535353535 1.81131245945992e-07 2499.73631038268 -Inf -4899.39313901597 -4111.70033637412 -3203.54098183848 -1686.04651936496 1.81131245945992e-07 1686.04651972722 3203.54098220074 4111.70033673638 4899.39313937823 Inf 2.3552367508093e-07 2607.47268579406 -Inf -5110.55255459276 -4288.91090416973 -3341.61070235864 -1758.71360024882 2.3552367508093e-07 1758.71360071986 3341.61070282969 4288.91090464078 5110.5525550638 Inf
"7" 34.2424242424242 1.45064694280138e-06 2499.73631038268 -Inf -4899.39313774645 -4111.7003351046 -3203.54098056897 -1686.04651809544 1.45064694280138e-06 1686.04652099674 3203.54098347026 4111.70033800589 4899.39314064774 Inf 1.8863360849817e-06 2607.47268579406 -Inf -5110.55255294194 -4288.91090251892 -3341.61070070783 -1758.71359859801 1.8863360849817e-06 1758.71360237068 3341.6107044805 4288.91090629159 5110.55255671462 Inf
"8" 34.9494949494949 1.05135033956483e-05 2499.73631038268 -Inf -4899.39312868359 -4111.70032604175 -3203.54097150611 -1686.04650903259 1.05135033956483e-05 1686.04653005959 3203.54099253312 4111.70034706875 4899.3931497106 Inf 1.36718260609285e-05 2607.47268579406 -Inf -5110.55254115645 -4288.91089073343 -3341.61068892234 -1758.71358681252 1.36718260609285e-05 1758.71361415617 3341.61071626599 4288.91091807708 5110.55256850011 Inf
"9" 35.6565656565657 6.89561129281057e-05 2499.73631038268 -Inf -4899.39307024097 -4111.70026759913 -3203.54091306349 -1686.04645058997 6.89561129281057e-05 1686.0465885022 3203.54105097572 4111.70040551135 4899.3932081532 Inf 8.96768770809327e-05 2607.47268579405 -Inf -5110.55246515139 -4288.91081472837 -3341.61061291728 -1758.71351080746 8.96768770809327e-05 1758.71369016121 3341.61079227103 4288.91099408212 5110.55264450515 Inf
"10" 36.3636363636364 0.000409327794332861 2499.73631038249 -Inf -4899.39272986893 -4111.69992722714 -3203.54057269157 -1686.04611021817 0.000409327794332861 1686.04692887376 3203.54139134716 4111.70074588272 4899.39354852451 Inf 0.000532372613544259 2607.47268579386 -Inf -5110.55202245527 -4288.91037203231 -3341.61017022129 -1758.71306811159 0.000532372613544259 1758.71413285682 3341.61123496652 4288.91143677753 5110.5530872005 Inf
"11" 37.0707070707071 0.00219934515604657 2499.73631037717 -Inf -4899.39093984114 -4111.69813720103 -3203.53878266739 -1686.04432019722 0.00219934515604657 1686.04871888753 3203.54318135771 4111.70253589134 4899.39533853145 Inf 0.00286077236695664 2607.47268578823 -Inf -5110.54969404448 -4288.90804362329 -3341.60784181432 -1758.71073970804 0.00286077236695664 1758.71646125277 3341.61356335905 4288.91376516803 5110.55541558921 Inf
"12" 37.7777777777778 0.0106983040525638 2499.7363102528 -Inf -4899.38244063848 -4111.68963803756 -3203.53028354911 -1686.03582115443 0.0106983040525638 1686.05721776254 3203.55168015721 4111.71103464566 4899.40383724658 Inf 0.0139173904450815 2607.47268565659 -Inf -5110.5386371684 -4288.8969867887 -3341.59678502755 -1758.69968300118 0.0139173904450815 1758.72751778207 3341.62461980843 4288.92482156958 5110.56647194929 Inf
"13" 38.4848484848485 0.0471246890993023 2499.73630787752 -Inf -4899.34600959797 -4111.65320774552 -3203.49385412002 -1685.99939316728 0.0471246890993023 1686.09364254548 3203.58810349821 4111.74745712372 4899.44025897616 Inf 0.061312232312503 2607.47268314275 -Inf -5110.4912373995 -4288.84958781193 -3341.54938696406 -1758.65228646375 0.061312232312503 1758.77491092837 3341.67201142868 4288.97221227655 5110.61386186412 Inf
"14" 39.1919191919192 0.188044335767084 2499.73627084799 -Inf -4899.20501737476 -4111.5122271907 -3203.3528870181 -1685.85844854458 0.188044335767084 1686.23453721611 3203.72897568964 4111.88831586223 4899.58110604629 Inf 0.244684136398824 2607.47264395559 -Inf -5110.30778868998 -4288.66615145069 -3341.3659648396 -1758.46888812832 0.244684136398824 1758.95825640112 3341.8553331124 4289.15551972349 5110.79715696278 Inf
"15" 39.8989898989899 0.680131379998656 2499.73580005414 -Inf -4898.71200759154 -4111.0193657595 -3202.86019662727 -1685.36604395472 0.680131379998656 1686.72630671472 3204.22045938727 4112.37962851949 4900.07227035153 Inf 0.885018614591146 2607.47214577544 -Inf -5109.66647779665 -4288.02499753908 -3340.72499191787 -1757.82821763273 0.885018614591146 1759.59825486191 3342.49502914705 4289.79503476826 5111.43651502583 Inf
"16" 40.6060606060606 2.23149267380038 2499.73092448699 -Inf -4897.15109036171 -4109.45998487138 -3201.30258704276 -1683.81139414085 2.23149267380038 1688.27437948845 3205.76557239036 4113.92297021898 4901.61407570931 Inf 2.90329254900369 2607.46698728245 -Inf -5107.63809340176 -4285.99823863877 -3338.70010710869 -1755.80646434767 2.90329254900369 1761.61304944567 3344.50669220669 4291.80482373677 5113.44467849977 Inf
"17" 41.3131313131313 6.64908780319758 2499.68986640108 -Inf -4892.65302286265 -4104.97485520046 -3196.83237385908 -1679.36610575334 6.64908780319758 1692.66428135974 3210.13054946547 4118.27303080685 4905.95119846905 Inf 8.64638580709147 2607.4235549609 -Inf -5101.80987435766 -4280.18370556904 -3332.90135309091 -1750.03407643386 8.64638580709147 1767.32684804805 3350.1941247051 4297.47647718322 5119.10264597184 Inf
"18" 42.020202020202 18.020804698824 2499.40935197966 -Inf -4880.73150780391 -4093.14173314135 -3185.10116326753 -1667.80518475569 18.020804698824 1703.84679415334 3221.14277266518 4129.183342539 4916.77311720156 Inf 23.4062208876251 2607.12690075672 -Inf -5086.46860772108 -4264.93591774482 -3317.76134035059 -1735.07415113326 23.4062208876251 1781.88659290851 3364.57378212584 4311.74835952007 5133.28104949633 Inf
"19" 42.7272727272727 44.5186912473262 2497.85917489112 -Inf -4851.19532999221 -4064.09403218635 -3156.61664484433 -1640.26171964998 44.5186912473262 1729.29910214463 3245.65402733899 4153.131414681 4940.23271248686 Inf 57.6872136151982 2605.48816521677 -Inf -5048.97575235501 -4227.95944492074 -3281.38022352628 -1699.68784808071 57.6872136151982 1815.0622753111 3396.75465075668 4343.33387215113 5164.35017958541 Inf
"20" 43.4343434343434 100.515042971973 2490.95498635323 -Inf -4781.66701739082 -3996.74130090399 -3091.77221949014 -1579.6085635231 100.515042971973 1780.63864946705 3292.80230543409 4197.77138684794 4982.69710333477 Inf 129.696858685951 2598.19342810255 -Inf -4962.6686852637 -4143.95102505001 -3200.02199668657 -1622.75797759604 129.696858685951 1882.15169496794 3459.41571405847 4403.34474242191 5222.06240263561 Inf
"21" 44.1414141414141 208.085940664049 2466.25421995422 -Inf -4625.68350716616 -3848.54125801203 -2952.54601594927 -1455.37725207291 208.085940664049 1871.54913340101 3368.71789727736 4264.71313934013 5041.85538849425 Inf 266.59505966439 2572.11360647734 -Inf -4774.65497317662 -3964.15533488109 -3029.70115947521 -1468.26920424445 266.59505966439 2001.45932357323 3562.89127880399 4497.34545420987 5307.8450925054 Inf
"22" 44.8484848484848 396.399841471228 2395.3600348775 -Inf -4298.41955689527 -3543.61679975163 -2673.377561269 -1219.24595008297 396.399841471228 2012.04563302543 3466.17724421145 4336.41648269408 5091.21923983773 Inf 502.19082650494 2497.32522178417 -Inf -4392.47666587554 -3605.54362222415 -2698.26022114659 -1182.22943849464 502.19082650494 2186.61109150452 3702.64187415647 4609.92527523403 5396.85831888542 Inf
"23" 45.5555555555556 697.334239364428 2231.78497504271 -Inf -3676.8839329569 -2973.62537141037 -2162.81328936047 -807.981850943495 697.334239364428 2202.65032967235 3557.48176808933 4368.29385013922 5071.55241168575 Inf 868.849048559419 2324.92822540275 -Inf -3687.9265398706 -2955.31757539615 -2110.66635848431 -699.291209416303 868.849048559419 2436.98930653514 3848.36445560315 4693.01567251498 5425.62463698943 Inf
"24" 46.2626262626263 1136.17404695449 1927.21059581677 -Inf -2641.08931147037 -2033.80529147404 -1333.64570924864 -163.709746393211 1136.17404695449 2436.05784030218 3605.99380315761 4306.15338538301 4913.43740537934 Inf 1383.18500457476 2004.21145831585 -Inf -2544.99727112681 -1913.44948181377 -1185.31532751235 31.3649187151757 1383.18500457476 2735.00509043434 3951.68533666186 4679.81949096328 5311.36728027632 Inf
"25" 46.969696969697 1717.66809462678 1470.53413296587 -Inf -1164.52584402317 -701.145307538082 -166.897225662412 725.807894627812 1717.66809462678 2709.52829462574 3602.23341491597 4136.48149679163 4599.86203327673 Inf 2029.00998127777 1523.51900235287 -Inf -957.03239309626 -476.955775471847 76.5418186754926 1001.41202996179 2029.00998127777 3056.60793259374 3981.47814388004 4534.97573802738 5015.05235565179 Inf
"26" 47.6767676767677 2410.74888853563 937.619249430635 -Inf 573.048928440109 868.502465410134 1209.14147154305 1778.33431520812 2410.74888853563 3043.16346186314 3612.35630552821 3952.99531166113 4248.44884863115 Inf 2746.14584953669 961.610469777063 -Inf 861.423961617006 1164.43738060938 1513.79244654982 2097.54944399082 2746.14584953669 3394.74225508256 3978.49925252357 4327.854318464 4630.86773745638 Inf
"27" 48.3838383838384 3140.10332819754 552.079038348074 -Inf 2058.04829641581 2232.01411960683 2432.58557229821 2767.73167553366 3140.10332819754 3512.47498086143 3847.62108409688 4048.19253678825 4222.15835997928 Inf 3436.88796955816 552.007976345969 -Inf 2354.97221674123 2528.91564755935 2729.46128327888 3064.56424748633 3436.88796955816 3809.21169163 4144.31465583745 4344.86029155697 4518.8037223751 Inf
"28" 49.0909090909091 3796.27148923421 555.097212659309 -Inf 2708.30094450339 2883.21782568089 3084.88578732123 3421.86410893309 3796.27148923421 4170.67886953533 4507.65719114719 4709.32515278753 4884.24203396503 Inf 3996.8491294314 557.905435135389 -Inf 2903.37456978689 3079.17635095302 3281.8645456078 3620.54763185389 3996.8491294314 4373.1506270089 4711.833713255 4914.52190790978 5090.32368907591 Inf
"29" 49.7979797979798 4270.56876844383 624.729146379906 -Inf 3046.12214144676 3242.98076615854 3469.94615285932 3849.19536256183 4270.56876844383 4691.94217432582 5071.19138402834 5298.15677072911 5495.01539544089 Inf 4359.84108928152 632.968654356922 -Inf 3119.24532339917 3318.70030241595 3548.65911934975 3932.91021972237 4359.84108928152 4786.77195884067 5171.0230592133 5400.9818761471 5600.43685516387 Inf
"30" 50.5050505050505 4503.28875956833 553.19729192747 -Inf 3419.04199104539 3593.36018752169 3794.33790404364 4130.16285632702 4503.28875956833 4876.41466280963 5212.23961509301 5413.21733161496 5587.53552809126 Inf 4527.15078532768 557.935895809231 -Inf 3433.6165238595 3609.42790349945 3812.12716457983 4150.82874233789 4527.15078532768 4903.47282831748 5242.17440607553 5444.87366715592 5620.68504679587 Inf
"31" 51.2121212121212 4515.24570562101 432.928154514243 -Inf 3666.7221148797 3803.14226045885 3960.42595143495 4223.24010282985 4515.24570562101 4807.25130841217 5070.06545980707 5227.34915078317 5363.76929636231 Inf 4554.24155540187 432.26040863245 -Inf 3707.0267225397 3843.23645447526 4000.27755199601 4262.68634036371 4554.24155540187 4845.79677044003 5108.20555880773 5265.24665632848 5401.45638826404 Inf
"32" 51.9191919191919 4396.18738957192 392.753727712028 -Inf 3626.40422846249 3750.16499604608 3892.85323494909 4131.27902587885 4396.18738957192 4661.09575326498 4899.52154419474 5042.20978309776 5165.97055068134 Inf 4504.16630704566 391.030341956829 -Inf 3737.76091994789 3860.9786308299 4003.04076013545 4240.42034938011 4504.16630704566 4767.91226471121 5005.29185395588 5147.35398326143 5270.57169414343 Inf
"33" 52.6262626262626 4254.73377791114 398.938030429274 -Inf 3472.82960620642 3598.53911163068 3743.47412045923 3985.65416542319 4254.73377791114 4523.8133903991 4765.99343536306 4910.92844419161 5036.63794961586 Inf 4414.69675437722 397.589425771889 -Inf 3635.43579923036 3760.72034535878 3905.16540333528 4146.52676190774 4414.69675437722 4682.86674684671 4924.22810541917 5068.67316339567 5193.95770952409 Inf
"34" 53.3333333333333 4165.87026891952 392.366327396293 -Inf 3396.84639847654 3520.4850922081 3663.03258777782 3901.22320276864 4165.87026891952 4430.5173350704 4668.70795006123 4811.25544563094 4934.89413936251 Inf 4312.45125360174 390.684525629821 -Inf 3546.72365405017 3669.83239462571 3811.76888814679 4048.93854550421 4312.45125360174 4575.96396169927 4813.13361905668 4955.07011257776 5078.1788531533 Inf
"35" 54.040404040404 4150.37860858807 389.726587870572 -Inf 3386.52853254406 3509.33541700974 3650.92388976818 3887.51201969047 4150.37860858807 4413.24519748566 4649.83332740796 4791.4218001664 4914.22868463207 Inf 4244.7069386653 388.008064321485 -Inf 3484.22510688408 3606.49046677968 3747.45459639017 3982.99947628703 4244.7069386653 4506.41440104356 4741.95928094042 4882.92341055091 5005.18877044651 Inf
"36" 54.7474747474747 4189.35941920583 396.123263290783 -Inf 3412.97208971742 3537.79463286213 3681.70703098689 3922.17833830197 4189.35941920583 4456.54050010969 4697.01180742477 4840.92420554953 4965.74674869424 Inf 4268.49978875911 394.591474801054 -Inf 3495.1147095425 3619.45457026847 3762.81046647727 4002.35188349105 4268.49978875911 4534.64769402718 4774.18911104096 4917.54500724976 5041.88486797572 Inf
"37" 55.4545454545455 4251.73812388352 392.883080490801 -Inf 3481.7014359864 3605.50296397036 3748.23819700455 3986.74251306701 4251.73812388352 4516.73373470003 4755.23805076249 4897.97328379668 5021.77481178064 Inf 4393.45689545461 391.282974051788 -Inf 3626.55635854939 3749.85367642117 3892.0075874876 4129.54054003044 4393.45689545461 4657.37325087878 4894.90620342163 5037.06011448805 5160.35743235984 Inf
"38" 56.1616161616162 4313.47877785842 384.380571403045 -Inf 3560.10670155153 3681.22900085645 3820.87525481192 4054.21802227256 4313.47877785842 4572.73953344429 4806.08230090493 4945.7285548604 5066.85085416532 Inf 4551.4001567467 382.62948338662 -Inf 3801.46014988576 3922.03066321965 4061.04074328905 4293.3204920796 4551.4001567467 4809.4798214138 5041.75957020434 5180.76965027375 5301.34016360764 Inf
"39" 56.8686868686869 4360.93727215366 384.549409249105 -Inf 3607.23427974926 3728.40978160822 3868.11737470122 4101.56263717118 4360.93727215366 4620.31190713614 4853.7571696061 4993.4647626991 5114.64026455806 Inf 4646.35835221652 382.850682235409 -Inf 3895.98480357853 4016.62501896076 4155.71546102791 4388.12949119316 4646.35835221652 4904.58721323988 5137.00124340513 5276.09168547228 5396.73190085451 Inf
"40" 57.5757575757576 4382.46720488786 387.435477852569 -Inf 3623.10762196376 3745.19255393238 3885.94866169838 4121.14594621398 4382.46720488786 4643.78846356174 4878.98574807734 5019.74185584333 5141.82678781196 Inf 4635.80388281233 385.766621610203 -Inf 3879.71519801864 4001.27425609997 4141.42406495292 4375.60825056848 4635.80388281233 4895.99951505618 5130.18370067174 5270.33350952469 5391.89256760602 Inf
"41" 58.2828282828283 4362.27029261306 385.38831497193 -Inf 3606.9230752055 3728.36292494676 3868.37529421819 4102.32982431915 4362.27029261306 4622.21076090697 4856.16529100793 4996.17766027936 5117.61751002062 Inf 4550.63820354285 383.682333918969 -Inf 3798.6346475574 3919.53692499903 4058.92950783719 4291.84840198319 4550.63820354285 4809.4280051025 5042.34689924851 5181.73948208667 5302.6417595283 Inf
"42" 58.989898989899 4291.56599345153 382.410351050612 -Inf 3542.05547807701 3662.55694054214 3801.48740938216 4033.63413129901 4291.56599345153 4549.49785560405 4781.6445775209 4920.57504636091 5041.07650882605 Inf 4443.639572597 380.680829356924 -Inf 3697.51885745259 3817.47532971837 3955.77745976182 4186.87425509961 4443.639572597 4700.40489009439 4931.50168543218 5069.80381547563 5189.76028774141 Inf
"43" 59.6969696969697 4190.57900152285 383.476067448647 -Inf 3438.97972039045 3559.81700113085 3699.13464693515 3931.92832458324 4190.57900152285 4449.22967846246 4682.02335611055 4821.34100191484 4942.17828265525 Inf 4345.33281030274 381.752690983682 -Inf 3597.11128497348 3717.40551193975 3856.09705152174 4087.84453312448 4345.33281030274 4602.82108748101 4834.56856908374 4973.26010866573 5093.55433563201 Inf
"44" 60.4040404040404 4108.83375869871 386.442314078373 -Inf 3351.42074100279 3473.19271677938 3613.5880060989 3848.18237881079 4108.83375869871 4369.48513858663 4604.07951129853 4744.47480061804 4866.24677639464 Inf 4274.58864139208 384.766420748133 -Inf 3520.46031426535 3641.70419869537 3781.49063251331 4015.06763437783 4274.58864139208 4534.10964840632 4767.68665027084 4907.47308408878 5028.7169685188 Inf
"45" 61.1111111111111 4086.0688876232 386.329817939252 -Inf 3328.87635830835 3450.61288538632 3590.96730462659 3825.49338522806 4086.0688876232 4346.64439001835 4581.17047061981 4721.52488986009 4843.26141693805 Inf 4257.08322261453 384.632028308574 -Inf 3503.21829982913 3624.41983580947 3764.15744457708 3997.65286192327 4257.08322261453 4516.51358330579 4750.00900065198 4889.74660941959 5010.94814539993 Inf
"46" 61.8181818181818 4110.52119972692 383.654895871672 -Inf 3358.57142132598 3479.46505275471 3618.84766729373 3851.74990484893 4110.52119972692 4369.29249460491 4602.19473216011 4741.57734669913 4862.47097812786 Inf 4299.83372780954 381.9389271791 -Inf 3551.24718624463 3671.60009816504 3810.35929774074 4042.21983622635 4299.83372780954 4557.44761939273 4789.30815787834 4928.06735745404 5048.42026937444 Inf
"47" 62.5252525252525 4132.07669154485 381.331260306933 -Inf 3384.68115516399 3504.84258495901 3643.3810179074 3874.87266503847 4132.07669154485 4389.28071805123 4620.7723651823 4759.31079813068 4879.47222792571 Inf 4359.06044000858 379.60814730307 -Inf 3615.04214305659 3734.6606020968 3872.57302453885 4103.01863556174 4359.06044000858 4615.10224445543 4845.54785547832 4983.46027792037 5103.07873696058 Inf
"48" 63.2323232323232 4126.25145504148 381.537654345319 -Inf 3378.45139377877 3498.67786047303 3637.29127680102 3868.90821787171 4126.25145504148 4383.59469221125 4615.21163328194 4753.82504960994 4874.0515163042 Inf 4371.03620393553 379.804503764356 -Inf 3626.63305539129 3746.31338838623 3884.29714753543 4114.86195906817 4371.03620393553 4627.2104488029 4857.77526033563 4995.75901948484 5115.43935247978 Inf
"49" 63.9393939393939 4129.54748085552 383.517747527488 -Inf 3377.86650826972 3498.71692283468 3638.04971109753 3870.86869112994 4129.54748085552 4388.2262705811 4621.04525061351 4760.37803887637 4881.22845344132 Inf 4326.36270418556 381.82748180485 -Inf 3577.99459154043 3698.31238586911 3837.0310971106 4068.82398136501 4326.36270418556 4583.90142700611 4815.69431126052 4954.41302250202 5074.73081683069 Inf
"50" 64.6464646464646 4189.36101591072 382.867987949835 -Inf 3438.95354869573 3559.59921728782 3698.6959465567 3931.12048236036 4189.36101591072 4447.60154946108 4680.02608526474 4819.12281453362 4939.76848312571 Inf 4288.67951420233 381.16861353984 -Inf 3541.60275962718 3661.71293774126 3800.19228078388 4031.58519127325 4288.67951420233 4545.7738371314 4777.16674762078 4915.6460906634 5035.75626877748 Inf
"51" 65.3535353535354 4282.81753134569 379.335930147955 -Inf 3539.33277021369 3658.86545080881 3796.67897619726 4026.95933457979 4282.81753134569 4538.67572811158 4768.95608649412 4906.76961188256 5026.30229247768 Inf 4319.12386128384 377.609563130639 -Inf 3579.02271732988 3698.01140179684 3835.19773448915 4064.4300813762 4319.12386128384 4573.81764119147 4803.04998807852 4940.23632077083 5059.22500523779 Inf
"52" 66.0606060606061 4314.20251264294 376.372489877038 -Inf 3576.52598771228 3695.12485758393 3831.8617590131 4060.34312596509 4314.20251264294 4568.06189932078 4796.54326627277 4933.28016770194 5051.8790375736 Inf 4393.79496849724 374.635975778406 -Inf 3659.52194865854 3777.57362495163 3913.6796472291 4141.10684278 4393.79496849724 4646.48309421448 4873.91028976539 5010.01631204286 5128.06798833594 Inf
"53" 66.7676767676768 4211.49479949461 375.895769279278 -Inf 3474.75262976625 3593.20128003988 3729.76498789316 3957.95695597367 4211.49479949461 4465.03264301556 4693.22461109606 4829.78831894935 4948.23696922298 Inf 4418.54576379061 374.156901951021 -Inf 3685.21171139952 3803.11242656754 3939.04440033596 4166.18076845952 4418.54576379061 4670.91075912169 4898.04712724526 5033.97910101367 5151.87981618169 Inf
"54" 67.4747474747475 4014.11935942158 377.308130710928 -Inf 3274.60901215403 3393.50271214343 3530.57953381628 3759.62889259142 4014.11935942158 4268.60982625174 4497.65918502688 4634.73600669973 4753.62970668913 Inf 4328.5066013296 375.581596280052 -Inf 3592.38019936464 3710.72985047214 3847.17941862716 4075.18066427643 4328.5066013296 4581.83253838278 4809.83378403204 4946.28335218707 5064.63300329457 Inf
"55" 68.1818181818182 3845.81773111144 378.740977750276 -Inf 3103.49905525141 3222.84426018375 3360.44163813968 3590.36082363963 3845.81773111144 4101.27463858324 4331.1938240832 4468.79120203912 4588.13640697146 Inf 4160.4803122023 377.015622985076 -Inf 3421.54326954262 3540.34479731793 3677.315350331 3906.18713883507 4160.4803122023 4414.77348556952 4643.64527407359 4780.61582708667 4899.41735486198 Inf
"56" 68.8888888888889 3800.57584796019 379.041722498699 -Inf 3057.66772322472 3177.10769594227 3314.81433508526 3544.91609123815 3800.57584796019 4056.23560468223 4286.33736083512 4424.04399997811 4543.48397269567 Inf 4021.09190645838 377.324849562455 -Inf 3281.54879084397 3400.44775911665 3537.53065478273 3766.59016293422 4021.09190645838 4275.59364998253 4504.65315813402 4641.7360538001 4760.63502207278 Inf
"57" 69.5959595959596 3865.89490345471 378.771490655465 -Inf 3123.51642339945 3242.87124326425 3380.47970662154 3610.41741534111 3865.89490345471 4121.37239156831 4351.31010028788 4488.91856364517 4608.27338350997 Inf 3987.76159814495 377.036947173607 -Inf 3248.78276084375 3367.59100809173 3504.56930822645 3733.45404183113 3987.76159814495 4242.06915445877 4470.95388806344 4607.93218819816 4726.74043544615 Inf
"58" 70.3030303030303 3953.82646873844 379.263720663468 -Inf 3210.48323559539 3329.99316223403 3467.78045376791 3698.01697652971 3953.82646873844 4209.63596094718 4439.87248370898 4577.65977524286 4697.1697018815 Inf 4042.8688613294 377.544338979859 -Inf 3302.89555436189 3421.86368602338 3559.02632264726 3788.21907444293 4042.8688613294 4297.51864821587 4526.71140001154 4663.87403663542 4782.84216829691 Inf
"59" 71.010101010101 3988.62542956463 378.544083354809 -Inf 3246.69265962848 3365.97582109745 3503.50166691363 3733.30132534444 3988.62542956463 4243.94953378482 4473.74919221563 4611.27503803181 4730.55819950078 Inf 4100.62456657156 376.836785378947 -Inf 3362.03803917897 3480.78321337226 3617.68879431437 3846.45201733661 4100.62456657156 4354.7971158065 4583.56033882874 4720.46591977085 4839.21109396414 Inf
"60" 71.7171717171717 3958.30325285955 376.524486450546 -Inf 3220.32882011904 3338.97558568533 3475.76770778298 3704.34134605081 3958.30325285955 4212.26515966829 4440.83879793612 4577.63092003377 4696.27768560006 Inf 4093.89434174726 374.779291854375 -Inf 3359.34042756126 3477.43726423428 3613.59535353759 3841.10955080573 4093.89434174726 4346.67913268878 4574.19332995693 4710.35141926023 4828.44825593326 Inf
"61" 72.4242424242424 3899.65626212233 377.047886319189 -Inf 3160.65598448976 3279.46767877582 3416.44995312469 3645.34132746694 3899.65626212233 4153.97119677772 4382.86257111997 4519.84484546883 4638.65653975489 Inf 4033.02068149704 375.319847310553 -Inf 3297.40729808529 3415.67446938141 3552.02894359624 3779.87129144091 4033.02068149704 4286.17007155317 4514.01241939784 4650.36689361268 4768.6340649088 Inf
"62" 73.1313131313131 3855.70276366942 380.363765196092 -Inf 3110.20348286103 3230.06004492571 3368.24698490593 3599.15130269867 3855.70276366942 4112.25422464017 4343.15854243291 4481.34548241313 4601.20204447781 Inf 3980.83721761119 378.632322620149 -Inf 3238.73150189294 3358.04246846837 3495.60037179155 3725.45359691096 3980.83721761119 4236.22083831141 4466.07406343083 4603.631966754 4722.94293332943 Inf
"63" 73.8383838383838 3848.70925398299 386.348783829052 -Inf 3091.4795522072 3213.22205563349 3353.58336522062 3588.12095928958 3848.70925398299 4109.29754867641 4343.83514274537 4484.1964523325 4605.93895575879 Inf 3977.62385311084 384.650585437306 -Inf 3223.72255902147 3344.92994254528 3484.67429315601 3718.18097582646 3977.62385311084 4237.06673039523 4470.57341306567 4610.3177636764 4731.52514720021 Inf
"64" 74.5454545454545 3875.65325171435 391.855510237746 -Inf 3107.6305645048 3231.10829445887 3373.47020910188 3611.35072650113 3875.65325171435 4139.95577692756 4377.83629432681 4520.19820896982 4643.67593892389 Inf 4003.05581441764 390.243418911711 -Inf 3238.19276814691 3361.16251142677 3502.93874996786 3739.84062828021 4003.05581441764 4266.27100055506 4503.17287886742 4644.94911740851 4767.91886068837 Inf
"65" 75.2525252525253 3913.77368676381 389.944980932799 -Inf 3149.49556818336 3272.37127056497 3414.03908597312 3650.75979398423 3913.77368676381 4176.78757954339 4413.5082875545 4555.17610296265 4678.05180534425 Inf 4015.2134536794 388.28562104952 -Inf 3254.18762070758 3376.540441603 3517.60540814493 3753.31878213298 4015.2134536794 4277.10812522583 4512.82149921387 4653.88646575581 4776.23928665123 Inf
"66" 75.959595959596 3933.07200309806 384.071653522191 -Inf 3180.30539471182 3301.33035079284 3440.86437424539 3674.01960945648 3933.07200309806 4192.12439673964 4425.27963195073 4564.81365540329 4685.8386114843 Inf 4011.33071976017 382.339621775699 -Inf 3261.95883121713 3382.43800615516 3521.34277890379 3753.44656377861 4011.33071976017 4269.21487574173 4501.31866061655 4640.22343336518 4760.70260830321 Inf
"67" 76.6666666666667 3918.31744219596 384.77831922584 -Inf 3164.16579448145 3285.41342824504 3425.20418480446 3658.78840978045 3918.31744219596 4177.84647461146 4411.43069958745 4551.22145614687 4672.46908991046 Inf 4029.71844212031 383.048911960141 -Inf 3278.95637036118 3399.65904998285 3538.82150931763 3771.35587717943 4029.71844212031 4288.08100706118 4520.61537492298 4659.77783425776 4780.48051387944 Inf
"68" 77.3737373737374 3887.68189917815 392.870802556075 -Inf 3117.6692755909 3241.46693467046 3384.19770710565 3622.69456970277 3887.68189917815 4152.66922865354 4391.16609125066 4533.89686368585 4657.69452276541 Inf 4091.03438779631 391.231594336283 -Inf 3324.23455328301 3447.51568087426 3589.65092558413 3827.15268746361 4091.03438779631 4354.916088129 4592.41785000848 4734.55309471835 4857.8342223096 Inf
"69" 78.0808080808081 3882.56087167805 399.997042818407 -Inf 3098.58107383145 3224.62428502833 3369.94403524091 3612.76696618829 3882.56087167805 4152.35477716781 4395.17770811519 4540.49745832777 4666.54066952466 Inf 4156.75091727242 398.398049246751 -Inf 3375.90508923777 3501.44444099851 3646.18327355033 3888.03551655737 4156.75091727242 4425.46631798746 4667.3185609945 4812.05739354633 4937.59674530706 Inf
"70" 78.7878787878788 3923.32567474339 406.390153578556 -Inf 3126.81561005772 3254.87335667234 3402.51573720288 3649.21968157405 3923.32567474339 4197.43166791274 4444.1356122839 4591.77799281445 4719.83573942906 Inf 4158.53256127383 404.696473238633 -Inf 3365.34204905574 3492.8660994528 3639.89316242449 3885.56893813387 4158.53256127383 4431.49618441379 4677.17196012318 4824.19902309487 4951.72307349193 Inf
"71" 79.4949494949495 3965.94215195885 417.994097422739 -Inf 3146.68877525996 3278.40304476875 3430.26116201834 3684.00941760475 3965.94215195885 4247.87488631295 4501.62314189936 4653.48125914895 4785.19552865774 Inf 4059.80355303394 416.64723484161 -Inf 3243.18997848618 3374.47983764541 3525.84863694284 3778.77926368573 4059.80355303394 4340.82784238214 4593.75846912503 4745.12726842246 4876.41712758169 Inf
"72" 80.2020202020202 3906.53346772943 432.227031020669 -Inf 3059.38405378425 3195.58326808862 3352.6122394542 3615.00076554831 3906.53346772943 4198.06616991056 4460.45469600467 4617.48366737025 4753.68288167462 Inf 3873.90214238337 430.660070860613 -Inf 3029.8239139171 3165.52936284511 3321.9890543544 3583.42633876917 3873.90214238337 4164.37794599757 4425.81523041234 4582.27492192162 4717.98037084964 Inf
"73" 80.9090909090909 3641.98993343228 519.774923188945 -Inf 2623.24980391487 2787.03626582652 2975.87156688866 3291.40707533238 3641.98993343228 3992.57279153217 4308.10829997589 4496.94360103803 4660.73006294968 Inf 3624.20588967668 519.45910800185 -Inf 2606.08474655175 2769.77169182686 2958.4922565805 3273.83604568343 3624.20588967668 3974.57573366992 4289.91952277285 4478.6400875265 4642.32703280161 Inf
"74" 81.6161616161616 3141.3916334296 811.638578856859 -Inf 1550.60925040688 1806.36497322316 2101.2349420392 2593.94973112693 3141.3916334296 3688.83353573226 4181.54832482 4476.41829363604 4732.17401645231 Inf 3303.46984380443 823.627447087935 -Inf 1689.18971083341 1948.72325020506 2247.94879956339 2747.94157276346 3303.46984380443 3858.99811484541 4358.99088804548 4658.21643740381 4917.74997677546 Inf
"75" 82.3232323232323 2471.49561959848 1258.26601383939 -Inf 5.33954950249336 401.832203064983 858.962839691042 1622.80809024373 2471.49561959848 3320.18314895323 4084.02839950592 4541.15903613198 4937.65168969447 Inf 2883.05504407066 1292.14037543888 -Inf 350.506445240397 757.673260999585 1227.11052302358 2011.51960502262 2883.05504407066 3754.5904831187 4538.99956511774 5008.43682714174 5415.60364290092 Inf
"76" 83.030303030303 1760.18194329511 1716.49630190545 -Inf -1604.08898803577 -1063.20322454286 -439.59657966334 602.422781410404 1760.18194329511 2917.94110517982 3959.96046625356 4583.56711113308 5124.45287462599 Inf 2357.80946896972 1774.94382797762 -Inf -1121.01650844808 -561.713324114408 83.1274274712664 1160.62804982501 2357.80946896972 3554.99088811442 4632.49151046817 5277.33226205384 5836.63544638751 Inf
"77" 83.7373737373737 1130.97779617283 2080.12578208528 -Inf -2945.99382002753 -2290.52464100541 -1534.81065638824 -272.045722962298 1130.97779617283 2534.00131530796 3796.7662487339 4552.48023335106 5207.94941237318 Inf 1774.06121981694 2159.84065584447 -Inf -2459.14867798359 -1778.56051658609 -993.88595400742 317.270835393061 1774.06121981694 3230.85160424082 4542.0083936413 5326.68295621996 6007.27111761747 Inf
"78" 84.4444444444444 654.988050446955 2311.47589741365 -Inf -3875.4214596162 -3147.0514630248 -2307.28750460212 -904.078750183841 654.988050446955 2214.05485107775 3617.26360549603 4457.0275639187 5185.39756051011 Inf 1212.94108897544 2405.87071464378 -Inf -3502.47886318601 -2744.36408198271 -1870.3062918742 -409.79404834871 1212.94108897544 2835.67622629959 4296.18846982508 5170.24625993359 5928.36104113689 Inf
"79" 85.1515151515152 342.007102511954 2430.00550365853 -Inf -4420.71616689288 -3654.99626369282 -2772.17025498363 -1297.00670262579 342.007102511954 1981.0209076497 3456.18446000754 4339.01046871673 5104.73037191679 Inf 748.214501492556 2532.50997484279 -Inf -4215.41383968774 -3417.39371591838 -2497.32762152453 -959.937518808239 748.214501492556 2456.36652179335 3993.75662450965 4913.82271890349 5711.84284267285 Inf
"80" 85.8585858585859 161.165991676519 2478.6613227436 -Inf -4696.92093077335 -3915.86907502263 -3015.36630694039 -1510.6656647215 161.165991676519 1832.99764807454 3337.69829029343 4238.20105837566 5019.25291412638 Inf 414.960271328132 2584.73083804027 -Inf -4651.01908096083 -3836.54362231573 -2897.50558067378 -1328.41418594576 414.960271328132 2158.33472860202 3727.42612333005 4666.46416497199 5480.93962361709 Inf
"81" 86.5656565656566 68.6245648653583 2494.57592203333 -Inf -4820.65439902076 -4034.58768819697 -3128.30311338632 -1613.94132563206 68.6245648653583 1751.19045536278 3265.55224311703 4171.83681792769 4957.90352875147 Inf 206.632412200103 2601.88450197471 -Inf -4892.96750360327 -4073.08674778183 -3127.81674467182 -1548.31201557588 206.632412200103 1961.57683997608 3541.08156907203 4486.35157218203 5306.23232800347 Inf
"82" 87.2727272727273 26.4371498373294 2498.71544265549 -Inf -4870.95512538148 -4083.5840087342 -3175.79553754828 -1658.92080489046 26.4371498373294 1711.79510456512 3228.66983722294 4136.45830840886 4923.82942505614 Inf 92.3695793125267 2606.36364973336 -Inf -5016.00930477922 -4194.71712310586 -3247.8198363818 -1665.59598771627 92.3695793125267 1850.33514634133 3432.55899500685 4379.45628173091 5200.74846340427 Inf
"83" 87.979797979798 9.22611388846366 2499.57314603538 -Inf -4889.84722906436 -4102.20584119833 -3194.10576460642 -1676.71035297777 9.22611388846366 1695.1625807547 3212.55799238335 4120.65806897526 4908.29945684128 Inf 37.0832193529317 2607.29492317349 -Inf -5073.12092714123 -4251.53529156114 -3304.29967127654 -1721.51048206586 37.0832193529317 1795.67692077173 3378.4661099824 4325.701730267 5147.28736584709 Inf
"84" 88.6868686868687 2.91999626272069 2499.71521720138 -Inf -4896.43180105871 -4108.74564509676 -3200.59395375737 -1683.11229614878 2.91999626272069 1688.95228867422 3206.43394628281 4114.5856376222 4902.27179358415 Inf 13.3792417966019 2607.44964720179 -Inf -5097.12815822058 -4275.49376749661 -3328.20193565357 -1745.3188193934 13.3792417966019 1772.0773029866 3354.96041924678 4302.25225108981 5123.88664181378 Inf
"85" 89.3939393939394 0.838932910326499 2499.73410176702 -Inf -4898.54987747961 -4110.85777079543 -3202.69921865442 -1685.20609694713 0.838932910326499 1686.88396276779 3204.37708447507 4112.53563661608 4900.22774330026 Inf 4.34120833494032 2607.47026807252 -Inf -5106.20660784619 -4284.56571927227 -3337.26639582439 -1754.370761421 4.34120833494032 1763.05317809088 3345.94881249428 4293.24813594215 5114.88902451607 Inf
"86" 90.1010101010101 0.218976436147382 2499.73612282852 -Inf -4899.17379516154 -4111.48105161995 -3203.32176522313 -1685.82741660658 0.218976436147382 1686.26536947887 3203.75971809542 4111.91900449224 4899.61174803383 Inf 1.26773255709156 2607.47248007569 -Inf -5109.28441907059 -4287.64283347156 -3340.34270639837 -1757.44572917232 1.26773255709156 1759.9811942865 3342.87817151255 4290.17829858574 5111.81988418478 Inf
"87" 90.8080808080808 0.0519581065185276 2499.73629745075 -Inf -4899.34115574445 -4111.64835717759 -3203.48900734015 -1685.99455271712 0.0519581065185276 1686.09846893015 3203.59292355319 4111.75227339063 4899.44507195749 Inf 0.333404346519943 2607.47267158481 -Inf -5110.21912263214 -4288.5774766866 -3341.27728003775 -1758.38018655383 0.333404346519943 1759.04699524687 3341.94408873079 4289.24428537963 5110.88593132518 Inf
"88" 91.5151515151515 0.0112117206257954 2499.73630965797 -Inf -4899.38192605606 -4111.68912364257 -3203.52976937023 -1686.03530733665 0.0112117206257954 1686.0577307779 3203.55219281148 4111.71154708382 4899.40434949731 Inf 0.07901319097196 2607.47268499653 -Inf -5110.47354007417 -4288.83188990246 -3341.53168838111 -1758.63458675544 0.07901319097196 1758.79261313739 3341.68971476305 4288.9899162844 5110.63156645612 Inf
"89" 92.2222222222222 0.00220065593755424 2499.73631034965 -Inf -4899.39093847641 -4111.69813584497 -3203.53878132133 -1686.04431886787 0.00220065593755424 1686.04872017974 3203.54318263321 4111.70253715684 4899.39533978828 Inf 0.0168826038537543 2607.47268575765 -Inf -5110.53567215307 -4288.89402174152 -3341.59381994365 -1758.69671785593 0.0168826038537543 1758.73048306364 3341.62758515136 4288.92778694922 5110.56943736078 Inf
"90" 92.9292929292929 0.000392933471753378 2499.73631038146 -Inf -4899.39274626122 -4111.69994361976 -3203.54058908457 -1686.04612661179 0.000392933471753378 1686.04691247874 3203.54137495151 4111.7007294867 4899.39353212816 Inf 0.00325377863346527 2607.47268579271 -Inf -5110.54930104699 -4288.9076506244 -3341.60744881379 -1758.7103467048 0.00325377863346527 1758.71685426206 3341.61395637106 4288.91415818166 5110.55580860426 Inf
"91" 93.6363636363636 6.38171272620932e-05 2499.73631038265 -Inf -4899.3930753799 -4111.70027273806 -3203.54091820244 -1686.04645572894 6.38171272620932e-05 1686.04658336319 3203.54104583669 4111.70040037231 4899.39320301415 Inf 0.00056586922100223 2607.47268579402 -Inf -5110.55198895898 -4288.91033853597 -3341.61013672489 -1758.71303461509 0.00056586922100223 1758.71416635353 3341.61126846333 4288.91147027441 5110.55312069742 Inf
"92" 94.3434343434343 9.4258645895915e-06 2499.73631038268 -Inf -4899.39312977123 -4111.70032712938 -3203.54097259375 -1686.04651012023 9.4258645895915e-06 1686.04652897196 3203.54099144548 4111.70034598111 4899.39314862296 Inf 8.88323508672876e-05 2607.47268579406 -Inf -5110.55246599593 -4288.9108155729 -3341.61061376181 -1758.71351165199 8.88323508672876e-05 1758.71368931669 3341.61079142651 4288.9109932376 5110.55264366063 Inf
"93" 95.0505050505051 1.26574887842267e-06 2499.73631038268 -Inf -4899.39313793135 -4111.7003352895 -3203.54098075386 -1686.04651828034 1.26574887842267e-06 1686.04652081184 3203.54098328536 4111.700337821 4899.39314046285 Inf 1.25915934332211e-05 2607.47268579406 -Inf -5110.55254223669 -4288.91089181366 -3341.61069000257 -1758.71358789275 1.25915934332211e-05 1758.71361307593 3341.61071518575 4288.91091699685 5110.55256741987 Inf
"94" 95.7575757575758 1.54478197368458e-07 2499.73631038268 -Inf -4899.39313904262 -4111.70033640077 -3203.54098186513 -1686.04651939161 1.54478197368458e-07 1686.04651970057 3203.54098217409 4111.70033670972 4899.39313935157 Inf 1.61196240296067e-06 2607.47268579406 -Inf -5110.55255321632 -4288.91090279329 -3341.6107009822 -1758.71359887238 1.61196240296067e-06 1758.7136020963 3341.61070420612 4288.91090601721 5110.55255644024 Inf
"95" 96.4646464646465 1.71283646460133e-08 2499.73631038268 -Inf -4899.39313917997 -4111.70033653812 -3203.54098200248 -1686.04651952896 1.71283646460133e-08 1686.04651956322 3203.54098203674 4111.70033657237 4899.39313921422 Inf 1.8641863519133e-07 2607.47268579406 -Inf -5110.55255464186 -4288.91090421884 -3341.61070240774 -1758.71360029792 1.8641863519133e-07 1758.71360067076 3341.61070278058 4288.91090459167 5110.5525550147 Inf
"96" 97.1717171717172 1.72473911723722e-09 2499.73631038268 -Inf -4899.39313919537 -4111.70033655352 -3203.54098201789 -1686.04651954437 1.72473911723722e-09 1686.04651954782 3203.54098202134 4111.70033655697 4899.39313919882 Inf 1.94790116278464e-08 2607.47268579406 -Inf -5110.5525548088 -4288.91090438578 -3341.61070257468 -1758.71360046486 1.94790116278464e-08 1758.71360050382 3341.61070261364 4288.91090442473 5110.55255484776 Inf
"97" 97.8787878787879 1.5765967777195e-10 2499.73631038268 -Inf -4899.39313919694 -4111.70033655509 -3203.54098201945 -1686.04651954593 1.5765967777195e-10 1686.04651954625 3203.54098201977 4111.7003365554 4899.39313919725 Inf 1.83933127250804e-09 2607.47268579406 -Inf -5110.55255482644 -4288.91090440342 -3341.61070259232 -1758.7136004825 1.83933127250804e-09 1758.71360048618 3341.610702596 4288.91090440709 5110.55255483012 Inf
"98" 98.5858585858586 1.30781095568465e-11 2499.73631038268 -Inf -4899.39313919708 -4111.70033655524 -3203.5409820196 -1686.04651954608 1.30781095568465e-11 1686.0465195461 3203.54098201963 4111.70033655526 4899.39313919711 Inf 1.56975382407729e-10 2607.47268579406 -Inf -5110.55255482812 -4288.9109044051 -3341.610702594 -1758.71360048418 1.56975382407729e-10 1758.7136004845 3341.61070259432 4288.91090440541 5110.55255482844 Inf
"99" 99.2929292929293 9.84110780113906e-13 2499.73631038268 -Inf -4899.3931391971 -4111.70033655525 -3203.54098201961 -1686.04651954609 9.84110780113906e-13 1686.04651954609 3203.54098201961 4111.70033655525 4899.3931391971 Inf 1.21097998151676e-11 2607.47268579406 -Inf -5110.55255482827 -4288.91090440524 -3341.61070259415 -1758.71360048433 1.21097998151676e-11 1758.71360048435 3341.61070259417 4288.91090440526 5110.55255482829 Inf
"100" 100 6.71548885610148e-14 2499.73631038268 -Inf -4899.3931391971 -4111.70033655525 -3203.54098201961 -1686.04651954609 6.71548885610148e-14 1686.04651954609 3203.54098201961 4111.70033655525 4899.3931391971 Inf 8.44548727836386e-13 2607.47268579406 -Inf -5110.55255482828 -4288.91090440525 -3341.61070259416 -1758.71360048434 8.44548727836386e-13 1758.71360048434 3341.61070259416 4288.91090440525 5110.55255482828 Inf
