"mid_age" "mean_left" "std_left" "min_left" "l.q2.5" "l.q5" "l.q10" "l.q25" "l.q50" "l.q75" "l.q90" "l.q95" "l.q97.5" "max_left" "mean_right" "std_right" "min_right" "r.q2.5" "r.q5" "r.q10" "r.q25" "r.q50" "r.q75" "r.q90" "r.q95" "r.q97.5" "max_right"
"1" 55.9915046656835 4250.3502779428 347.114978911963 -Inf 3570.01742078097 3679.39694591027 3805.50453329419 4016.22478252715 4250.3502779428 4484.47577335845 4695.19602259141 4821.30360997533 4930.68313510463 Inf 4461.20011401783 369.227631239244 -Inf 3737.52725469187 3853.87470560326 3988.01586516085 4212.15986125778 4461.20011401783 4710.24036677788 4934.38436287481 5068.5255224324 5184.87297334378 Inf
"2" 56.3548343480228 4253.54663860615 347.412852149584 -Inf 3572.62996062662 3682.10334869835 3808.31915404353 4019.22023074487 4253.54663860615 4487.87304646743 4698.77412316876 4824.98992851394 4934.46331658567 Inf 4487.42642445754 369.542828326123 -Inf 3763.13579019327 3879.58256297141 4013.83823428042 4238.1735744931 4487.42642445754 4736.67927442198 4961.01461463466 5095.27028594367 5211.71705872181 Inf
"3" 56.7145124979232 4259.91221937023 347.924529204187 -Inf 3577.99267279197 3687.62729560334 3814.02899427723 4025.24069058021 4259.91221937023 4494.58374816025 4705.79544446322 4832.19714313712 4941.83176594849 Inf 4499.20190087074 370.084903962816 -Inf 3773.84881788166 3890.46640430752 4024.91901281277 4249.58342644552 4499.20190087074 4748.82037529596 4973.48478892871 5107.93739743397 5224.55498385983 Inf
"4" 57.0724539399013 4267.64003014342 348.266825603427 -Inf 3585.04959495061 3694.79207890275 3821.3181345641 4032.73762594059 4267.64003014342 4502.54243434626 4713.96192572274 4840.4879813841 4950.23046533623 Inf 4494.34145708834 370.4482897181 -Inf 3768.2761511064 3885.00824414755 4019.59287144679 4244.47788269581 4494.34145708834 4744.20503148087 4969.09004272989 5103.67467002913 5220.40676307028 Inf
"5" 57.4297182808344 4274.14588576088 348.257596694831 -Inf 3591.57353889654 3701.31311472398 3827.83581750382 4039.2497063623 4274.14588576088 4509.04206515947 4720.45595401794 4846.97865679778 4956.71823262523 Inf 4475.88214970633 370.4394972969 -Inf 3749.83407655328 3866.56339901144 4001.14483200593 4226.02450571178 4475.88214970633 4725.73979370088 4950.61946740673 5085.20090040121 5201.93022285938 Inf
"6" 57.7867944720482 4277.07447765425 348.016033348866 -Inf 3594.97558624798 3704.6390429631 3831.07398528139 4042.34123025654 4277.07447765425 4511.80772505196 4723.07497002711 4849.5099123454 4959.17336906052 Inf 4450.96248393124 370.18396497439 -Inf 3725.4152449272 3842.06404650384 3976.5526440788 4201.27719386907 4450.96248393124 4700.64777399341 4925.37232378368 5059.86092135864 5176.50972293528 Inf
"7" 58.1434966449425 4275.23796240425 347.788080906497 -Inf 3593.58584957521 3703.1774761147 3829.52960284077 4040.65846659245 4275.23796240425 4509.81745821604 4720.94632196772 4847.29844869379 4956.89007523328 Inf 4428.38345144818 369.941998508217 -Inf 3703.31045800331 3819.88301344027 3954.28370409928 4178.86136528734 4428.38345144818 4677.90553760903 4902.48319879709 5036.8838894561 5153.45644489306 Inf
"8" 58.4991140491637 4269.10208631462 347.70998866254 -Inf 3587.60303147121 3697.17005033578 3823.49380598864 4034.57526292094 4269.10208631462 4503.62890970829 4714.71036664059 4841.03412229345 4950.60114115802 Inf 4415.52130828083 369.858500175209 -Inf 3690.61196856142 3807.15821280881 3941.52856835131 4166.05554088976 4415.52130828083 4664.9870756719 4889.51404821035 5023.88440375285 5140.43064800024 Inf
"9" 58.8525350471524 4260.57139756592 347.736430893152 -Inf 3579.02051690284 3688.59586798816 3814.92923015791 4026.02673915872 4260.57139756592 4495.11605597312 4706.21356497393 4832.54692714368 4942.122278229 Inf 4415.7374739287 369.886140729317 -Inf 3690.77395971872 3807.328913791 3941.70931120379 4166.25306326719 4415.7374739287 4665.22188459021 4889.7656366536 5024.1460340664 5140.70098813867 Inf
"10" 59.202419342851 4252.15154474685 347.749600729175 -Inf 3570.57485167949 3680.15435271654 3806.49249951487 4017.59800342024 4252.15154474685 4486.70508607346 4697.81058997884 4824.14873677716 4933.72823781422 Inf 4427.38850979858 369.900185555863 -Inf 3702.3974682344 3818.95684797699 3953.34234790422 4177.89462604552 4427.38850979858 4676.88239355163 4901.43467169293 5035.82017162016 5152.37955136275 Inf
"11" 59.5471277771073 4245.88357847375 347.686954893227 -Inf 3564.42966898862 3673.98942967391 3800.3048171109 4011.37229112138 4245.88357847375 4480.39486582612 4691.4623398366 4817.77772727358 4927.33748795887 Inf 4444.84125857552 369.833903532209 -Inf 3719.98012739053 3836.51862098094 3970.88004051234 4195.39208136803 4444.84125857552 4694.290435783 4918.80247663869 5053.16389617009 5169.70238976051 Inf
"12" 59.885047555751 4242.52678542203 347.56548875918 -Inf 3561.31094518498 3670.83243063333 3797.10368917343 4008.09742573207 4242.52678542203 4476.95614511199 4687.94988167063 4814.22114021073 4923.74262565908 Inf 4460.96636700112 369.704955993302 -Inf 3736.35796834828 3852.8558292336 3987.1704018583 4211.60416358694 4460.96636700112 4710.32857041529 4934.76233214393 5069.07690476863 5185.57476565395 Inf
"13" 60.2148687425602 4241.34369928743 347.427889510483 -Inf 3560.39754862212 3669.87567512201 3796.09694357141 4007.00714888035 4241.34369928743 4475.6802496945 4686.59045500344 4812.81172345284 4922.28984995273 Inf 4469.87510900154 369.558683633529 -Inf 3745.55339890579 3862.00516785551 3996.26659943039 4220.61156479476 4469.87510900154 4719.13865320831 4943.48361857269 5077.74505014756 5194.19681909728 Inf
"14" 60.5355021695348 4240.49489848664 347.29490005928 -Inf 3559.80940235602 3669.24562250239 3795.41857561002 4006.24804810129 4240.49489848664 4474.741748872 4685.57122136327 4811.7441744709 4921.18039461727 Inf 4468.66628198788 369.417330837055 -Inf 3744.62161828233 3861.02884550182 3995.23892331434 4219.49807879349 4468.66628198788 4717.83448518227 4942.09364066141 5076.30371847394 5192.71094569342 Inf
"15" 60.8461558899023 4237.77282175515 347.15820109759 -Inf 3557.35525066616 3666.74839555383 3792.87168564689 4003.61817341832 4237.77282175515 4471.92747009199 4682.67395786342 4808.79724795647 4918.19039284414 Inf 4457.72157817923 369.272123099026 -Inf 3733.9615164105 3850.32298716773 3984.4803107097 4208.65131611579 4457.72157817923 4706.79184024267 4930.96284564877 5065.12016919074 5181.48163994797 Inf
"16" 61.1463183604383 4231.3438329347 346.997278439168 -Inf 3551.24166446052 3660.58410095175 3786.64892751127 3997.29772528155 4231.3438329347 4465.38994058786 4676.03873835814 4802.10356491766 4911.44600140889 Inf 4439.81201170211 369.101163865141 -Inf 3716.38702387461 3832.69462360652 3966.7898373064 4190.85705988962 4439.81201170211 4688.76696351459 4912.83418609781 5046.92939979769 5163.2369995296 Inf
"17" 61.4361979070743 4220.23087241423 346.798550792844 -Inf 3540.51820296957 3649.7980183211 3775.79064671706 3986.3188045216 4220.23087241423 4454.14294030686 4664.6710981114 4790.66372650735 4899.94354185889 Inf 4418.66337036686 368.889972668437 -Inf 3695.65230967876 3811.89336087715 3945.91184837992 4169.85086485189 4418.66337036686 4667.47587588183 4891.4148923538 5025.43337985657 5141.67443105496 Inf
"18" 61.7165522958499 4204.45879164638 346.568142366124 -Inf 3525.19771441982 3634.40492568962 3760.31384622919 3970.70213187593 4204.45879164638 4438.21545141682 4648.60373706357 4774.51265760313 4883.71986887293 Inf 4397.71299073073 368.645148890362 -Inf 3675.18177583021 3791.34568052035 3925.27522303986 4149.06561634467 4397.71299073073 4646.36036511679 4870.1507584216 5004.08030094111 5120.24420563125 Inf
"19" 61.9884485767698 4184.95418008364 346.334995803467 -Inf 3506.15006172301 3615.28380609608 3741.10802400882 3951.35477528 4184.95418008364 4418.55358488728 4628.80033615846 4754.62455407119 4863.75829844427 Inf 4379.40855498152 368.397562779877 -Inf 3657.36259994063 3773.44848768296 3907.28808165816 4130.92817488928 4379.40855498152 4627.88893507377 4851.52902830489 4985.36862228008 5101.45451002241 Inf
"20" 62.2533135236712 4163.30141347353 346.142831077239 -Inf 3484.87393105541 3593.94712233288 3719.70152640445 3929.83162180808 4163.30141347353 4396.77120513898 4606.9013005426 4732.65570461417 4841.72889589165 Inf 4364.99915021181 368.193662837545 -Inf 3643.35283171434 3759.37446847293 3893.13998517875 4116.65629854073 4364.99915021181 4613.34200188289 4836.85831524487 4970.62383195069 5086.64546870928 Inf
"21" 62.5128985682172 4141.47238145042 346.034353589865 -Inf 3463.25751100068 3572.29651989832 3698.01151387511 3908.07575673833 4141.47238145042 4374.86900616251 4584.93324902572 4710.64824300252 4819.68725190015 Inf 4354.6801208745 368.078675168852 -Inf 3633.25917406633 3749.24457701952 3882.96831846827 4106.41482720736 4354.6801208745 4602.94541454164 4826.39192328072 4960.11566472948 5076.10106768267 Inf
"22" 62.7689538236356 4121.61651684033 346.034684633862 -Inf 3443.40099755628 3552.44011076931 3678.15522501507 3888.21966884246 4121.61651684033 4355.0133648382 4565.07780866559 4690.79292291135 4799.83203612437 Inf 4347.9029413477 368.079105276447 -Inf 3626.48115154414 3742.46669002868 3876.19058773641 4099.63735757739 4347.9029413477 4596.16852511801 4819.61529495899 4953.33919266671 5069.32473115126 Inf
"23" 63.0228193117949 4105.87824976671 346.140205575093 -Inf 3427.45591323823 3536.52827719279 3662.28172741402 3872.41022897554 4105.87824976671 4339.34627055787 4549.4747721194 4675.22822234062 4784.30058629518 Inf 4343.69309147357 368.191023143897 -Inf 3622.05194668058 3738.07275164436 3871.83730934404 4095.35202024881 4343.69309147357 4592.03416269834 4815.5488736031 4949.31343130278 5065.33423626656 Inf
"24" 63.2756029339492 4096.14383560659 346.317732270635 -Inf 3417.37355314856 3526.50185760362 3652.3198036393 3862.55607487889 4096.14383560659 4329.73159633428 4539.96786757387 4665.78581360955 4774.91411806461 Inf 4340.92655507784 368.379253343167 -Inf 3618.91648587348 3734.99660412266 3868.82954624176 4092.45852451299 4340.92655507784 4589.39458564269 4813.02356391393 4946.85650603303 5062.93662428221 Inf
"25" 63.528012602682 4093.78288807562 346.515164662889 -Inf 3414.62564523939 3523.81616268618 3649.70583631695 3860.06196122299 4093.78288807562 4327.50381492825 4537.85993983429 4663.74961346506 4772.94013091185 Inf 4338.58249578846 368.588640886585 -Inf 3616.16203454019 3732.30813297305 3866.2171460183 4089.97323547176 4338.58249578846 4587.19175610517 4810.94784555862 4944.85685860387 5061.00295703674 Inf
"26" 63.7803221700999 4099.36496630139 346.679207504003 -Inf 3419.88620540466 3529.12841444977 3655.07768518288 3865.53339423384 4099.36496630139 4333.19653836894 4543.65224741991 4669.60151815301 4778.84372719813 Inf 4335.93678677534 368.762747732789 -Inf 3613.17508237905 3729.37604368247 3863.34831010386 4087.21009317543 4335.93678677534 4584.66348037525 4808.52526344683 4942.49752986821 5058.69849117164 Inf
"27" 64.0321446238581 4112.41130126594 346.772138326493 -Inf 3432.75039930408 3542.02189181389 3668.00492450638 3878.51704831115 4112.41130126594 4346.30555422074 4556.81767802551 4682.80071071799 4792.07220322781 Inf 4332.67669498675 368.861546791098 -Inf 3609.72134799446 3725.95344190448 3859.96160222741 4083.88336243468 4332.67669498675 4581.47002753882 4805.39178774608 4939.39994806902 5055.63204197904 Inf
"28" 64.2827392723571 4131.30694970122 346.780244238275 -Inf 3451.6301604442 3560.90420721077 3686.89018479772 3897.40722939201 4131.30694970122 4365.20667001043 4575.72371460472 4701.70969219166 4810.98373895824 Inf 4328.90021287162 368.870363649427 -Inf 3605.92758515455 3722.16245734795 3856.17382085369 4080.10093343898 4328.90021287162 4577.69949230425 4801.62660488954 4935.63796839528 5051.87284058868 Inf
"29" 64.5310886951955 4153.46805383225 346.710561760255 -Inf 3473.9278397225 3583.17992881851 3709.14059061755 3919.61533364023 4153.46805383225 4387.32077402427 4597.79551704695 4723.75617884599 4833.008267942 Inf 4324.9996405725 368.796506810631 -Inf 3602.17176959949 3718.383368738 3852.36789990196 4076.25017682061 4324.9996405725 4573.74910432439 4797.63138124305 4931.615912407 5047.82751154552 Inf
"30" 64.7760567810706 4175.76135661771 346.581067761139 -Inf 3496.47494608245 3605.68623027809 3731.59984664031 3941.99597880081 4175.76135661771 4409.52673443461 4619.92286659512 4745.83648295734 4855.04776715298 Inf 4321.46657842222 368.658975750425 -Inf 3598.90826337396 3715.07652505092 3849.0110908972 4072.80987796077 4321.46657842222 4570.12327888367 4793.92206594725 4927.85663179352 5044.02489347048 Inf
"31" 65.0164959796999 4195.07121738086 346.412308237676 -Inf 3516.11556943363 3625.27367575549 3751.12598143495 3961.41966613278 4195.07121738086 4428.72276862894 4639.01645332677 4764.86875900623 4874.02686532809 Inf 4318.69376944527 368.479627252379 -Inf 3596.48697099386 3712.59871810147 3846.46812626869 4070.15803770747 4318.69376944527 4567.22950118307 4790.91941262185 4924.78882078907 5040.90056789668 Inf
"32" 65.2514955211462 4208.86333282266 346.224445992249 -Inf 3530.27588811051 3639.37479709304 3765.15885203148 3975.33849273357 4208.86333282266 4442.38817291174 4652.56781361383 4778.35186855227 4887.4507775348 Inf 4316.84230858637 368.279992018845 -Inf 3595.02678800273 3711.07562798051 3844.87250825586 4068.44122876736 4316.84230858637 4565.24338840537 4788.81210891687 4922.60898919222 5038.65782917 Inf
"33" 65.4805505536932 4215.55462430524 346.037792404014 -Inf 3537.33301390363 3646.37310640722 3772.08934971228 3982.15568014825 4215.55462430524 4448.95356846223 4659.0198988982 4784.73614220326 4893.77623470685 Inf 4315.81145220075 368.081741352544 -Inf 3594.38449578298 3710.3708649224 3844.09572032201 4067.54409042413 4315.81145220075 4564.07881397737 4787.52718407949 4921.2520394791 5037.23840861852 Inf
"34" 65.7035644752515 4214.6121921587 345.872693928134 -Inf 3536.71416882371 3645.70223708753 3771.35849977597 3981.32460523146 4214.6121921587 4447.89977908593 4657.86588454143 4783.52214722986 4892.51021549368 Inf 4315.29370145862 367.90650021491 -Inf 3594.21021135922 3710.1413602011 3843.80255013417 4067.14453803315 4315.29370145862 4563.44286488409 4786.78485278307 4920.44604271614 5036.37719155802 Inf
"35" 65.9208729741175 4206.43198413021 345.746746973499 -Inf 3528.78081229027 3637.72919336418 3763.33969926437 3973.22934713295 4206.43198413021 4439.63462112747 4649.52426899605 4775.13477489624 4884.08315597015 Inf 4314.86770569534 367.772891170647 -Inf 3594.0460845107 3709.93513175887 3843.54778125073 4066.80866020075 4314.86770569534 4562.92675118992 4786.18763013994 4919.8002796318 5035.68932687997 Inf
"36" 66.1331943939028 4192.08993775822 345.670823804658 -Inf 3514.5875725948 3623.51202949183 3749.09495234827 3958.93851016015 4192.08993775822 4425.2413653563 4635.08492316818 4760.66784602462 4869.59230292164 Inf 4314.08672462325 367.692364641999 -Inf 3593.42293253457 3709.2866050395 3842.8699990775 4066.08199344686 4314.08672462325 4562.09145579964 4785.303450169 4918.88684420701 5034.75051671194 Inf
"37" 66.3414163390253 4173.08580040661 345.646330846509 -Inf 3495.63144055904 3604.54817947126 3730.12220398552 3939.95089305775 4173.08580040661 4406.22070775546 4616.0493968277 4741.62342134196 4850.54016025418 Inf 4312.5400837947 367.666344515089 -Inf 3591.92729021763 3707.78276351106 3841.35670438332 4064.55290292721 4312.5400837947 4560.52726466219 4783.72346320607 4917.29740407833 5033.15287737177 Inf
"38" 66.5465152343293 4151.125657758 345.664969385396 -Inf 3473.63476704548 3582.55737915436 3708.13817508822 3917.97817890571 4151.125657758 4384.27313661029 4594.11314042778 4719.69393636164 4828.61654847052 Inf 4309.88587172601 367.686007786546 -Inf 3589.23453884506 3705.096208239 3838.67729281832 4061.88542818347 4309.88587172601 4557.88631526855 4781.0944506337 4914.67553521301 5030.53720460695 Inf
"39" 66.7494871329064 4127.95162568266 345.711227489166 -Inf 3450.37007075276 3559.30725926926 3684.90486086757 3894.77294621351 4127.95162568266 4361.13030515181 4570.99839049775 4696.59599209606 4805.53318061256 Inf 4305.8623193418 367.73493149935 -Inf 3585.11509774577 3700.99218350834 3834.59104217337 4057.82887725643 4305.8623193418 4553.89576142717 4777.13359651023 4910.73245517525 5026.60954093783 Inf
"40" 66.9511835487465 4105.22295297389 345.766687884446 -Inf 3427.53269766668 3536.48736232817 3662.10511280241 3872.00686603659 4105.22295297389 4338.4390399112 4548.34079314538 4673.95854361962 4782.91320828111 Inf 4300.28988545339 367.793641429225 -Inf 3579.42759450927 3695.32318037884 3828.94336848242 4052.21684412209 4300.28988545339 4548.3629267847 4771.63640242437 4905.25659052794 5021.15217639751 Inf
"41" 67.152289051302 4084.40102721905 345.814917651148 -Inf 3406.61624330612 3515.58610566664 3641.22137811455 3851.15240979845 4084.40102721905 4317.64964463965 4527.58067632356 4653.21594877147 4762.18581113199 Inf 4293.06784869857 367.844765393469 -Inf 3572.10535662579 3688.01705218601 3821.65581373119 4044.9603247774 4293.06784869857 4541.17537261975 4764.47988366596 4898.11864521113 5014.03034077136 Inf
"42" 67.3532370614353 4066.6464742507 345.845511408044 -Inf 3388.80172767609 3497.78123044629 3623.42761766915 3833.37722165465 4066.6464742507 4299.91572684675 4509.86533083225 4635.51171805511 4744.4912208253 Inf 4284.17206116487 367.877290853115 -Inf 3563.1458203626 3679.06776503204 3812.71834314376 4036.04259915454 4284.17206116487 4532.3015231752 4755.62577918599 4889.2763572977 5005.19830196714 Inf
"43" 67.5542930203078 4052.71098992511 345.856013669503 -Inf 3374.84565929629 3483.82847143785 3609.47867415394 3819.43465366135 4052.71098992511 4285.98732618887 4495.94330569628 4621.59350841237 4730.57632055393 Inf 4273.64675382394 367.888588508154 -Inf 3552.59837002468 3668.52387470224 3802.17855727532 4025.50967166108 4273.64675382394 4521.78383598679 4745.11495037256 4878.76963294563 4994.6951376232 Inf
"44" 67.7555725464998 4042.87072262743 345.850944516112 -Inf 3365.01532735669 3473.99654215551 3599.64490323773 3809.59780545568 4042.87072262743 4276.14363979918 4486.09654201713 4611.74490309935 4720.72611789817 Inf 4261.59780274459 367.883387157552 -Inf 3540.55961340518 3656.4834790833 3790.13627199498 4013.4642288394 4261.59780274459 4509.73137664978 4733.0593334942 4866.71212640588 4982.635992084 Inf
"45" 67.9570992987392 4036.91102766796 345.838401874778 -Inf 3359.08021552251 3468.05747800513 3593.7012823199 3803.64657037923 4036.91102766796 4270.1754849567 4480.12077301603 4605.76457733079 4714.74183981342 Inf 4248.18602720311 367.870199172378 -Inf 3527.17368583968 3643.09339584707 3776.74139753655 4000.06134845875 4248.18602720311 4496.31070594748 4719.63065686968 4853.27865855916 4969.19836856655 Inf
"46" 68.1588458320574 4034.17828106576 345.825834230195 -Inf 3356.37210105106 3465.34540333871 3590.98464180229 3800.92230052449 4034.17828106576 4267.43426160704 4477.37192032924 4603.01115879282 4711.98446108046 Inf 4233.62491104042 367.856873859604 -Inf 3512.63868681011 3628.55419787342 3762.1973584493 3985.50922008295 4233.62491104042 4481.7406019979 4705.05246363154 4838.69562420742 4954.61113527074 Inf
"47" 68.3608968991552 4033.69314604461 345.817032536771 -Inf 3355.90421703202 3464.87474581491 3590.51078660512 3800.44310215533 4033.69314604461 4266.94318993389 4476.8755054841 4602.51154627431 4711.4820750572 Inf 4218.1730974112 367.847433604171 -Inf 3497.20537574153 3613.11791208258 3746.75764299421 3970.06377380925 4218.1730974112 4466.28242101314 4689.58855182818 4823.22828273981 4939.14081908086 Inf
"48" 68.5634275119678 4034.30856214554 345.811792308522 -Inf 3356.52990379159 3465.49878132427 3591.13291832876 3801.0620527365 4034.30856214554 4267.55507155457 4477.48420596231 4603.1183429668 4712.08722049948 Inf 4202.14299125847 367.841717600188 -Inf 3481.18647275075 3597.09720791975 3730.73486219534 3954.03752304263 4202.14299125847 4450.24845947432 4673.55112032161 4807.1887745972 4923.0995097662 Inf
"49" 68.7667854504206 4034.87529932851 345.808236553624 -Inf 3357.1036101261 3466.07136720359 3591.704212395 3801.63118823971 4034.87529932851 4268.11941041731 4478.04638626202 4603.67923145343 4712.64698853092 Inf 4185.90390075465 367.837821817745 -Inf 3464.9550178402 3580.8645254078 3714.5007643376 3937.80106020412 4185.90390075465 4434.00674130517 4657.30703717169 4790.94327610149 4906.85278366909 Inf
"50" 68.9714141762454 4034.39239111327 345.806441330306 -Inf 3356.62422048391 3465.59141186793 3591.22360485101 3801.1494908842 4034.39239111327 4267.63529134234 4477.56117737553 4603.1933703586 4712.16056174263 Inf 4169.89606948231 367.835905088604 -Inf 3448.95094328795 3564.85984687434 3698.4953894525 3921.79452174595 4169.89606948231 4417.99761721868 4641.29674951213 4774.93229209028 4890.84119567667 Inf
"51" 69.1778042392136 4032.12929417078 345.811300601841 -Inf 3354.35159954421 3463.32032213503 3588.95428050147 3798.88311641286 4032.12929417078 4265.37547192869 4475.30430784008 4600.93826620652 4709.90698879734 Inf 4154.63523275689 367.841189899667 -Inf 3433.67974852319 3549.59031740828 3683.22777996919 3906.53012046964 4154.63523275689 4402.74034504415 4626.0426855446 4759.68014810551 4875.5907169906 Inf
"52" 69.3864183439485 4027.71464126193 345.832724138803 -Inf 3349.8949572745 3458.87043064371 3584.51217222529 3794.45401354792 4027.71464126193 4260.97526897594 4470.91711029856 4596.55885188015 4705.53432524936 Inf 4140.70317317857 367.864152951824 -Inf 3419.70268218966 3535.62048697033 3669.26629205542 3892.582572548 4140.70317317857 4388.82377380913 4612.14005430171 4745.7858593868 4861.70366416747 Inf
"53" 69.5976072874299 4021.18495843997 345.882163045775 -Inf 3343.26837597544 3452.25942805631 3577.9191308947 3787.89098468995 4021.18495843997 4254.47893219 4464.45078598524 4590.11048882363 4699.1015409045 Inf 4128.71300048753 367.916849851881 -Inf 3407.60922547242 3523.54363559211 3657.20858556962 3880.55685633801 4128.71300048753 4376.86914463706 4600.21741540545 4733.88236538296 4849.81677550265 Inf
"54" 69.8113986765627 4012.98611154639 345.965986672385 -Inf 3334.90523779265 3443.92270356647 3569.61285970121 3779.63559961939 4012.98611154639 4246.33662347339 4456.35936339157 4582.0495195263 4691.06698530013 Inf 4119.24498689876 368.005929465686 -Inf 3397.96661904883 3513.92909907748 3647.62641186231 3871.02875946277 4119.24498689876 4367.46121433475 4590.86356193521 4724.56087472004 4840.52335474869 Inf
"55" 70.0274998392901 4003.89868320581 346.078396060314 -Inf 3325.5974911002 3434.65037823645 3560.38137293355 3770.47235229883 4003.89868320581 4237.32501411279 4447.41599347807 4573.14698817516 4682.19987531141 Inf 4112.73115698037 368.125170863525 -Inf 3391.21908028521 3507.21913451337 3640.95976794384 3864.43450244374 4112.73115698037 4361.027811517 4584.50254601689 4718.24317944737 4834.24323367553 Inf
"56" 70.2453428590805 3994.87794805976 346.198165291587 -Inf 3316.3420125744 3425.43264023594 3551.20714734165 3761.37083403389 3994.87794805976 4228.38506208562 4438.54874877786 4564.32325588357 4673.41388354511 Inf 4109.32557566109 368.252066327611 -Inf 3387.56478842652 3503.60482872975 3637.39156354391 3860.94333143459 4109.32557566109 4357.70781988759 4581.25958777828 4715.04632259244 4831.08636289567 Inf
"57" 70.4641666687817 3986.83316912379 346.292709452437 -Inf 3308.11193048822 3417.23234999409 3543.04120518834 3753.26228603049 3986.83316912379 4220.40405221709 4430.62513305924 4556.43398825348 4665.55440775936 Inf 4108.80032077354 368.352134086453 -Inf 3386.84340433562 3502.91497702612 3636.73806666335 3860.35058186937 4108.80032077354 4357.2500596777 4580.86257488373 4714.68566452095 4830.75723721145 Inf
"58" 70.6830287514737 3980.40693481858 346.329220134806 -Inf 3301.61413656052 3410.74606096057 3536.56818056098 3746.81142564425 3980.40693481858 4214.00244399291 4424.24568907618 4550.06780867659 4659.19973307664 Inf 4110.50955609849 368.390683002907 -Inf 3388.47708517268 3504.56080502603 3638.39789956407 3862.0338163453 4110.50955609849 4358.98529585169 4582.62121263291 4716.45830717095 4832.5420270243 Inf
"59" 70.9009866537751 3975.81453504371 346.288140797192 -Inf 3297.10225080788 3406.22123068316 3532.02842607554 3742.24673346154 3975.81453504371 4209.38233662587 4419.60064401188 4545.40783940425 4654.52681927954 Inf 4113.44994386436 368.347042046434 -Inf 3391.50300764149 3507.57297577744 3641.39421546603 3865.003639489 4113.44994386436 4361.89624823973 4585.50567226269 4719.32691195129 4835.39688008723 Inf
"60" 71.1172394424576 3972.80487651126 346.171850578697 -Inf 3294.32051691544 3403.40285253839 3529.16779945466 3739.31551148952 3972.80487651126 4206.29424153301 4416.44195356787 4542.20690048414 4651.28923610709 Inf 4116.41739886051 368.223732379822 -Inf 3394.71214514314 3510.74325712595 3644.51969815847 3868.05426559137 4116.41739886051 4364.78053212964 4588.31509956255 4722.09154059507 4838.12265257787 Inf
"61" 71.3312800213135 3970.74635776673 346.004170535769 -Inf 3292.59064501597 3401.62014292064 3527.32417133166 3737.37009121526 3970.74635776673 4204.12262431821 4414.16854420181 4539.87257261283 4648.9020705175 Inf 4118.21548133012 368.045953676585 -Inf 3396.85866746832 3512.83375954038 3646.54561320354 3869.97225797412 4118.21548133012 4366.45870468612 4589.8853494567 4723.59720311986 4839.57229519192 Inf
"62" 71.5430511750605 3968.79513341502 345.821708658136 -Inf 3290.99703937297 3399.96904165013 3525.60678128488 3735.54193552981 3968.79513341502 4202.04833130023 4411.98348554516 4537.62122517991 4646.59322745707 Inf 4117.85251681075 367.852451930489 -Inf 3396.87495940224 3512.7890770699 3646.43063114981 3869.73980839914 4117.85251681075 4365.96522522236 4589.27440247169 4722.91595655161 4838.83007421926 Inf
"63" 71.7528232135872 3966.08312336293 345.662416343569 -Inf 3288.59723652045 3397.5190441394 3523.0989125479 3732.93736651119 3966.08312336293 4199.22888021468 4409.06733417796 4534.64720258646 4643.56901020542 Inf 4114.68001833441 367.683433672899 -Inf 3394.03373062351 3509.89458888757 3643.47473828609 3866.68131100514 4114.68001833441 4362.67872566368 4585.88529838273 4719.46544778125 4835.32630604531 Inf
"64" 71.9614359395648 3961.86931249532 345.556039180755 -Inf 3284.59192106073 3393.48020813387 3519.02142949983 3728.79530594954 3961.86931249532 4194.94331904109 4404.71719549081 4530.25841685677 4639.14670392991 Inf 4108.45744543697 367.570464257093 -Inf 3388.0325737124 3503.85783414345 3637.39694152034 3860.53493482075 4108.45744543697 4356.3799560532 4579.5179493536 4713.05705673049 4828.88231716154 Inf
"65" 72.170344639017 3955.6342406887 345.519749366385 -Inf 3278.42797598328 3387.30482776004 3512.83286496164 3722.58471125076 3955.6342406887 4188.68377012665 4398.43561641577 4523.96365361737 4632.84050539413 Inf 4099.34930371727 367.531827055965 -Inf 3379.00015951537 3494.81324496416 3628.33831536623 3851.45285349718 4099.34930371727 4347.24575393736 4570.36029206831 4703.88536247038 4819.69844791917 Inf
"66" 72.3813731679876 3947.1377029061 345.558431410599 -Inf 3269.85562278717 3378.74466367671 3504.28675414471 3714.06208282581 3947.1377029061 4180.21332298638 4389.98865166749 4515.53074213548 4624.41978302503 Inf 4087.91307057601 367.572793178262 -Inf 3367.48363424983 3483.30962854806 3616.84958202681 3839.98898912633 4087.91307057601 4335.83715202569 4558.97655912522 4692.51651260396 4808.3425069022 Inf
"67" 72.5966223911798 3936.46537707212 345.66720882583 -Inf 3258.97009713701 3367.89341491676 3493.47502444395 3703.31638774021 3936.46537707212 4169.61436640403 4379.45572970029 4505.03733922748 4613.96065700723 Inf 4075.09901060236 367.688258798107 -Inf 3354.44326581983 3470.30564453082 3603.88754690728 3827.09704877559 4075.09901060236 4323.10097242913 4546.31047429744 4679.8923766739 4795.75475538489 Inf
"68" 72.8183414430652 3924.08756574184 345.834541999024 -Inf 3246.26431881385 3355.24036500965 3480.88276702359 3690.82571189974 3924.08756574184 4157.34941958394 4367.29236446009 4492.93476647404 4601.91081266984 Inf 4062.26168596226 367.865994628521 -Inf 3341.25758535336 3457.17597046543 3590.82244463546 3814.13984313964 4062.26168596226 4310.38352878489 4533.70092728906 4667.34740145909 4783.26578657117 Inf
"69" 73.0489428840895 3910.91737478529 346.04492599669 -Inf 3232.68178279895 3341.72412317148 3467.44295812547 3677.51361909316 3910.91737478529 4144.32113047742 4354.39179144512 4480.1106263991 4589.15296677163 Inf 4051.13584603753 368.089494496787 -Inf 3329.69369373627 3445.68250597176 3579.41017810465 3802.86325484459 4051.13584603753 4299.40843723047 4522.86151397041 4656.58918610331 4772.57799833879 Inf
"70" 73.2908486239949 3898.35148276497 346.280560563688 -Inf 3219.6540555138 3328.770646779 3454.57508825692 3664.78879397261 3898.35148276497 4131.91417155733 4342.12787727303 4467.93231875094 4577.04891001614 Inf 4043.72250727317 368.339774583919 -Inf 3321.78981501508 3437.85749309832 3571.6760925028 3795.28110472678 4043.72250727317 4292.16390981956 4515.76892204353 4649.58752144801 4765.65519953125 Inf
