"mid_age" "mean_left" "std_left" "min_left" "l.q2.5" "l.q5" "l.q10" "l.q25" "l.q50" "l.q75" "l.q90" "l.q95" "l.q97.5" "max_left" "mean_right" "std_right" "min_right" "r.q2.5" "r.q5" "r.q10" "r.q25" "r.q50" "r.q75" "r.q90" "r.q95" "r.q97.5" "max_right"
"1" 30 5.86939228749104e-11 2422.25437775017 -Inf -4747.53134178475 -3984.25389864139 -3104.24388995294 -1633.78575016002 5.86939228749104e-11 1633.78575016014 3104.24388995305 3984.25389864151 4747.53134178487 Inf 2.51461153927182e-11 2577.02916889991 -Inf -5050.88435815298 -4238.83577522473 -3302.59576585775 -1738.17976037929 2.51461153927182e-11 1738.17976037934 3302.5957658578 4238.83577522478 5050.88435815303 Inf
"2" 30.7070707070707 7.24238148877939e-10 2422.25437775017 -Inf -4747.53134178409 -3984.25389864073 -3104.24388995227 -1633.78575015935 7.24238148877939e-10 1633.7857501608 3104.24388995372 3984.25389864217 4747.53134178554 Inf 3.07165793269646e-10 2577.02916889991 -Inf -5050.8843581527 -4238.83577522445 -3302.59576585747 -1738.17976037901 3.07165793269646e-10 1738.17976037962 3302.59576585809 4238.83577522506 5050.88435815331 Inf
"3" 31.4141414141414 8.0756311586328e-09 2422.25437775017 -Inf -4747.53134177674 -3984.25389863337 -3104.24388994492 -1633.785750152 8.0756311586328e-09 1633.78575016815 3104.24388996107 3984.25389864952 4747.53134179289 Inf 3.38964051757355e-09 2577.02916889991 -Inf -5050.88435814962 -4238.83577522136 -3302.59576585439 -1738.17976037593 3.38964051757355e-09 1738.1797603827 3302.59576586117 4238.83577522814 5050.8843581564 Inf
"4" 32.1212121212121 8.13607010156008e-08 2422.25437775017 -Inf -4747.53134170345 -3984.25389856009 -3104.24388987163 -1633.78575007872 8.13607010156008e-08 1633.78575024144 3104.24389003435 3984.25389872281 4747.53134186617 Inf 3.378941077542e-08 2577.02916889991 -Inf -5050.88435811922 -4238.83577519096 -3302.59576582399 -1738.17976034553 3.378941077542e-08 1738.1797604131 3302.59576589157 4238.83577525854 5050.8843581868 Inf
"5" 32.8282828282828 7.40497871559959e-07 2422.25437775017 -Inf -4747.53134104432 -3984.25389790095 -3104.2438892125 -1633.78574941958 7.40497871559959e-07 1633.78575090058 3104.24389069349 3984.25389938195 4747.53134252531 Inf 3.04247316274638e-07 2577.02916889991 -Inf -5050.88435784876 -4238.83577492051 -3302.59576555353 -1738.17976007507 3.04247316274638e-07 1738.17976068356 3302.59576616203 4238.835775529 5050.88435845725 Inf
"6" 33.5353535353535 6.08725903499655e-06 2422.25437775017 -Inf -4747.53133569755 -3984.25389255419 -3104.24388386573 -1633.78574407282 6.08725903499655e-06 1633.78575624734 3104.24389604025 3984.25390472871 4747.53134787207 Inf 2.47442296213554e-06 2577.02916889991 -Inf -5050.88435567858 -4238.83577275033 -3302.59576338336 -1738.17975790489 2.47442296213554e-06 1738.17976285374 3302.5957683322 4238.83577769917 5050.88436062743 Inf
"7" 34.2424242424242 4.51871544788694e-05 2422.25437775017 -Inf -4747.53129659766 -3984.2538534543 -3104.24384476584 -1633.78570497292 4.51871544788694e-05 1633.78579534723 3104.24393514015 3984.2539438286 4747.53138697197 Inf 1.81767951207281e-05 2577.02916889991 -Inf -5050.88433997621 -4238.83575704796 -3302.59574768098 -1738.17974220252 1.81767951207281e-05 1738.17977855611 3302.59578403457 4238.83579340154 5050.8843763298 Inf
"8" 34.9494949494949 0.000302828294773139 2422.25437775016 -Inf -4747.5310389565 -3984.25359581314 -3104.24358712469 -1633.78544733178 0.000302828294773139 1633.78605298837 3104.24419278128 3984.25420146973 4747.53164461309 Inf 0.000120606585556375 2577.0291688999 -Inf -5050.88423754641 -4238.83565461816 -3302.59564525118 -1738.17963977272 0.000120606585556375 1738.1798809859 3302.59588646435 4238.83589583132 5050.88447875958 Inf
"9" 35.6565656565657 0.00183165440273679 2422.25437774992 -Inf -4747.52951012991 -3984.25206698663 -3104.24205829826 -1633.7839185055 0.00183165440273679 1633.78758181431 3104.24572160707 3984.25573029543 4747.53317343872 Inf 0.000722895546256199 2577.02916889963 -Inf -5050.88363525692 -4238.83505232875 -3302.59504296188 -1738.17903748358 0.000722895546256199 1738.18048327467 3302.59648875297 4238.83649811984 5050.88508104801 Inf
"10" 36.3636363636364 0.00999575092638859 2422.25437774263 -Inf -4747.52134601911 -3984.24390287813 -3104.23389419241 -1633.77575440407 0.00999575092638859 1633.79574590592 3104.25388569426 3984.26389437998 4747.54133752096 Inf 0.00391477574231851 2577.02916889169 -Inf -5050.88044336116 -4238.8318604355 -3302.59185107151 -1738.17584559803 0.00391477574231851 1738.18367514952 3302.59968062299 4238.83968998698 5050.88827291265 Inf
"11" 37.0707070707071 0.0491983093420608 2422.25437756845 -Inf -4747.48214311931 -3984.20470003321 -3104.19469141077 -1633.73655172817 0.0491983093420608 1633.83494834685 3104.29308802946 3984.30309665189 4747.580539738 Inf 0.0191596511643102 2577.02916870201 -Inf -5050.86519811397 -4238.81661524808 -3302.576605953 -1738.16060059467 0.0191596511643102 1738.198919897 3302.61492525533 4238.8549345504 5050.9035174163 Inf
"12" 37.7777777777778 0.218303885746583 2422.25437418493 -Inf -4747.31303091133 -3984.03558889141 -3104.02558149821 -1633.56744386961 0.218303885746583 1634.00405164111 3104.4621892697 3984.4721966629 4747.74963868282 Inf 0.0847811665138129 2577.02916502036 -Inf -5050.79956938272 -4238.75098767695 -3302.51097971942 -1738.09497659608 0.0847811665138129 1738.26453892911 3302.68054205245 4238.92055000997 5050.96913171574 Inf
"13" 38.4848484848485 0.872841035274754 2422.25432086535 -Inf -4746.65838925733 -3983.38096403897 -3103.37097601688 -1632.91287075657 0.872841035274754 1634.65855282712 3105.11665808743 3985.12664610951 4748.40407132788 Inf 0.339387869456011 2577.02910705545 -Inf -5050.54484907065 -4238.49628563022 -3302.25629873146 -1737.84033079641 0.339387869456011 1738.51910653532 3302.93507447038 4239.17506136913 5051.22362480956 Inf
"14" 39.1919191919192 3.14286737007334 2422.25364035522 -Inf -4744.38702914719 -3981.10981836461 -3101.10007757326 -1630.64238542467 3.14286737007334 1636.92812016481 3107.38581231341 3987.39555310476 4750.67276388733 Inf 1.23003252273665 2577.02836800024 -Inf -5049.65275589576 -4237.60442533929 -3301.36470694081 -1736.94918765796 1.23003252273665 1739.40925270343 3303.82477198629 4240.06449038476 5052.11282094123 Inf
"15" 39.8989898989899 10.1848710669488 2422.24662055724 -Inf -4737.33126689911 -3974.05626812758 -3094.04907764331 -1623.59564694601 10.1848710669488 1643.96538907991 3114.4188197772 3994.42601026148 4757.701009033 Inf 4.04007677751233 2577.02075273692 -Inf -5046.82778599914 -4234.78185509102 -3298.54490333341 -1734.13400698613 4.04007677751233 1742.21416054115 3306.62505688843 4242.86200864604 5054.90793955417 Inf
"16" 40.6060606060606 29.6832529573146 2422.18824336593 -Inf -4717.71846781624 -3954.46186430235 -3074.47588237201 -1604.05789023845 29.6832529573146 1663.42439615308 3133.84238828664 4013.82837021697 4777.08497373087 Inf 12.0401837594124 2576.95750141245 -Inf -5038.70370869931 -4226.67770893866 -3290.46373651761 -1726.09123763419 12.0401837594124 1750.17160515301 3314.54410403644 4250.75807645748 5062.78407621814 Inf
"17" 41.3131313131313 77.741581782218 2421.79812174863 -Inf -4668.89551467184 -3905.76184252028 -3025.91759257771 -1555.73642838135 77.741581782218 1711.21959194579 3181.40075614215 4061.24500608471 4824.37867823628 Inf 32.6012336346743 2576.53538351162 -Inf -5017.31532294121 -4205.42233690323 -3269.36172078571 -1705.24547356145 32.6012336346743 1770.4479408308 3334.56418805506 4270.62480417257 5082.51779021055 Inf
"18" 42.020202020202 182.821612438834 2419.71112106991 -Inf -4559.72503784923 -3797.24900122782 -2918.16296293399 -1449.24873715829 182.821612438834 1814.89196203596 3283.80618781166 4162.89222610549 4925.3682627269 Inf 80.316911020725 2574.28063555293 -Inf -4965.1804207619 -4153.99792915945 -3218.75646762328 -1656.00899178798 80.316911020725 1816.64281382943 3379.39028966473 4314.6317512009 5125.81424280335 Inf
"19" 42.7272727272727 385.74717280226 2410.81025441667 -Inf -4339.35409941426 -3579.6828180668 -2703.8304829764 -1240.31963346939 385.74717280226 2011.81397907391 3475.32482858092 4351.17716367132 5110.84844501878 Inf 180.271745249404 2564.6804438892 -Inf -4846.40955662763 -4038.25218485326 -3106.49849273842 -1549.5789266822 180.271745249404 1910.12241718101 3467.04198323723 4398.79567535207 5206.95304712644 Inf
"20" 43.4343434343434 729.867313399976 2380.63877394493 -Inf -3936.09894373167 -3185.93500838465 -2321.04403434533 -875.849138545245 729.867313399976 2335.5837653452 3780.77866114528 4645.6696351846 5395.83357053163 Inf 369.01733336798 2532.19776883866 -Inf -4593.99909528847 -3796.07735086471 -2876.12468155575 -1338.92410718308 369.01733336798 2076.95877391904 3614.15934829171 4534.11201760067 5332.03376202443 Inf
"21" 44.1414141414141 1238.38685423731 2299.35549808261 -Inf -3268.26710965875 -2543.71637643467 -1708.35578407403 -312.504861276409 1238.38685423731 2789.27856975104 4185.12949254866 5020.4900849093 5745.04081813338 Inf 689.293355064391 2444.85714959638 -Inf -4102.53860548978 -3332.13879482746 -2443.91715253377 -959.737733031979 689.293355064391 2338.32444316076 3822.50386266255 4710.72550495624 5481.12531561856 Inf
"22" 44.8484848484848 1886.49356808794 2124.59799461799 -Inf -2277.64198298935 -1608.1591491733 -836.288318067673 453.473997430949 1886.49356808794 3319.51313874492 4609.27545424354 5381.14628534916 6050.62911916522 Inf 1174.83831712037 2257.44969733514 -Inf -3249.68178656736 -2538.33600520184 -1718.19987663767 -347.788365315433 1174.83831712037 2697.46499955617 4067.8765108784 4888.01263944258 5599.35842080809 Inf
"23" 45.5555555555556 2589.05664855279 1822.87755101345 -Inf -983.717699660154 -409.310102720107 252.945069255391 1359.54442453168 2589.05664855279 3818.5688725739 4925.16822785019 5587.42339982569 6161.83099676574 Inf 1826.09453186876 1934.53565677427 -Inf -1965.52568221735 -1355.93345964335 -653.112667672161 521.270059985666 1826.09453186876 3130.91900375184 4305.30173140967 5008.12252338086 5617.71474595486 Inf
"24" 46.2626262626263 3225.21605549064 1403.65749224774 -Inf 474.097924055265 916.404938369341 1426.35659881215 2278.46346418361 3225.21605549064 4171.96864679768 5024.07551216914 5534.02717261195 5976.33418692602 Inf 2586.80665688516 1486.75557476797 -Inf -327.180723474202 141.311357337748 681.452722459108 1584.00526065728 2586.80665688516 3589.60805311303 4492.16059131121 5032.30195643256 5500.79403724452 Inf
"25" 46.969696969697 3697.14642621512 941.680755376026 -Inf 1851.48606074364 2148.21942030447 2490.33397991976 3061.99240875709 3697.14642621512 4332.30044367316 4903.95887251049 5246.07343212578 5542.80679168661 Inf 3340.71648263422 994.22960759977 -Inf 1392.06225937528 1705.3543065512 2066.55997250394 2670.1188029667 3340.71648263422 4011.31416230174 4614.8729927645 4976.07865871724 5289.37070589316 Inf
"26" 47.6767676767677 3984.37563808172 565.564250644334 -Inf 2875.89007587544 3054.1052291353 3259.57588725241 3602.90834794479 3984.37563808172 4365.84292821865 4709.17538891103 4914.64604702814 5092.861200288 Inf 3945.78174989951 593.889150361119 -Inf 2781.78040438262 2968.92102692089 3184.68217949426 3545.20960522827 3945.78174989951 4346.35389457074 4706.88132030475 4922.64247287812 5109.78309541639 Inf
"27" 48.3838383838384 4145.36231604794 391.947643676913 -Inf 3377.15905061585 3500.66581277089 3643.06119968227 3880.99764777435 4145.36231604794 4409.72698432152 4647.6634324136 4790.05881932499 4913.56558148003 Inf 4301.39248141255 409.66679826617 -Inf 3498.46031114902 3627.55056244285 3776.3833547429 4025.07642498638 4301.39248141255 4577.70853783873 4826.40160808221 4975.23440038226 5104.32465167608 Inf
"28" 49.0909090909091 4259.13027143738 366.562400642429 -Inf 3540.68116809168 3656.18877723664 3789.36165302429 4011.88768939679 4259.13027143738 4506.37285347797 4728.89888985047 4862.07176563812 4977.57937478308 Inf 4410.32860121948 383.107479568324 -Inf 3659.45173905766 3780.17287393929 3919.35661100685 4151.92653302719 4410.32860121948 4668.73066941177 4901.30059143212 5040.48432849968 5161.20546338131 Inf
"29" 49.7979797979798 4359.77990406873 363.703166240619 -Inf 3646.93479717393 3761.54143194411 3893.67554197954 4114.46584632557 4359.77990406873 4605.09396181189 4825.88426615792 4958.01837619334 5072.62501096352 Inf 4382.87920038606 380.069555387961 -Inf 3637.9565602055 3757.72041371234 3895.80046666277 4126.5261809153 4382.87920038606 4639.23221985682 4869.95793410934 5008.03798705978 5127.80184056661 Inf
"30" 50.5050505050505 4427.13983890799 361.808690409889 -Inf 3718.007836411 3832.01750222472 3963.46334528555 4183.10358569465 4427.13983890799 4671.17609212133 4890.81633253042 5022.26217559126 5136.27184140497 Inf 4363.98544336901 378.096668637313 -Inf 3622.9295901653 3742.07176662266 3879.43506574966 4108.96311578986 4363.98544336901 4619.00777094816 4848.53582098836 4985.89912011536 5105.04129657272 Inf
"31" 51.2121212121212 4435.32187546123 359.13644066729 -Inf 3731.42738621744 3844.5949984592 3975.07000767995 4193.08802730924 4435.32187546123 4677.55572361322 4895.57374324252 5026.04875246327 5139.21636470503 Inf 4430.36557805204 375.305344777298 -Inf 3694.78061908315 3813.04322048083 3949.39242589544 4177.22596980595 4430.36557805204 4683.50518629814 4911.33873020865 5047.68793562325 5165.95053702094 Inf
"32" 51.9191919191919 4395.50736550175 355.544624123112 -Inf 3698.65270732362 3810.68850096975 3939.85859583581 4155.6961607934 4395.50736550175 4635.31857021011 4851.15613516769 4980.32623003375 5092.36202367988 Inf 4542.26033388959 371.51664515255 -Inf 3814.10108973344 3931.16983263757 4066.14259566846 4291.67616470696 4542.26033388959 4792.84450307222 5018.37807211072 5153.3508351416 5270.41957804573 Inf
"33" 52.6262626262626 4343.09128322396 354.833842909133 -Inf 3647.62973062612 3759.44154974975 3888.35341633556 4103.75949315907 4343.09128322396 4582.42307328886 4797.82915011237 4926.74101669818 5038.55283582181 Inf 4595.58691921126 370.785619707604 -Inf 3868.86045859899 3985.69884781376 4120.40602779356 4345.49581919838 4595.58691921126 4845.67801922414 5070.76781062897 5205.47499060876 5322.31337982353 Inf
"34" 53.3333333333333 4296.39872633241 353.618611116541 -Inf 3603.31898428092 3714.74787127983 3843.2182416503 4057.88659765573 4296.39872633241 4534.91085500909 4749.57921101452 4878.04958138499 4989.47846838391 Inf 4530.84050500383 369.511341027484 -Inf 3806.61158471086 3923.04843551507 4057.29266742357 4281.60889289958 4530.84050500383 4780.07211710808 5004.38834258409 5138.63257449259 5255.0694252968 Inf
"35" 54.040404040404 4249.95523339945 351.949442242295 -Inf 3560.14700222559 3671.04991682366 3798.91387470129 4012.56894201979 4249.95523339945 4487.34152477911 4700.99659209761 4828.86054997524 4939.76346457331 Inf 4399.05171744991 367.753330546946 -Inf 3678.26843438325 3794.15131787629 3927.75686095323 4151.00586539553 4399.05171744991 4647.0975695043 4870.34657394659 5003.95211702354 5119.83500051658 Inf
"36" 54.7474747474747 4209.08132764639 352.021664782027 -Inf 3519.13154289579 3630.05721556418 3757.94741203937 3971.64632290395 4209.08132764639 4446.51633238883 4660.21524325341 4788.1054397286 4899.03111239699 Inf 4320.84494683922 367.837652832683 -Inf 3599.89639512941 3715.80584944806 3849.44202698524 4072.74222026739 4320.84494683922 4568.94767341105 4792.24786669319 4925.88404423037 5041.79349854902 Inf
"37" 55.4545454545455 4206.11475967414 351.416972252444 -Inf 3517.35015050324 3628.0852782924 3755.75578872507 3969.08761384492 4206.11475967414 4443.14190550335 4656.4737306232 4784.14424105588 4894.87936884504 Inf 4374.14627855617 367.200338684483 -Inf 3654.44683962367 3770.15546965318 3903.56010964656 4126.47341384495 4374.14627855617 4621.81914326738 4844.73244746577 4978.13708745915 5093.84571748866 Inf
"38" 56.1616161616162 4262.66548482757 351.343833312168 -Inf 3574.04422534548 3684.75630629702 3812.40024520192 4025.68767046392 4262.66548482757 4499.64329919123 4712.93072445322 4840.57466335813 4951.28674430967 Inf 4517.88777648207 367.120240674008 -Inf 3798.34532676534 3914.02871708213 4047.40425730319 4270.26893705794 4517.88777648207 4765.50661590621 4988.37129566096 5121.74683588201 5237.43022619881 Inf
"39" 56.8686868686869 4345.93376458799 353.26193388725 -Inf 3653.55309706001 3764.86959136966 3893.21038016748 4107.6622110466 4345.93376458799 4584.20531812939 4798.65714900851 4926.99793780633 5038.31443211597 Inf 4629.71483825131 369.138500179846 -Inf 3906.21667259168 4022.53603738307 4156.64481544304 4380.73470347725 4629.71483825131 4878.69497302537 5102.78486105958 5236.89363911956 5353.21300391094 Inf
"40" 57.5757575757576 4386.79829700338 353.71778986732 -Inf 3693.52416817233 3804.98430742286 3933.49070963794 4148.21927327586 4386.79829700338 4625.3773207309 4840.10588436882 4968.6122865839 5080.07242583444 Inf 4623.19174655952 369.613379489839 -Inf 3898.7628345553 4015.23183873587 4149.51314142809 4373.89131055829 4623.19174655952 4872.49218256075 5096.87035169095 5231.15165438317 5347.62065856374 Inf
"41" 58.2828282828283 4348.29730317027 352.367193324588 -Inf 3657.67029492062 3768.70484721161 3896.72057491859 4110.62924296748 4348.29730317027 4585.96536337307 4799.87403142196 4927.88975912893 5038.92431141993 Inf 4524.17264983371 368.193479241333 -Inf 3802.52669117821 3918.54827008373 4052.31372008867 4275.8299219964 4524.17264983371 4772.51537767103 4996.03157957876 5129.7970295837 5245.81860848922 Inf
"42" 58.989898989899 4263.45698698088 351.735729229506 -Inf 3574.06762561511 3684.9031970293 3812.68951252883 4026.21484283783 4263.45698698088 4500.69913112392 4714.22446143292 4842.01077693245 4952.84634834664 Inf 4427.72138131948 367.533246998818 -Inf 3707.36945408073 3823.18298696822 3956.70857323845 4179.82397336249 4427.72138131948 4675.61878927647 4898.7341894005 5032.25977567073 5148.07330855823 Inf
"43" 59.6969696969697 4197.35074563883 351.746429524529 -Inf 3507.9404120802 3618.77935526818 3746.56955820695 3960.10138425647 4197.35074563883 4434.6001070212 4648.13193307072 4775.92213600949 4886.76107919747 Inf 4391.67471337763 367.545452116034 -Inf 3671.29886454871 3787.11624339505 3920.64626380953 4143.76907319418 4391.67471337763 4639.58035356108 4862.70316294573 4996.2331833602 5112.05056220654 Inf
"44" 60.4040404040404 4179.90149402841 351.393422881862 -Inf 3491.18304077571 3601.91074791429 3729.57270281209 3942.89023200828 4179.90149402841 4416.91275604855 4630.23028524474 4757.89224014254 4868.61994728111 Inf 4392.63103283822 367.175535464295 -Inf 3672.98020732399 3788.68102160193 3922.07665053428 4144.9748976448 4392.63103283822 4640.28716803165 4863.18541514217 4996.58104407452 5112.28185835245 Inf
"45" 61.1111111111111 4184.67322536519 350.871615015942 -Inf 3496.97749673654 3607.5407768119 3735.01315783635 3948.0139174022 4184.67322536519 4421.33253332819 4634.33329289404 4761.80567391849 4872.36895399384 Inf 4383.22940562395 366.628056362584 -Inf 3664.65161943137 3780.17991737379 3913.37664601991 4135.94253947308 4383.22940562395 4630.51627177483 4853.082165228 4986.27889387412 5101.80719181654 Inf
"46" 61.8181818181818 4169.0973388852 350.389837781302 -Inf 3482.34587628501 3592.75734336369 3720.05469372565 3932.76298472884 4169.0973388852 4405.43169304155 4618.13998404474 4745.43733440671 4855.84880148538 Inf 4359.22164634565 366.124568992418 -Inf 3641.63067726526 3757.00032112243 3890.01413176907 4112.27437726531 4359.22164634565 4606.16891542599 4828.42916092222 4961.44297156887 5076.81261542604 Inf
"47" 62.5252525252525 4125.89334820086 349.840682078524 -Inf 3440.21821100002 3550.45663342882 3677.55447439193 3889.92939393729 4125.89334820086 4361.85730246443 4574.23222200978 4701.3300629729 4811.56848540169 Inf 4347.99808384691 365.548082747998 -Inf 3631.53700704317 3746.72499411371 3879.52936611939 4101.43964882956 4347.99808384691 4594.55651886427 4816.46680157444 4949.27117358011 5064.45916065066 Inf
"48" 63.2323232323232 4092.56034393233 349.888329571244 -Inf 3406.79181936182 3517.04525600908 3644.16040740452 3856.5642519233 4092.56034393233 4328.55643594137 4540.96028046015 4668.07543185559 4778.32886850285 Inf 4353.62534631469 365.597928307467 -Inf 3637.0665740096 3752.27026793221 3885.09274893239 4107.03329097838 4353.62534631469 4600.217401651 4822.15794369699 4954.98042469717 5070.18411861978 Inf
"49" 63.9393939393939 4111.9232244509 350.47584581607 -Inf 3425.00318920019 3535.44175830145 3662.77035555974 3875.53085875665 4111.9232244509 4348.31559014514 4561.07609334205 4688.40469060034 4798.84325970161 Inf 4350.26771748684 366.21521758491 -Inf 3632.49908042992 3747.89728859748 3880.94403206464 4103.25930685999 4350.26771748684 4597.27612811369 4819.59140290904 4952.6381463762 5068.03635454376 Inf
"50" 64.6464646464646 4182.55415610563 350.53508310489 -Inf 3495.51801790229 3605.97525328681 3733.32537157425 3946.12183546725 4182.55415610563 4418.98647674401 4631.78294063701 4759.13305892444 4869.59029430897 Inf 4328.95416358961 366.276707673718 -Inf 3611.06500817321 3726.48259250465 3859.55167544783 4081.90427852812 4328.95416358961 4576.0040486511 4798.35665173138 4931.42573467457 5046.843319006 Inf
"51" 65.3535353535354 4249.84793664632 349.942865680548 -Inf 3563.97252326571 3674.24314480588 3801.37810928225 4013.81506059055 4249.84793664632 4485.8808127021 4698.31776401039 4825.45272848677 4935.72335002694 Inf 4316.85033841675 365.656002946026 -Inf 3600.17774191167 3715.3997357544 3848.24331539049 4070.21911233199 4316.85033841675 4563.48156450152 4785.45736144302 4918.3009410791 5033.52293492184 Inf
"52" 66.0606060606061 4253.00233509194 349.319447369945 -Inf 3568.34879914741 3678.4229751208 3805.33145043981 4017.38994829675 4253.00233509194 4488.61472188712 4700.67321974406 4827.58169506307 4937.65587103646 Inf 4334.85090017292 365.00242844027 -Inf 3619.45928616034 3734.47533190685 3867.08146657771 4088.66050339328 4334.85090017292 4581.04129695256 4802.62033376813 4935.226468439 5050.24251418551 Inf
"53" 66.7676767676768 4182.61482875135 349.051478656521 -Inf 3498.48650183412 3608.4762380904 3735.28735982343 3947.18318410674 4182.61482875135 4418.04647339596 4629.94229767927 4756.7534194123 4866.74315566858 Inf 4356.78940558765 364.72192600768 -Inf 3641.94756624051 3756.87522276519 3889.37945032406 4110.78820482369 4356.78940558765 4602.7906063516 4824.19936085123 4956.7035884101 5071.63124493478 Inf
"54" 67.4747474747475 4085.57515415535 349.190377509829 -Inf 3401.17459048814 3511.20809521175 3638.06967918452 3850.04982365787 4085.57515415535 4321.10048465283 4533.08062912618 4659.94221309894 4769.97571782256 Inf 4332.32366972577 364.867284878115 -Inf 3617.19693222775 3732.17039283806 3864.72742957421 4086.2244258936 4332.32366972577 4578.42291355793 4799.91990987732 4932.47694661347 5047.45040722379 Inf
"55" 68.1818181818182 4014.4301994714 349.600870762424 -Inf 3329.22508381321 3439.38793921243 3566.39865623006 3778.62799548252 4014.4301994714 4250.23240346028 4462.46174271274 4589.47245973036 4699.63531512959 Inf 4247.14052468834 365.297898463412 -Inf 3531.16980007188 3646.27895148305 3778.9924310224 4000.7508364066 4247.14052468834 4493.53021297008 4715.28861835428 4848.00209789364 4963.1112493048 Inf
"56" 68.8888888888889 3985.07365215592 349.694226094857 -Inf 3299.68556340839 3409.8778360398 3536.92246924215 3749.20848095219 3985.07365215592 4220.93882335965 4433.22483506969 4560.26946827203 4670.46174090345 Inf 4147.25495508537 365.396260097053 -Inf 3431.09144520951 3546.23159139023 3678.98080591385 3900.79892288992 4147.25495508537 4393.71098728081 4615.52910425689 4748.27831878051 4863.41846496122 Inf
"57" 69.5959595959596 3984.76822691564 349.685238815261 -Inf 3299.39775291244 3409.58719355897 3536.62856166411 3748.90911753988 3984.76822691564 4220.6273362914 4432.90789216718 4559.94926027232 4670.13870091884 Inf 4097.88566117222 365.384428757296 -Inf 3381.74534029618 3496.88175829919 3629.62667447268 3851.43760909417 4097.88566117222 4344.33371325026 4566.14464787175 4698.88956404525 4814.02598204826 Inf
"58" 70.3030303030303 3997.36384246815 350.433534976304 -Inf 3310.52673493954 3420.95197145695 3548.26519709994 3761.00001500166 3997.36384246815 4233.72766993465 4446.46248783636 4573.77571347935 4684.20094999677 Inf 4116.82510731413 366.171029487675 -Inf 3399.14307733633 3514.52736137677 3647.55805121712 3869.84650110594 4116.82510731413 4363.80371352231 4586.09216341113 4719.12285325148 4834.50713729192 Inf
"59" 71.010101010101 4003.42873496149 350.620580774303 -Inf 3316.22502440534 3426.70920099105 3554.09038075803 3766.93874702143 4003.42873496149 4239.91872290156 4452.76708916496 4580.14826893194 4690.63244551764 Inf 4150.28214163653 366.369033256486 -Inf 3432.21203140306 3547.6587084819 3680.76133349962 3903.16998391578 4150.28214163653 4397.39429935728 4619.80294977344 4752.90557479117 4868.35225187 Inf
"60" 71.7171717171717 3975.85194656625 349.54180530456 -Inf 3290.7625970782 3400.90684033988 3527.8960987549 3740.08958162329 3975.85194656625 4211.61431150921 4423.80779437759 4550.79705279262 4660.9412960543 Inf 4125.91755156316 365.234742471751 -Inf 3410.07061041577 3525.15986071982 3657.85039555721 3879.57046135046 4125.91755156316 4372.26464177586 4593.98470756911 4726.67524240651 4841.76449271056 Inf
"61" 72.4242424242424 3906.82074897155 349.147435784126 -Inf 3222.50434954015 3332.52432288122 3459.37030603652 3671.32438222791 3906.82074897155 4142.31711571518 4354.27119190658 4481.11717506187 4591.13714840294 Inf 4038.41363635041 364.821969830299 -Inf 3323.37571471406 3438.33489608346 3570.87546976932 3792.34495705353 4038.41363635041 4284.48231564729 4505.95180293149 4638.49237661736 4753.45155798675 Inf
"62" 73.1313131313131 3836.03249370005 349.888024572674 -Inf 3150.26456691574 3260.5179074548 3387.63294804363 3600.03660740942 3836.03249370005 4072.02837999067 4284.43203935646 4411.54707994529 4521.80042048435 Inf 3967.70996615052 365.598427219286 -Inf 3251.15021599624 3366.35406713113 3499.176729387 3721.11757430331 3967.70996615052 4214.30235799774 4436.24320291404 4569.06586516992 4684.26971630481 Inf
"63" 73.8383838383838 3822.15643085355 350.862555399413 -Inf 3134.47845874701 3245.03888404336 3372.50797369045 3585.50323350904 3822.15643085355 4058.80962819806 4271.80488801665 4399.27397766373 4509.83440296009 Inf 3988.9651820149 366.619263985474 -Inf 3270.40462856478 3385.93015593811 3519.1236902955 3741.68424623226 3988.9651820149 4236.24611779753 4458.80667373429 4592.00020809168 4707.52573546501 Inf
"64" 74.5454545454545 3875.78503867975 351.811089528947 -Inf 3186.24797384122 3297.10729206632 3424.92098611798 3638.49206478716 3875.78503867975 4113.07801257234 4326.64909124153 4454.46278529319 4565.32210351829 Inf 4072.09453489602 367.613354234953 -Inf 3351.58560035955 3467.42437586687 3600.97906526112 3824.14309542935 4072.09453489602 4320.0459743627 4543.21000453093 4676.76469392518 4792.6034694325 Inf
"65" 75.2525252525253 3939.033852587 352.453946980302 -Inf 3248.23681029662 3359.29869956309 3487.34594505202 3701.30727793263 3939.033852587 4176.76042724137 4390.72176012198 4518.76900561091 4629.83089487738 Inf 4106.3160437594 368.28691397181 -Inf 3384.48695639725 3500.5379775541 3634.33737258923 3857.91029515407 4106.3160437594 4354.72179236473 4578.29471492956 4712.0941099647 4828.14513112155 Inf
"66" 75.959595959596 3943.29539656648 352.608965250567 -Inf 3252.19452404944 3363.30526117848 3491.40882512456 3705.46426367773 3943.29539656648 4181.12652945524 4395.18196800841 4523.28553195448 4634.39626908353 Inf 4034.64448149914 368.448788964055 -Inf 3312.49812498219 3428.60015462573 3562.45835917924 3786.12954987072 4034.64448149914 4283.15941312755 4506.83060381903 4640.68880837254 4756.79083801608 Inf
"67" 76.6666666666667 3876.650191076 353.246511635315 -Inf 3184.29975060638 3295.6113852047 3423.9465710666 3638.38903968546 3876.650191076 4114.91134246654 4329.35381108541 4457.68899694731 4569.00063154563 Inf 3928.34094230007 369.114272599352 -Inf 3204.89026182564 3321.20199225548 3455.30196838552 3679.37714878073 3928.34094230007 4177.30473581942 4401.37991621463 4535.47989234467 4651.7916227745 Inf
"68" 77.3737373737374 3787.23276374914 355.442208964575 -Inf 3090.57883559322 3202.58235716212 3331.71524438996 3547.49063701548 3787.23276374914 4026.9748904828 4242.75028310833 4371.88317033617 4483.88669190507 Inf 3898.39876751159 371.419166493529 -Inf 3170.43057801639 3287.46860438541 3422.40595321854 3647.88034668533 3898.39876751159 4148.91718833784 4374.39158180464 4509.32893063776 4626.36695700679 Inf
"69" 78.0808080808081 3732.59844713747 357.740972848212 -Inf 3031.43902456066 3144.16691043894 3274.1349433244 3491.30582772618 3732.59844713747 3973.89106654877 4191.06195095055 4321.02998383601 4433.75786971429 Inf 3955.49207148651 373.827418697371 -Inf 3222.80379440609 3340.60068598823 3476.4129578114 3703.34930923287 3955.49207148651 4207.63483374014 4434.57118516162 4570.38345698479 4688.18034856693 Inf
"70" 78.7878787878788 3735.16628416595 360.377437623952 -Inf 3028.83948558217 3142.39814881871 3273.32401479202 3492.09539628666 3735.16628416595 3978.23717204523 4197.00855353987 4327.93441951318 4441.49308274972 Inf 3997.77270857662 376.58453252962 -Inf 3259.68058768371 3378.34627439145 3515.1602113534 3743.77030130301 3997.77270857662 4251.77511585023 4480.38520579984 4617.19914276179 4735.86482946953 Inf
"71" 79.4949494949495 3772.3673717158 370.796433295459 -Inf 3045.61971686079 3162.4615135491 3297.17262212765 3522.26897804875 3772.3673717158 4022.46576538285 4247.56212130395 4382.27322988251 4499.11502657081 Inf 3934.5859433412 387.50006447352 -Inf 3175.09977296616 3297.205056848 3437.98462906653 3673.22112165349 3934.5859433412 4195.95076502891 4431.18725761588 4571.9668298344 4694.07211371625 Inf
"72" 80.2020202020202 3786.85730599061 393.086795413285 -Inf 3016.42134418231 3140.28706484834 3283.0963079338 3521.72429154692 3786.85730599061 4051.99032043429 4290.61830404742 4433.42754713288 4557.29326779891 Inf 3782.19962981291 410.973706806779 -Inf 2976.7059658787 3106.20803759009 3255.51563245701 3505.00207697165 3782.19962981291 4059.39718265417 4308.88362716881 4458.19122203573 4587.69329374712 Inf
"73" 80.9090909090909 3703.29217018584 412.061179479964 -Inf 2895.66709897802 3025.51184459232 3175.21452052314 3425.3611281729 3703.29217018584 3981.22321219878 4231.36981984854 4381.07249577936 4510.91724139366 Inf 3618.61192117453 430.921547976633 -Inf 2774.02120697808 2909.80905005363 3066.36373673818 3327.95975392567 3618.61192117453 3909.2640884234 4170.86010561089 4327.41479229544 4463.20263537098 Inf
"74" 81.6161616161616 3455.67782551088 446.222540191245 -Inf 2581.09771764606 2721.70706184981 2883.8206305475 3154.70529584542 3455.67782551088 3756.65035517633 4027.53502047425 4189.64858917194 4330.25793337569 Inf 3468.64607956932 466.434252587233 -Inf 2554.45174334248 2701.43000746681 2870.88653294252 3154.04095705886 3468.64607956932 3783.25120207978 4066.40562619611 4235.86215167183 4382.84041579615 Inf
"75" 82.3232323232323 3022.00502849258 629.668403137246 -Inf 1787.87763614073 1986.29267181554 2215.05250067807 2597.30014455417 3022.00502849258 3446.70991243098 3828.95755630708 4057.71738516962 4256.13242084443 Inf 3262.86377109994 660.957053081754 -Inf 1967.41175173197 2175.68616507926 2415.81322496527 2817.05501347649 3262.86377109994 3708.67252872339 4109.91431723461 4350.04137712062 4558.31579046791 Inf
"76" 83.030303030303 2443.73562652541 1011.36027361735 -Inf 461.505914840835 780.196012311282 1147.62528454148 1761.583488215 2443.73562652541 3125.88776483582 3739.84596850934 4107.27524073954 4425.96533820998 Inf 2908.57708397489 1067.62512420291 -Inf 816.070291547082 1152.49002620521 1540.3604346379 2188.47488064821 2908.57708397489 3628.67928730157 4276.79373331188 4664.66414174456 5001.0838764027 Inf
"77" 83.7373737373737 1811.49019780444 1468.24710871951 -Inf -1066.22125569087 -603.561384233867 -70.1441829813891 821.172572218093 1811.49019780444 2801.80782339078 3693.12457859026 4226.54177984274 4689.20165129975 Inf 2384.70440209756 1555.27754353339 -Inf -663.583569191802 -173.499506299506 391.53603132599 1335.68564027415 2384.70440209756 3433.72316392097 4377.87277286914 4942.90831049463 5432.99237338693 Inf
"78" 84.4444444444444 1224.88123269741 1872.379986093 -Inf -2444.91610541847 -1854.909778459 -1174.67026977445 -38.0198763945978 1224.88123269741 2487.78234178942 3624.43273516927 4304.67224385383 4894.67857081329 Inf 1766.33261596848 1987.3653497089 -Inf -2128.83189358381 -1502.59248757788 -780.57855926005 425.875057694978 1766.33261596848 3106.79017424199 4313.24379119701 5035.25771951484 5661.49712552077 Inf
"79" 85.1515151515152 753.665365737827 2155.60754404213 -Inf -3471.24778538759 -2791.99352136383 -2008.85685702912 -700.26982816394 753.665365737827 2207.60055963959 3516.18758850477 4299.32425283948 4978.57851686324 Inf 1172.21971808867 2290.70708729441 -Inf -3317.48367213901 -2595.65814273097 -1763.43953583759 -372.838732992926 1172.21971808867 2717.27816917027 4107.87897201493 4940.09757890831 5661.92310831635 Inf
"80" 85.8585858585859 421.58358890498 2315.07221218409 -Inf -4115.87456858531 -3386.37133596059 -2545.30082896835 -1139.90888917696 421.58358890498 1983.07606698692 3388.46800677831 4229.53851377055 4959.04174639527 Inf 695.24647893723 2461.7837242258 -Inf -4129.76095827221 -3354.02740862567 -2459.65630687656 -965.201410252606 695.24647893723 2355.69436812707 3850.14926475102 4744.52036650013 5520.25391614667 Inf
"81" 86.5656565656566 214.350771953431 2387.01508202103 -Inf -4464.11281936172 -3711.93964329673 -2844.7321433892 -1395.66643443322 214.350771953431 1824.36797834008 3273.43368729606 4140.64118720359 4892.81436326858 Inf 368.632549032191 2539.08959232992 -Inf -4607.89160545494 -3807.79817606642 -2885.34169307622 -1343.95735582389 368.632549032191 2081.22245388827 3622.60679114061 4545.0632741308 5345.15670351933 Inf
"82" 87.2727272727273 99.068969452691 2412.86478313918 -Inf -4630.05910506514 -3869.74042043726 -2993.14167082675 -1528.38359538377 99.068969452691 1726.52153428916 3191.27960973214 4067.87835934264 4828.19704397052 Inf 175.000630520814 2566.90790573689 -Inf -4856.04641635463 -4047.18714828092 -3114.62421468511 -1556.35244159601 175.000630520814 1906.35370263764 3464.62547572674 4397.18840932254 5206.04767739625 Inf
"83" 87.979797979798 41.6258562139089 2420.2355232571 -Inf -4701.94860347446 -3939.30732229233 -3060.03076760289 -1590.79819728346 41.6258562139089 1674.04990971128 3143.2824800307 4022.55903472015 4785.20031590228 Inf 74.5280502255678 2574.85065726013 -Inf -4972.08650357357 -4160.72439222714 -3225.2758406297 -1662.18232638203 74.5280502255678 1811.23842683317 3374.33194108083 4309.78049267827 5121.14260402471 Inf
"84" 88.6868686868687 15.9000262534819 2421.904341121 -Inf -4730.94525634489 -3967.77811336891 -3087.8952737094 -1617.64962778803 15.9000262534819 1649.44968029499 3119.69532621637 3999.57816587587 4762.74530885185 Inf 28.5289245510494 2576.65109534852 -Inf -5021.61442305774 -4209.68497502145 -3273.58232055506 -1709.39582909304 28.5289245510494 1766.45367819514 3330.64016965716 4266.74282412355 5078.67227215984 Inf
"85" 89.3939393939394 5.52048811735102 2422.20538112727 -Inf -4741.91482205121 -3978.65281825121 -3098.66061013686 -1628.23221432279 5.52048811735102 1639.27319055749 3109.70158637156 3989.69379448591 4752.95579828591 Inf 9.83380755298032 2576.97620479704 -Inf -5040.94674286594 -4228.91484947508 -3292.69408207585 -1728.31022908182 9.83380755298032 1747.97784418778 3312.36169718182 4248.58246458104 5060.6143579719 Inf
"86" 90.1010101010101 1.74174016187823 2422.24883164217 -Inf -4745.778731451 -3982.50303594371 -3102.49504216773 -1632.0402692052 1.74174016187823 1635.52374952896 3105.97852249148 3985.98651626747 4749.26221177476 Inf 3.0571699375833 2577.02316950217 -Inf -5047.81542961192 -4235.76873715604 -3299.53090738263 -1735.11854390945 3.0571699375833 1741.23288378461 3305.64524725779 4241.8830770312 5053.92976948709 Inf
"87" 90.8080808080808 0.499179950815649 2422.25386923997 -Inf -4747.03116517233 -3983.75388226579 -3103.74405832014 -1633.28622722435 0.499179950815649 1634.28458712598 3104.74241822177 3984.75224216742 4748.02952507395 Inf 0.858359453029271 2577.02861849706 -Inf -5050.02491993023 -4237.97651043961 -3301.73670103512 -1737.32102968521 0.858359453029271 1739.03774859127 3303.45341994118 4239.69322934567 5051.74163883629 Inf
"88" 91.5151515151515 0.129902579051213 2422.25433992807 -Inf -4747.40136507581 -3984.12393385058 -3104.11393890297 -1633.65582207041 0.129902579051213 1633.91562722851 3104.37374406108 3984.38373900868 4747.66117023391 Inf 0.217903015355909 2577.02912794065 -Inf -5050.66637485899 -4238.61780483742 -3302.37781035102 -1737.96182973736 0.217903015355909 1738.39763576807 3302.81361638174 4239.05361086813 5051.1021808897 Inf
"89" 92.2222222222222 0.0306815149588459 2422.25437546516 -Inf -4747.50065579132 -3984.22321336798 -3104.21320550968 -1633.7550671039 0.0306815149588459 1633.81643013382 3104.27456853959 3984.2845763979 4747.56201882123 Inf 0.0500615462026864 2577.02916642426 -Inf -5050.83429175462 -4238.78570960647 -3302.54570113891 -1738.12969716331 0.0500615462026864 1738.22982025572 3302.64582423131 4238.88583269887 5050.93441484703 Inf
"90" 92.9292929292929 0.00657430610479031 2422.25437763791 -Inf -4747.52476725869 -3984.2473241507 -3104.23731550303 -1633.77917577826 0.00657430610479031 1633.79232439047 3104.25046411524 3984.26047276291 4747.5379158709 Inf 0.0104162981320053 2577.02916877824 -Inf -5050.87394161641 -4238.82535872649 -3302.58534940372 -1738.16934399912 0.0104162981320053 1738.19017659538 3302.60618199999 4238.84619132275 5050.89477421267 Inf
"91" 93.6363636363636 0.0012775118306223 2422.25437774568 -Inf -4747.53006426419 -3984.25262112224 -3104.24261243541 -1633.78447264522 0.0012775118306223 1633.78702766888 3104.24516745907 3984.25517614589 4747.53261928784 Inf 0.00196399093387598 2577.02916889504 -Inf -5050.88239415253 -4238.83381122581 -3302.59380186061 -1738.1777963851 0.00196399093387598 1738.18172436697 3302.59772984248 4238.83773920768 5050.8863221344 Inf
"92" 94.3434343434343 0.000225043396240489 2422.25437775002 -Inf -4747.53111674113 -3984.25367359781 -3104.24366490941 -1633.78552511658 0.000225043396240489 1633.78597520338 3104.2441149962 3984.2541236846 4747.53156682792 Inf 0.000335712754911305 2577.02916889975 -Inf -5050.88402243994 -4238.83543951174 -3302.59543014482 -1738.17942466645 0.000335712754911305 1738.18009609196 3302.59610157033 4238.83611093725 5050.88469386545 Inf
"93" 95.0505050505051 3.59266755401332e-05 2422.25437775017 -Inf -4747.53130585813 -3984.25386271477 -3104.24385402631 -1633.7857142334 3.59266755401332e-05 1633.78578608675 3104.24392587966 3984.25393456812 4747.53137771148 Inf 5.20389967972726e-05 2577.0291688999 -Inf -5050.884306114 -4238.83572318575 -3302.59571381878 -1738.17970834032 5.20389967972726e-05 1738.17981241831 3302.59581789677 4238.83582726374 5050.884410192 Inf
"94" 95.7575757575758 5.19635836906358e-06 2422.25437775017 -Inf -4747.53133658845 -3984.25389344509 -3104.24388475664 -1633.78574496372 5.19635836906358e-06 1633.78575535644 3104.24389514935 3984.25390383781 4747.53134698117 Inf 7.31654934967935e-06 2577.02916889991 -Inf -5050.88435083646 -4238.8357679082 -3302.59575854123 -1738.17975306277 7.31654934967935e-06 1738.17976769586 3302.59577317433 4238.8357825413 5050.88436546956 Inf
"95" 96.4646464646465 6.80788436415147e-07 2422.25437775017 -Inf -4747.53134110402 -3984.25389796066 -3104.24388927221 -1633.78574947929 6.80788436415147e-07 1633.78575084087 3104.24389063378 3984.25389932224 4747.5313424656 Inf 9.33134907671575e-07 2577.02916889991 -Inf -5050.88435721987 -4238.83577429162 -3302.59576492464 -1738.17975944618 9.33134907671575e-07 1738.17976131245 3302.59576679091 4238.83577615789 5050.88435908614 Inf
"96" 97.1717171717172 8.07741047922236e-08 2422.25437775017 -Inf -4747.53134170404 -3984.25389856068 -3104.24388987222 -1633.7857500793 8.07741047922236e-08 1633.78575024085 3104.24389003377 3984.25389872222 4747.53134186559 Inf 1.07958202754397e-07 2577.02916889991 -Inf -5050.88435804505 -4238.8357751168 -3302.59576574982 -1738.17976027136 1.07958202754397e-07 1738.17976048727 3302.59576596574 4238.83577533271 5050.88435826097 Inf
"97" 97.8787878787879 8.67779141699955e-09 2422.25437775017 -Inf -4747.53134177614 -3984.25389863277 -3104.24388994432 -1633.7857501514 8.67779141699955e-09 1633.78575016876 3104.24388996167 3984.25389865013 4747.53134179349 Inf 1.13299162166721e-08 2577.02916889991 -Inf -5050.88435814168 -4238.83577521342 -3302.59576584645 -1738.17976036799 1.13299162166721e-08 1738.17976039065 3302.59576586911 4238.83577523608 5050.88435816434 Inf
"98" 98.5858585858586 8.4404537879614e-10 2422.25437775017 -Inf -4747.53134178397 -3984.25389864061 -3104.24388995215 -1633.78575015923 8.4404537879614e-10 1633.78575016092 3104.24388995384 3984.25389864229 4747.53134178566 Inf 1.07851112747754e-09 2577.02916889991 -Inf -5050.88435815193 -4238.83577522367 -3302.5957658567 -1738.17976037824 1.07851112747754e-09 1738.17976038039 3302.59576585886 4238.83577522583 5050.88435815409 Inf
"99" 99.2929292929293 7.43181378074242e-11 2422.25437775017 -Inf -4747.53134178474 -3984.25389864138 -3104.24388995292 -1633.78575016 7.43181378074242e-11 1633.78575016015 3104.24388995307 3984.25389864152 4747.53134178489 Inf 9.31111965558393e-11 2577.02916889991 -Inf -5050.88435815291 -4238.83577522466 -3302.59576585769 -1738.17976037922 9.31111965558393e-11 1738.17976037941 3302.59576585787 4238.83577522484 5050.8843581531 Inf
"100" 100 5.923220573654e-12 2422.25437775017 -Inf -4747.53134178481 -3984.25389864144 -3104.24388995299 -1633.78575016007 5.923220573654e-12 1633.78575016008 3104.243889953 3984.25389864145 4747.53134178482 Inf 7.28955244110772e-12 2577.02916889991 -Inf -5050.884358153 -4238.83577522475 -3302.59576585777 -1738.17976037931 7.28955244110772e-12 1738.17976037932 3302.59576585779 4238.83577522476 5050.88435815301 Inf
