"mid_age" "mean_left" "std_left" "min_left" "l.q2.5" "l.q5" "l.q10" "l.q25" "l.q50" "l.q75" "l.q90" "l.q95" "l.q97.5" "max_left" "mean_right" "std_right" "min_right" "r.q2.5" "r.q5" "r.q10" "r.q25" "r.q50" "r.q75" "r.q90" "r.q95" "r.q97.5" "max_right"
"1" 30 3.13238820937326e-09 2349.80967192053 -Inf -4605.54232748499 -3865.092961501 -3011.40226377847 -1584.92253861888 3.13238820937326e-09 1584.92253862515 3011.40226378473 3865.09296150727 4605.54232749125 Inf 2.50991615654732e-09 2474.64228387055 -Inf -4850.20975100372 -4070.42433602944 -3171.38169305466 -1669.12085587 2.50991615654732e-09 1669.12085587502 3171.38169305968 4070.42433603446 4850.20975100874 Inf
"2" 30.7070707070707 3.23118477284939e-08 2349.80967192053 -Inf -4605.54232745581 -3865.09296147182 -3011.40226374929 -1584.9225385897 3.23118477284939e-08 1584.92253865433 3011.40226381391 3865.09296153644 4605.54232752043 Inf 2.60883162984249e-08 2474.64228387055 -Inf -4850.20975098014 -4070.42433600587 -3171.38169303109 -1669.12085584642 2.60883162984249e-08 1669.1208558986 3171.38169308326 4070.42433605804 4850.20975103232 Inf
"3" 31.4141414141414 3.01489221795266e-07 2349.80967192053 -Inf -4605.54232718663 -3865.09296120265 -3011.40226348011 -1584.92253832053 3.01489221795266e-07 1584.92253892351 3011.40226408309 3865.09296180562 4605.54232778961 Inf 2.4542423425434e-07 2474.64228387055 -Inf -4850.2097507608 -4070.42433578653 -3171.38169281175 -1669.12085562709 2.4542423425434e-07 1669.12085611793 3171.3816933026 4070.42433627738 4850.20975125165 Inf
"4" 32.1212121212121 2.54437177056333e-06 2349.80967192053 -Inf -4605.54232494375 -3865.09295895976 -3011.40226123723 -1584.92253607764 2.54437177056333e-06 1584.92254116639 3011.40226632597 3865.0929640485 4605.54233003249 Inf 2.08960404134985e-06 2474.64228387055 -Inf -4850.20974891662 -4070.42433394235 -3171.38169096757 -1669.12085378291 2.08960404134985e-06 1669.12085796211 3171.38169514678 4070.42433812156 4850.20975309583 Inf
"5" 32.8282828282828 1.94203155921482e-05 2349.80967192053 -Inf -4605.5423080678 -3865.09294208382 -3011.40224436129 -1584.9225192017 1.94203155921482e-05 1584.92255804233 3011.40228320192 3865.09298092445 4605.54234690844 Inf 1.61015586056395e-05 2474.64228387055 -Inf -4850.20973490467 -4070.4243199304 -3171.38167695562 -1669.12083977095 1.61015586056395e-05 1669.12087197407 3171.38170915873 4070.42435213351 4850.20976710779 Inf
"6" 33.5353535353535 0.000134047333567183 2349.80967192053 -Inf -4605.54219344078 -3865.0928274568 -3011.40212973426 -1584.92240457468 0.000134047333567183 1584.92267266935 3011.40239782893 3865.09309555146 4605.54246153545 Inf 0.000112279359364884 2474.64228387055 -Inf -4850.20963872686 -4070.42422375259 -3171.38158077781 -1669.12074359315 0.000112279359364884 1669.12096815187 3171.38180533653 4070.4244483113 4850.20986328558 Inf
"7" 34.2424242424242 0.000836631092858048 2349.80967192037 -Inf -4605.54149085671 -3865.09212487278 -3011.4014271503 -1584.92170199081 0.000836631092858048 1584.923375253 3011.40310041249 3865.09379813496 4605.5431641189 Inf 0.000708460196766001 2474.64228387039 -Inf -4850.20904254572 -4070.4236275715 -3171.38098459677 -1669.12014741221 0.000708460196766001 1669.1215643326 3171.38240151717 4070.42504449189 4850.21045946611 Inf
"8" 34.9494949494949 0.00472081313443779 2349.80967191566 -Inf -4605.53760666543 -3865.08824068298 -3011.39754296222 -1584.91781780559 0.00472081313443779 1584.92725943186 3011.40698458849 3865.09768230925 4605.5470482917 Inf 0.00404436144177217 2474.64228386569 -Inf -4850.20570663525 -4070.42029166251 -3171.3776486895 -1669.11681150779 0.00404436144177217 1669.12490023067 3171.38573741238 4070.42838038539 4850.21379535813 Inf
"9" 35.6565656565657 0.0240780421458791 2349.80967179966 -Inf -4605.51824920906 -3865.06888326317 -3011.37818558455 -1584.89846049834 0.0240780421458791 1584.94661658263 3011.42634166884 3865.11703934746 4605.56640529335 Inf 0.0208839840769905 2474.64228374964 -Inf -4850.18886678517 -4070.40345184899 -3171.36080891814 -1669.09997180688 0.0208839840769905 1669.14173977503 3171.4025768863 4070.44521981715 4850.23063475332 Inf
"10" 36.3636363636364 0.110978456355602 2349.80966947826 -Inf -4605.431344245 -3864.9819790306 -3011.29128219535 -1584.81155851837 0.110978456355602 1585.03351543108 3011.51323910806 3865.20393594331 4605.65330115771 Inf 0.0975177194840869 2474.64228142265 -Inf -4850.11222848895 -4070.32681428603 -3171.28417220058 -1669.02333650194 0.0975177194840869 1669.21837194091 3171.47920763955 4070.521849725 4850.30726392791 Inf
"11" 37.0707070707071 0.46209677104289 2349.80963175792 -Inf -4605.08015199981 -3864.63079867148 -3010.9401155401 -1584.4604147617 0.46209677104289 1585.38460830379 3011.86430908219 3865.55499221356 4606.0043455419 Inf 0.411622577310057 2474.64224352841 -Inf -4849.79804935978 -4070.01264709773 -3170.97001877933 -1668.70920608484 0.411622577310057 1669.53245123946 3171.79326393395 4070.83589225235 4850.6212945144 Inf
"12" 37.7777777777778 1.73753731006152 2349.80913492337 -Inf -4603.80373768296 -3863.35454091234 -3009.66403828198 -1583.18463911287 1.73753731006152 1586.65971373299 3013.13911290211 3866.82961553246 4607.27881230308 Inf 1.56982802583368 2474.64174321442 -Inf -4848.63886331385 -4068.85361870592 -3169.81117215263 -1667.55066317966 1.56982802583368 1670.69031923133 3172.9508282043 4071.99327475759 4851.77851936552 Inf
"13" 38.4848484848485 5.89703683518072 2349.80384163513 -Inf -4599.63386350354 -3859.18633470287 -3005.49775513504 -1579.02156931909 5.89703683518072 1590.81564298945 3017.2918288054 3870.98040837323 4611.4279371739 Inf 5.40604359945394 2474.63639907699 -Inf -4844.79217342334 -4065.00861280847 -3165.96810779132 -1663.71084304012 5.40604359945394 1674.52293023903 3176.78019499023 4075.82070000737 4855.60426062224 Inf
"14" 39.1919191919192 18.0542996648037 2349.75835026456 -Inf -4587.38743922599 -3846.95424522737 -2993.28219276825 -1566.8336230263 18.0542996648037 1602.94222235591 3029.39079209785 3883.06284455698 4623.4960385556 Inf 16.7980242023757 2474.59034171298 -Inf -4833.30992204573 -4053.5408745833 -3154.51710230144 -1652.28779721725 16.7980242023757 1685.883845622 3188.11315070619 4087.13692298805 4866.90597045048 Inf
"15" 39.8989898989899 49.8285821602835 2349.444069589 -Inf -4554.99717792537 -3814.66301702281 -2961.10514338098 -1534.84736143647 49.8285821602835 1634.50452575703 3060.76230770154 3914.32018134338 4654.65434224594 Inf 47.054466941395 2474.2711785091 -Inf -4802.42793092191 -4022.75945509079 -3123.85163545883 -1621.81608216857 47.054466941395 1715.92501605136 3217.96056934161 4116.86838897358 4896.5368648047 Inf
"16" 40.6060606060606 123.876952805371 2347.70608572077 -Inf -4477.54242149284 -3737.75591730848 -2884.82945678867 -1459.62673848625 123.876952805371 1707.38064409699 3132.58336239941 3985.50982291922 4725.29632710358 Inf 118.702532514695 2472.5003214094 -Inf -4727.30904921144 -3948.19858879424 -3049.93412519705 -1548.97359163246 118.702532514695 1786.37865666185 3287.33919022644 4185.60365382363 4964.71411424083 Inf
"17" 41.3131313131313 277.174135388912 2340.04891179673 -Inf -4309.23745379482 -3571.86380442379 -2721.71921097513 -1301.16487057548 277.174135388912 1855.5131413533 3276.06748175295 4126.21207520161 4863.58572457265 Inf 269.366620849302 2464.67014879364 -Inf -4561.29810455721 -3784.65501263295 -2889.23526688824 -1393.02813212626 269.366620849302 1931.76137382487 3427.96850858684 4323.38825433155 5100.03134625582 Inf
"18" 42.020202020202 557.708760480044 2313.27820668432 -Inf -3976.23321084263 -3247.29528793246 -2406.87654683645 -1002.5736792805 557.708760480044 2117.99120024059 3522.29406779654 4362.71280889254 5091.65073180271 Inf 549.231392180677 2437.18880119919 -Inf -4227.57088169409 -3459.58744703733 -2574.15173152392 -1094.62747352085 549.231392180677 2193.09025788221 3672.61451588527 4558.05023139868 5326.03366605544 Inf
"19" 42.7272727272727 1008.49001609156 2239.0958064029 -Inf -3380.05712239279 -2674.49484216208 -1861.02672000842 -501.757155034226 1008.49001609156 2518.73718721734 3878.00675219154 4691.47487434519 5397.0371545759 Inf 1005.24937853406 2360.73008179114 -Inf -3621.69655899687 -2877.80605875354 -2020.14795361361 -587.03886461362 1005.24937853406 2597.53762168174 4030.64671068173 4888.30481582166 5632.19531606499 Inf
"20" 43.4343434343434 1638.58002397305 2075.68931394565 -Inf -2429.69627445508 -1775.62507249487 -1021.5228658982 238.548857125172 1638.58002397305 3038.61119082093 4298.6829138443 5052.78512044097 5706.85632240119 Inf 1650.85803807978 2191.62313754453 -Inf -2644.64437919218 -1954.04122862112 -1157.82002492419 172.630695513411 1650.85803807978 3129.08538064614 4459.53610108374 5255.75730478067 5946.36045535173 Inf
"21" 44.1414141414141 2394.23969177319 1788.04546990674 -Inf -1110.26503196402 -546.833384557062 102.767220549275 1188.22134943656 2394.23969177319 3600.25803410982 4685.7121629971 5335.31276810344 5898.7444155104 Inf 2434.38094761882 1892.75224673769 -Inf -1275.34528764432 -678.919450348215 8.72134262407508 1157.73895753364 2434.38094761882 3711.022937704 4860.04055261357 5547.68134558585 6144.10718288196 Inf
"22" 44.8484848484848 3155.21141198397 1382.84337678621 -Inf 444.888197223243 880.636468171348 1383.02631756062 2222.49772821513 3155.21141198397 4087.92509575281 4927.39650640733 5429.7863557966 5865.53462674471 Inf 3233.2475234062 1470.1131713953 -Inf 351.878654273443 815.1265414075 1349.22168707681 2241.67125767181 3233.2475234062 4224.82378914058 5117.27335973558 5651.36850540489 6114.61639253895 Inf
"23" 45.5555555555556 3775.04097234492 932.889698502553 -Inf 1946.61076173148 2240.57396821733 2579.49471874854 3145.81643264143 3775.04097234492 4404.2655120484 4970.58722594129 5309.5079764725 5603.47118295835 Inf 3895.45594938155 999.14256908908 -Inf 1937.17249854613 2252.01267077376 2615.00322576318 3221.54452754638 3895.45594938155 4569.36737121671 5175.90867299991 5538.89922798933 5853.73940021697 Inf
"24" 46.2626262626263 4153.31039537013 565.012181146688 -Inf 3045.9068694962 3223.94805993924 3429.21815006982 3772.21547045076 4153.31039537013 4534.4053202895 4877.40264067044 5082.67273080102 5260.71392124406 Inf 4315.11348923157 612.878393873955 -Inf 3113.89391033587 3307.01824018781 3529.67822407395 3901.73329444695 4315.11348923157 4728.49368401619 5100.5487543892 5323.20873827534 5516.33306812728 Inf
"25" 46.969696969697 4292.60705264434 388.85538019565 -Inf 3530.46451226624 3652.99687016993 3794.26883138416 4030.32808439377 4292.60705264434 4554.88602089491 4790.94527390452 4932.21723511875 5054.74959302244 Inf 4489.65346804045 426.431987432057 -Inf 3653.86213081779 3788.23526686471 3943.15888694861 4202.02946336179 4489.65346804045 4777.27747271912 5036.1480491323 5191.0716692162 5325.44480526312 Inf
"26" 47.6767676767677 4292.07391570477 351.991809226238 -Inf 3602.18264676825 3713.09891164178 3840.97826153201 4054.6590482287 4292.07391570477 4529.48878318084 4743.16956987753 4871.04891976776 4981.96518464129 Inf 4508.67291493725 386.161512389765 -Inf 3751.81025843779 3873.49375069388 4013.78702418108 4248.21093291014 4508.67291493725 4769.13489696436 5003.55880569342 5143.85207918062 5265.53557143671 Inf
"27" 48.3838383838384 4275.84155580148 340.53938385753 -Inf 3608.39662812326 3715.70411514361 3839.42277528927 4046.15123185149 4275.84155580148 4505.53187975148 4712.2603363137 4835.97899645936 4943.2864834797 Inf 4481.65267920982 373.733768040901 -Inf 3749.14795404321 3866.9153353335 4002.69358368012 4229.57308336407 4481.65267920982 4733.73227505557 4960.61177473952 5096.39002308614 5214.15740437643 Inf
"28" 49.0909090909091 4310.79583728446 335.035081715503 -Inf 3654.13914356464 3759.71216796873 3881.43110379959 4084.81810871124 4310.79583728446 4536.77356585767 4740.16057076932 4861.87950660018 4967.45253100428 Inf 4469.86808035799 367.76693603579 -Inf 3749.0581310232 3864.94530174669 3998.55578772579 4221.81305154083 4469.86808035799 4717.92310917515 4941.1803729902 5074.79085896929 5190.67802969279 Inf
"29" 49.7979797979798 4378.34003918483 333.805846179185 -Inf 3724.09260284471 3829.27828239939 3950.55063442595 4153.19141738143 4378.34003918483 4603.48866098822 4806.1294439437 4927.40179597026 5032.58747552495 Inf 4477.88275676353 366.41623926951 -Inf 3759.72012444468 3875.18167662716 4008.30145168672 4230.73875907085 4477.88275676353 4725.02675445621 4947.46406184034 5080.5838368999 5196.04538908238 Inf
"30" 50.5050505050505 4417.04547039147 333.460951718859 -Inf 3763.47401477206 3868.55101451001 3989.69806566817 4192.12947636647 4417.04547039147 4641.96146441647 4844.39287511477 4965.53992627292 5070.61692601088 Inf 4491.37508689615 366.044860939064 -Inf 3773.94034272961 3889.28486975358 4022.26972230013 4244.4815800808 4491.37508689615 4738.26859371149 4960.48045149216 5093.46530403871 5208.80983106268 Inf
"31" 51.2121212121212 4392.36250413561 333.155947438508 -Inf 3739.38884592081 3844.36973565092 3965.40597812529 4167.65223237147 4392.36250413561 4617.07277589975 4819.31903014592 4940.35527262029 5045.3361623504 Inf 4505.59842542206 365.703784174568 -Inf 3788.83217942989 3904.06922963264 4036.93016828755 4258.93497138839 4505.59842542206 4752.26187945572 4974.26668255656 5107.12762121147 5222.36467141422 Inf
"32" 51.9191919191919 4329.74726605951 332.515538871014 -Inf 3678.02878557239 3782.8078759298 3903.61145665145 4105.46894331008 4329.74726605951 4554.02558880894 4755.88307546756 4876.68665618922 4981.46574654663 Inf 4519.96711899055 365.014084996292 -Inf 3804.55265854798 3919.57237739603 4052.18274691772 4273.76885998335 4519.96711899055 4766.16537799775 4987.75149106338 5120.36186058508 5235.38157943313 Inf
"33" 52.6262626262626 4284.16215803106 332.299127750344 -Inf 3632.86783554631 3737.5787325181 3858.3036906335 4060.02980236436 4284.16215803106 4508.29451369777 4710.02062542862 4830.74558354403 4935.45648051581 Inf 4525.35352948146 364.772551055175 -Inf 3810.41246686452 3925.35607586601 4057.878695609 4279.31818264186 4525.35352948146 4771.38887632105 4992.82836335391 5125.3509830969 5240.2945920984 Inf
"34" 53.3333333333333 4281.34573247778 332.033887500731 -Inf 3630.57127132952 3735.1985883514 3855.82718413736 4057.39227864078 4281.34573247778 4505.29918631478 4706.8642808182 4827.49287660415 4932.12019362604 Inf 4511.16092078706 364.484941569305 -Inf 3796.78356240404 3911.6365426776 4044.05467330149 4265.31956359775 4511.16092078706 4757.00227797638 4978.26716827264 5110.68529889653 5225.53827917008 Inf
"35" 54.040404040404 4296.47513200657 331.793834420069 -Inf 3646.17116625078 3750.72284006058 3871.26422406748 4072.68359151197 4296.47513200657 4520.26667250116 4721.68603994565 4842.22742395255 4946.77909776235 Inf 4481.86118090342 364.224058586864 -Inf 3767.99514377016 3882.76591711383 4015.08926841242 4236.19578661177 4481.86118090342 4727.52657519508 4948.63309339443 5080.95644469301 5195.72721803668 Inf
"36" 54.7474747474747 4293.99214512691 331.82877504054 -Inf 3643.61969701341 3748.18238097462 3868.73645898096 4070.17703754195 4293.99214512691 4517.80725271188 4719.24783127286 4839.80190927921 4944.36459324041 Inf 4458.02000701544 364.260068077491 -Inf 3744.08339257745 3858.86551288459 3991.20194650535 4212.33032469145 4458.02000701544 4703.70968933944 4924.83806752554 5057.1745011463 5171.95662145343 Inf
"37" 55.4545454545455 4276.05189888778 331.785530814543 -Inf 3625.76420789977 3730.31326515746 3850.85163244736 4052.26595909001 4276.05189888778 4499.83783868556 4701.25216532821 4821.7905326181 4926.33958987579 Inf 4458.14180610164 364.214844609958 -Inf 3744.29382803127 3859.06169795538 3991.38170179716 4212.48262654296 4458.14180610164 4703.80098566031 4924.90191040611 5057.22191424789 5171.989784172 Inf
"38" 56.1616161616162 4273.70292762645 331.786609531383 -Inf 3623.41312239228 3727.96251956482 3848.50127875477 4049.91626024522 4273.70292762645 4497.48959500767 4698.90457649812 4819.44333568807 4923.99273286061 Inf 4479.53387191216 364.214659269709 -Inf 3765.68625710201 3880.45406862349 4012.77400513077 4233.87481736359 4479.53387191216 4725.19292646074 4946.29373869355 5078.61367520084 5193.38148672232 Inf
"39" 56.8686868686869 4294.03197288706 331.758762627201 -Inf 3643.79674658217 3748.33736890677 3868.86601125903 4070.26408795727 4294.03197288706 4517.79985781684 4719.19793451508 4839.72657686734 4944.26719919194 Inf 4497.62185769075 364.184742130432 -Inf 3783.83287939609 3898.59126371712 4030.90033126603 4251.98298194597 4497.62185769075 4743.26073343553 4964.34338411546 5096.65245166437 5211.4108359854 Inf
"40" 57.5757575757576 4302.25644499534 331.658643577708 -Inf 3652.21744842162 3756.72652219674 3877.21879109193 4078.55608933824 4302.25644499534 4525.95680065244 4727.29409889875 4847.78636779394 4952.29544156905 Inf 4487.97397043703 364.07560883439 -Inf 3774.39888947214 3889.12288476122 4021.39230395872 4242.40870398184 4487.97397043703 4733.53923689222 4954.55563691535 5086.82505611284 5201.54905140193 Inf
"41" 58.2828282828283 4268.59771826784 331.604662344012 -Inf 3618.66452296802 3723.15658669728 3843.62924409899 4044.93377239958 4268.59771826784 4492.26166413611 4693.5661924367 4814.03884983841 4918.53091356767 Inf 4451.66488669986 364.016522240313 -Inf 3738.20561333132 3852.91098982262 3985.15894273869 4206.13947354675 4451.66488669986 4697.19029985298 4918.17083066104 5050.4187835771 5165.1241600684 Inf
"42" 58.989898989899 4212.75556797397 331.594720695792 -Inf 3562.8418579466 3667.33078895954 3787.79983453996 3989.09832764553 4212.75556797397 4436.41280830242 4637.71130140799 4758.18034698841 4862.66927800134 Inf 4414.15032261947 364.005771308895 -Inf 3700.71212068932 3815.41410945077 3947.65815653129 4168.63216085941 4414.15032261947 4659.66848437954 4880.64248870766 5012.88653578818 5127.58852454963 Inf
"43" 59.6969696969697 4180.64194320512 331.580333643861 -Inf 3530.75643128138 3635.24082878524 3755.70464752003 3956.99440679574 4180.64194320512 4404.2894796145 4605.57923889021 4726.043057625 4830.52745512886 Inf 4395.74994213708 363.989671927077 -Inf 3682.34329441546 3797.04021009495 3929.27840823687 4150.24263924504 4395.74994213708 4641.25724502913 4862.2214760373 4994.45967417921 5109.15658985871 Inf
"44" 60.4040404040404 4186.81608670836 331.526834567555 -Inf 3537.03543104738 3641.50297043817 3761.94735284826 3963.20463487759 4186.81608670836 4410.42753853912 4611.68482056845 4732.12920297854 4836.59674236933 Inf 4391.24576342895 363.931628450567 -Inf 3677.95287883082 3792.63150440968 3924.84861523693 4145.77761026687 4391.24576342895 4636.71391659102 4857.64291162097 4989.86002244822 5104.53864802707 Inf
"45" 61.1111111111111 4201.73528024112 331.462801891606 -Inf 3552.08012631884 3656.52748835021 3776.94860755713 3978.16701779396 4201.73528024112 4425.30354268828 4626.52195292511 4746.94307213203 4851.3904341634 Inf 4384.67744427191 363.861332649915 -Inf 3671.52233691133 3786.1788115553 3918.37038377327 4139.25670490686 4384.67744427191 4630.09818363696 4850.98450477055 4983.17607698852 5097.83255163249 Inf
"46" 61.8181818181818 4193.65302911257 331.31882627329 -Inf 3544.28006221684 3648.68205603965 3769.05086860764 3970.18187674424 4193.65302911257 4417.1241814809 4618.25518961751 4738.6240021855 4843.0259960083 Inf 4372.77245898069 363.704019334809 -Inf 3659.925680052 3774.532583641 3906.6670036073 4127.45782583424 4372.77245898069 4618.08709212713 4838.87791435408 4971.01233432038 5085.61923790937 Inf
"47" 62.5252525252525 4163.84354038853 331.161233658788 -Inf 3514.77944934145 3619.13178409915 3739.44334294543 3940.47868262339 4163.84354038853 4387.20839815367 4588.24373783163 4708.55529667791 4812.90763143561 Inf 4361.33548853994 363.532569949276 -Inf 3648.82474423207 3763.37762234388 3895.44975439499 4116.13649624671 4361.33548853994 4606.53448083317 4827.22122268489 4959.293354736 5073.84623284781 Inf
"48" 63.2323232323232 4137.35199953206 331.128516255123 -Inf 3488.35203341783 3592.69405858276 3712.99373112885 3914.00920932034 4137.35199953206 4360.69478974378 4561.71026793527 4682.00994048136 4786.35196564629 Inf 4348.75071338383 363.496218640583 -Inf 3636.31121633179 3750.85263976972 3882.91156531545 4103.57623967572 4348.75071338383 4593.92518709194 4814.58986145221 4946.64878699794 5061.19021043587 Inf
"49" 63.9393939393939 4132.99397590339 331.133979512174 -Inf 3483.98330200211 3588.32704869592 3708.62870605455 3909.64750078079 4132.99397590339 4356.34045102599 4557.35924575223 4677.66090311087 4782.00464980468 Inf 4330.3054011685 363.502461404898 -Inf 3617.85366852323 3732.39705912086 3864.45825267573 4085.12671677985 4330.3054011685 4575.48408555715 4796.15254966126 4928.21374321613 5042.75713381376 Inf
"50" 64.6464646464646 4147.06699470892 331.157159050134 -Inf 3498.01088974805 3602.36194055436 3722.67201908691 3923.70488522555 4147.06699470892 4370.42910419228 4571.46197033092 4691.77204886347 4796.12309966978 Inf 4312.74688435127 363.527515983707 -Inf 3600.2460456339 3714.79733118881 3846.86762712381 4067.55130090602 4312.74688435127 4557.94246779653 4778.62614157873 4910.69643751373 5025.24772306865 Inf
"51" 65.3535353535354 4158.03855075738 331.0905075162 -Inf 3509.11308040254 3613.44312862015 3733.72899251304 3934.72139705048 4158.03855075738 4381.35570446427 4582.34810900172 4702.6339728946 4806.96402111222 Inf 4306.21322040048 363.454234544217 -Inf 3593.85601066524 3708.38420447955 3840.42787711652 4061.06706453504 4306.21322040048 4551.35937626592 4771.99856368444 4904.04223632141 5018.57043013572 Inf
"52" 66.0606060606061 4145.11410786919 330.930446815543 -Inf 3496.50235072297 3600.78196215597 3721.00967566635 3921.90491346429 4145.11410786919 4368.32330227408 4569.21854007202 4689.4462535824 4793.7258650154 Inf 4304.15433229233 363.280461684697 -Inf 3592.13771110324 3706.61114728965 3838.59168788854 4059.1253844395 4304.15433229233 4549.18328014515 4769.71697669611 4901.697517295 5016.17095348141 Inf
"53" 66.7676767676768 4108.45522974031 330.91113307143 -Inf 3459.88132683697 3564.15485230915 3684.37554909648 3885.25906225786 4108.45522974031 4331.65139722276 4532.53491038414 4652.75560717148 4757.02913264366 Inf 4288.46456083509 363.258752009482 -Inf 3576.49048982754 3690.95708507043 3822.92973849956 4043.45025593568 4288.46456083509 4533.47886573451 4753.99938317062 4885.97203659975 5000.43863184265 Inf
"54" 67.4747474747475 4070.39121142756 330.944180532546 -Inf 3421.75253669065 3526.03647576012 3646.2691787582 3847.17275377132 4070.39121142756 4293.60966908381 4494.51324409692 4614.745947095 4719.02988616447 Inf 4254.23606024397 363.294885964171 -Inf 3542.19116798661 3656.66914941288 3788.65493038224 4009.19738336248 4254.23606024397 4499.27473712546 4719.8171901057 4851.80297107506 4966.28095250133 Inf
"55" 68.1818181818182 4050.81225694931 330.932607460562 -Inf 3402.19626501668 3506.4765572913 3626.70505576847 3827.6016052115 4050.81225694931 4274.02290868712 4474.91945813015 4595.14795660732 4699.42824888194 Inf 4214.32419393182 363.2823292004 -Inf 3502.30391247922 3616.77793713917 3748.75915621036 3969.29398645879 4214.32419393182 4459.35440140485 4679.88923165328 4811.87045072448 4926.34447538443 Inf
"56" 68.8888888888889 4045.18084124667 330.929776693302 -Inf 3396.57039751591 3500.84979778645 3621.07726784004 3821.97209883236 4045.18084124667 4268.38958366098 4469.28441465329 4589.51188470689 4693.79128497742 Inf 4180.34153868501 363.279292332746 -Inf 3468.32720938363 3582.80027709513 3714.78039286604 3935.31337954809 4180.34153868501 4425.36969782193 4645.90268450397 4777.88280027489 4892.35586798639 Inf
"57" 69.5959595959596 4034.78303627965 331.015251115325 -Inf 3386.00506576013 3490.31139990635 3610.56992299366 3811.51664224378 4034.78303627965 4258.04943031552 4458.99614956563 4579.25467265294 4683.56100679917 Inf 4154.60696020653 363.372845092326 -Inf 3442.40927086572 3556.91181802074 3688.92592170206 3909.51570069217 4154.60696020653 4399.69821972089 4620.287998711 4752.30210239232 4866.80464954734 Inf
"58" 70.3030303030303 4012.41280108913 331.164089045679 -Inf 3363.34311358658 3467.69634810627 3588.00894432049 3789.0460173948 4012.41280108913 4235.77958478346 4436.81665785777 4557.129254072 4661.48248859168 Inf 4138.96235555645 363.534565887641 -Inf 3426.44769928127 3541.00120633393 3673.07406351357 3893.76201702325 4138.96235555645 4384.16269408965 4604.85064759933 4736.92350477897 4851.47701183163 Inf
"59" 71.010101010101 3984.28603278342 331.11619802173 -Inf 3335.31020996299 3439.64835352499 3559.94355083149 3760.95155109386 3984.28603278342 4207.62051447297 4408.62851473534 4528.92371204184 4633.26185560384 Inf 4132.13811365161 363.482330896645 -Inf 3419.72583607752 3534.26288334349 3666.31676344322 3886.97300708445 4132.13811365161 4377.30322021878 4597.95946386001 4730.01334395973 4844.55039122571 Inf
"60" 71.7171717171717 3951.08822333043 330.919305984021 -Inf 3302.49830181276 3406.77440265435 3526.99806867767 3727.88654330221 3951.08822333043 4174.28990335865 4375.17837798318 4495.40204400651 4599.6781448481 Inf 4117.94529540359 363.268219051982 -Inf 3405.9526693337 3520.42224773974 3652.39834056493 3872.92460508105 4117.94529540359 4362.96598572614 4583.49225024226 4715.46834306745 4829.93792147348 Inf
"61" 72.4242424242424 3907.56633318461 330.918755333335 -Inf 3258.97749092245 3363.25341824831 3483.4768842191 3684.36502456463 3907.56633318461 4130.76764180459 4331.65578215012 4451.87924812091 4556.15517544677 Inf 4080.25403149152 363.267481115503 -Inf 3368.26285175055 3482.73219762516 3614.70802235651 3835.23383889957 4080.25403149152 4325.27422408348 4545.80004062654 4677.77586535788 4792.24521123249 Inf
"62" 73.1313131313131 3864.83999638644 331.181097000743 -Inf 3215.73697390452 3320.095567807 3440.41434304636 3641.46174100074 3864.83999638644 4088.21825177213 4289.26564972652 4409.58442496588 4513.94301886836 Inf 4036.54158169888 363.553772232075 -Inf 3323.98928168034 3438.54884085107 3570.62867573522 3791.32828868323 4036.54158169888 4281.75487471454 4502.45448766255 4634.5343225467 4749.09388171743 Inf
"63" 73.8383838383838 3851.26943233512 331.403867823496 -Inf 3201.7297870638 3306.1585783599 3426.55828669838 3627.74092031283 3851.26943233512 4074.7979443574 4275.98057797186 4396.38028631034 4500.80907760644 Inf 4029.06209753049 363.796023105303 -Inf 3316.0349945252 3430.67088945521 3562.83873458099 3783.68540878387 4029.06209753049 4274.43878627712 4495.28546047999 4627.45330560577 4742.08920053579 Inf
"64" 74.5454545454545 3876.11118990679 331.449084648884 -Inf 3226.48292128622 3330.92596087233 3451.34209657669 3652.55217959925 3876.11118990679 4099.67020021434 4300.8802832369 4421.29641894126 4525.73945852737 Inf 4064.91562587535 363.84738534471 -Inf 3351.78785473065 3466.43993443429 3598.62643956752 3819.50429382469 4064.91562587535 4310.326957926 4531.20481218317 4663.3913173164 4778.04339702004 Inf
"65" 75.2525252525253 3906.51212416168 331.777172439019 -Inf 3256.24081528867 3360.78723873566 3481.32256941049 3682.73182200252 3906.51212416168 4130.29242632084 4331.70167891287 4452.2370095877 4556.78343303469 Inf 4090.16153138821 364.204549592508 -Inf 3376.33373118127 3491.09835703875 3623.41462067947 3844.50929571329 4090.16153138821 4335.81376706314 4556.90844209696 4689.22470573768 4803.98933159516 Inf
"66" 75.959595959596 3899.96346155618 332.128090621775 -Inf 3249.00436568345 3353.66136708449 3474.3241870585 3675.9464686796 3899.96346155618 4123.98045443276 4325.60273605385 4446.26555602787 4550.92255742891 Inf 4053.43658615284 364.58545095516 -Inf 3338.86223299343 3453.7468848155 3586.20153070647 3807.52743641297 4053.43658615284 4299.34573589271 4520.67164159921 4653.12628749017 4768.01093931224 Inf
"67" 76.6666666666667 3854.37619158323 332.300724297585 -Inf 3203.07873992339 3307.79013998375 3428.51567812806 3630.24275906178 3854.37619158323 4078.50962410469 4280.23670503841 4400.96224318272 4505.67364324307 Inf 3980.14513543356 364.779512800191 -Inf 3265.19042804712 3380.13623076658 3512.66137972588 3734.10509296831 3980.14513543356 4226.18517789881 4447.62889114124 4580.15404010055 4695.09984282 Inf
"68" 77.3737373737374 3809.0149498956 333.022357902291 -Inf 3156.3031223605 3261.24191664409 3382.22962576457 3584.39478290438 3809.0149498956 4033.63511688683 4235.80027402664 4356.78798314712 4461.7267774307 Inf 3946.00704167956 365.560099130772 -Inf 3229.52241319836 3344.71418675557 3477.52292433788 3699.44050173519 3946.00704167956 4192.57358162393 4414.49115902124 4547.29989660355 4662.49167016077 Inf
"69" 78.0808080808081 3797.5068101724 333.831797041975 -Inf 3143.20851107584 3248.40236801618 3369.68414804469 3572.34068477805 3797.5068101724 4022.67293556675 4225.32947230011 4346.61125232862 4451.80510926895 Inf 3976.60768208168 366.449410414484 -Inf 3258.38003551336 3373.85204026719 3506.98386647211 3729.44131079172 3976.60768208168 4223.77405337165 4446.23149769126 4579.36332389618 4694.83532865001 Inf
"70" 78.7878787878788 3815.82774177048 334.892771454494 -Inf 3159.44997103687 3264.97815200373 3386.6453862234 3589.94600000967 3815.82774177048 4041.7094835313 4245.01009731756 4366.67733153724 4472.20551250409 Inf 4009.16370111945 367.60318288308 -Inf 3288.67470206632 3404.51027247531 3538.06126659646 3761.21912212536 4009.16370111945 4257.10828011354 4480.26613564244 4613.81712976359 4729.65270017258 Inf
"71" 79.4949494949495 3836.59553861141 336.661177482223 -Inf 3176.75175575341 3282.83717977603 3405.14687955098 3609.52102511071 3836.59553861141 4063.67005211212 4268.04419767185 4390.3538974468 4496.43932146942 Inf 3968.46992210435 369.533057877822 -Inf 3244.19843756687 3360.64213157555 3494.89425326055 3719.22366220715 3968.46992210435 4217.71618200156 4442.04559094816 4576.29771263316 4692.74140664184 Inf
"72" 80.2020202020202 3833.89093599856 341.468091236817 -Inf 3164.62577530476 3272.22590763948 3396.28196909049 3603.57420844031 3833.89093599856 4064.20766355681 4271.49990290663 4395.55596435763 4503.15609669236 Inf 3852.59875322877 374.778876766063 -Inf 3118.04565260091 3236.14235847531 3372.30029697618 3599.81424226006 3852.59875322877 4105.38326419748 4332.89720948137 4469.05514798223 4587.15185385663 Inf
"73" 80.9090909090909 3780.17776400867 351.98758850285 -Inf 3090.29476753798 3201.20970241785 3329.08751891057 3542.76574336726 3780.17776400867 4017.58978465008 4231.26800910677 4359.14582559949 4470.06076047936 Inf 3716.47856485028 386.121718347136 -Inf 2959.69390324117 3081.36485598226 3221.64367221174 3456.04342349704 3716.47856485028 3976.91370620352 4211.31345748882 4351.5922737183 4473.26322645938 Inf
"74" 81.6161616161616 3630.56392073992 376.778194375967 -Inf 2892.09222960299 3010.81894116438 3147.70323587433 3376.43089053594 3630.56392073992 3884.6969509439 4113.42460560551 4250.30890031546 4369.03561187685 Inf 3581.56191830884 413.425775790249 -Inf 2771.26228747942 2901.53703152502 3051.73546810835 3302.71047007145 3581.56191830884 3860.41336654622 4111.38836850932 4261.58680509265 4391.86154913826 Inf
"75" 82.3232323232323 3333.23965581326 508.017957709466 -Inf 2337.54275520311 2497.62447551836 2682.18844678592 2990.58675042268 3333.23965581326 3675.89256120384 3984.2908648406 4168.85483610815 4328.93655642341 Inf 3389.61437296662 553.186561848139 -Inf 2305.38863501273 2479.70345032989 2680.6772685919 3016.49570705384 3389.61437296662 3762.7330388794 4098.55147734134 4299.52529560335 4473.84011092051 Inf
"76" 83.030303030303 2868.35012740396 835.084559935409 -Inf 1231.61446588507 1494.75826018302 1798.14620225661 2305.09415118052 2868.35012740396 3431.60610362739 3938.5540525513 4241.94199462489 4505.08578892284 Inf 3053.93104260897 897.077394149012 -Inf 1295.69165873186 1578.37003718679 1904.28010372263 2448.86153512285 3053.93104260897 3659.00055009509 4203.58198149531 4529.49204803114 4812.17042648607 Inf
"77" 83.7373737373737 2277.09146715282 1276.30723436585 -Inf -224.424745412172 177.752883601745 641.437932835363 1416.23531947195 2277.09146715282 3137.9476148337 3912.74500147028 4376.4300507039 4778.60767971782 Inf 2545.84117066884 1359.1678907612 -Inf -118.078944166384 310.208935914296 803.99743242587 1629.09635955478 2545.84117066884 3462.5859817829 4287.68490891181 4781.47340542338 5209.76128550406 Inf
"78" 84.4444444444444 1650.26307439583 1700.54190627353 -Inf -1682.73781610138 -1146.87944792116 -529.069067863215 503.264988835428 1650.26307439583 2797.26115995624 3829.59521665488 4447.40559671282 4983.26396489305 Inf 1928.05452008894 1801.8387750069 -Inf -1603.48458487235 -1035.70652416296 -381.094782880117 712.732734840923 1928.05452008894 3143.37630533696 4237.203823058 4891.81556434083 5459.59362505023 Inf
"79" 85.1515151515152 1085.36293541459 2019.19044315033 -Inf -2872.17761108753 -2235.90978850699 -1502.33373813742 -276.560322184197 1085.36293541459 2447.28619301337 3673.05960896659 4406.63565933616 5042.90348191671 Inf 1314.49037565741 2133.06146189893 -Inf -2866.23326647484 -2194.08350645745 -1419.13788024201 -124.237716931685 1314.49037565741 2753.21846824651 4048.11863155684 4823.06425777227 5495.21401778966 Inf
"80" 85.8585858585859 645.966285516314 2210.23116086345 -Inf -3686.00718728419 -2989.54045583109 -2186.55891890369 -844.811978050067 645.966285516314 2136.7445490827 3478.49148993632 4281.47302686371 4977.93975831682 Inf 804.056658567381 2330.88175743483 -Inf -3764.38763822632 -3029.90265414433 -2183.08850677258 -768.099195741445 804.056658567381 2376.21251287621 3791.20182390734 4638.01597127909 5372.50095536108 Inf
"81" 86.5656565656566 347.539327281439 2301.65772566203 -Inf -4163.62691975452 -3438.35073077463 -2602.15373438857 -1204.90521713723 347.539327281439 1899.98387170011 3297.23238895144 4133.42938533751 4858.7055743174 Inf 441.122550407303 2425.19949040076 -Inf -4312.18110610309 -3547.97562745926 -2666.89565327376 -1194.64964804877 441.122550407303 2076.89474886338 3549.14075408837 4430.22072827386 5194.42620691769 Inf
"82" 87.2727272727273 169.007691857087 2336.37927116208 -Inf -4410.21153384653 -3673.9942262481 -2825.18282080663 -1406.85617911233 169.007691857087 1744.8715628265 3163.19820452081 4012.00960996227 4748.22691756071 Inf 217.277739917977 2460.89186815165 -Inf -4605.98169150676 -3830.52917494666 -2936.48208634775 -1442.5686014912 217.277739917977 1877.12408132715 3371.03756618371 4265.08465478261 5040.53717134271 Inf
"83" 87.979797979798 74.309125310209 2346.79746442327 -Inf -4525.32938396932 -3785.82919576692 -2933.23283923753 -1508.58171022944 74.309125310209 1657.19996084986 3081.85108985795 3934.44744638734 4673.94763458973 Inf 96.2271147050097 2471.5664615969 -Inf -4747.95413542201 -3969.13794390427 -3071.21275350203 -1570.8191305705 96.2271147050097 1763.27335998052 3263.66698291205 4161.59217331429 4940.40836483203 Inf
"84" 88.6868686868687 29.5520267655195 2349.26700948144 -Inf -4574.92670188621 -3834.64833445746 -2981.1547871177 -1555.00449160351 29.5520267655195 1614.10854513455 3040.25884064874 3893.7523879885 4634.03075541725 Inf 38.3763184388303 2474.08946327783 -Inf -4810.74992411575 -4031.13870863613 -3132.29690652228 -1630.37166561019 38.3763184388303 1707.12430248785 3209.04954339994 4107.89134551379 4887.50256099341 Inf
"85" 89.3939393939394 10.6342981444752 2349.73104426359 -Inf -4594.75392196786 -3854.32933237297 -3000.66720024028 -1574.23520692885 10.6342981444752 1595.5038032178 3021.93579652923 3875.59792866192 4616.02251825681 Inf 13.8007015149419 2474.56234956453 -Inf -4836.25238113036 -4056.49215428384 -3157.47855160721 -1655.26623948747 13.8007015149419 1682.86764251735 3185.07995463709 4084.09355731372 4863.85378416024 Inf
"86" 90.1010101010101 3.46369611189581 2349.80049043223 -Inf -4602.06063598983 -3861.6141631879 -3007.926801119 -1581.45264969037 3.46369611189581 1588.38004191416 3014.85419334279 3868.54155541169 4608.98802821362 Inf 4.48023468926069 2474.63296662882 -Inf -4845.71125485873 -4065.92877584383 -3166.88951784218 -1664.6343367992 4.48023468926069 1673.59480617772 3175.8499872207 4074.88924522235 4854.67172423725 Inf
"87" 90.8080808080808 1.02134717632583 2349.80880605634 -Inf -4604.51928324917 -3864.07019010795 -3010.37980695567 -1583.90060742917 1.02134717632583 1585.94330178182 3012.42250130832 3866.1128844606 4606.56197760182 Inf 1.31416547537569 2474.64140658846 -Inf -4848.89386608955 -4069.10872755595 -3170.06640329956 -1667.80609867936 1.31416547537569 1670.43442963011 3172.69473425031 4071.7370585067 4851.5221970403 Inf
"88" 91.5151515151515 0.27268845192426 2349.80960585036 -Inf -4605.26950954104 -3864.82016437645 -3011.12949065735 -1584.64980560644 0.27268845192426 1585.19518251029 3011.6748675612 3865.3655412803 4605.81488644489 Inf 0.348533307098203 2474.64221702143 -Inf -4849.86108667727 -4070.07569276784 -3171.03307407948 -1668.77227747637 0.348533307098203 1669.46934409056 3171.73014069368 4070.77275938204 4850.55815329146 Inf
"89" 92.2222222222222 0.0659246358952236 2349.80966783455 -Inf -4605.47639484386 -3865.02703014741 -3011.33633390932 -1584.85661123017 0.0659246358952236 1584.98846050196 3011.46818318111 3865.15887941919 4605.60824411565 Inf 0.0836180339782014 2474.6422797414 -Inf -4850.12612487926 -4070.34071120613 -3171.29806973147 -1669.03723505346 0.0836180339782014 1669.20447112142 3171.46530579943 4070.50794727408 4850.29336094722 Inf
"90" 92.9292929292929 0.0144318711761775 2349.80967171544 -Inf -4605.52789521498 -3865.07852929562 -3011.38783164759 -1584.90810661251 0.0144318711761775 1584.93697035486 3011.41669538995 3865.10739303797 4605.55675895733 Inf 0.0181538867581225 2474.64228366352 -Inf -4850.19159671369 -4070.40618180466 -3171.36353890509 -1669.10270184611 0.0181538867581225 1669.13900961963 3171.39984667861 4070.44248957817 4850.22790448721 Inf
"91" 93.6363636363636 0.00286076935168408 2349.80967191217 -Inf -4605.53946670237 -3865.09010072102 -3011.39940300153 -1584.91967784702 0.00286076935168408 1584.92539938573 3011.40512454023 3865.09582225973 4605.54518824108 Inf 0.00356743308290174 2474.64228386212 -Inf -4850.20618355661 -4070.420768585 -3171.37812561328 -1669.11728843374 0.00356743308290174 1669.1244232999 3171.38526047944 4070.42790345116 4850.21331842278 Inf
"92" 94.3434343434343 0.000513464319585737 2349.80967192025 -Inf -4605.54181402326 -3865.09244803936 -3011.40175031693 -1584.92202515751 0.000513464319585737 1584.92305208615 3011.40277724557 3865.093474968 4605.5428409519 Inf 0.000634633732310333 2474.64228387027 -Inf -4850.20911637195 -4070.42370139776 -3171.38105842308 -1669.12022123859 0.000634633732310333 1669.12149050605 3171.38232769055 4070.42497066522 4850.21038563941 Inf
"93" 95.0505050505051 8.34413760814844e-05 2349.80967192052 -Inf -4605.54224404673 -3865.09287806275 -3011.40218034022 -1584.92245518063 8.34413760814844e-05 1584.92262206339 3011.40234722297 3865.0930449455 4605.54241092948 Inf 0.000102213468530451 2474.64228387055 -Inf -4850.20964879275 -4070.42423381847 -3171.3815908437 -1669.12075365904 0.000102213468530451 1669.12095808597 3171.38179527063 4070.42443824541 4850.20985321968 Inf
"94" 95.7575757575758 1.22763832393502e-05 2349.80967192053 -Inf -4605.54231521174 -3865.09294922775 -3011.40225150522 -1584.92252634563 1.22763832393502e-05 1584.9225508984 3011.40227605798 3865.09297378051 4605.5423397645 Inf 1.49048379342336e-05 2474.64228387055 -Inf -4850.20973610139 -4070.42432112712 -3171.38167815234 -1669.12084096767 1.49048379342336e-05 1669.12087077735 3171.38170796201 4070.42435093679 4850.20976591107 Inf
"95" 96.4646464646465 1.6351239163658e-06 2349.80967192053 -Inf -4605.542325853 -3865.09295986901 -3011.40226214648 -1584.92253698689 1.6351239163658e-06 1584.92254025714 3011.40226541673 3865.09296313926 4605.54232912324 Inf 1.96780994481417e-06 2474.64228387055 -Inf -4850.20974903842 -4070.42433406414 -3171.38169108936 -1669.1208539047 1.96780994481417e-06 1669.12085784032 3171.38169502498 4070.42433799976 4850.20975297404 Inf
"96" 97.1717171717172 1.97149771617735e-07 2349.80967192053 -Inf -4605.54232729097 -3865.09296130699 -3011.40226358445 -1584.92253842487 1.97149771617735e-07 1584.92253881917 3011.40226397875 3865.09296170128 4605.54232768527 Inf 2.35217236960167e-07 2474.64228387055 -Inf -4850.20975077101 -4070.42433579674 -3171.38169282196 -1669.12085563729 2.35217236960167e-07 1669.12085610773 3171.38169329239 4070.42433626717 4850.20975124144 Inf
"97" 97.8787878787879 2.151705175445e-08 2349.80967192053 -Inf -4605.5423274666 -3865.09296148262 -3011.40226376008 -1584.9225386005 2.151705175445e-08 1584.92253864353 3011.40226380312 3865.09296152565 4605.54232750964 Inf 2.54549777457575e-08 2474.64228387055 -Inf -4850.20975098077 -4070.4243360065 -3171.38169303172 -1669.12085584706 2.54549777457575e-08 1669.12085589797 3171.38169308263 4070.42433605741 4850.20975103168 Inf
"98" 98.5858585858586 2.12562865517699e-09 2349.80967192053 -Inf -4605.54232748599 -3865.09296150201 -3011.40226377948 -1584.92253861989 2.12562865517699e-09 1584.92253862414 3011.40226378373 3865.09296150626 4605.54232749025 Inf 2.49389381481273e-09 2474.64228387055 -Inf -4850.20975100373 -4070.42433602946 -3171.38169305468 -1669.12085587002 2.49389381481273e-09 1669.120855875 3171.38169305967 4070.42433603445 4850.20975100872 Inf
"99" 99.2929292929293 1.90059400644538e-10 2349.80967192053 -Inf -4605.54232748793 -3865.09296150395 -3011.40226378141 -1584.92253862183 1.90059400644538e-10 1584.92253862221 3011.40226378179 3865.09296150432 4605.54232748831 Inf 2.21190886082811e-10 2474.64228387055 -Inf -4850.20975100601 -4070.42433603173 -3171.38169305695 -1669.12085587229 2.21190886082811e-10 1669.12085587273 3171.38169305739 4070.42433603217 4850.20975100645 Inf
"100" 100 1.5380475152751e-11 2349.80967192053 -Inf -4605.54232748811 -3865.09296150412 -3011.40226378159 -1584.922538622 1.5380475152751e-11 1584.92253862203 3011.40226378162 3865.09296150415 4605.54232748814 Inf 1.77591580284691e-11 2474.64228387055 -Inf -4850.20975100621 -4070.42433603194 -3171.38169305716 -1669.12085587249 1.77591580284691e-11 1669.12085587253 3171.38169305719 4070.42433603197 4850.20975100625 Inf
