"mid_age" "mean_left" "std_left" "min_left" "l.q2.5" "l.q5" "l.q10" "l.q25" "l.q50" "l.q75" "l.q90" "l.q95" "l.q97.5" "max_left" "mean_right" "std_right" "min_right" "r.q2.5" "r.q5" "r.q10" "r.q25" "r.q50" "r.q75" "r.q90" "r.q95" "r.q97.5" "max_right"
"1" 30 3.18630512024368e-08 2345.63918083899 -Inf -4597.3683151386 -3858.23311409064 -3006.0575643751 -1582.10958510237 3.18630512024368e-08 1582.1095851661 3006.05756443883 3858.23311415436 4597.36831520232 Inf 3.45574433513436e-08 2445.44109334751 -Inf -4792.97646924081 -4022.39265185427 -3133.95886159204 -1649.42495213664 3.45574433513436e-08 1649.42495220575 3133.95886166116 4022.39265192338 4792.97646930993 Inf
"2" 30.7070707070707 2.96576930221288e-07 2345.63918083899 -Inf -4597.36831487388 -3858.23311382592 -3006.05756411039 -1582.10958483766 2.96576930221288e-07 1582.10958543081 3006.05756470354 3858.23311441907 4597.36831546704 Inf 3.21536703429026e-07 2445.44109334751 -Inf -4792.97646895383 -4022.39265156729 -3133.95886130506 -1649.42495184966 3.21536703429026e-07 1649.42495249273 3133.95886194814 4022.39265221036 4792.97646959691 Inf
"3" 31.4141414141414 2.4976129447166e-06 2345.63918083899 -Inf -4597.36831267285 -3858.23311162489 -3006.05756190935 -1582.10958263662 2.4976129447166e-06 1582.10958763185 3006.05756690458 3858.23311662011 4597.36831766807 Inf 2.70643893573822e-06 2445.44109334751 -Inf -4792.97646656893 -4022.39264918239 -3133.95885892016 -1649.42494946476 2.70643893573822e-06 1649.42495487763 3133.95886433304 4022.39265459526 4792.97647198181 Inf
"4" 32.1212121212121 1.90292591722831e-05 2345.63918083899 -Inf -4597.3682961412 -3858.23309509324 -3006.05754537771 -1582.10956610498 1.90292591722831e-05 1582.10960416349 3006.05758343623 3858.23313315176 4597.36833419972 Inf 2.06065209972429e-05 2445.44109334751 -Inf -4792.97644866885 -4022.39263128231 -3133.95884102008 -1649.42493156467 2.06065209972429e-05 1649.42497277772 3133.95888223312 4022.39267249534 4792.97648988189 Inf
"5" 32.8282828282828 0.000131156420144271 2345.63918083899 -Inf -4597.36818401403 -3858.23298296607 -3006.05743325054 -1582.10945397781 0.000131156420144271 1582.10971629065 3006.05769556338 3858.23324527891 4597.36844632687 Inf 0.000141905628466354 2445.4410933475 -Inf -4792.97632736973 -4022.39250998319 -3133.95871972097 -1649.42481026556 0.000141905628466354 1649.42509407682 3133.95900353222 4022.39279379444 4792.97661118099 Inf
"6" 33.5353535353535 0.000817670732511311 2345.63918083879 -Inf -4597.36749749933 -3858.23229645143 -3006.05674673597 -1582.10876746336 0.000817670732511311 1582.11040280483 3006.05838207744 3858.23393179289 4597.36913284079 Inf 0.000883731387237459 2445.44109334731 -Inf -4792.97558554359 -4022.39176815711 -3133.95797789496 -1649.42406843967 0.000883731387237459 1649.42583590245 3133.95974535773 4022.39353561988 4792.97735300637 Inf
"7" 34.2424242424242 0.00461024812023895 2345.63918083283 -Inf -4597.36370491025 -3858.22850386424 -3006.05295415094 -1582.10497488195 0.00461024812023895 1582.1141953782 3006.06217464718 3858.23772436047 4597.37292540649 Inf 0.00497609553918324 2445.44109334145 -Inf -4792.97149316795 -4022.38767578331 -3133.95388552329 -1649.41997607157 0.00497609553918324 1649.42992826264 3133.96383771437 4022.39762797439 4792.98144535902 Inf
"8" 34.9494949494949 0.0235041615770045 2345.63918068639 -Inf -4597.34481070978 -3858.20960970991 -3006.03406004982 -1582.08608086973 0.0235041615770045 1582.13308919288 3006.08106837297 3858.25661803306 4597.39181903294 Inf 0.0253284584322456 2445.44109319727 -Inf -4792.95114052247 -4022.36732318327 -3133.93353297563 -1649.39962361143 0.0253284584322456 1649.45028052829 3133.98418989249 4022.41798010013 4793.00179743934 Inf
"9" 35.6565656565657 0.10832667467915 2345.63917776969 -Inf -4597.25998248006 -3858.12478239927 -3005.94923379882 -1582.00125638934 0.10832667467915 1582.2179097387 3006.16588714818 3858.34143574862 4597.47663582942 Inf 0.116509828784586 2445.44109032191 -Inf -4792.85995351652 -4022.27613708338 -3133.84234792036 -1649.30844030168 0.116509828784586 1649.54145995924 3134.07536757793 4022.50915674094 4793.09297317409 Inf
"10" 36.3636363636364 0.451195883310643 2345.63913071952 -Inf -4596.91702105478 -3857.78183579998 -3005.60630429296 -1581.65835544585 0.451195883310643 1582.56074721247 3006.50869605958 3858.6842275666 4597.8194128214 Inf 0.484179829651784 2445.44104386952 -Inf -4792.49219247065 -4021.90839067513 -3133.47461838836 -1648.94073896915 0.484179829651784 1649.90909862845 3134.44297804766 4022.87675033443 4793.46055212995 Inf
"11" 37.0707070707071 1.69774013679079 2345.63851724519 -Inf -4595.66927441372 -3856.53428247104 -3004.3589738405 -1580.41139741023 1.69774013679079 1583.80687768381 3007.75445411408 3859.92976274462 4599.0647546873 Inf 1.81705503035485 2445.44043714922 -Inf -4791.15812812001 -4020.57451750834 -3132.1409656443 -1647.60745454182 1.81705503035485 1651.24156460253 3135.77507570501 4024.20862756905 4794.79223818072 Inf
"12" 37.7777777777778 5.76838962655499 2345.63206749708 -Inf -4591.58598364995 -3852.4530240897 -3000.28005866595 -1576.33639763147 5.76838962655499 1587.87317688458 3011.81683791906 3863.98980334281 4603.12276290306 Inf 6.15517206713027 2445.43404571886 -Inf -4786.8074841099 -4016.22588750414 -3127.79465765994 -1643.26502655078 6.15517206713027 1655.57537068504 3140.1050017942 4028.5362316384 4799.11782824417 Inf
"13" 38.4848484848485 17.6878851012582 2345.57755263348 -Inf -4579.55964100596 -3840.44385964387 -2988.29069958245 -1564.38013244003 17.6878851012582 1599.75590264255 3023.66646978496 3875.81962984639 4614.93541120847 Inf 18.8096313137138 2445.37989869258 -Inf -4774.04689864194 -4003.482364325 -3115.07080620706 -1630.57404568996 18.8096313137138 1668.19330831739 3152.69006883448 4041.10162695242 4811.66616126937 Inf
"14" 39.1919191919192 48.9163745285412 2345.20844565239 -Inf -4547.60771518931 -3808.60824326002 -2956.5891805257 -1532.90268413728 48.9163745285412 1630.73543319436 3054.42192958278 3906.4409923171 4645.44046424639 Inf 51.8214054770395 2445.01228993308 -Inf -4740.31462454961 -3969.86592756032 -3081.58792246249 -1597.31432318628 51.8214054770395 1700.95713414035 3185.23073341657 4073.5087385144 4843.95743550369 Inf
"15" 39.8989898989899 121.918927659922 2343.21490531515 -Inf -4470.69789479521 -3732.32660807446 -2881.03180265415 -1458.55550848183 121.918927659922 1702.39336380167 3124.869657974 3976.1644633943 4714.53575011505 Inf 128.622440963441 2443.02054510027 -Inf -4659.6098409245 -3889.7887633617 -3002.23436326743 -1519.16987622513 128.622440963441 1776.41475815202 3259.47924519431 4147.03364528858 4916.85472285138 Inf
"16" 40.6060606060606 273.643216395983 2334.66364775494 -Inf -4302.21344921861 -3566.53675232549 -2718.34863640443 -1301.06348417012 273.643216395983 1848.34991696209 3265.6350691964 4113.82318511745 4849.49988201057 Inf 287.394113763655 2434.44539122249 -Inf -4484.03117536195 -3716.91221760396 -2832.47318859037 -1354.61435002801 287.394113763655 1929.40257755532 3407.26141611768 4291.70044513127 5058.81940288926 Inf
"17" 41.3131313131313 552.666193726077 2305.62524424239 -Inf -3966.27624683538 -3239.7498516569 -2402.11144759191 -1002.45440130875 552.666193726077 2107.78678876091 3507.44383504407 4345.08223910905 5071.60863428753 Inf 577.681679329873 2405.20234755528 -Inf -4136.42829740967 -3378.52412559863 -2504.70915463115 -1044.60265124372 577.681679329873 2199.96600990346 3660.07251329089 4533.88748425837 5291.79165606942 Inf
"18" 42.020202020202 1003.80753240208 2227.55728848977 -Inf -3362.12452653757 -2660.19815281251 -1850.92199800228 -498.65702665885 1003.80753240208 2506.272091463 3858.53706280643 4667.81321761666 5369.73959134173 Inf 1044.09101524919 2326.21295311585 -Inf -3515.20259322843 -2782.1887977449 -1937.07083660655 -524.915778400803 1044.09101524919 2613.09780889919 4025.25286710494 4870.37082824329 5603.38462372682 Inf
"19" 42.7272727272727 1639.43599201972 2060.65244317335 -Inf -2399.36858125452 -1750.03565302038 -1001.3963725724 249.547040382778 1639.43599201972 3029.32494365666 4280.26835661183 5028.90763705982 5678.24056529396 Inf 1696.86053923577 2156.47714109765 -Inf -2529.75699079952 -1850.22870773664 -1066.77611699906 242.338811033257 1696.86053923577 3151.38226743828 4460.4971954706 5243.94978620817 5923.47806927105 Inf
"20" 43.4343434343434 2409.74025090714 1774.92448035126 -Inf -1069.04780585981 -509.750718163592 135.083004389543 1212.57188153811 2409.74025090714 3606.90862027618 4684.39749742474 5329.23121997788 5888.52830767409 Inf 2482.5930064269 1864.3315259119 -Inf -1171.42963960303 -583.959465809266 93.3560207003461 1225.1205012319 2482.5930064269 3740.06551162189 4871.82999215345 5549.14547866306 6136.61565245683 Inf
"21" 44.1414141414141 3196.4514917756 1381.88685917495 -Inf 488.003017083525 923.449879425105 1425.49222399443 2264.38296933144 3196.4514917756 4128.52001421977 4967.41075955677 5469.4531041261 5904.89996646768 Inf 3280.22091777066 1460.16138085066 -Inf 418.357199687098 878.469174543985 1408.94881419373 2295.35703275473 3280.22091777066 4265.08480278658 5151.49302134758 5681.97266099733 6142.08463585422 Inf
"22" 44.8484848484848 3849.57982759068 952.112160901306 -Inf 1983.47428298151 2283.49468646756 2629.39899721356 3207.38993402571 3849.57982759068 4491.76972115565 5069.7606579678 5415.6649687138 5715.68537219984 Inf 3940.72073365968 1015.50565304359 -Inf 1950.36622759741 2270.3625770612 2639.29787418227 3255.7725794156 3940.72073365968 4625.66888790376 5242.14359313709 5611.07889025816 5931.07523972195 Inf
"23" 45.5555555555556 4257.32535388556 597.859043344725 -Inf 3085.54316109833 3273.93473803425 3491.13816091213 3854.07555708751 4257.32535388556 4660.57515068361 5023.51254685899 5240.71596973687 5429.10754667279 Inf 4357.94372337532 646.432097967013 -Inf 3090.9600929093 3294.65754245643 3529.50765620741 3921.93189909882 4357.94372337532 4793.95554765182 5186.37979054323 5421.22990429421 5624.92735384133 Inf
"24" 46.2626262626263 4405.20618143146 411.897701376964 -Inf 3597.90152141778 3727.69475338859 3877.33803738759 4127.38540372337 4405.20618143146 4683.02695913955 4933.07432547533 5082.71760947433 5212.51084144514 Inf 4524.13806517749 450.292169512424 -Inf 3641.58163041273 3783.47335696713 3947.06543038637 4220.4206122478 4524.13806517749 4827.85551810718 5101.21069996861 5264.80277338785 5406.69449994225 Inf
"25" 46.969696969697 4378.409604536 362.261424109506 -Inf 3668.39026029318 3782.54258718487 3914.15290933205 4134.0679870827 4378.409604536 4622.7512219893 4842.66629973995 4974.27662188713 5088.42894877882 Inf 4525.2557165632 396.460391276256 -Inf 3748.20762836508 3873.13640402985 4017.17128144669 4257.84724628863 4525.2557165632 4792.66418683776 5033.34015167971 5177.37502909655 5302.30380476132 Inf
"26" 47.6767676767677 4303.4428520345 348.559658196136 -Inf 3620.27847550648 3730.11323404162 3856.74567638755 4068.34293524935 4303.4428520345 4538.54276881964 4750.14002768145 4876.77247002738 4986.60722856251 Inf 4477.98203164069 381.549140622448 -Inf 3730.15945768848 3850.38954382764 3989.00713314379 4220.63104709472 4477.98203164069 4735.33301618665 4966.95693013758 5105.57451945374 5225.8046055929 Inf
"27" 48.3838383838384 4273.80659143235 340.127265224156 -Inf 3607.1694014329 3714.34702560331 3837.91596219993 4044.39423727643 4273.80659143235 4503.21894558826 4709.69722066477 4833.26615726139 4940.4437814318 Inf 4460.13178192209 372.44085300727 -Inf 3730.16112365647 3847.52109402818 3982.82962367786 4208.9242440144 4460.13178192209 4711.33931982978 4937.43394016633 5072.742469816 5190.10244018772 Inf
"28" 49.0909090909091 4310.71127852188 336.353585904224 -Inf 3651.4703640787 3757.45886280918 3879.65681392978 4083.84423238778 4310.71127852188 4537.57832465597 4741.76574311398 4863.96369423457 4969.95219296505 Inf 4485.55350711674 368.333867652814 -Inf 3763.63239223088 3879.69820897894 4013.51466238318 4237.11608873483 4485.55350711674 4733.99092549864 4957.5923518503 5091.40880525453 5207.47462200259 Inf
"29" 49.7979797979798 4374.22279379777 335.302574926327 -Inf 3717.04182301862 3822.69913730403 3944.5152539698 4148.06464379561 4374.22279379777 4600.38094379993 4803.93033362574 4925.74645029151 5031.40376457691 Inf 4527.18380701276 367.191391193576 -Inf 3807.50190484019 3923.20771542265 4056.60910477413 4279.51697729245 4527.18380701276 4774.85063673307 4997.75850925139 5131.15989860287 5246.86570918533 Inf
"30" 50.5050505050505 4406.73739311059 335.040960833582 -Inf 3750.06917653108 3855.64405350617 3977.36512523275 4180.7556991325 4406.73739311059 4632.71908708869 4836.10966098844 4957.83073271502 5063.40560969011 Inf 4554.05398625828 366.903081766253 -Inf 3834.93716017967 3950.55212147539 4083.8487674176 4306.58161829159 4554.05398625828 4801.52635422498 5024.25920509896 5157.55585104118 5273.17081233689 Inf
"31" 51.2121212121212 4381.11465229826 334.636097016119 -Inf 3725.23995421961 3830.68725441241 3952.26123827951 4155.40603481526 4381.11465229826 4606.82326978125 4809.968066317 4931.5420501841 5036.9893503769 Inf 4553.76104963103 366.463813799997 -Inf 3835.50517294585 3950.98171635564 4084.1187753402 4306.58496340517 4553.76104963103 4800.9371358569 5023.40332392186 5156.54038290643 5272.01692631622 Inf
"32" 51.9191919191919 4323.40491548018 334.208051400648 -Inf 3668.3691713916 3773.68158997744 3895.10006399007 4097.98501037743 4323.40491548018 4548.82482058292 4751.70976697029 4873.12824098292 4978.44065956876 Inf 4535.15906943159 365.998673184698 -Inf 3817.81485160014 3933.14482438432 4066.1128968245 4288.29671578315 4535.15906943159 4782.02142308004 5004.20524203869 5137.17331447887 5252.50328726305 Inf
"33" 52.6262626262626 4286.51200288855 333.95904679691 -Inf 3631.96429885528 3737.1982535114 3858.52626363819 4061.26004883878 4286.51200288855 4511.76395693832 4714.49774213891 4835.8257522657 4941.05970692182 Inf 4515.60986194314 365.727101704688 -Inf 3798.79791443174 3914.04231222974 4046.91172219141 4268.93068047441 4515.60986194314 4762.28904341187 4984.30800169487 5117.17741165655 5232.42180945455 Inf
"34" 53.3333333333333 4292.33085778216 333.807777603949 -Inf 3638.07963591907 3743.2659240857 3864.53897780286 4067.18093325257 4292.33085778216 4517.48078231176 4720.12273776147 4841.39579147863 4946.58207964526 Inf 4502.22559633018 365.562946093 -Inf 3785.73538790554 3900.92805857004 4033.7378304596 4255.65713613897 4502.22559633018 4748.79405652139 4970.71336220076 5103.52313409031 5218.71580475481 Inf
"35" 54.040404040404 4307.3722904474 333.828691923585 -Inf 3653.08007727106 3758.27295575642 3879.55360768902 4082.20825942358 4307.3722904474 4532.53632147122 4735.19097320577 4856.47162513837 4961.66450362374 Inf 4486.54599075902 365.585433569788 -Inf 3770.01170768978 3885.21146439113 4018.02940602736 4239.96236299521 4486.54599075902 4733.12961852284 4955.06257549069 5087.88051712692 5203.08027382827 Inf
"36" 54.7474747474747 4289.57929639307 333.875445471985 -Inf 3635.19544794572 3740.40305895844 3861.70069655155 4064.38373058007 4289.57929639307 4514.77486220608 4717.4578962346 4838.75553382771 4943.96314484043 Inf 4462.51491319914 365.63539455776 -Inf 3745.88270839284 3861.09820831898 3993.93430088513 4215.89758726103 4462.51491319914 4709.13223913725 4931.09552551315 5063.9316180793 5179.14711800544 Inf
"37" 55.4545454545455 4248.67995183862 333.775614459828 -Inf 3594.49176857963 3699.66792180642 3820.92929058702 4023.55172102007 4248.67995183862 4473.80818265718 4676.43061309023 4797.69198187083 4902.86813509761 Inf 4443.79673767484 365.52788312257 -Inf 3727.37525140943 3842.55687336878 3975.3539068089 4197.25192709779 4443.79673767484 4690.34154825188 4912.23956854077 5045.03660198089 5160.21822394024 Inf
"38" 56.1616161616162 4233.2191146268 333.727084015821 -Inf 3579.12604929021 3684.28691007143 3805.53064764168 4008.1236170953 4233.2191146268 4458.31461215829 4660.90758161191 4782.15131918216 4887.31217996338 Inf 4449.55316128833 365.474706358567 -Inf 3733.23589956519 3848.40076497542 3981.17847918756 4203.04421789356 4449.55316128833 4696.06210468311 4917.92784338911 5050.70555760125 5165.87042301148 Inf
"39" 56.8686868686869 4258.78207965028 333.734082397805 -Inf 3604.67529773706 3709.83836378093 3831.08464387778 4033.68186178187 4258.78207965028 4483.88229751869 4686.47951542278 4807.72579551963 4912.8888615635 Inf 4473.61839701793 365.482160577071 -Inf 3757.28652529499 3872.45373960668 4005.23416195176 4227.10442582918 4473.61839701793 4720.13236820668 4942.0026320841 5074.78305442919 5189.95026874087 Inf
"40" 57.5757575757576 4282.60219559509 333.717073217959 -Inf 3628.52875106178 3733.6864573369 3854.92655796366 4057.51345024414 4282.60219559509 4507.69094094604 4710.27783322653 4831.51793385328 4936.67564012841 Inf 4484.72951917744 365.463899445933 -Inf 3768.43343861384 3883.59489865397 4016.36868669247 4238.22786493446 4484.72951917744 4731.23117342041 4953.09035166241 5085.86413970091 5201.02559974104 Inf
"41" 58.2828282828283 4263.34595751201 333.68432306378 -Inf 3609.33670210137 3714.4840884637 3835.71229089193 4038.27930180437 4263.34595751201 4488.41261321964 4690.97962413208 4812.20782656031 4917.35521292264 Inf 4463.62004994976 365.427842905201 -Inf 3747.39463890741 3862.54473715809 3995.30542578101 4217.14271547394 4463.62004994976 4710.09738442558 4931.93467411851 5064.69536274143 5179.84546099211 Inf
"42" 58.989898989899 4216.70338513324 333.629263230959 -Inf 3562.80204501192 3667.93208145065 3789.14028052811 3991.67386671848 4216.70338513324 4441.73290354799 4644.26648973836 4765.47468881583 4870.60472525455 Inf 4425.12901923771 365.36841842481 -Inf 3709.02007803673 3824.15145101814 3956.89055060484 4178.69176596483 4425.12901923771 4671.5662725106 4893.36748787059 5026.10658745729 5141.2379604387 Inf
"43" 59.6969696969697 4187.48556608073 333.597612164496 -Inf 3533.64626090976 3638.76632376961 3759.96302394938 3962.47739598589 4187.48556608073 4412.49373617557 4615.00810821208 4736.20480839185 4841.3248712517 Inf 4395.11899900063 365.333497955408 -Inf 3679.078500662 3794.19886984181 3926.92528275 4148.70529922643 4395.11899900063 4641.53269877484 4863.31271525127 4996.03912815945 5111.15949733927 Inf
"44" 60.4040404040404 4187.90150449591 333.555376801772 -Inf 3534.14497911475 3639.25173317435 3760.43308915978 3962.92182172032 4187.90150449591 4412.88118727149 4615.36991983204 4736.55127581746 4841.65802987707 Inf 4380.40064381211 365.287777543845 -Inf 3664.4497558335 3779.55571803807 3912.26552062649 4134.01778198688 4380.40064381211 4626.78350563734 4848.53576699773 4981.24556958614 5096.35153179072 Inf
"45" 61.1111111111111 4192.86579807648 333.526058314124 -Inf 3539.16673587519 3644.26425137566 3765.43495589409 3967.9058903203 4192.86579807648 4417.82570583265 4620.29664025886 4741.46734477729 4846.56486027776 Inf 4372.80795917726 365.25579216786 -Inf 3656.91976138361 3772.01564466492 3904.71382690031 4126.44667116029 4372.80795917726 4619.16924719423 4840.90209145422 4973.6002736896 5088.69615697091 Inf
"46" 61.8181818181818 4183.94310650241 333.492313320766 -Inf 3530.31018327276 3635.39706537631 3756.55551026909 3959.00595939837 4183.94310650241 4408.88025360645 4611.33070273573 4732.48914762851 4837.57602973206 Inf 4367.52673594752 365.21877509021 -Inf 3651.71109029287 3766.79530910961 3899.48004296438 4121.19041557 4367.52673594752 4613.86305632503 4835.57342893066 4968.25816278542 5083.34238160216 Inf
"47" 62.5252525252525 4167.22478872994 333.425266824545 -Inf 3513.72327421817 3618.78902927632 3739.92311603881 3942.33286380039 4167.22478872994 4392.11671365949 4594.52646142106 4715.66054818355 4820.7263032417 Inf 4360.96561315878 365.146194017382 -Inf 3645.29222379284 3760.35357156177 3893.01193656316 4114.67824797095 4360.96561315878 4607.25297834662 4828.91928975441 4961.5776547558 5076.63900252473 Inf
"48" 63.2323232323232 4151.56852951066 333.398437781367 -Inf 3498.11959895726 3603.17689990602 3724.30123962182 3926.69470049574 4151.56852951066 4376.44235852558 4578.83581939949 4699.9601591153 4805.01746006406 Inf 4343.10179247337 365.116727073408 -Inf 3627.48615725635 3742.53821968603 3875.18587928592 4096.83430243722 4343.10179247337 4589.36928250953 4811.01770566082 4943.66536526072 5058.71742769039 Inf
"49" 63.9393939393939 4136.88305336898 333.403003928551 -Inf 3483.42517333156 3588.48391312059 3709.60991172707 3912.00614453459 4136.88305336898 4361.75996220337 4564.15619501089 4685.28219361737 4790.34093340641 Inf 4311.45082442664 365.121784345406 -Inf 3595.82527713864 3710.8789331671 3843.52843008434 4065.17992331236 4311.45082442664 4557.72172554092 4779.37321876893 4912.02271568617 5027.07637171463 Inf
"50" 64.6464646464646 4125.65828235872 333.403160460328 -Inf 3472.20009552464 3577.25888463846 3698.38494011326 3900.78126794524 4125.65828235872 4350.53529677219 4552.93162460417 4674.05768007897 4779.11646919279 Inf 4284.12483528992 365.121726332914 -Inf 3568.49940170432 3683.55303945245 3816.20251529363 4037.85397330447 4284.12483528992 4530.39569727537 4752.04715528621 4884.6966311274 4999.75026887552 Inf
"51" 65.3535353535354 4122.94315906022 333.340146344458 -Inf 3469.60847762377 3574.647410337 3695.75057265361 3898.10864702202 4122.94315906022 4347.77767109842 4550.13574546682 4671.23890778343 4776.27784049666 Inf 4279.0477281966 365.053090362384 -Inf 3563.55681864128 3678.58882848418 3811.21336873579 4032.82316046976 4279.0477281966 4525.27229592343 4746.8820876574 4879.50662790901 4994.53863775191 Inf
"52" 66.0606060606061 4121.05480162939 333.265018374429 -Inf 3467.86736830843 3572.88262742016 3693.95849559039 3896.27096263693 4121.05480162939 4345.83864062185 4548.15110766839 4669.22697583861 4774.24223495035 Inf 4285.6719087155 364.971729505373 -Inf 3570.34046350968 3685.34683570384 3817.94181738837 4039.50221805279 4285.6719087155 4531.84159937821 4753.40200004263 4885.99698172717 5001.00335392133 Inf
"53" 66.7676767676768 4104.13836273278 333.273251129494 -Inf 3450.93479350839 3555.95264684652 3677.03150599363 3879.34897083141 4104.13836273278 4328.92775463414 4531.24521947192 4652.32407861903 4757.34193195716 Inf 4277.10384751878 364.980256266037 -Inf 3561.75569016915 3676.76474923391 3809.36282870817 4030.9284056434 4277.10384751878 4523.27928939416 4744.84486632939 4877.44294580365 4992.45200486841 Inf
"54" 67.4747474747475 4072.96778799325 333.284966915429 -Inf 3419.74125625038 3524.762801354 3645.8459168703 3848.17049391435 4072.96778799325 4297.76508207214 4500.08965911619 4621.17277463249 4726.19431973611 Inf 4247.00981726171 364.99317293442 -Inf 3531.63634370725 3646.649472948 3779.25224507451 4000.8256632259 4247.00981726171 4493.19397129752 4714.76738944891 4847.37016157542 4962.38329081617 Inf
"55" 68.1818181818182 4047.89345527374 333.283899976457 -Inf 3394.66901469283 3499.69022359293 3620.7729514881 3823.09688083424 4047.89345527374 4272.69002971324 4475.01395905938 4596.09668695455 4701.11789585464 Inf 4214.60003422854 364.992003947578 -Inf 3499.22885184619 3614.24161272708 3746.84396015826 3968.41666866237 4214.60003422854 4460.78339979471 4682.35610829882 4814.95845573 4929.9712166109 Inf
"56" 68.8888888888889 4040.84597443232 333.30216357571 -Inf 3387.58573785465 3492.61270180404 3613.70206490246 3816.03708138232 4040.84597443232 4265.65486748231 4467.98988396217 4589.0792470606 4694.10621100999 Inf 4194.28023803248 365.011929708823 -Inf 3478.87000187573 3593.88904157037 3726.49862807169 3948.08343274459 4194.28023803248 4440.47704332038 4662.06184799328 4794.6714344946 4909.69047418924 Inf
"57" 69.5959595959596 4039.14567694417 333.353177527672 -Inf 3385.78545485795 3490.82849383198 3611.93639040432 3814.30237550646 4039.14567694417 4263.98897838188 4466.35496348403 4587.46286005636 4692.5058990304 Inf 4180.93668373592 365.067493194225 -Inf 3465.41754514892 3580.45409347332 3713.08386630342 3934.70240144664 4180.93668373592 4427.1709660252 4648.78950116842 4781.41927399852 4896.45582232292 Inf
"58" 70.3030303030303 4024.20292398437 333.412060525023 -Inf 3370.72729334404 3475.78888696043 3596.91817584708 3799.31990656849 4024.20292398437 4249.08594140026 4451.48767212167 4572.61696100832 4677.67855462471 Inf 4166.7447927059 365.131297418175 -Inf 3451.1006001379 3566.15725383412 3698.81020687031 3920.46747512155 4166.7447927059 4413.02211029026 4634.67937854149 4767.33233157768 4882.38898527391 Inf
"59" 71.010101010101 3993.82063161791 333.381764308377 -Inf 3340.40438047107 3445.4564274358 3566.57470964449 3768.95804868963 3993.82063161791 4218.6832145462 4421.06655359134 4542.18483580003 4647.23688276475 Inf 4151.4570603049 365.098389456925 -Inf 3435.87736615575 3550.92365021253 3683.56464771856 3905.2019388031 4151.4570603049 4397.71218180669 4619.34947289123 4751.99047039726 4867.03675445405 Inf
"60" 71.7171717171717 3958.13471086421 333.29512124407 -Inf 3304.88827700292 3409.91302184067 3530.9998264455 3733.33056779473 3958.13471086421 4182.9388539337 4385.26959528293 4506.35639988775 4611.3811447255 Inf 4131.29308867477 365.004391555752 -Inf 3415.89762702654 3530.91429137107 3663.52113924584 3885.10136779386 4131.29308867477 4377.48480955568 4599.0650381037 4731.67188597846 4846.688550323 Inf
"61" 72.4242424242424 3924.17742257561 333.288571942885 -Inf 3270.94382510876 3375.96650619387 3497.05093142408 3699.37769694264 3924.17742257561 4148.97714820857 4351.30391372714 4472.38833895734 4577.41102004245 Inf 4098.74435935235 364.997252470621 -Inf 3383.36289005386 3498.37730479873 3630.98155902915 3852.55745371119 4098.74435935235 4344.93126499352 4566.50715967555 4699.11141390597 4814.12582865084 Inf
"62" 73.1313131313131 3894.37915601416 333.394841650669 -Inf 3240.93727374742 3345.99344151815 3467.11647475225 3669.50775255254 3894.37915601416 4119.25055947578 4321.64183727607 4442.76487051017 4547.8210382809 Inf 4061.74355444221 365.112884072557 -Inf 3346.13545136845 3461.18630282875 3593.83256625852 3815.47865647074 4061.74355444221 4308.00845241368 4529.6545426259 4662.30080605567 4777.35165751597 Inf
"63" 73.8383838383838 3873.2070963508 333.537685354188 -Inf 3219.48524556974 3324.58642487096 3445.76135351701 3648.23934627527 3873.2070963508 4098.17484642632 4300.65283918458 4421.82776783063 4526.92894713186 Inf 4042.40579138231 365.268128756569 -Inf 3326.49341431909 3441.59318498729 3574.29584913078 3796.0361824627 4042.40579138231 4288.77540030192 4510.51573363384 4643.21839777733 4758.31816844552 Inf
"64" 74.5454545454545 3863.77213113819 333.623056520101 -Inf 3209.88295594662 3315.01103658647 3436.21698075308 3638.7467990863 3863.77213113819 4088.79746319009 4291.32728152331 4412.53322568992 4517.66130632976 Inf 4044.38204654256 365.361313767572 -Inf 3328.28703021388 3443.41616444421 3576.15268289429 3797.94958528816 4044.38204654256 4290.81450779696 4512.61141019082 4645.3479286409 4760.47706287124 Inf
"65" 75.2525252525253 3859.26522648216 333.753983843335 -Inf 3205.11943845246 3310.28877564795 3431.54228598099 3634.15158529273 3859.26522648216 4084.3788676716 4286.98816698334 4408.24167731638 4513.41101451186 Inf 4041.00509156575 365.504335485727 -Inf 3324.62975782048 3439.80395967556 3572.59243821067 3794.47616362839 4041.00509156575 4287.5340195031 4509.41774492082 4642.20622345593 4757.38042531102 Inf
"66" 75.959595959596 3847.27695192693 333.989685053238 -Inf 3192.66919801471 3297.91280710273 3419.2519481712 3622.0043326873 3847.27695192693 4072.54957116655 4275.30195568265 4396.64109675112 4501.88470583915 Inf 4012.96874139088 365.759728865223 -Inf 3296.09284581991 3411.34752477413 3544.22878825049 3766.26755323679 4012.96874139088 4259.66992954497 4481.70869453127 4614.58995800763 4729.84463696185 Inf
"67" 76.6666666666667 3824.95753718597 334.216858641506 -Inf 3169.9045312225 3275.21972506116 3396.64139876255 3599.53169168954 3824.95753718597 4050.3833826824 4253.27367560939 4374.69534931078 4480.01054314944 Inf 3980.12417384713 366.008466519897 -Inf 3262.7607614314 3378.09382019693 3511.06545057598 3733.25521469447 3980.12417384713 4226.99313299979 4449.18289711828 4582.15452749733 4697.48758626286 Inf
"68" 77.3737373737374 3803.80072508864 334.500494931729 -Inf 3148.19180221163 3253.59637278312 3375.12109213344 3578.18356982167 3803.80072508864 4029.4178803556 4232.48035804384 4354.00507739415 4459.40964796565 Inf 3971.87718021693 366.31537333037 -Inf 3253.91224150606 3369.34200978639 3502.42514004234 3724.80121556634 3971.87718021693 4218.95314486752 4441.32922039152 4574.41235064747 4689.8421189278 Inf
"69" 78.0808080808081 3796.8426968866 334.734246426157 -Inf 3140.77562949918 3246.25385758767 3367.86349933777 3571.06787863255 3796.8426968866 4022.61751514065 4225.82189443543 4347.43153618553 4452.90976427402 Inf 3977.76601562328 366.571183808343 -Inf 3259.29969758871 3374.81007440023 3507.98614113016 3730.51750942731 3977.76601562328 4225.01452181925 4447.5458901164 4580.72195684633 4696.23233365784 Inf
"70" 78.7878787878788 3806.17467749389 335.31424324109 -Inf 3148.97083723806 3254.6318283303 3376.45218411887 3580.00865733302 3806.17467749389 4032.34069765476 4235.89717086892 4357.71752665749 4463.37851774973 Inf 3958.05388473984 367.202979671477 -Inf 3238.34926956795 3354.05873179982 3487.46433126921 3710.37923870996 3958.05388473984 4205.72853076971 4428.64343821046 4562.04903767985 4677.75849991172 Inf
"71" 79.4949494949495 3824.2756156467 336.837887717195 -Inf 3164.08548709245 3270.2265943404 3392.60049330799 3597.08191290375 3824.2756156467 4051.46931838965 4255.95073798541 4378.324636953 4484.46574420095 Inf 3902.99287162375 368.856751687284 -Inf 3180.04692286224 3296.27750578538 3430.28392403721 3654.20277332005 3902.99287162375 4151.78296992744 4375.70181921029 4509.70823746212 4625.93882038526 Inf
"72" 80.2020202020202 3836.51808402494 339.826625809326 -Inf 3170.47013645089 3277.55302602779 3401.01273970526 3607.30850807283 3836.51808402494 4065.72765997705 4272.02342834462 4395.48314202209 4502.56603159899 Inf 3847.33055153108 372.111242765554 -Inf 3118.00591746816 3235.26202423874 3370.45080580814 3596.34533235299 3847.33055153108 4098.31577070918 4324.21029725403 4459.39907882343 4576.65518559401 Inf
"73" 80.9090909090909 3810.11452461782 345.940580728439 -Inf 3132.08344559921 3241.09290569695 3366.77383179988 3576.78114873961 3810.11452461782 4043.44790049603 4253.45521743576 4379.13614353869 4488.14560363643 Inf 3805.33275944385 378.725883770741 -Inf 3063.0436672401 3182.38411590315 3319.9760101852 3549.88603270654 3805.33275944385 4060.77948618117 4290.68950870251 4428.28140298456 4547.62185164761 Inf
"74" 81.6161616161616 3684.65724231351 372.718219852232 -Inf 2954.14295502125 3071.59032655867 3206.99962415489 3433.26262331185 3684.65724231351 3936.05186131517 4162.31486047213 4297.72415806835 4415.17152960577 Inf 3709.32112941894 407.886236395527 -Inf 2909.87879629411 3038.40797410017 3186.59388460215 3434.2060437241 3709.32112941894 3984.43621511378 4232.04837423572 4380.23428473771 4508.76346254376 Inf
"75" 82.3232323232323 3392.98771292106 507.951487093533 -Inf 2397.42109232417 2557.48186705987 2742.02168941563 3050.37964127961 3392.98771292106 3735.5957845625 4043.95373642648 4228.49355878225 4388.55433351795 Inf 3441.63165472959 550.954467106881 -Inf 2361.78074207864 2535.39220122372 2735.55509486497 3070.01851384125 3441.63165472959 3813.24479561792 4147.7082145942 4347.87110823545 4521.48256738053 Inf
"76" 83.030303030303 2909.10097911021 824.564469286215 -Inf 1292.98431637784 1552.81312114946 1852.37909260401 2352.94069620079 2909.10097911021 3465.26126201963 3965.82286561641 4265.38883707096 4525.21764184257 Inf 2936.88321326686 881.339980562998 -Inf 1209.48859322815 1487.20794966047 1807.4005813993 2342.4284299391 2936.88321326686 3531.33799659462 4066.36584513442 4386.55847687325 4664.27783330557 Inf
"77" 83.7373737373737 2281.38332777341 1252.72929118394 -Inf -173.9209653255 220.82700958116 675.946143453054 1436.43026109944 2281.38332777341 3126.33639444738 3886.82051209376 4341.93964596565 4736.68762087232 Inf 2249.34201915782 1325.2507519575 -Inf -348.101725163516 69.4985131803487 550.964843247517 1355.47397052283 2249.34201915782 3143.2100677928 3947.71919506812 4429.18552513528 4846.78576347915 Inf
"78" 84.4444444444444 1616.95864508171 1672.76318963708 -Inf -1661.59696127131 -1134.49195442375 -526.773639383066 488.697019166196 1616.95864508171 2745.22027099722 3760.69092954648 4368.40924458716 4895.51425143472 Inf 1523.1638508918 1758.29826203273 -Inf -1923.03741677172 -1368.97942267521 -730.186039510597 337.209695363138 1523.1638508918 2709.11800642046 3776.51374129419 4415.3071244588 4969.36511855532 Inf
"79" 85.1515151515152 1028.37973082694 1995.99603777403 -Inf -2883.70061649481 -2254.74159128644 -1529.59211620319 -317.899138083637 1028.37973082694 2374.65859973751 3586.35157785706 4311.50105294031 4940.46007814868 Inf 903.062286648948 2089.77027827974 -Inf -3192.81219474159 -2534.30393507487 -1775.08608510903 -506.466346315151 903.062286648948 2312.59091961305 3581.21065840693 4340.42850837277 4998.93676803949 Inf
"80" 85.8585858585859 584.618081775427 2194.78576015554 -Inf -3717.08296191079 -3025.48323619786 -2228.1130451869 -895.7424173258 584.618081775427 2064.97858087665 3397.34920873775 4194.71939974871 4886.31912546165 Inf 464.694759373724 2292.59353542191 -Inf -4028.70600124258 -3306.28603249051 -2473.38207510366 -1081.63608163415 464.694759373724 2011.0256003816 3402.77159385111 4235.67555123795 4958.09551999002 Inf
"81" 86.5656565656566 296.486771086246 2292.41553989664 -Inf -4196.56512471112 -3474.20124419266 -2641.36195294707 -1249.72401376426 296.486771086246 1842.69755593675 3234.33549511956 4067.17478636515 4789.53866688361 Inf 205.045361118452 2391.72335511186 -Inf -4482.64627588409 -3728.98947420183 -2860.07144897473 -1408.14752720908 205.045361118452 1818.23824944598 3270.16217121163 4139.08019643873 4892.73699812099 Inf
"82" 87.2727272727273 134.0101426002 2330.45840012112 -Inf -4433.60438910604 -3699.25280929856 -2852.59246851159 -1437.86016153986 134.0101426002 1705.88044674026 3120.61275371199 3967.27309449896 4701.62467430644 Inf 75.8622515969526 2430.17556744832 -Inf -4687.19433671094 -3921.42084464927 -3038.53305141468 -1563.26625982389 75.8622515969526 1714.99076301779 3190.25755460858 4073.14534784317 4838.91883990485 Inf
"83" 87.979797979798 53.9539962947722 2342.16021842989 -Inf -4536.59567785028 -3798.55673389109 -2947.64509839034 -1525.80906435321 53.9539962947722 1633.71705694275 3055.55309097988 3906.46472648063 4644.50367043983 Inf 22.3464020464771 2441.95437576112 -Inf -4763.79622633531 -3994.31110977422 -3107.14405119867 -1624.72679485087 22.3464020464771 1669.41959894382 3151.83685529163 4039.00391386717 4808.48903042826 Inf
"84" 88.6868686868687 19.337937228321 2344.99959550012 -Inf -4576.77681371292 -3837.84315262979 -2985.89996558632 -1562.34025415047 19.337937228321 1601.01612860711 3024.57584004296 3876.51902708643 4615.45268816956 Inf 4.42713658256557 2444.80197733416 -Inf -4787.29668832469 -4016.91426301366 -3128.71266491656 -1644.56673838844 4.42713658256557 1653.42101155357 3137.56693808169 4025.76853617878 4796.15096148982 Inf
"85" 89.3939393939394 6.16458257147364 2345.54475094768 -Inf -4591.01865341295 -3851.9132082018 -2999.77196506044 -1575.88131056896 6.16458257147364 1588.2104757119 3012.10113020339 3864.24237334475 4603.34781855589 Inf -0.00199330323867697 2445.34697716754 -Inf -4792.79399825551 -4022.23983785209 -3133.84024019206 -1649.36346507572 -0.00199330323867697 1649.35947846924 3133.83625358558 4022.23585124561 4792.79001164903 Inf
"86" 90.1010101010101 1.74518700939345 2345.62796154411 -Inf -4595.60113874717 -3856.46947301523 -3004.29799929265 -1580.35683082544 1.74518700939345 1583.84720484423 3007.78837331144 3859.95984703401 4599.09151276595 Inf -0.506434667269772 2445.42993662761 -Inf -4793.46103717345 -4022.8807353849 -3134.45099838202 -1649.92386174525 -0.506434667269772 1648.91099241071 3133.43812904748 4021.86786605036 4792.44816783891 Inf
"87" 90.8080808080808 0.437653192369305 2345.63810586478 -Inf -4596.92855506735 -3857.79369275489 -3005.61853357971 -1581.67120688278 0.437653192369305 1582.54651326751 3006.49383996445 3858.66899913963 4597.80386145208 Inf -0.291965093482479 2445.44002648396 -Inf -4793.26634335472 -4022.68286214793 -3134.24945947943 -1649.71619767615 -0.291965093482479 1649.13226748918 3133.66552929247 4022.09893196096 4792.68241316776 Inf
"88" 91.5151515151515 0.0968228654951898 2345.63909761214 -Inf -4597.27132918334 -3858.13615436102 -3005.96063488197 -1582.01270613308 0.0968228654951898 1582.20635186407 3006.15428061296 3858.32980009201 4597.46497491433 Inf -0.113809095604998 2445.44101089182 -Inf -4793.09011676079 -4022.50632535689 -3134.07256505099 -1649.53870565128 -0.113809095604998 1649.31108746007 3133.84494685978 4022.27870716568 4792.86249856958 Inf
"89" 92.2222222222222 0.0187677523414661 2345.63917562324 -Inf -4597.34953719542 -3858.214337791 -3006.03878997036 -1582.09081386392 0.0187677523414661 1582.1283493686 3006.07632547504 3858.25187329568 4597.3870727001 Inf -0.0355656484217975 2445.44108818795 -Inf -4793.01202481124 -4022.42820905053 -3133.99442066278 -1649.46051433955 -0.0355656484217975 1649.3893830427 3133.92328936594 4022.35707775368 4792.9408935144 Inf
"90" 92.9292929292929 0.00314953881473716 2345.63918057401 -Inf -4597.36516511229 -3858.22996414783 -3006.05441452856 -1582.10643541669 0.00314953881473716 1582.11273449432 3006.06071360619 3858.23626322545 4597.37146418992 Inf -0.00940280126505787 2445.44109308573 -Inf -4792.98587156357 -4022.40205425951 -3133.96826409239 -1649.43435479589 -0.00940280126505787 1649.41554919336 3133.94945848986 4022.38324865698 4792.96706596103 Inf
"91" 93.6363636363636 0.000447253619513138 2345.63918082807 -Inf -4597.36786789542 -3858.23266685091 -3006.05711713934 -1582.10913787324 0.000447253619513138 1582.11003238048 3006.05801164658 3858.23356135814 4597.36876240266 Inf -0.00215462958106693 2445.44109333673 -Inf -4792.97862388382 -4022.39480650067 -3133.96101624236 -1649.4271067935 -0.00215462958106693 1649.42279753434 3133.9567069832 4022.39049724151 4792.97431462466 Inf
"92" 94.3434343434343 5.10368875036399e-05 2345.63918083863 -Inf -4597.36826413286 -3858.23306308501 -3006.05751336961 -1582.1095340971 5.10368875036399e-05 1582.10963617088 3006.05761544339 3858.23316515878 4597.36836620663 Inf -0.000433566782661675 2445.44109334715 -Inf -4792.97690284145 -4022.39308545501 -3133.95929519292 -1649.42538573773 -0.000433566782661675 1649.42451860417 3133.95842805936 4022.39221832145 4792.97603570788 Inf
"93" 95.0505050505051 3.97257844170019e-06 2345.63918083898 -Inf -4597.36831119786 -3858.2331101499 -3006.05756043438 -1582.10958116165 3.97257844170019e-06 1582.10958910681 3006.05756837953 3858.23311809506 4597.36831914302 Inf -7.72224171556944e-05 2445.4410933475 -Inf -4792.97654649777 -4022.39272911123 -3133.95893884901 -1649.42502939361 -7.72224171556944e-05 1649.42487494877 3133.95878440417 4022.39257466639 4792.97639205293 Inf
"94" 95.7575757575758 1.25671568817651e-08 2345.63918083899 -Inf -4597.36831515789 -3858.23311410993 -3006.0575643944 -1582.10958512167 1.25671568817651e-08 1582.1095851468 3006.05756441953 3858.23311413506 4597.36831518303 Inf -1.22371996422005e-05 2445.44109334751 -Inf -4792.97648151257 -4022.39266412603 -3133.9588738638 -1649.42496440839 -1.22371996422005e-05 1649.424939934 3133.9588493894 4022.39263965162 4792.97645703817 Inf
"95" 96.4646464646465 -6.61163361669534e-08 2345.63918083899 -Inf -4597.36831523658 -3858.23311418862 -3006.05756447308 -1582.10958520035 -6.61163361669534e-08 1582.10958506812 3006.05756434085 3858.23311405638 4597.36831510434 Inf -1.73151982526635e-06 2445.44109334751 -Inf -4792.97647100689 -4022.39265362035 -3133.95886335812 -1649.42495390271 -1.73151982526635e-06 1649.42495043967 3133.95885989508 4022.3926501573 4792.97646754385 Inf
"96" 97.1717171717172 -1.51677152968551e-08 2345.63918083899 -Inf -4597.36831518563 -3858.23311413767 -3006.05756442213 -1582.1095851494 -1.51677152968551e-08 1582.10958511907 3006.0575643918 3858.23311410733 4597.36831515529 Inf -2.19332804783718e-07 2445.44109334751 -Inf -4792.9764694947 -4022.39265210816 -3133.95886184593 -1649.42495239053 -2.19332804783718e-07 1649.42495195186 3133.95886140727 4022.39265166949 4792.97646905604 Inf
"97" 97.8787878787879 -2.3391240716117e-09 2345.63918083899 -Inf -4597.3683151728 -3858.23311412484 -3006.05756440931 -1582.10958513657 -2.3391240716117e-09 1582.1095851319 3006.05756440463 3858.23311412016 4597.36831516812 Inf -2.4920124381775e-08 2445.44109334751 -Inf -4792.97646930029 -4022.39265191375 -3133.95886165152 -1649.42495219611 -2.4920124381775e-08 1649.42495214627 3133.95886160168 4022.3926518639 4792.97646925045 Inf
"98" 98.5858585858586 -2.89169399225649e-10 2345.63918083899 -Inf -4597.36831517075 -3858.23311412279 -3006.05756440726 -1582.10958513452 -2.89169399225649e-10 1582.10958513395 3006.05756440668 3858.23311412221 4597.36831517017 Inf -2.54338340729571e-09 2445.44109334751 -Inf -4792.97646927791 -4022.39265189137 -3133.95886162914 -1649.42495217374 -2.54338340729571e-09 1649.42495216865 3133.95886162406 4022.39265188628 4792.97646927283 Inf
"99" 99.2929292929293 -3.02628178807862e-11 2345.63918083899 -Inf -4597.36831517049 -3858.23311412253 -3006.057564407 -1582.10958513426 -3.02628178807862e-11 1582.1095851342 3006.05756440694 3858.23311412247 4597.36831517043 Inf -2.33450097190014e-10 2445.44109334751 -Inf -4792.9764692756 -4022.39265188906 -3133.95886162683 -1649.42495217143 -2.33450097190014e-10 1649.42495217096 3133.95886162637 4022.39265188859 4792.97646927514 Inf
"100" 100 -2.7468783879618e-12 2345.63918083899 -Inf -4597.36831517046 -3858.2331141225 -3006.05756440697 -1582.10958513424 -2.7468783879618e-12 1582.10958513423 3006.05756440696 3858.23311412249 4597.36831517046 Inf -1.92885998502971e-11 2445.44109334751 -Inf -4792.97646927539 -4022.39265188885 -3133.95886162662 -1649.42495217121 -1.92885998502971e-11 1649.42495217118 3133.95886162658 4022.3926518888 4792.97646927535 Inf
