"mid_age" "mean_left" "std_left" "min_left" "l.q2.5" "l.q5" "l.q10" "l.q25" "l.q50" "l.q75" "l.q90" "l.q95" "l.q97.5" "max_left" "mean_right" "std_right" "min_right" "r.q2.5" "r.q5" "r.q10" "r.q25" "r.q50" "r.q75" "r.q90" "r.q95" "r.q97.5" "max_right"
"1" 30 5.19552327124264e-08 2323.38452934193 -Inf -4553.74999969577 -3821.62746983906 -2977.5370808883 -1567.09905075332 5.19552327124264e-08 1567.09905085724 2977.53708099221 3821.62746994297 4553.74999979968 Inf 3.86046440901404e-08 2401.48989105326 -Inf -4706.83369566281 -3950.09935734765 -3077.63312948024 -1619.78031667633 3.86046440901404e-08 1619.78031675354 3077.63312955745 3950.09935742486 4706.83369574002 Inf
"2" 30.7070707070707 4.75076964686263e-07 2323.38452934193 -Inf -4553.74999927265 -3821.62746941594 -2977.53708046518 -1567.0990503302 4.75076964686263e-07 1567.09905128036 2977.53708141533 3821.62747036609 4553.75000022281 Inf 3.57915149394659e-07 2401.48989105326 -Inf -4706.8336953435 -3950.09935702834 -3077.63312916093 -1619.78031635702 3.57915149394659e-07 1619.78031707285 3077.63312987676 3950.09935774417 4706.83369605933 Inf
"3" 31.4141414141414 3.9253738585542e-06 2323.38452934193 -Inf -4553.74999582236 -3821.62746596564 -2977.53707701488 -1567.09904687991 3.9253738585542e-06 1567.09905473065 2977.53708486563 3821.62747381639 4553.7500036731 Inf 3.00104434083565e-06 2401.48989105326 -Inf -4706.83369270037 -3950.09935438522 -3077.6331265178 -1619.78031371389 3.00104434083565e-06 1619.78031971598 3077.63313251989 3950.0993603873 4706.83369870246 Inf
"4" 32.1212121212121 2.93032798755294e-05 2323.38452934193 -Inf -4553.74997044445 -3821.62744058774 -2977.53705163698 -1567.099021502 2.93032798755294e-05 1567.09908010856 2977.53711024354 3821.62749919429 4553.75002905101 Inf 2.27538534739489e-05 2401.48989105326 -Inf -4706.83367294756 -3950.09933463241 -3077.63310676499 -1619.78029396108 2.27538534739489e-05 1619.78033946879 3077.6331522727 3950.09938014011 4706.83371845527 Inf
"5" 32.8282828282828 0.000197603996477659 2323.38452934193 -Inf -4553.74980214372 -3821.62727228701 -2977.53688333625 -1567.09885320128 0.000197603996477659 1567.09924840927 2977.53727854425 3821.627667495 4553.75019735171 Inf 0.00015597415840192 2401.48989105326 -Inf -4706.83353972725 -3950.09920141209 -3077.63297354468 -1619.78016074077 0.00015597415840192 1619.78047268909 3077.63328549299 3950.0995133604 4706.83385167556 Inf
"6" 33.5353535353535 0.00120346758595445 2323.3845293417 -Inf -4553.74879627968 -3821.62626642304 -2977.53587747237 -1567.09784733754 0.00120346758595445 1567.10025427271 2977.53828440754 3821.62867335821 4553.75120321485 Inf 0.000966439774162064 2401.48989105304 -Inf -4706.83272926119 -3950.09839094611 -3077.63216307878 -1619.779350275 0.000966439774162064 1619.78128315455 3077.63409595832 3950.10032382565 4706.83466214074 Inf
"7" 34.2424242424242 0.00661811398767413 2323.38452933487 -Inf -4553.74338161991 -3821.62085176542 -2977.53046281723 -1567.09243268653 0.00661811398767413 1567.10566891451 2977.5436990452 3821.63408799339 4553.75661784788 Inf 0.00541143891268091 2401.48989104638 -Inf -4706.82828424901 -3950.09394593602 -3077.62771807111 -1619.77490527138 0.00541143891268091 1619.7857281492 3077.63854094893 3950.10476881385 4706.83910712684 Inf
"8" 34.9494949494949 0.0328535789114615 2323.38452916972 -Inf -4553.71714583129 -3821.59461602884 -2977.50422714065 -1567.06619711021 0.0328535789114615 1567.13190426804 2977.56993429847 3821.66032318666 4553.78285298911 Inf 0.0273739609390615 2401.48989088503 -Inf -4706.80632141075 -3950.0719831486 -3077.60575534231 -1619.75294264052 0.0273739609390615 1619.8076905624 3077.66050326419 3950.12673107048 4706.86106933263 Inf
"9" 35.6565656565657 0.147180819397984 2323.38452592645 -Inf -4553.60281223411 -3821.48028345365 -2977.38989574374 -1566.95186768217 0.147180819397984 1567.24622932097 2977.68425738254 3821.77464509244 4553.89717387291 Inf 0.125054132161433 2401.48988771146 -Inf -4706.70863501944 -3949.97429775732 -3077.50807110399 -1619.65526032876 0.125054132161433 1619.90536859308 3077.75817936831 3950.22440602164 4706.95874328376 Inf
"10" 36.3636363636364 0.594832552414822 2323.38447434119 -Inf -4553.15505939584 -3821.03254687043 -2976.94217790155 -1566.50418115543 0.594832552414822 1567.69384626026 2978.13184300638 3822.22221197525 4554.34472450067 Inf 0.515725107356163 2401.48983714315 -Inf -4706.31786493217 -3949.58354360465 -3077.11733532289 -1619.26455524575 0.515725107356163 1620.29600546047 3078.1487855376 3950.61499381936 4707.34931514688 Inf
"11" 37.0707070707071 2.1679653438331 2323.38381102454 -Inf -4551.58062652768 -3819.45832302021 -2975.36819503565 -1564.93060096373 2.1679653438331 1569.26653165139 2979.70412572331 3823.79425370788 4555.91655721534 Inf 1.91909933284459 2401.4891855664 -Inf -4704.91321363972 -3948.17909763078 -3075.7131260682 -1617.86074153843 1.91909933284459 1621.69894020412 3079.55132473389 3952.01729629647 4708.75141230541 Inf
"12" 37.7777777777778 7.12280271989297 2323.37693095654 -Inf -4546.61230446612 -3814.49216893934 -2970.40454049766 -1559.97112305232 7.12280271989297 1574.21672849211 2984.65014593745 3828.73777437913 4560.8579099059 Inf 6.44036441800566 2401.48241147337 -Inf -4700.3786715762 -3943.64669015414 -3071.18317963352 -1613.33490739695 6.44036441800566 1626.21563623297 3084.06390846953 3956.52741899015 4713.25940041221 Inf
"13" 38.4848484848485 21.086931215822 2323.31952646548 -Inf -4532.53566523518 -3800.43361845811 -2956.36684518636 -1545.96827581556 21.086931215822 1588.14213824721 2998.540707618 3842.60748088975 4574.70952766682 Inf 19.4810325898737 2401.42574054802 -Inf -4687.22693043168 -3930.51280660517 -3058.06988474855 -1600.2560152668 19.4810325898737 1639.21808044655 3097.0319499283 3969.47487178491 4726.18899561143 Inf
"14" 39.1919191919192 56.2308813727255 2322.93553463542 -Inf -4496.63910492099 -3764.6580579468 -2920.73078969848 -1510.56532710512 56.2308813727255 1623.02708985057 3033.19255244393 3877.11982069225 4609.10086766644 Inf 53.0819024534302 2401.04550016917 -Inf -4652.88080312011 -3896.28649697534 -3023.98171723219 -1566.3986771651 53.0819024534302 1672.56248207196 3130.14552213905 4002.4503018822 4759.04460802697 Inf
"15" 39.8989898989899 135.024283055662 2320.88434202876 -Inf -4413.82543960365 -3682.49074466523 -2839.30867891925 -1430.38841703332 135.024283055662 1700.43698314464 3109.35724503057 3952.53931077655 4683.87400571498 Inf 130.216972802401 2399.00726332974 -Inf -4571.75086197389 -3815.79882536845 -2944.2345412707 -1487.88883695946 130.216972802401 1748.32278256426 3204.6684868755 4076.23277097325 4832.18480757869 Inf
"16" 40.6060606060606 291.938332998841 2312.17020659594 -Inf -4239.83199805574 -3511.24321744963 -2671.22701506977 -1267.59677205888 291.938332998841 1851.47343805656 3255.10368106745 4095.11988344731 4823.70866405342 Inf 287.45765709258 2390.31382720499 -Inf -4397.47135597731 -3644.25871113781 -2775.85277030489 -1324.78451910916 287.45765709258 1899.69983329432 3350.76808449005 4219.17402532297 4972.38667016247 Inf
"17" 41.3131313131313 568.523933779308 2282.81280139792 -Inf -3905.70694040759 -3186.3689822513 -2357.01838569745 -971.209902379989 568.523933779308 2108.25776993861 3494.06625325606 4323.41684980992 5042.75480796621 Inf 570.914603694244 2360.89636775876 -Inf -4056.35724834435 -3312.41434967031 -2454.69583249556 -1021.4857976342 570.914603694244 2163.31500502269 3596.52503988404 4454.24355705879 5198.18645573284 Inf
"18" 42.020202020202 998.185526285118 2204.356079488 -Inf -3322.27299861328 -2627.65756615325 -1826.81045840049 -488.630055111959 998.185526285118 2485.0011076822 3823.18151097073 4624.02861872349 5318.64405118352 Inf 1020.41553222469 2281.90111450586 -Inf -3452.02846848859 -2732.97779231487 -1903.95841348826 -518.703380470521 1020.41553222469 2559.53444491991 3944.78947793764 4773.80885676426 5492.85953293798 Inf
"19" 42.7272727272727 1583.32250553025 2037.25573962928 -Inf -2409.62537144065 -1767.66498682668 -1027.52577700638 209.214390622161 1583.32250553025 2957.43062043833 4194.17078806687 4934.30999788716 5576.27038250114 Inf 1643.19703231233 2112.80376117194 -Inf -2497.82224598543 -1832.05589728804 -1064.46993550609 218.132551226127 1643.19703231233 3068.26151339853 4350.86400013074 5118.4499619127 5784.21631061009 Inf
"20" 43.4343434343434 2277.22185971763 1751.6608529608 -Inf -1155.97032521425 -604.00384746385 32.3781513025283 1095.74456857585 2277.22185971763 3458.69915085942 4522.06556813274 5158.44756689911 5710.41404464951 Inf 2390.25582250718 1822.29623733552 -Inf -1181.37917183329 -607.154752854167 54.8892266638131 1161.13568860349 2390.25582250718 3619.37595641088 4725.62241835055 5387.66639786853 5961.89081684766 Inf
"21" 44.1414141414141 2987.08762391856 1358.69746672902 -Inf 324.089523243875 752.229167839556 1245.8467583305 2070.66010899246 2987.08762391856 3903.51513884467 4728.32848950662 5221.94607999757 5650.08572459325 Inf 3156.26561260002 1420.47002097269 -Inf 372.195530374689 819.800346627254 1335.8600334133 2198.17314299313 3156.26561260002 4114.35808220692 4976.67119178675 5492.73087857279 5940.33569482536 Inf
"22" 44.8484848484848 3604.02471349263 928.434654126892 -Inf 1784.32622940502 2076.88560526457 2414.18782899045 2977.80505555719 3604.02471349263 4230.24437142806 4793.86159799481 5131.16382172068 5423.72319758024 Inf 3814.47990788433 978.207893272121 -Inf 1897.22766767818 2205.47110672313 2560.85605083336 3154.68871031139 3814.47990788433 4474.27110545728 5068.10376493531 5423.48870904554 5731.73214809049 Inf
"23" 45.5555555555556 4045.38970462069 574.479773208286 -Inf 2919.43003928571 3100.45456604878 3309.1642518919 3657.90898589673 4045.38970462069 4432.87042334465 4781.61515734948 4990.3248431926 5171.34936995567 Inf 4271.46176414578 612.533115719436 -Inf 3070.91891799758 3263.93444712678 3486.46899074763 3858.31445593735 4271.46176414578 4684.60907235421 5056.45453754394 5278.98908116478 5472.00461029398 Inf
"24" 46.2626262626263 4284.25670764808 394.283108720511 -Inf 3511.47601484338 3635.71870622344 3778.96257239951 4018.31679214064 4284.25670764808 4550.19662315551 4789.55084289664 4932.79470907271 5057.03740045277 Inf 4505.65788935579 424.830085229316 -Inf 3673.00622275725 3806.87458282825 3961.21622853972 4219.11435129369 4505.65788935579 4792.20142741789 5050.09955017187 5204.44119588334 5338.30955595433 Inf
"25" 46.969696969697 4352.43730517313 352.995376455135 -Inf 3660.57908061191 3771.8115799138 3900.05552784704 4114.34554188753 4352.43730517313 4590.52906845873 4804.81908249921 4933.06303043246 5044.29552973435 Inf 4564.31682189837 380.776891280471 -Inf 3818.00782884352 3937.99457121638 4076.33160075468 4307.48671161817 4564.31682189837 4821.14693217858 5052.30204304206 5190.63907258036 5310.62581495322 Inf
"26" 47.6767676767677 4322.93217811412 344.098509988737 -Inf 3648.5114914023 3756.94049593055 3881.95219393649 4090.84126006897 4322.93217811412 4555.02309615926 4763.91216229175 4888.92386029769 4997.35286482594 Inf 4528.27955040225 371.217667728218 -Inf 3800.70629122999 3917.68082325103 4052.54496716734 4277.89703842787 4528.27955040225 4778.66206237663 5004.01413363716 5138.87827755348 5255.85280957452 Inf
"27" 48.3838383838384 4281.04674357015 338.822130960666 -Inf 3616.96756972213 3723.73393256808 3846.82871119635 4052.51468909759 4281.04674357015 4509.57879804272 4715.26477594395 4838.35955457223 4945.12591741817 Inf 4474.97164334157 365.597534456373 -Inf 3758.41364297044 3873.61721278649 4006.43955069976 4228.37985365379 4474.97164334157 4721.56343302936 4943.50373598339 5076.32607389665 5191.52964371271 Inf
"28" 49.0909090909091 4286.51798411239 336.965975783249 -Inf 3626.07680756182 3732.25827668607 3854.6787103121 4059.23788728176 4286.51798411239 4513.79808094301 4718.35725791267 4840.7776915387 4946.95916066295 Inf 4455.60483315069 363.60011221043 -Inf 3742.96170844352 3857.5358698214 3989.63254011522 4210.36028429461 4455.60483315069 4700.84938200677 4921.57712618615 5053.67379647997 5168.24795785785 Inf
"29" 49.7979797979798 4339.88738078346 336.370887613346 -Inf 3680.61255561353 3786.60650629176 3908.81074315895 4113.0086648239 4339.88738078346 4566.76609674302 4770.96401840797 4893.16825527516 4999.16220595339 Inf 4482.16004062803 362.963065056477 -Inf 3770.76550539907 3885.13892662046 4017.00415637003 4237.34517354768 4482.16004062803 4726.97490770838 4947.31592488602 5079.1811546356 5193.55457585699 Inf
"30" 50.5050505050505 4387.15028986669 336.048779621515 -Inf 3728.50678475989 3834.39923587363 3956.48645024339 4160.48883244608 4387.15028986669 4613.81174728731 4817.81412949 4939.90134385976 5045.7937949735 Inf 4526.41865541057 362.615906709431 -Inf 3815.70453803875 3929.96856606926 4061.70767247572 4281.837943077 4526.41865541057 4770.99936774414 4991.12963834541 5122.86874475187 5237.13277278239 Inf
"31" 51.2121212121212 4376.85804686993 335.785181777893 -Inf 3718.73118404302 3824.540572746 3946.53202147579 4150.37438349301 4376.85804686993 4603.34171024684 4807.18407226406 4929.17552099385 5034.98490969683 Inf 4545.32356546312 362.33380514132 -Inf 3835.16235700478 3949.33749190929 4080.97411023453 4300.93312774576 4545.32356546312 4789.71400318049 5009.67302069171 5141.30963901695 5255.48477392146 Inf
"32" 51.9191919191919 4319.13117614533 335.556551750523 -Inf 3661.45241993786 3767.18976495116 3889.0981519207 4092.80172137846 4319.13117614533 4545.4606309122 4749.16420036996 4871.07258733951 4976.80993235281 Inf 4523.09004664651 362.087910525175 -Inf 3813.4107827798 3927.50843374389 4059.05571804819 4278.86546232736 4523.09004664651 4767.31463096565 4987.12437524482 5118.67165954912 5232.76931051321 Inf
"33" 52.6262626262626 4273.87457440946 335.35171189934 -Inf 3616.5972969329 3722.27009478745 3844.1040630168 4047.68328202265 4273.87457440946 4500.06586679628 4703.64508580212 4825.47905403148 4931.15185188602 Inf 4485.77356651946 361.86839187829 -Inf 3776.52455129458 3890.55302965936 4022.02056238673 4241.69704527761 4485.77356651946 4729.85008776131 4949.52657065219 5080.99410337956 5195.02258174434 Inf
"34" 53.3333333333333 4275.68327041543 335.259504605515 -Inf 3618.58671591389 3724.2304582951 3846.03092742453 4049.5541709032 4275.68327041543 4501.81236992767 4705.33561340634 4827.13608253577 4932.77982491698 Inf 4466.09302312777 361.769480363017 -Inf 3757.03787091048 3871.03518123231 4002.46677920228 4222.08321668915 4466.09302312777 4710.10282956638 4929.71926705325 5061.15086502322 5175.14817534505 Inf
"35" 54.040404040404 4292.63135808668 335.30690239065 -Inf 3635.44190563332 3741.10058354756 3862.91827239003 4066.47028925419 4292.63135808668 4518.79242691917 4722.34444378333 4844.1621326258 4949.82081054004 Inf 4463.13995506351 361.820033222074 -Inf 3753.98572106316 3867.99896111448 3999.44892504236 4219.09605123962 4463.13995506351 4707.18385888741 4926.83098508466 5058.28094901254 5172.29418906386 Inf
"36" 54.7474747474747 4276.98690999785 335.325255021246 -Inf 3619.76148704949 3725.42594806772 3847.25030445872 4050.81346250413 4276.98690999785 4503.16035749156 4706.72351553697 4828.54787192797 4934.2123329462 Inf 4453.06828567512 361.839580279148 -Inf 3743.8757401469 3857.89513967837 3989.35220509238 4209.01119756159 4453.06828567512 4697.12537378866 4916.78436625787 5048.24143167188 5162.26083120334 Inf
"37" 55.4545454545455 4236.15681510229 335.258215901538 -Inf 3579.06278641412 3684.70612271136 3806.50612365198 4010.02858480767 4236.15681510229 4462.2850453969 4665.80750655259 4787.60750749321 4893.25084379046 Inf 4432.57718946206 361.767946143959 -Inf 3723.52504425888 3837.52187113239 3968.95291171742 4188.56841783847 4432.57718946206 4676.58596108565 4896.20146720671 5027.63250779174 5141.62933466525 Inf
"38" 56.1616161616162 4220.48924034276 335.223716769815 -Inf 3563.46282871027 3669.09529397378 3790.88276130873 3994.38427935889 4220.48924034276 4446.59420132664 4650.0957193768 4771.88318671175 4877.51565197526 Inf 4426.26907415987 361.730892365153 -Inf 3717.28955302863 3831.27470387265 3962.69228274346 4182.28529493029 4426.26907415987 4670.25285338944 4889.84586557627 5021.26344444708 5135.2485952911 Inf
"39" 56.8686868686869 4246.92676238391 335.222892986486 -Inf 3589.90196533707 3695.53417101792 3817.32133907069 4020.82235703344 4246.92676238391 4473.03116773437 4676.53218569713 4798.31935374989 4903.95155943074 Inf 4445.68394572664 361.729813800145 -Inf 3736.70653854398 3850.69134952099 3982.10853654691 4201.7008939781 4445.68394572664 4689.66699747517 4909.25935490637 5040.67654193229 5154.6613529093 Inf
"40" 57.5757575757576 4273.14301504427 335.21588893378 -Inf 3616.13194568848 3721.76194431978 3843.54656778576 4047.04333385557 4273.14301504427 4499.24269623297 4702.73946230278 4824.52408576876 4930.15408440006 Inf 4465.49045901861 361.722555806361 -Inf 3756.52727724236 3870.50980115036 4001.92435133217 4221.51230271249 4465.49045901861 4709.46861532473 4929.05656670505 5060.47111688686 5174.45364079486 Inf
"41" 58.2828282828283 4258.59080473156 335.232988333096 -Inf 3601.54622116895 3707.18160799808 3828.97244371108 4032.47959017328 4258.59080473156 4484.70201928983 4688.20916575203 4810.00000146503 4915.63538829416 Inf 4455.70287176976 361.740607502565 -Inf 3746.70430931909 3860.69252150353 3992.11362990379 4211.71253977957 4455.70287176976 4699.69320375994 4919.29211363572 5050.71322203598 5164.70143422042 Inf
"42" 58.989898989899 4217.9458468898 335.202813134916 -Inf 3560.96040562886 3666.5862839405 3788.3661569418 3991.85498519341 4217.9458468898 4444.03670858619 4647.52553683781 4769.3054098391 4874.93128815074 Inf 4420.50790054707 361.708223185921 -Inf 3711.57281019069 3825.55081774153 3956.96016085279 4176.53941144653 4420.50790054707 4664.47638964761 4884.05564024134 5015.4649833526 5129.44299090345 Inf
"43" 59.6969696969697 4191.34541170385 335.128581072628 -Inf 3534.50546261148 3640.10794963143 3761.86085397148 3965.3046187726 4191.34541170385 4417.38620463509 4620.82996943621 4742.58287377626 4848.18536079621 Inf 4387.35733316604 361.628761281516 -Inf 3678.57798528043 3792.53095356217 3923.91142799975 4143.44244030555 4387.35733316604 4631.27222602652 4850.80323833232 4982.1837127699 5096.13668105164 Inf
"44" 60.4040404040404 4187.15095649855 335.095086191239 -Inf 3530.37665616737 3635.96858860327 3757.70932418386 3961.13275552148 4187.15095649855 4413.16915747561 4616.59258881323 4738.33332439382 4843.92525682972 Inf 4370.52745458001 361.592661356455 -Inf 3661.81886124737 3775.76045406881 3907.12781332921 4126.63691074896 4370.52745458001 4614.41799841107 4833.92709583082 4965.29445509121 5079.23604791265 Inf
"45" 61.1111111111111 4184.58554073034 335.081781948563 -Inf 3527.83731623565 3633.42505636688 3755.16095848869 3958.5763133286 4184.58554073034 4410.59476813209 4614.010122972 4735.7460250938 4841.33376522503 Inf 4365.03081494084 361.578360037064 -Inf 3656.35025167914 3770.28733800671 3901.6495015683 4121.14991720314 4365.03081494084 4608.91171267855 4828.41212831339 4959.77429187497 5073.71137820255 Inf
"46" 61.8181818181818 4176.51652289829 335.058970624229 -Inf 3519.81300777773 3625.3935598244 3747.12117454504 3950.52268150099 4176.51652289829 4402.51036429558 4605.91187125153 4727.63948597218 4833.22003801884 Inf 4366.03699765748 361.55384835729 -Inf 3657.40447640534 3771.33383884873 3902.68709726652 4122.17263279654 4366.03699765748 4609.90136251842 4829.38689804844 4960.74015646623 5074.66951890962 Inf
"47" 62.5252525252525 4174.13661587304 335.03046636285 -Inf 3517.48896807819 3623.06053813686 3744.77779720059 3948.16200030788 4174.13661587304 4400.11123143819 4603.49543454548 4725.21269360921 4830.78426366788 Inf 4370.89834151444 361.523263996723 -Inf 3662.32576450749 3776.24548950209 3907.58763655864 4127.05460549122 4370.89834151444 4614.74207753766 4834.20904647023 4965.55119352678 5079.47091852138 Inf
"48" 63.2323232323232 4174.62071036945 335.015180011958 -Inf 3518.00302327181 3623.56977644298 3745.28148194392 3948.65640529129 4174.62071036945 4400.58501544761 4603.95993879498 4725.67164429592 4831.23839746709 Inf 4366.69587679281 361.506889136177 -Inf 3658.15539392279 3772.06995902922 3903.40615706518 4122.86318544519 4366.69587679281 4610.52856814043 4829.98559652044 4961.32179455639 5075.23635966283 Inf
"49" 63.9393939393939 4159.18224761025 335.03163798998 -Inf 3502.53230346843 3608.10424271894 3729.82192743722 3933.2068417946 4159.18224761025 4385.15765342589 4588.54256778328 4710.26025250156 4815.83219175207 Inf 4339.89282317948 361.524501204544 -Inf 3631.31782128976 3745.23793614136 3876.58053267806 4096.04825267226 4339.89282317948 4583.73739368669 4803.20511368089 4934.54771021759 5048.46782506919 Inf
"50" 64.6464646464646 4127.45611087805 335.042202729696 -Inf 3470.78546022687 3576.36072853629 3698.08225144629 3901.47357925375 4127.45611087805 4353.43864250234 4556.8299703098 4678.5514932198 4784.12676152922 Inf 4299.81122825153 361.535710187201 -Inf 3591.21425715951 3705.13790407764 3836.48457286084 4055.9590974004 4299.81122825153 4543.66335910266 4763.13788364222 4894.48455242543 5008.40819934356 Inf
"51" 65.3535353535354 4103.64574439335 334.991015604983 -Inf 3447.07541866309 3552.63455737934 3674.33748390141 3877.69773796001 4103.64574439335 4329.59375082669 4532.95400488529 4654.65693140736 4760.21607012361 Inf 4271.92140714512 361.480800273196 -Inf 3563.43205750694 3677.33840174243 3808.66512164069 4028.10631246817 4271.92140714512 4515.73650182207 4735.17769264955 4866.5044125478 4980.4107567833 Inf
"52" 66.0606060606061 4099.37067988207 334.936834970478 -Inf 3442.9065462441 3548.44861208123 3670.1318546671 3873.45921773137 4099.37067988207 4325.28214203278 4528.60950509704 4650.29274768291 4755.83481352004 Inf 4264.47496148316 361.422829909598 -Inf 3556.09923166981 3669.9873088433 3801.29296798896 4020.69896722228 4264.47496148316 4508.25095574405 4727.65695497737 4858.96261412303 4972.85069129652 Inf
"53" 66.7676767676768 4096.03429123603 334.942105686642 -Inf 3439.55982718421 3545.1035538786 3666.78871132651 3870.1192740413 4096.03429123603 4321.94930843077 4525.27987114556 4646.96502859347 4752.50875528786 Inf 4260.26421168521 361.428240516024 -Inf 3551.87787727812 3665.76765938974 3797.07528421987 4016.48456802575 4260.26421168521 4504.04385534467 4723.45313915055 4854.76076398068 4968.6505460923 Inf
"54" 67.4747474747475 4076.06599436349 334.938439857518 -Inf 3419.59871520472 3525.14128675838 3646.82511240302 3850.15344973292 4076.06599436349 4301.97853899405 4505.30687632395 4626.99070196859 4732.53327352226 Inf 4245.01084468087 361.424368655544 -Inf 3536.63209898088 3650.52066102915 3781.82687920439 4001.23381255162 4245.01084468087 4488.78787681013 4708.19481015735 4839.50102833259 4953.38959038086 Inf
"55" 68.1818181818182 4049.50766454785 334.918174636629 -Inf 3393.08010449216 3498.61629026483 3620.29275351294 3823.60878860107 4049.50766454785 4275.40654049464 4478.72257558277 4600.39903883088 4705.93522460354 Inf 4224.43274844669 361.402653084699 -Inf 3516.09656448346 3629.97828373044 3761.27661259402 3980.67036324739 4224.43274844669 4468.19513364599 4687.58888429936 4818.88721316294 4932.76893240992 Inf
"56" 68.8888888888889 4034.25071107428 334.921866560218 -Inf 3377.81591498133 3483.35326411735 3605.03106864892 3808.34934496288 4034.25071107428 4260.15207718569 4463.47035349965 4585.14815803121 4690.68550716724 Inf 4206.51662259618 361.406609499422 -Inf 3498.17268420258 3612.05565015682 3743.35541639403 3962.7515688357 4206.51662259618 4450.28167635666 4669.67782879833 4800.97759503554 4914.86056098978 Inf
"57" 69.5959595959596 4026.82898521461 334.940327516554 -Inf 3370.35800631212 3475.90117268669 3597.58568412175 3800.91516737738 4026.82898521461 4252.74280305184 4456.07228630747 4577.75679774253 4683.29996411711 Inf 4186.03424960613 361.426380061512 -Inf 3477.65156162288 3591.54075748601 3722.84770640918 3942.25586080417 4186.03424960613 4429.81263840809 4649.22079280308 4780.52774172625 4894.41693758938 Inf
"58" 70.3030303030303 4010.12015977545 334.955196377706 -Inf 3353.62003844061 3459.16789014734 3580.85780347031 3784.19631304377 4010.12015977545 4236.04400650713 4439.3825160806 4561.07242940356 4666.6202811103 Inf 4157.69961124439 361.442377252784 -Inf 3449.28556934239 3563.17980608618 3694.49256682192 3913.91043250088 4157.69961124439 4401.4887899879 4620.90665566686 4752.21941640259 4866.11365314638 Inf
"59" 71.010101010101 3979.94509942031 334.956712621738 -Inf 3323.44200630177 3428.99033579271 3550.68079997025 3754.02022999758 3979.94509942031 4205.86996884305 4409.20939887038 4530.89986304792 4636.44819253885 Inf 4129.39489611144 361.443945186422 -Inf 3420.97778111598 3534.87251193191 3666.18584230116 3885.60465981276 4129.39489611144 4373.18513241012 4592.60394992172 4723.91728029097 4837.8120111069 Inf
"60" 71.7171717171717 3948.12854702764 334.94078459953 -Inf 3291.65667225897 3397.19998266513 3518.88466015938 3722.21442089262 3948.12854702764 4174.04267316266 4377.37243389591 4499.05711139015 4604.60042179631 Inf 4109.98973060643 361.426946915665 -Inf 3401.60593160946 3515.49530609421 3646.80246095666 3866.21095946715 4109.98973060643 4353.76850174571 4573.17700025621 4704.48415511866 4818.37352960341 Inf
"61" 72.4242424242424 3923.64598368435 334.947764192856 -Inf 3267.16042916414 3372.70593891244 3494.39315210733 3697.72714988517 3923.64598368435 4149.56481748353 4352.89881526137 4474.58602845626 4580.13153820456 Inf 4095.50372921668 361.434473411652 -Inf 3387.10517855864 3500.99692472023 3632.30681397419 3851.719881533 4095.50372921668 4339.28757690036 4558.70064445917 4690.01053371313 4803.90227987472 Inf
"62" 73.1313131313131 3903.61191190279 335.013135846561 -Inf 3246.99823129571 3352.56434032919 3474.27530318063 3677.64898559324 3903.61191190279 4129.57483821235 4332.94852062496 4454.65948347639 4560.22559250988 Inf 4078.35076977989 361.504685388668 -Inf 3369.81460617562 3483.72847685839 3615.06387426834 3834.51956483738 4078.35076977989 4322.18197472241 4541.63766529145 4672.9730627014 4786.88693338417 Inf
"63" 73.8383838383838 3882.454975535 335.123092668348 -Inf 3225.62578351735 3331.22654108427 3452.97745147573 3656.41788447618 3882.454975535 4108.49206659381 4311.93249959427 4433.68340998572 4539.28416755264 Inf 4059.83551063042 361.622606083249 -Inf 3351.06822671174 3465.01925542674 3596.39749366811 3815.92476938807 4059.83551063042 4303.74625187277 4523.27352759273 4654.6517658341 4768.6027945491 Inf
"64" 74.5454545454545 3860.52872637116 335.203061521167 -Inf 3203.54279828211 3309.16875486283 3430.94871810337 3634.43769714079 3860.52872637116 4086.61975560154 4290.10873463896 4411.88869787949 4517.51465446021 Inf 4042.6700108084 361.708452957595 -Inf 3333.73447010781 3447.7125500621 3579.12197664988 3798.70136672922 4042.6700108084 4286.63865488758 4506.21804496692 4637.62747155471 4751.60555150899 Inf
"65" 75.2525252525253 3841.34312333544 335.273696730229 -Inf 3184.21875278058 3289.86696724729 3411.67259240489 3615.20445138055 3841.34312333544 4067.48179529033 4271.01365426599 4392.81927942358 4498.46749389029 Inf 4021.5139341112 361.784708330197 -Inf 3312.42893562669 3426.4310444387 3557.86817476054 3777.4938565648 4021.5139341112 4265.5340116576 4485.15969346186 4616.59682378371 4730.59893259572 Inf
"66" 75.959595959596 3826.03879339843 335.417601689257 -Inf 3168.63237430669 3274.32593471649 3396.18384084235 3599.80305902368 3826.03879339843 4052.27452777319 4255.89374595451 4377.75165208037 4483.44521249018 Inf 3993.88538209212 361.938693024999 -Inf 3284.49857915162 3398.54921013587 3530.04228341476 3749.76144344739 3993.88538209212 4238.00932073684 4457.72848076947 4589.22155404836 4703.27218503261 Inf
"67" 76.6666666666667 3813.58640815335 335.590139849285 -Inf 3155.84182048199 3261.5897494531 3383.51033904817 3587.23429855814 3813.58640815335 4039.93851774856 4243.66247725853 4365.5830668536 4471.33099582471 Inf 3971.58372064189 362.124418099798 -Inf 3261.83290324376 3375.94205812274 3507.50260570416 3727.33451233785 3971.58372064189 4215.83292894592 4435.66483557961 4567.22538316103 4681.33453804001 Inf
"68" 77.3737373737374 3802.87391891881 335.800776920745 -Inf 3144.71649017358 3250.5307930676 3372.52790754494 3576.37973677789 3802.87391891881 4029.36810105973 4233.21993029268 4355.21704477002 4461.03134766404 Inf 3964.68387443097 362.349867894964 -Inf 3254.49118355399 3368.67137999855 3500.3138339553 3720.28260255091 3964.68387443097 4209.08514631102 4429.05391490664 4560.69636886338 4674.87656530794 Inf
"69" 78.0808080808081 3791.86991539676 335.965602507854 -Inf 3133.38943443707 3239.25567558078 3361.31267153369 3565.26456008677 3791.86991539676 4018.47527070676 4222.42715925984 4344.48415521275 4450.35039635646 Inf 3958.20866960856 362.527108218377 -Inf 3247.66859408108 3361.90464078733 3493.61148651894 3713.68785094704 3958.20866960856 4202.72948827008 4422.80585269817 4554.51269842978 4668.74874513603 Inf
"70" 78.7878787878788 3778.56938787238 336.304047609304 -Inf 3119.4255667031 3225.39845540375 3347.57840915969 3551.73575481045 3778.56938787238 4005.40302093431 4209.56036658507 4331.740320341 4437.71320904166 Inf 3924.09620007434 362.891427228347 -Inf 3212.84207240844 3327.19291980819 3459.03212338713 3679.32965197479 3924.09620007434 4168.86274817388 4389.16027676154 4520.99948034048 4635.35032774024 Inf
"71" 79.4949494949495 3766.27394992767 337.366187158397 -Inf 3105.04837349562 3211.35595336939 3333.92178461302 3538.7239146266 3766.27394992767 3993.82398522874 4198.62611524233 4321.19194648595 4427.49952635973 Inf 3860.49664812726 364.029029805083 -Inf 3147.01286038223 3261.72217813674 3393.97467507687 3614.9627987499 3860.49664812726 4106.03049750461 4327.01862117764 4459.27111811777 4573.98043587228 Inf
"72" 80.2020202020202 3760.57158279331 339.400419416912 -Inf 3095.35898439837 3202.30757192655 3325.61244394307 3531.64947868435 3760.57158279331 3989.49368690227 4195.53072164355 4318.83559366007 4425.78418118825 Inf 3799.480026948 366.211598185602 -Inf 3081.71848378336 3197.11555144071 3330.16097997265 3552.47405756888 3799.480026948 4046.48599632711 4268.79907392335 4401.84450245528 4517.24157011263 Inf
"73" 80.9090909090909 3747.47987276731 342.957965017225 -Inf 3075.2946131224 3183.36422011683 3307.96155578349 3516.15824061508 3747.47987276731 3978.80150491953 4186.99818975112 4311.59552541779 4419.66513241222 Inf 3757.32243451627 370.023605352743 -Inf 3032.08949459523 3148.68776519415 3283.11810378801 3507.74530537525 3757.32243451627 4006.8995636573 4231.52676524454 4365.95710383839 4482.55537443731 Inf
"74" 81.6161616161616 3671.97993574701 367.167870231275 -Inf 2952.34413381343 3068.04253269705 3201.43537683444 3424.32897067469 3671.97993574701 3919.63090081933 4142.52449465958 4275.91733879697 4391.61573768059 Inf 3681.88407632571 395.921612432728 -Inf 2905.89197525654 3030.65097612726 3174.4901140796 3414.83900685873 3681.88407632571 3948.92914579269 4189.27803857182 4333.11717652416 4457.87617739488 Inf
"75" 82.3232323232323 3452.6071311302 500.915468461447 -Inf 2470.83085364676 2628.6745060353 2810.65812831793 3114.74478193829 3452.6071311302 3790.46948032212 4094.55613394248 4276.53975622511 4434.38340861365 Inf 3468.52851384431 535.798539961669 -Inf 2418.38267255029 2587.21834207305 2781.87505613992 3107.13789047014 3468.52851384431 3829.91913721848 4155.1819715487 4349.83868561556 4518.67435513833 Inf
"76" 83.030303030303 3035.66270704395 812.590756275217 -Inf 1443.01409057436 1699.06985435742 1994.28575119238 2487.57857083223 3035.66270704395 3583.74684325567 4077.03966289552 4372.25555973048 4628.31132351354 Inf 3041.40683945198 858.46005197676 -Inf 1358.85605541115 1629.36570936506 1941.24601588367 2462.38433344086 3041.40683945198 3620.4293454631 4141.5676630203 4453.44796953891 4723.95762349282 Inf
"77" 83.7373737373737 2444.72650119462 1233.47925614522 -Inf 27.1515834727452 415.833672954761 863.959229414932 1612.75738584519 2444.72650119462 3276.69561654406 4025.49377297431 4473.61932943448 4862.3014189165 Inf 2422.98997805253 1291.72663538899 -Inf -108.747705180996 298.288736803124 767.575686214108 1551.73360242738 2422.98997805253 3294.24635367768 4078.40426989095 4547.69121930194 4954.72766128606 Inf
"78" 84.4444444444444 1778.78264927206 1648.20240740818 -Inf -1451.63470848019 -932.269058503441 -333.473726276279 667.087019226733 1778.78264927206 2890.47827931739 3891.0390248204 4489.83435704756 5009.20000702431 Inf 1728.04537215691 1716.39745786723 -Inf -1636.03182841897 -1095.17721170629 -471.606477069611 570.352879562854 1728.04537215691 2885.73786475097 3927.69722138344 4551.26795602012 5092.12257273279 Inf
"79" 85.1515151515152 1160.08230770158 1969.74916444053 -Inf -2700.55511317972 -2079.86674961305 -1364.25281771735 -168.493314170851 1160.08230770158 2488.65792957401 3684.41743312051 4400.03136501622 5020.71972858288 Inf 1094.31905844608 2043.98831642495 -Inf -2911.82442656749 -2267.74253727194 -1525.15736842319 -284.330110503099 1094.31905844608 2472.96822739525 3713.79548531534 4456.38065416409 5100.46254345964 Inf
"80" 85.8585858585859 675.395997472941 2169.36529505773 -Inf -3576.48185015132 -2892.89237628542 -2104.75749264642 -787.818658474597 675.395997472941 2138.61065342048 3455.5494875923 4243.6843712313 4927.2738450972 Inf 612.552593676736 2246.37434570096 -Inf -3790.26021969187 -3082.40439634022 -2266.29196585555 -902.603877601989 612.552593676736 2127.70906495546 3491.39715320903 4307.50958369369 5015.36540704534 Inf
"81" 86.5656565656566 350.3808224568 2268.46305053387 -Inf -4095.72505684945 -3380.90885381923 -2556.77155133496 -1179.67425382683 350.3808224568 1880.43589874043 3257.53319624856 4081.67049873283 4796.48670176304 Inf 302.122651200476 2346.38386761545 -Inf -4296.7052232316 -3557.33536366722 -2704.8892677107 -1280.48921753158 302.122651200476 1884.73451993254 3309.13457011165 4161.58066606817 4900.95052563255 Inf
"82" 87.2727272727273 161.864508142796 2307.53795194423 -Inf -4360.82677062722 -3633.69766144085 -2795.36436672492 -1394.54618863205 161.864508142796 1718.27520491764 3119.09338301051 3957.42667772644 4684.55578691281 Inf 130.86189294958 2385.64654826896 -Inf -4544.91942149987 -3793.17748459487 -2926.46717582057 -1478.23225144849 130.86189294958 1739.95603734765 3188.19096171973 4054.90127049403 4806.64320739903 Inf
"83" 87.979797979798 66.5773492765741 2319.70893757682 -Inf -4479.96862298966 -3749.0043101684 -2906.2492712828 -1498.04255255723 66.5773492765741 1631.19725111038 3039.40396983595 3882.15900872155 4613.12332154281 Inf 49.5316115189691 2397.82704157339 -Inf -4650.12303112111 -3894.54289461534 -3023.40738751459 -1567.77815076528 49.5316115189691 1666.84137380322 3122.47061055253 3993.60611765328 4749.18625415904 Inf
"84" 88.6868686868687 24.3801064046161 2322.70043208035 -Inf -4528.02908734848 -3796.12212362449 -2952.28026861907 -1542.25752780959 24.3801064046161 1591.01774061882 3001.0404814283 3844.88233643372 4576.78930015771 Inf 16.2437240294128 2400.81015976955 -Inf -4689.25772283676 -3932.73757488948 -3060.51829479864 -1603.07812090177 16.2437240294128 1635.56556896059 3093.00574285746 3965.2250229483 4721.74517089559 Inf
"85" 89.3939393939394 7.94633182445909 2323.28227274409 -Inf -4545.60324867432 -3813.51294093071 -2969.45970201275 -1559.08374795369 7.94633182445909 1574.9764116026 2985.35236566166 3829.40560457963 4561.49591232323 Inf 4.54204196838403 2401.38855056202 -Inf -4702.09303002003 -3945.3906251433 -3072.96121448526 -1615.16992162393 4.54204196838403 1624.25400556069 3082.04529842203 3954.47470908007 4711.17711395679 Inf
"86" 90.1010101010101 2.30371824797957 2323.37223012126 -Inf -4551.4221754702 -3819.30352122531 -2975.21760060677 -1564.78703685902 2.30371824797957 1569.39447335498 2979.82503710273 3823.91095772127 4556.02961196616 Inf 1.04665646912714 2401.47772996901 -Inf -4705.76320394514 -3949.03269771359 -3076.57088799315 -1618.72545771912 1.04665646912714 1620.81877065738 3078.66420093141 3951.12601065184 4707.85651688339 Inf
"87" 90.8080808080808 0.593272085002379 2323.38333652805 -Inf -4553.15438979048 -3821.03223580177 -2976.94228020276 -1566.50497417954 0.593272085002379 1567.69151834955 2978.12882437276 3822.21877997178 4554.34093396048 Inf 0.181567049420264 2401.48871403031 -Inf -4706.6498217294 -3949.91585430637 -3077.45005405382 -1619.5979557756 0.181567049420264 1619.96108987444 3077.81318815266 3950.27898840521 4707.01295582824 Inf
"88" 91.5151515151515 0.13541024064492 2323.38443588596 -Inf -4553.61440633674 -3821.49190592897 -2977.40155093096 -1566.96357752954 0.13541024064492 1567.23439801083 2977.67237141225 3821.76272641026 4553.88522681803 Inf 0.0153648883413047 2401.48979900062 -Inf -4706.8181503932 -3950.08384108479 -3077.61764666029 -1619.76488973802 0.0153648883413047 1619.79561951471 3077.64837643697 3950.11457086147 4706.84888016988 Inf
"89" 92.2222222222222 0.0272886809182112 2323.38452341656 -Inf -4553.72269945329 -3821.60017146373 -2977.50978466567 -1567.07175812776 0.0272886809182112 1567.12633548959 2977.5643620275 3821.65474882556 4553.77727681513 Inf -0.00396417936665707 2401.48988522622 -Inf -4706.83764845999 -3950.10331198099 -3077.63708623055 -1619.78427696402 -0.00396417936665707 1619.77634860528 3077.62915787182 3950.09538362226 4706.82972010125 Inf
"90" 92.9292929292929 0.00482530376577622 2323.38452903747 -Inf -4553.74517384722 -3821.62264408645 -2977.5322552463 -1567.09422529616 0.00482530376577622 1567.10387590369 2977.54190585383 3821.63229469398 4553.75482445475 Inf -0.00245592838060838 2401.48989075428 -Inf -4706.8361510438 -3950.10181282285 -3077.63558506406 -1619.78277244165 -0.00245592838060838 1619.77786058489 3077.6306732073 3950.09690096609 4706.83123918703 Inf
"91" 93.6363636363636 0.000740581514026771 2323.38452932924 -Inf -4553.74925914133 -3821.62672928862 -2977.53634034247 -1567.0983102152 0.000740581514026771 1567.09979137823 2977.5378215055 3821.62821045165 4553.75074030436 Inf -0.000780233656235153 2401.48989104081 -Inf -4706.83447591067 -3950.10013759944 -3077.63390973654 -1619.78109694019 -0.000780233656235153 1619.77953647288 3077.63234926923 3950.09857713212 4706.83291544336 Inf
"92" 94.3434343434343 9.66688187206397e-05 2323.3845293415 -Inf -4553.74990307807 -3821.62737322149 -2977.53698427089 -1567.09895413617 9.66688187206397e-05 1567.09914747381 2977.53717760853 3821.62756655913 4553.75009641571 Inf -0.000188524661759336 2401.48989105284 -Inf -4706.83388422525 -3950.09954591023 -3077.63331804297 -1619.78050523931 -0.000188524661759336 1619.78012818999 3077.63294099364 3950.0991688609 4706.83350717593 Inf
"93" 95.0505050505051 1.0264916665373e-05 2323.38452934192 -Inf -4553.74998948279 -3821.62745962608 -2977.53707067533 -1567.09904054036 1.0264916665373e-05 1567.09906107019 2977.53709120516 3821.62748015591 4553.75001001262 Inf -3.78094797831164e-05 2401.48989105325 -Inf -4706.83373351087 -3950.09939519572 -3077.63316732831 -1619.7803545244 -3.78094797831164e-05 1619.78027890544 3077.63309170935 3950.09931957676 4706.83365789191 Inf
"94" 95.7575757575758 7.78269282153277e-07 2323.38452934193 -Inf -4553.74999896946 -3821.62746911275 -2977.53708016199 -1567.09905002701 7.78269282153277e-07 1567.09905158355 2977.53708171853 3821.62747066928 4553.750000526 Inf -6.51342468794941e-06 2401.48989105326 -Inf -4706.83370221484 -3950.09936389968 -3077.63313603227 -1619.78032322836 -6.51342468794941e-06 1619.78031020151 3077.63312300542 3950.09935087283 4706.83368918799 Inf
"95" 96.4646464646465 1.55006350351813e-08 2323.38452934193 -Inf -4553.74999973223 -3821.62746987552 -2977.53708092476 -1567.09905078978 1.55006350351813e-08 1567.09905082078 2977.53708095576 3821.62746990651 4553.74999976323 Inf -9.80457794386219e-07 2401.48989105326 -Inf -4706.83369668187 -3950.09935836672 -3077.6331304993 -1619.78031769539 -9.80457794386219e-07 1619.78031573447 3077.63312853839 3950.0993564058 4706.83369472096 Inf
"96" 97.1717171717172 -7.6468832022318e-09 2323.38452934193 -Inf -4553.74999975538 -3821.62746989866 -2977.5370809479 -1567.09905081293 -7.6468832022318e-09 1567.09905079763 2977.53708093261 3821.62746988337 4553.74999974008 Inf -1.30236238002505e-07 2401.48989105326 -Inf -4706.83369583165 -3950.0993575165 -3077.63312964908 -1619.78031684517 -1.30236238002505e-07 1619.7803165847 3077.63312938861 3950.09935725602 4706.83369557118 Inf
"97" 97.8787878787879 -1.7551862755062e-09 2323.38452934193 -Inf -4553.74999974948 -3821.62746989277 -2977.53708094201 -1567.09905080704 -1.7551862755062e-09 1567.09905080352 2977.5370809385 3821.62746988926 4553.74999974597 Inf -1.53607709110869e-08 2401.48989105326 -Inf -4706.83369571678 -3950.09935740162 -3077.63312953421 -1619.78031673029 -1.53607709110869e-08 1619.78031669957 3077.63312950348 3950.0993573709 4706.83369568606 Inf
"98" 98.5858585858586 -2.53201513509541e-10 2323.38452934193 -Inf -4553.74999974798 -3821.62746989127 -2977.53708094051 -1567.09905080553 -2.53201513509541e-10 1567.09905080503 2977.53708094 3821.62746989076 4553.74999974748 Inf -1.61543201397264e-09 2401.48989105326 -Inf -4706.83369570303 -3950.09935738787 -3077.63312952046 -1619.78031671655 -1.61543201397264e-09 1619.78031671332 3077.63312951723 3950.09935738464 4706.8336956998 Inf
"99" 99.2929292929293 -2.88364839340251e-11 2323.38452934193 -Inf -4553.74999974776 -3821.62746989104 -2977.53708094029 -1567.09905080531 -2.88364839340251e-11 1567.09905080525 2977.53708094023 3821.62746989098 4553.7499997477 Inf -1.51930640196476e-10 2401.48989105326 -Inf -4706.83369570157 -3950.09935738641 -3077.633129519 -1619.78031671508 -1.51930640196476e-10 1619.78031671478 3077.63312951869 3950.0993573861 4706.83369570126 Inf
"100" 100 -2.76412593237275e-12 2323.38452934193 -Inf -4553.74999974773 -3821.62746989102 -2977.53708094026 -1567.09905080528 -2.76412593237275e-12 1567.09905080528 2977.53708094025 3821.62746989101 4553.74999974773 Inf -1.28064879293458e-11 2401.48989105326 -Inf -4706.83369570143 -3950.09935738627 -3077.63312951886 -1619.78031671494 -1.28064879293458e-11 1619.78031671492 3077.63312951883 3950.09935738624 4706.8336957014 Inf
