"mid_age" "mean_left" "std_left" "min_left" "l.q2.5" "l.q5" "l.q10" "l.q25" "l.q50" "l.q75" "l.q90" "l.q95" "l.q97.5" "max_left" "mean_right" "std_right" "min_right" "r.q2.5" "r.q5" "r.q10" "r.q25" "r.q50" "r.q75" "r.q90" "r.q95" "r.q97.5" "max_right"
"1" 30 1.47463876042147e-16 2614.81773031705 -Inf -5124.94857755819 -4300.99242752902 -3351.0237559016 -1763.66775772983 1.47463876042147e-16 1763.66775772983 3351.0237559016 4300.99242752902 5124.94857755819 Inf 1.55479049769179e-16 2741.91539409255 -Inf -5374.05542107736 -4510.04948076721 -3513.90596589015 -1849.39382922028 1.55479049769179e-16 1849.39382922028 3513.90596589015 4510.04948076721 5374.05542107735 Inf
"2" 30.7070707070707 2.90784240931036e-15 2614.81773031705 -Inf -5124.94857755819 -4300.99242752902 -3351.0237559016 -1763.66775772983 2.90784240931036e-15 1763.66775772983 3351.0237559016 4300.99242752902 5124.94857755819 Inf 3.05731256403007e-15 2741.91539409255 -Inf -5374.05542107736 -4510.04948076721 -3513.90596589015 -1849.39382922028 3.05731256403007e-15 1849.39382922028 3513.90596589015 4510.04948076721 5374.05542107735 Inf
"3" 31.4141414141414 5.186306847727e-14 2614.81773031705 -Inf -5124.94857755819 -4300.99242752902 -3351.0237559016 -1763.66775772983 5.186306847727e-14 1763.66775772983 3351.0237559016 4300.99242752902 5124.94857755819 Inf 5.43707537684737e-14 2741.91539409255 -Inf -5374.05542107736 -4510.04948076721 -3513.90596589015 -1849.39382922028 5.43707537684737e-14 1849.39382922028 3513.90596589015 4510.04948076721 5374.05542107735 Inf
"4" 32.1212121212121 8.36597530927953e-13 2614.81773031705 -Inf -5124.94857755819 -4300.99242752902 -3351.0237559016 -1763.66775772983 8.36597530927953e-13 1763.66775772983 3351.0237559016 4300.99242752902 5124.94857755819 Inf 8.74404126618573e-13 2741.91539409255 -Inf -5374.05542107735 -4510.04948076721 -3513.90596589015 -1849.39382922028 8.74404126618573e-13 1849.39382922028 3513.90596589016 4510.04948076721 5374.05542107736 Inf
"5" 32.8282828282828 1.22041982942283e-11 2614.81773031705 -Inf -5124.94857755818 -4300.99242752901 -3351.02375590159 -1763.66775772982 1.22041982942283e-11 1763.66775772985 3351.02375590161 4300.99242752903 5124.9485775582 Inf 1.2715627130272e-11 2741.91539409255 -Inf -5374.05542107734 -4510.0494807672 -3513.90596589014 -1849.39382922027 1.2715627130272e-11 1849.39382922029 3513.90596589017 4510.04948076722 5374.05542107737 Inf
"6" 33.5353535353535 1.60987774514662e-10 2614.81773031705 -Inf -5124.94857755803 -4300.99242752886 -3351.02375590144 -1763.66775772967 1.60987774514662e-10 1763.66775772999 3351.02375590176 4300.99242752918 5124.94857755835 Inf 1.67182977539778e-10 2741.91539409255 -Inf -5374.05542107719 -4510.04948076705 -3513.90596588999 -1849.39382922011 1.67182977539778e-10 1849.39382922045 3513.90596589032 4510.04948076738 5374.05542107752 Inf
"7" 34.2424242424242 1.92006699073193e-09 2614.81773031705 -Inf -5124.94857755627 -4300.9924275271 -3351.02375589968 -1763.66775772791 1.92006699073193e-09 1763.66775773175 3351.02375590352 4300.99242753094 5124.94857756011 Inf 1.9870840005812e-09 2741.91539409255 -Inf -5374.05542107537 -4510.04948076523 -3513.90596588817 -1849.39382921829 1.9870840005812e-09 1849.39382922226 3513.90596589214 4510.0494807692 5374.05542107934 Inf
"8" 34.9494949494949 2.07023411171021e-08 2614.81773031705 -Inf -5124.94857753749 -4300.99242750832 -3351.0237558809 -1763.66775770913 2.07023411171021e-08 1763.66775775054 3351.0237559223 4300.99242754972 5124.94857757889 Inf 2.13472194533443e-08 2741.91539409255 -Inf -5374.05542105601 -4510.04948074587 -3513.90596586881 -1849.39382919893 2.13472194533443e-08 1849.39382924163 3513.9059659115 4510.04948078856 5374.0554210987 Inf
"9" 35.6565656565657 2.01758196570812e-07 2614.81773031705 -Inf -5124.94857735643 -4300.99242732726 -3351.02375569984 -1763.66775752808 2.01758196570812e-07 1763.66775793159 3351.02375610336 4300.99242773078 5124.94857775995 Inf 2.07246142909196e-07 2741.91539409255 -Inf -5374.05542087011 -4510.04948055997 -3513.90596568291 -1849.39382901303 2.07246142909196e-07 1849.39382942752 3513.9059660974 4510.04948097446 5374.0554212846 Inf
"10" 36.3636363636364 1.77692092256962e-06 2614.81773031705 -Inf -5124.94857578127 -4300.9924257521 -3351.02375412468 -1763.66775595291 1.77692092256962e-06 1763.66775950675 3351.02375767852 4300.99242930594 5124.94857933511 Inf 1.8178455223797e-06 2741.91539409255 -Inf -5374.05541925951 -4510.04947894937 -3513.90596407231 -1849.39382740243 1.8178455223797e-06 1849.39383103812 3513.905967708 4510.04948258506 5374.0554228952 Inf
"11" 37.0707070707071 1.41394372752664e-05 2614.81773031705 -Inf -5124.94856341875 -4300.99241338958 -3351.02374176216 -1763.6677435904 1.41394372752664e-05 1763.66777186927 3351.02377004103 4300.99244166846 5124.94859169763 Inf 1.44026425429991e-05 2741.91539409255 -Inf -5374.05540667471 -4510.04946636457 -3513.90595148751 -1849.39381481764 1.44026425429991e-05 1849.39384362292 3513.9059802928 4510.04949516985 5374.05543548 Inf
"12" 37.7777777777778 0.000101626778672947 2614.81773031705 -Inf -5124.94847593141 -4300.99232590224 -3351.02365427482 -1763.66765610305 0.000101626778672947 1763.66785935661 3351.02385752838 4300.9925291558 5124.94867918497 Inf 0.000103041674794951 2741.91539409255 -Inf -5374.05531803568 -4510.04937772554 -3513.90586284848 -1849.3937261786 0.000103041674794951 1849.39393226195 3513.90606893183 4510.04958380889 5374.05552411903 Inf
"13" 38.4848484848485 0.000659570658779415 2614.81773031703 -Inf -5124.94791798748 -4300.99176795832 -3351.02309633091 -1763.66709815916 0.000659570658779415 1763.66841730048 3351.02441547223 4300.99308709964 5124.9492371288 Inf 0.000665455104803808 2741.91539409253 -Inf -5374.0547556222 -4510.04881531207 -3513.90530043502 -1849.39316376516 0.000665455104803808 1849.39449467537 3513.90663134523 4510.05014622228 5374.05608653241 Inf
"14" 39.1919191919192 0.00386397118346442 2614.81773031622 -Inf -5124.94471358537 -4300.98856355647 -3351.01989192935 -1763.66389375809 0.00386397118346442 1763.67162170046 3351.02761987171 4300.99629149883 5124.95244152774 Inf 0.00387779767110334 2741.91539409175 -Inf -5374.05154327811 -4510.04560296822 -3513.90208809145 -1849.38995142206 0.00387779767110334 1849.39770701741 3513.9098436868 4510.05335856356 5374.05929887345 Inf
"15" 39.8989898989899 0.0204240442777332 2614.8177302936 -Inf -5124.92815346794 -4300.97200344616 -3351.00333182726 -1763.64733366974 0.0204240442777332 1763.68818175829 3351.04417991582 4301.01285153471 5124.96900155649 Inf 0.0203802806002069 2741.91539406988 -Inf -5374.03504075232 -4510.02910044932 -3513.8855855805 -1849.37344892438 0.0203802806002069 1849.41420948559 3513.9263461417 4510.06986101052 5374.07580131352 Inf
"16" 40.6060606060606 0.0973578105194032 2614.81772977868 -Inf -5124.85121869248 -4300.89506883296 -3350.92639740113 -1763.57039955619 0.0973578105194032 1763.76511517723 3351.12111302217 4301.089784454 5125.04593431352 Inf 0.096552056866447 2741.91539357123 -Inf -5373.95886799871 -4509.95292785285 -3513.80941316519 -1849.29727681178 0.096552056866447 1849.49038092552 3514.00251727892 4510.14603196658 5374.15197211245 Inf
"17" 41.3131313131313 0.418285668782452 2614.81772026557 -Inf -5124.53027218886 -4300.57412532702 -3350.60545735132 -1763.24946528143 0.418285668782452 1764.08603661899 3351.44202868888 4301.41069666458 5125.36684352642 Inf 0.412072822946317 2741.91538434019 -Inf -5373.64332914012 -4509.63739190305 -3513.49388056905 -1848.98174981946 0.412072822946317 1849.80589546535 3514.31802621494 4510.46153754894 5374.46747478602 Inf
"18" 42.020202020202 1.6186857989892 2614.81757784945 -Inf -5123.32959292818 -4299.37349094314 -3349.40487470751 -1762.04896909301 1.6186857989892 1765.28634069099 3352.64224630549 4302.61086254111 5126.56696452616 Inf 1.58324309149306 2741.91524583539 -Inf -5372.47188740717 -4508.46599381439 -3512.32253279947 -1847.81048613085 1.58324309149306 1850.97697231384 3515.48901898245 4511.63247999738 5375.63837359015 Inf
"19" 42.7272727272727 5.63784341011323 2614.81585399132 -Inf -5119.30705661722 -4295.35149783772 -3345.38350788331 -1758.02864875725 5.63784341011323 1769.30433557747 3356.65919470353 4306.62718465795 5130.58274343744 Inf 5.47203071009783 2741.91356502615 -Inf -5368.57980546297 -4504.5744415106 -3508.43159113714 -1843.92056482364 5.47203071009783 1854.86462624383 3519.37565255734 4515.5185029308 5379.52386688317 Inf
"20" 43.4343434343434 17.6585769429415 2614.79902761742 -Inf -5107.25334399756 -4283.30308738276 -3333.34121048466 -1745.99656600769 17.6585769429415 1781.31371989357 3368.65836437055 4318.62024126863 5142.57049788344 Inf 16.9986160256095 2741.89711067119 -Inf -5357.02097020435 -4493.02079118966 -3496.88391871727 -1832.38288121436 16.9986160256095 1866.38011326558 3530.88115076849 4527.01802324087 5391.01820225557 Inf
"21" 44.1414141414141 49.6914857971158 2614.66702141022 -Inf -5074.96170773154 -4251.05304763989 -3301.13912886899 -1713.8746203198 49.6914857971158 1813.25759191403 3400.52210046323 4350.43601923412 5174.34467932577 Inf 47.4200870714879 2741.76758508495 -Inf -5326.34563367438 -4462.38626951348 -3466.29645395357 -1801.87404648818 47.4200870714879 1896.71422063115 3561.13662809655 4557.22644365645 5421.18580781735 Inf
"22" 44.8484848484848 125.502408818355 2613.83800947493 -Inf -4997.52595117437 -4173.8785213301 -3224.26578430422 -1637.50453724541 125.502408818355 1888.50935488212 3475.27060194094 4424.88333896681 5248.53076881108 Inf 118.692229474665 2740.95094094711 -Inf -5253.47289817285 -4389.77086703825 -3393.97773997705 -1730.05108598447 118.692229474665 1967.4355449338 3631.36219892638 4627.15532598757 5490.85735712218 Inf
"23" 45.5555555555556 284.194960926672 2609.68983518645 -Inf -4830.70312685904 -4008.36282969815 -3060.25713294236 -1476.01408409749 284.194960926672 2044.40400595084 3628.6470547957 4576.7527515515 5399.09304871239 Inf 266.363875489418 2736.84582651107 -Inf -5097.75537571103 -4235.34690865431 -3241.04517813005 -1579.61058235922 266.363875489418 2112.33833333806 3773.77292910888 4768.07465963314 5630.48312668986 Inf
"24" 46.2626262626263 576.447167849474 2593.22776471844 -Inf -4506.18585470797 -3689.03292645891 -2746.90793383916 -1172.65837937701 576.447167849474 2325.55271507596 3899.80226953811 4841.92726215785 5659.08019040692 Inf 535.723209870829 2720.46758406836 -Inf -4796.29527601184 -3939.04776278792 -2950.69628150531 -1299.20429132397 535.723209870829 2370.65071106563 4022.14270124697 5010.49418252957 5867.7416957535 Inf
"25" 46.969696969697 1046.60847137826 2541.55736726884 -Inf -3934.75243311111 -3133.88138227913 -2210.52835156654 -667.645922379912 1046.60847137826 2760.86286513643 4303.74529432306 5227.09832503565 6027.96937586763 Inf 965.856300882755 2668.74808209128 -Inf -4264.7938238265 -3423.84366136487 -2454.28198176548 -834.186926343265 965.856300882755 2765.89952810877 4385.99458353099 5355.55626313038 6196.50642559201 Inf
"26" 47.6767676767677 1700.84709243143 2413.13623843325 -Inf -3028.81302468621 -2268.40880168354 -1391.71143180511 73.2114337814737 1700.84709243143 3328.48275108139 4793.40561666798 5670.1029865464 6430.50720954907 Inf 1563.08474907663 2539.34389987772 -Inf -3413.9378390452 -2613.76427471434 -1691.2154012678 -149.676683613844 1563.08474907663 3275.8461817671 4817.38489942105 5739.93377286759 6540.10733719845 Inf
"27" 48.3838383838384 2476.9651528803 2159.07119099604 -Inf -1754.73662152993 -1074.39092647597 -289.995912062916 1020.69376460983 2476.9651528803 3933.23654115077 5243.92621782351 6028.32123223656 6708.66692729053 Inf 2278.0297580856 2281.48882756305 -Inf -2193.60617506849 -1474.68541478074 -645.815820650337 739.188928707452 2278.0297580856 3816.87058746376 5201.87533682154 6030.74493095195 6749.66569123969 Inf
"28" 49.0909090909091 3243.8551588652 1756.7855229043 -Inf -199.38119458859 354.200119740226 992.443921661108 2058.92133037339 3243.8551588652 4428.78898735702 5495.2663960693 6133.51019799018 6687.091512319 Inf 3007.9701140203 1870.05780032958 -Inf -657.275823633864 -68.0012414606958 611.39461234904 1746.63529542377 3007.9701140203 4269.30493261683 5404.54561569156 6083.94146950129 6673.21605167447 Inf
"29" 49.7979797979798 3848.53697062892 1248.49810346715 -Inf 1401.52565306674 1794.94033689894 2248.52227155112 3006.43779670108 3848.53697062892 4690.63614455676 5448.55166970671 5902.13360435889 6295.5482881911 Inf 3633.62004612452 1345.96147225297 -Inf 995.584035930199 1419.71043675228 1908.70101419602 2725.78282893107 3633.62004612452 4541.45726331797 5358.53907805303 5847.52965549675 6271.65605631884 Inf
"30" 50.5050505050505 4191.94106463981 752.837118859365 -Inf 2716.40742545055 2953.63419918029 3227.1414763655 3684.16014440202 4191.94106463981 4699.7219848776 5156.74065291412 5430.24793009933 5667.47470382906 Inf 4070.05089058112 830.757597235975 -Inf 2441.79592011558 2703.57624365004 3005.39219125529 3509.71340634793 4070.05089058112 4630.38837481431 5134.70958990696 5436.52553751221 5698.30586104667 Inf
"31" 51.2121212121212 4280.6123342268 436.16114183413 -Inf 3425.75220477604 3563.19109814564 3721.64934007955 3986.42611462586 4280.6123342268 4574.79855382774 4839.57532837405 4998.03357030796 5135.47246367756 Inf 4295.01071250088 498.569221235457 -Inf 3317.8329950792 3474.93732066537 3656.06854649423 3958.73088301432 4295.01071250088 4631.29054198744 4933.95287850753 5115.08410433639 5272.18842992256 Inf
"32" 51.9191919191919 4212.16968794824 367.620392292562 -Inf 3491.64695907233 3607.48795234449 3741.04519867958 3964.21350138384 4212.16968794824 4460.12587451263 4683.29417721689 4816.85142355198 4932.69241682414 Inf 4340.05979262907 422.874113881278 -Inf 3511.24175942748 3644.49377266756 3798.12480995623 4054.8355371929 4340.05979262907 4625.28404806524 4881.99477530191 5035.62581259058 5168.87782583067 Inf
"33" 52.6262626262626 4107.96127289509 365.750497618508 -Inf 3391.10347023522 3506.35524032799 3639.23315007338 3861.26631112229 4107.96127289509 4354.65623466789 4576.68939571681 4709.5673054622 4824.81907555497 Inf 4268.63552797026 420.122052697238 -Inf 3445.21143557264 3577.59624582891 3730.22745361631 3985.26750959464 4268.63552797026 4552.00354634589 4807.04360232422 4959.67481011161 5092.05962036789 Inf
"34" 53.3333333333333 4050.28272818842 349.096274521481 -Inf 3366.06660298921 3476.07045488651 3602.89785104963 3814.82086919204 4050.28272818842 4285.74458718479 4497.66760532721 4624.49500149032 4734.49885338763 Inf 4166.58166109308 402.105530854057 -Inf 3378.46930263477 3505.17692025054 3651.26268851292 3895.36560203487 4166.58166109308 4437.7977201513 4681.90063367324 4827.98640193563 4954.6940195514 Inf
"35" 54.040404040404 4064.97044670498 347.956544311122 -Inf 3382.98815167016 3492.63286277332 3619.04619260157 3830.27732405347 4064.97044670498 4299.66356935648 4510.89470080838 4637.30803063663 4746.95274173979 Inf 4129.55344772686 400.824485334363 -Inf 3343.95189234971 3470.25583925368 3615.876201038 3859.20144074122 4129.55344772686 4399.90545471251 4643.23069441573 4788.85105620005 4915.15500310402 Inf
"36" 54.7474747474747 4139.06997871223 362.576164828693 -Inf 3428.43375399533 3542.6852589476 3674.40992704686 3894.51607186987 4139.06997871223 4383.62388555459 4603.7300303776 4735.45469847686 4849.70620342913 Inf 4217.69939856963 416.822644972025 -Inf 3400.74202648374 3532.08715919189 3683.51968535129 3936.55679688638 4217.69939856963 4498.84200025288 4751.87911178797 4903.31163794737 5034.65677065553 Inf
"37" 55.4545454545455 4242.6358911995 361.301462430075 -Inf 3534.4980372749 3648.34787029852 3779.60943638868 3998.94175805956 4242.6358911995 4486.33002433944 4705.66234601032 4836.92391210048 4950.7737451241 Inf 4403.17626067019 415.270814871489 -Inf 3589.26041969147 3720.11655466173 3870.98529774665 4123.0803524838 4403.17626067019 4683.27216885658 4935.36722359373 5086.23596667865 5217.09210164891 Inf
"38" 56.1616161616162 4344.21551124409 345.509340306151 -Inf 3667.02964792184 3775.90321969591 3901.42747526446 4111.17300261058 4344.21551124409 4577.2580198776 4787.00354722372 4912.52780279227 5021.40137456634 Inf 4583.01512848124 398.069134174349 -Inf 3802.81396214247 3928.24966935712 4072.86900638511 4314.52157761121 4583.01512848124 4851.50867935126 5093.16125057736 5237.78058760535 5363.21629482 Inf
"39" 56.8686868686869 4423.06853648896 343.979120148418 -Inf 3748.88184956428 3857.27323311725 3982.2415565481 4191.05814566738 4423.06853648896 4655.07892731053 4863.89551642981 4988.86383986066 5097.25522341363 Inf 4670.4127612423 396.222599739473 -Inf 3893.8307358921 4018.68458098068 4162.63306824202 4403.16467892198 4670.4127612423 4937.66084356262 5178.19245424257 5322.14094150391 5446.99478659249 Inf
"40" 57.5757575757576 4470.44335381712 349.97344809398 -Inf 3784.50800000762 3894.78825838302 4021.93433351324 4234.38985023695 4470.44335381712 4706.49685739729 4918.952374121 5046.09844925122 5156.37870762662 Inf 4668.32314735391 402.725021334387 -Inf 3878.99660986539 4005.89943534794 4152.21026577885 4396.68924831637 4668.32314735391 4939.95704639146 5184.43602892898 5330.74685935989 5457.64968484243 Inf
"41" 58.2828282828283 4475.7521204123 345.50612558652 -Inf 3798.57255782475 3907.44511660736 4032.96820426164 4242.71178007423 4475.7521204123 4708.79246075037 4918.53603656295 5044.05912421724 5152.93168299985 Inf 4635.21834581085 397.968823702325 -Inf 3855.21378438452 3980.61788273047 4125.20077675719 4366.79245332604 4635.21834581085 4903.64423829566 5145.23591486451 5289.81880889123 5415.22290723718 Inf
"42" 58.989898989899 4420.69928398363 341.053112140489 -Inf 3752.24746737298 3859.71683549626 3983.62213418613 4190.6624555724 4420.69928398363 4650.73611239487 4857.77643378114 4981.68173247101 5089.15110059429 Inf 4593.57855876186 393.008996313845 -Inf 3823.29508038649 3947.13628575048 4089.91726426274 4328.49801901332 4593.57855876186 4858.6590985104 5097.23985326098 5240.02083177325 5363.86203713723 Inf
"43" 59.6969696969697 4303.29922735798 345.426409398923 -Inf 3626.2759056271 3735.12334501333 3860.61747161234 4070.31265477137 4303.29922735798 4536.28579994459 4745.98098310362 4871.47510970262 4980.32254908885 Inf 4513.0230972419 397.847489266351 -Inf 3733.25634694016 3858.6222115486 4003.16102452462 4244.6790435905 4513.0230972419 4781.3671508933 5022.88516995918 5167.42398293519 5292.78984754363 Inf
"44" 60.4040404040404 4166.33863369931 349.647496101195 -Inf 3481.04213405636 3591.21968158276 3718.24733768208 3930.50498139733 4166.33863369931 4402.17228600129 4614.42992971655 4741.45758581586 4851.63513334226 Inf 4390.61701934225 402.561492804326 -Inf 3601.61099188309 3728.46228783206 3874.7137080109 4119.0934186221 4390.61701934225 4662.1406200624 4906.52033067361 5052.77175085245 5179.62304680141 Inf
"45" 61.1111111111111 4081.34437979611 347.392296924084 -Inf 3400.46798931826 3509.93490022552 3636.14323781491 3847.03183622374 4081.34437979611 4315.65692336848 4526.5455217773 4652.75385936669 4762.22077027396 Inf 4301.00816024648 400.111086408867 -Inf 3516.80484106991 3642.88398858336 3788.24517106745 4031.13733352388 4301.00816024648 4570.87898696908 4813.77114942552 4959.1323319096 5085.21147942306 Inf
"46" 61.8181818181818 4090.97356184262 343.259616734003 -Inf 3418.19707569695 3526.36173627172 3651.06866262891 3859.4484686993 4090.97356184262 4322.49865498594 4530.87846105632 4655.58538741351 4763.75004798828 Inf 4324.82317853327 395.455916569857 -Inf 3549.74382458307 3674.35607986392 3818.02602954929 4058.0922161525 4324.82317853327 4591.55414091404 4831.62032751724 4975.29027720262 5099.90253248347 Inf
"47" 62.5252525252525 4173.56050027253 340.487361725133 -Inf 3506.21753410021 3613.50862840781 3737.20838880554 3943.90526471762 4173.56050027253 4403.21573582744 4609.91261173953 4733.61237213726 4840.90346644485 Inf 4442.76538127747 392.265080457044 -Inf 3673.93995118896 3797.54674096129 3940.05745330927 4178.18660514935 4442.76538127747 4707.34415740559 4945.47330924567 5087.98402159365 5211.59081136598 Inf
"48" 63.2323232323232 4270.2302276748 340.620275931452 -Inf 3602.62675444506 3709.95973139574 3833.70777979861 4040.48534285007 4270.2302276748 4499.97511249952 4706.75267555099 4830.50072395386 4937.83370090454 Inf 4544.16110478161 392.510833293543 -Inf 3774.85400798446 3898.53823702098 4041.13823188105 4279.41657088419 4544.16110478161 4808.90563867903 5047.18397768217 5189.78397254224 5313.46820157876 Inf
"49" 63.9393939393939 4336.60018365577 344.912168632806 -Inf 3660.58475530587 3769.2701521004 3894.57745396902 4103.96046119504 4336.60018365577 4569.2399061165 4778.62291334253 4903.93021521114 5012.61561200567 Inf 4547.91375249481 397.213813047755 -Inf 3769.38898475939 3894.55517142799 4038.86376852752 4279.9971069578 4547.91375249481 4815.83039803183 5056.96373646211 5201.27233356164 5326.43852023024 Inf
"50" 64.6464646464646 4359.92228542951 344.889098027926 -Inf 3683.95207463427 3792.63020164225 3917.92912191255 4127.2981238553 4359.92228542951 4592.54644700371 4801.91544894646 4927.21436921676 5035.89249622474 Inf 4483.49266712306 397.100093221371 -Inf 3705.19078615167 3830.32113852512 3974.5884209773 4215.65272444334 4483.49266712306 4751.33260980278 4992.39691326881 5136.664195721 5261.79454809444 Inf
"51" 65.3535353535354 4341.41856688581 337.494811953629 -Inf 3679.94089048758 3786.28900136658 3908.90156226346 4113.78177547873 4341.41856688581 4569.05535829289 4773.93557150816 4896.54813240504 5002.89624328404 Inf 4436.95128017836 388.886269254671 -Inf 3674.74819835706 3797.29028972319 3938.57347299624 4174.65147757409 4436.95128017836 4699.25108278263 4935.32908736048 5076.61227063353 5199.15436199966 Inf
"52" 66.0606060606061 4286.07013169377 331.971660910546 -Inf 3635.41763242116 3740.02534119996 3860.63132993742 4062.15864905404 4286.07013169377 4509.98161433351 4711.50893345012 4832.11492218759 4936.72263096639 Inf 4442.40009716963 382.646032272083 -Inf 3692.4276550892 3813.00338314831 3952.01947546191 4184.30927044891 4442.40009716963 4700.49092389035 4932.78071887735 5071.79681119096 5192.37253925006 Inf
"53" 66.7676767676768 4210.53948062469 332.077110922234 -Inf 3559.680303127 3664.32124029669 3784.96553924078 3986.55687303292 4210.53948062469 4434.52208821647 4636.11342200861 4756.75772095269 4861.39865812238 Inf 4453.40402233672 382.738745328507 -Inf 3703.2498660048 3823.85480890827 3962.9045840664 4195.25066160974 4453.40402233672 4711.55738306371 4943.90346060705 5082.95323576517 5203.55817866865 Inf
"54" 67.4747474747475 4140.44157063734 335.896877668749 -Inf 3482.09578788713 3587.94037312222 3709.97240119941 3913.8825695269 4140.44157063734 4367.00057174778 4570.91074007527 4692.94276815245 4798.78735338754 Inf 4410.7481136819 387.098180276048 -Inf 3652.04962185986 3774.02826786853 3914.66183472967 4149.65435876615 4410.7481136819 4671.84186859765 4906.83439263414 5047.46795949528 5169.44660550395 Inf
"55" 68.1818181818182 4089.54793391516 342.495006806408 -Inf 3418.2700556898 3526.19377975687 3650.6229217512 3858.5385623309 4089.54793391516 4320.55730549942 4528.47294607912 4652.90208807345 4760.82581214052 Inf 4309.36932386367 394.511362487987 -Inf 3536.14126189539 3660.45587840173 3803.78266964205 4043.27545352963 4309.36932386367 4575.4631941977 4814.95597808528 4958.2827693256 5082.59738583195 Inf
"56" 68.8888888888889 4051.59653134357 347.278801347068 -Inf 3370.94258810908 3480.37373538449 3606.54083979679 3817.3605393746 4051.59653134357 4285.83252331255 4496.65222289036 4622.81932730266 4732.25047457807 Inf 4192.89471905057 399.874742900957 -Inf 3409.15462463748 3535.15929786364 3680.4346162641 3923.18330360158 4192.89471905057 4462.60613449955 4705.35482183703 4850.63014023749 4976.63481346365 Inf
"57" 69.5959595959596 4017.65414828947 347.034530010483 -Inf 3337.47896807714 3446.83314292433 3572.9115030565 3783.58291483329 4017.65414828947 4251.72538174566 4462.39679352244 4588.47515365461 4697.8293285018 Inf 4102.4585026986 399.735578329295 -Inf 3318.99116583389 3444.95198686212 3590.17674648682 3832.84095232679 4102.4585026986 4372.07605307041 4614.74025891039 4759.96501853509 4885.92583956331 Inf
"58" 70.3030303030303 3988.44704881299 344.32505231757 -Inf 3313.58234729569 3422.08273765818 3547.17673895918 3756.20333028906 3988.44704881299 4220.69076733692 4429.7173586668 4554.8113599678 4663.3117503303 Inf 4044.5259619566 396.607661325578 -Inf 3267.18922976581 3392.16441174848 3536.25279267783 3777.01815954326 4044.5259619566 4312.03376436995 4552.79913123538 4696.88751216472 4821.8626941474 Inf
"59" 71.010101010101 3961.38031870001 339.021148720061 -Inf 3296.91107721129 3403.74015261456 3526.90723480509 3732.71402878863 3961.38031870001 4190.04660861139 4395.85340259494 4519.02048478546 4625.84956018873 Inf 4000.97306526767 390.543520135505 -Inf 3235.52183140659 3358.58613969039 3500.47140562472 3737.55546393078 4000.97306526767 4264.39066660457 4501.47472491063 4643.35999084496 4766.42429912876 Inf
"60" 71.7171717171717 3921.57756201273 335.641941160524 -Inf 3263.73144563699 3369.49569773781 3491.43510685603 3695.19051296404 3921.57756201273 4147.96461106142 4351.72001716943 4473.65942628765 4579.42367838847 Inf 3958.01828945708 386.87622527951 -Inf 3199.75482143443 3321.66352712478 3462.21645727813 3697.0742409115 3958.01828945708 4218.96233800266 4453.82012163602 4594.37305178937 4716.28175747972 Inf
"61" 72.4242424242424 3865.74184292267 339.783971382378 -Inf 3199.77749648922 3306.84694521439 3430.29116245062 3636.56103694434 3865.74184292267 4094.922648901 4301.19252339472 4424.63674063095 4531.70618935612 Inf 3923.01579712892 391.352316910275 -Inf 3155.97935071847 3279.29851924319 3421.47762271305 3659.05267065745 3923.01579712892 4186.97892360039 4424.55397154479 4566.73307501465 4690.05224353936 Inf
"62" 73.1313131313131 3827.96722670559 343.085205199951 -Inf 3155.53258088515 3263.64228257906 3388.2858448664 3596.5597723543 3827.96722670559 4059.37468105688 4267.64860854478 4392.29217083212 4500.40187252603 Inf 3915.13263427238 395.202916001684 -Inf 3140.54915232387 3265.08168450521 3408.65971856263 3648.57231818164 3915.13263427238 4181.69295036312 4421.60554998213 4565.18358403955 4689.71611622089 Inf
"63" 73.8383838383838 3855.54400340895 350.523908778229 -Inf 3168.52976648342 3278.98348072187 3406.3295393534 3619.11921973937 3855.54400340895 4091.96878707853 4304.7584674645 4432.10452609603 4542.55824033448 Inf 3939.35690403324 403.796042865604 -Inf 3147.93120291686 3275.1715183771 3421.87145313811 3667.00061195065 3939.35690403324 4211.71319611583 4456.84235492837 4603.54228968938 4730.78260514961 Inf
"64" 74.5454545454545 3948.50210145209 370.634219413935 -Inf 3222.07237996266 3338.86306137675 3473.51523731776 3698.51311938546 3948.50210145209 4198.49108351871 4423.48896558642 4558.14114152742 4674.93182294151 Inf 3973.62965253112 425.814853374348 -Inf 3139.0478758352 3273.22654654852 3427.92596055709 3686.42189844888 3973.62965253112 4260.83740661337 4519.33334450516 4674.03275851373 4808.21142922705 Inf
"65" 75.2525252525253 4040.1174038049 380.066688420601 -Inf 3295.20038277712 3414.96333287284 3553.04234424813 3783.76631807424 4040.1174038049 4296.46848953556 4527.19246336168 4665.27147473696 4785.03442483269 Inf 3992.28472827317 436.388111571175 -Inf 3136.97974631222 3274.49016019682 3433.03086070408 3697.94541991099 3992.28472827317 4286.62403663535 4551.53859584226 4710.07929634952 4847.58971023412 Inf
"66" 75.959595959596 4057.3124832026 365.442719585557 -Inf 3341.05791440254 3456.21270044929 3588.97879380085 3810.82511455836 4057.3124832026 4303.79985184684 4525.64617260435 4658.41226595591 4773.56705200266 Inf 4005.42750545243 420.468489666623 -Inf 3181.3244090719 3313.81838520548 3466.57545425799 3721.82581889186 4005.42750545243 4289.02919201299 4544.27955664686 4697.03662569938 4829.53060183296 Inf
"67" 76.6666666666667 3999.95921105116 347.365325444638 -Inf 3319.13568370163 3428.59409561637 3554.79263441167 3765.66485946522 3999.95921105116 4234.25356263709 4445.12578769064 4571.32432648595 4680.78273840068 Inf 4060.01909573549 400.132879578101 -Inf 3275.77306273211 3401.85907749891 3547.22817748631 3790.13356974362 4060.01909573549 4329.90462172736 4572.81001398467 4718.17911397207 4844.26512873887 Inf
"68" 77.3737373737374 3945.79238883842 347.754100277795 -Inf 3264.20687681781 3373.78779570925 3500.12757720286 3711.23581261239 3945.79238883842 4180.34896506445 4391.45720047398 4517.7969819676 4627.37790085903 Inf 4181.11102819546 400.637303230662 -Inf 3395.87634300011 3522.12130688445 3667.67366502464 3910.88527362018 4181.11102819546 4451.33678277074 4694.54839136628 4840.10074950647 4966.34571339081 Inf
"69" 78.0808080808081 3967.09455552093 362.20088514209 -Inf 3257.1938654739 3371.32711590993 3502.91544412544 3722.79377098064 3967.09455552093 4211.39534006122 4431.27366691642 4562.86199513193 4676.99524556795 Inf 4306.53893526061 416.220741544168 -Inf 3490.76127221549 3621.91673891925 3773.13059232255 4025.80231127006 4306.53893526061 4587.27555925116 4839.94727819867 4991.16113160197 5122.31659830573 Inf
"70" 78.7878787878788 4042.00264184397 366.966807730605 -Inf 3322.76091517035 3438.39595717748 3571.71575489391 3794.4872913675 4042.00264184397 4289.51799232044 4512.28952879403 4645.60932651046 4761.24436851759 Inf 4292.87615871983 422.222819572201 -Inf 3465.33463890736 3598.38142256482 3751.77584328842 4008.09119461949 4292.87615871983 4577.66112282017 4833.97647415124 4987.37089487484 5120.4176785323 Inf
"71" 79.4949494949495 4048.75524705411 443.760542184305 -Inf 3179.00056661291 3318.83410974431 3480.0532294909 3749.44330980935 4048.75524705411 4348.06718429888 4617.45726461733 4778.67638436392 4918.50992749532 Inf 4004.44937341623 506.801232147933 -Inf 3011.13721108576 3170.83552857423 3354.95746093712 3662.61713694571 4004.44937341623 4346.28160988676 4653.94128589535 4838.06321825824 4997.7615357467 Inf
"72" 80.2020202020202 3848.14540445268 764.873756178842 -Inf 2349.02038962227 2590.04003244191 2867.9202447777 3332.24589571607 3848.14540445268 4364.04491318928 4828.37056412765 5106.25077646344 5347.27041928308 Inf 3412.10294361855 843.602473086005 -Inf 1758.67247910106 2024.5003560578 2330.98287353788 2843.10172228197 3412.10294361855 3981.10416495513 4493.22301369922 4799.7055311793 5065.53340813604 Inf
"73" 80.9090909090909 3381.07654088462 1258.23946054351 -Inf 914.972514292232 1311.45680063616 1768.57779039509 2532.40692145577 3381.07654088462 4229.74616031347 4993.57529137415 5450.69628113308 5847.18056747701 Inf 2618.52767331431 1356.7869052058 -Inf -40.7257955846126 386.811811286291 879.735290837407 1703.38881255274 2618.52767331431 3533.66653407588 4357.32005579121 4850.24353534233 5277.78114221323 Inf
"74" 81.6161616161616 2705.69145578645 1761.15682733715 -Inf -746.112496921188 -191.153739289407 448.678166542966 1517.80922725969 2705.69145578645 3893.57368431321 4962.70474502994 5602.53665086231 6157.49540849409 Inf 1796.6629724925 1875.76304607029 -Inf -1879.76504133641 -1288.69267713775 -607.224095789584 531.480024121512 1796.6629724925 3061.84592086349 4200.55004077458 4882.01862212275 5473.09098632141 Inf
"75" 82.3232323232323 1958.04220081533 2158.88726229683 -Inf -2273.29907996874 -1593.01134275295 -808.683150015471 501.894870567239 1958.04220081533 3414.18953106343 4724.76755164614 5509.09574438361 6189.3834815994 Inf 1098.12411053079 2282.56014245318 -Inf -3375.61156122405 -2656.35321851819 -1827.09441347978 -441.439309759985 1098.12411053079 2637.68753082156 4023.34263454136 4852.60143957976 5571.85978228563 Inf
"76" 83.030303030303 1277.68659289928 2411.1180151077 -Inf -3448.0178791875 -2688.24961925865 -1812.28547407478 -348.587794803982 1277.68659289928 2903.96098060254 4367.65865987334 5243.62280505721 6003.39106498606 Inf 596.582366342439 2538.21328086547 -Inf -4378.22424923512 -3578.40695466552 -2656.2688374368 -1115.41647541289 596.582366342439 2308.58120809776 3849.43357012168 4771.5716873504 5571.38898192 Inf
"77" 83.7373737373737 751.115414320535 2539.78723733933 -Inf -4226.77609925903 -3426.46283470211 -2503.75289584187 -961.945044943663 751.115414320535 2464.17587358473 4005.98372448294 4928.69366334318 5729.00692790009 Inf 287.510140928596 2667.45510013783 -Inf -4940.60578571923 -4100.06305526332 -3130.97111867297 -1511.66098322263 287.510140928596 2086.68126507982 3705.99140053016 4675.0833371205 5515.62606757642 Inf
"78" 84.4444444444444 397.805989500609 2592.29784881777 -Inf -4683.00443138287 -3866.1445292658 -2924.3573770097 -1350.67233898233 397.805989500609 2146.28431798355 3719.96935601092 4661.75650826701 5478.61641038409 Inf 122.565283173483 2719.73423367154 -Inf -5208.01586234339 -4350.99943542524 -3362.91438185353 -1711.86758069537 122.565283173483 1956.99814704233 3608.0449482005 4596.1300017722 5453.14642869035 Inf
"79" 85.1515151515152 189.871984609812 2609.34788237262 -Inf -4924.35588797639 -4102.12334368894 -3154.14187909531 -1570.10641674637 189.871984609812 1949.850385966 3533.88584831494 4481.86731290856 5304.09985719601 Inf 46.000271023624 2736.56627966463 -Inf -5317.57107842582 -4455.25069947584 -3461.05052889715 -1799.78563534239 46.000271023624 1891.78617738964 3553.05107094439 4547.25124152309 5409.57162047306 Inf
"80" 85.8585858585859 81.7057614066485 2613.74513352363 -Inf -5041.14056506651 -4217.52240139646 -3267.94340639515 -1681.23854077993 81.7057614066485 1844.65006359323 3431.35492920844 4380.93392420976 5204.55208787981 Inf 15.0740079640815 2740.87343677168 -Inf -5356.93921429093 -4493.26160552477 -3497.49663589028 -1833.61703172313 15.0740079640815 1863.76504765129 3527.64465181844 4523.40962145293 5387.0872302191 Inf
"81" 86.5656565656566 31.7115287940401 2614.64785336882 -Inf -5092.9040960638 -4269.00147602054 -3319.0945210386 -1731.84164867541 31.7115287940401 1795.26470626349 3382.51757862668 4332.42453360862 5156.32715365188 Inf 4.24696390134939 2741.75137801963 -Inf -5369.4869915802 -4505.53273443344 -3509.44880693378 -1845.03623815888 4.24696390134939 1853.53016596157 3517.94273473648 4514.02666223614 5377.98091938289 Inf
"82" 87.2727272727273 11.1046596174745 2614.79596674129 -Inf -5113.80126211605 -4289.85197001503 -3339.89120513954 -1752.54841880358 11.1046596174745 1774.75773803853 3362.10052437449 4312.06128924997 5136.010581351 Inf 0.996425945273044 2741.89449924987 -Inf -5373.01804199295 -4509.01868586416 -3512.88276212652 -1848.38330991778 0.996425945273044 1850.37616180833 3514.87561401707 4511.0115377547 5375.0108938835 Inf
"83" 87.979797979798 3.50951395848776 2614.81547108587 -Inf -5121.43463558796 -4297.47919746594 -3347.51134662186 -1760.15671994307 3.50951395848776 1767.17574786005 3354.53037453883 4304.49822538291 5128.45366350493 Inf 0.179358983548471 2741.91323623357 -Inf -5373.87183276791 -4509.86657242149 -3513.72384149905 -1849.21301478296 0.179358983548471 1849.57173275006 3514.08255946614 4510.22529038858 5374.23055073501 Inf
"84" 88.6868686868687 1.00127740573324 2614.81753999182 -Inf -5123.94692712186 -4299.99083706614 -3350.02223458427 -1762.66635195168 1.00127740573324 1764.66890676315 3352.02478939573 4301.99339187761 5125.94948193333 Inf 0.0173342989931135 2741.91521317227 -Inf -5374.03773218112 -4510.03184888084 -3513.88839973249 -1849.37637289241 0.0173342989931135 1849.41104149039 3513.92306833048 4510.06651747882 5374.07240077911 Inf
"85" 89.3939393939394 0.257943821888055 2614.81771728802 -Inf -5124.69060819986 -4300.73446227628 -3350.76579538233 -1763.40980511999 0.257943821888055 1763.92569276377 3351.28168302611 4301.25034992005 5125.20649584364 Inf -0.00317825594549414 2741.91538176186 -Inf -5374.05857516559 -4510.05263874098 -3513.90912834368 -1849.3969991593 -0.00317825594549414 1849.39064264741 3513.90277183179 4510.04628222908 5374.0522186537 Inf
"86" 90.1010101010101 0.0600129816733158 2614.81772959146 -Inf -5124.88856315438 -4300.93241335386 -3350.96374199004 -1763.60774425876 0.0600129816733158 1763.7277702221 3351.08376795339 4301.0524393172 5125.00858911773 Inf -0.00230375227691202 2741.91539340866 -Inf -5374.05772348922 -4510.05178339458 -3513.90826876598 -1849.39613251127 -0.00230375227691202 1849.39152500672 3513.90366126143 4510.04717589002 5374.05311598466 Inf
"87" 90.8080808080808 0.0126122214035486 2614.81773028415 -Inf -5124.9359652723 -4300.9798152535 -3351.01114363803 -1763.65514548624 0.0126122214035486 1763.68036992904 3351.03636808083 4301.0050396963 5124.9611897151 Inf -0.000774442097827289 2741.91539406166 -Inf -5374.0561954589 -4510.0502551585 -3513.90674029266 -1849.39460364154 -0.000774442097827289 1849.39305475734 3513.90519140846 4510.0487062743 5374.0546465747 Inf
"88" 91.5151515151515 0.00239460418455543 2614.81773031584 -Inf -5124.94618295162 -4300.99003292284 -3351.02136129585 -1763.66536312483 0.00239460418455543 1763.6701523332 3351.02615050422 4300.9948221312 5124.95097215999 Inf -0.000195923286549041 2741.91539409142 -Inf -5374.05561699841 -4510.04967668863 -3513.90616181198 -1849.3940251428 -0.000195923286549041 1849.39363329622 3513.90576996541 4510.04928484205 5374.05522515184 Inf
"89" 92.2222222222222 0.000410804113873524 2614.81773031702 -Inf -5124.948166754 -4300.99201672485 -3351.02334509744 -1763.66734692569 0.000410804113873524 1763.66816853392 3351.02416670566 4300.99283833307 5124.94898836223 Inf -4.1086331547075e-05 2741.91539409252 -Inf -5374.05546216362 -4510.04952185349 -3513.90600697644 -1849.39387030659 -4.1086331547075e-05 1849.39378813392 3513.90592480378 4510.04943968082 5374.05537999096 Inf
"90" 92.9292929292929 6.36872227985835e-05 2614.81773031705 -Inf -5124.94851387096 -4300.9923638418 -3351.02369221437 -1763.66769404261 6.36872227985835e-05 1763.66782141706 3351.02381958882 4300.99249121624 5124.94864124541 Inf -7.40792099893668e-06 2741.91539409255 -Inf -5374.05542848527 -4510.04948817513 -3513.90597329807 -1849.3938366282 -7.40792099893668e-06 1849.39382181236 3513.90595848223 4510.04947335929 5374.05541366943 Inf
"91" 93.6363636363636 8.9235759812451e-06 2614.81773031705 -Inf -5124.94856863461 -4300.99241860544 -3351.02374697802 -1763.66774880626 8.9235759812451e-06 1763.66776665341 3351.02376482517 4300.99243645259 5124.94858648176 Inf -1.16901298878777e-06 2741.91539409255 -Inf -5374.05542224637 -4510.04948193623 -3513.90596705917 -1849.39383038929 -1.16901298878777e-06 1849.39382805127 3513.90596472114 4510.0494795982 5374.05541990834 Inf
"92" 94.3434343434343 1.13016716440492e-06 2614.81773031705 -Inf -5124.94857642802 -4300.99242639885 -3351.02375477143 -1763.66775659967 1.13016716440492e-06 1763.66775886 3351.02375703176 4300.99242865918 5124.94857868836 Inf -1.63086849587e-07 2741.91539409255 -Inf -5374.05542124044 -4510.0494809303 -3513.90596605324 -1849.39382938336 -1.63086849587e-07 1849.39382905719 3513.90596572707 4510.04948060412 5374.05542091427 Inf
"93" 95.0505050505051 1.29392003873118e-07 2614.81773031705 -Inf -5124.9485774288 -4300.99242739963 -3351.02375577221 -1763.66775760044 1.29392003873118e-07 1763.66775785923 3351.02375603099 4300.99242765841 5124.94857768758 Inf -2.02387387251904e-08 2741.91539409255 -Inf -5374.05542109759 -4510.04948078745 -3513.90596591039 -1849.39382924052 -2.02387387251904e-08 1849.39382920004 3513.90596586992 4510.04948074697 5374.05542105712 Inf
"94" 95.7575757575758 1.33928537525595e-08 2614.81773031705 -Inf -5124.9485775448 -4300.99242751563 -3351.0237558882 -1763.66775771644 1.33928537525595e-08 1763.66775774323 3351.02375591499 4300.99242754241 5124.94857757158 Inf -2.24329125859965e-09 2741.91539409255 -Inf -5374.0554210796 -4510.04948076946 -3513.9059658924 -1849.39382922252 -2.24329125859965e-09 1849.39382921803 3513.90596588791 4510.04948076497 5374.05542107511 Inf
"95" 96.4646464646465 1.25336063857639e-09 2614.81773031705 -Inf -5124.94857755694 -4300.99242752777 -3351.02375590034 -1763.66775772858 1.25336063857639e-09 1763.66775773109 3351.02375590285 4300.99242753027 5124.94857755944 Inf -2.22716721479948e-10 2741.91539409255 -Inf -5374.05542107758 -4510.04948076744 -3513.90596589038 -1849.3938292205 -2.22716721479948e-10 1849.39382922006 3513.90596588993 4510.04948076699 5374.05542107713 Inf
"96" 97.1717171717172 1.06059393614798e-10 2614.81773031705 -Inf -5124.94857755808 -4300.99242752891 -3351.02375590149 -1763.66775772973 1.06059393614798e-10 1763.66775772994 3351.0237559017 4300.99242752912 5124.94857755829 Inf -1.98457147412995e-11 2741.91539409255 -Inf -5374.05542107738 -4510.04948076723 -3513.90596589017 -1849.3938292203 -1.98457147412995e-11 1849.39382922026 3513.90596589013 4510.04948076719 5374.05542107733 Inf
"97" 97.8787878787879 8.11562903056688e-12 2614.81773031705 -Inf -5124.94857755818 -4300.99242752901 -3351.02375590159 -1763.66775772983 8.11562903056688e-12 1763.66775772984 3351.02375590161 4300.99242752903 5124.9485775582 Inf -1.58957152605147e-12 2741.91539409255 -Inf -5374.05542107736 -4510.04948076722 -3513.90596589016 -1849.39382922028 -1.58957152605147e-12 1849.39382922028 3513.90596589015 4510.04948076721 5374.05542107735 Inf
"98" 98.5858585858586 5.61593538408953e-13 2614.81773031705 -Inf -5124.94857755819 -4300.99242752902 -3351.0237559016 -1763.66775772983 5.61593538408953e-13 1763.66775772983 3351.0237559016 4300.99242752902 5124.94857755819 Inf -1.14574408920837e-13 2741.91539409255 -Inf -5374.05542107736 -4510.04948076721 -3513.90596589015 -1849.39382922028 -1.14574408920837e-13 1849.39382922028 3513.90596589015 4510.04948076721 5374.05542107735 Inf
"99" 99.2929292929293 3.51457762522613e-14 2614.81773031705 -Inf -5124.94857755819 -4300.99242752902 -3351.0237559016 -1763.66775772983 3.51457762522613e-14 1763.66775772983 3351.0237559016 4300.99242752902 5124.94857755819 Inf -7.43827336223423e-15 2741.91539409255 -Inf -5374.05542107736 -4510.04948076721 -3513.90596589015 -1849.39382922028 -7.43827336223423e-15 1849.39382922028 3513.90596589015 4510.04948076721 5374.05542107735 Inf
"100" 100 1.98928553086668e-15 2614.81773031705 -Inf -5124.94857755819 -4300.99242752902 -3351.0237559016 -1763.66775772983 1.98928553086668e-15 1763.66775772983 3351.0237559016 4300.99242752902 5124.94857755819 Inf -4.35245951276823e-16 2741.91539409255 -Inf -5374.05542107736 -4510.04948076721 -3513.90596589015 -1849.39382922028 -4.35245951276823e-16 1849.39382922028 3513.90596589015 4510.04948076721 5374.05542107735 Inf
