"mid_age" "mean_left" "std_left" "min_left" "l.q2.5" "l.q5" "l.q10" "l.q25" "l.q50" "l.q75" "l.q90" "l.q95" "l.q97.5" "max_left" "mean_right" "std_right" "min_right" "r.q2.5" "r.q5" "r.q10" "r.q25" "r.q50" "r.q75" "r.q90" "r.q95" "r.q97.5" "max_right"
"1" 55.8376067716463 4261.56803519568 335.476267386338 -Inf 3604.04663345053 3709.75868002912 3831.63789952366 4035.29273140956 4261.56803519568 4487.84333898181 4691.49817086771 4813.37739036224 4919.08943694084 Inf 4453.0954300632 358.335232124573 -Inf 3750.77128070724 3863.6864238386 3993.87035234417 4211.40198886104 4453.0954300632 4694.78887126536 4912.32050778224 5042.5044362878 5155.41957941916 Inf
"2" 56.2063971578567 4261.13546278151 335.504143201158 -Inf 3603.55942544327 3709.28025597984 3831.16960281536 4034.84135704401 4261.13546278151 4487.42956851901 4691.10132274765 4812.99066958318 4918.71150011975 Inf 4465.51498828368 358.364799409898 -Inf 3763.13288811336 3876.05734820257 4006.25201856385 4223.80160425063 4465.51498828368 4707.22837231673 4924.77795800351 5054.97262836479 5167.897088454 Inf
"3" 56.5700095892679 4263.92271625559 335.577250799621 -Inf 3606.20339065737 3711.94725815543 3833.86316513218 4037.57930019226 4263.92271625559 4490.26613231891 4693.98226737899 4815.89817435575 4921.64204185381 Inf 4474.04990862092 358.442608575897 -Inf 3771.51530528758 3884.46428385091 4014.68722244259 4232.28404310293 4474.04990862092 4715.81577413891 4933.41259479925 5063.63553339093 5176.58451195427 Inf
"4" 56.9298553237336 4268.18137734799 335.612738801293 -Inf 3610.39249654461 3716.14754667957 3838.07634652048 4041.81402499129 4268.18137734799 4494.5487297047 4698.2864081755 4820.21520801642 4925.97025815138 Inf 4475.05968342889 358.480476521069 -Inf 3772.45086028683 3885.41177143191 4015.64846752614 4233.26827637002 4475.05968342889 4716.85109048775 4934.47089933164 5064.70759542586 5177.66850657094 Inf
"5" 57.2866232153335 4271.64079248271 335.574707248383 -Inf 3613.9264521533 3719.66951815202 3841.58450105137 4045.29909201862 4271.64079248271 4497.98249294679 4701.69708391404 4823.61206681339 4929.35513281211 Inf 4468.30674132734 358.44003866105 -Inf 3765.77717493453 3878.72534369108 4008.9473486274 4226.54260919057 4468.30674132734 4710.0708734641 4927.66613402727 5057.88813896359 5170.83630772014 Inf
"6" 57.6405000118537 4272.53799438412 335.496033766473 -Inf 3614.97785124579 3720.6961264155 3842.58252707669 4046.24935837719 4272.53799438412 4498.82663039104 4702.49346169154 4824.37986235273 4930.09813752244 Inf 4456.94575454814 358.356186510941 -Inf 3754.58053534957 3867.50228142512 3997.69382270245 4215.23817982715 4456.94575454814 4698.65332926912 4916.19768639382 5046.38922767115 5159.3109737467 Inf
"7" 57.9915087480615 4270.24860569602 335.430004228351 -Inf 3612.81787807433 3718.51534665267 3840.37775864654 4044.00450593577 4270.24860569602 4496.49270545627 4700.11945274549 4821.98186473937 4927.6793333177 Inf 4446.12556883885 358.285698855089 -Inf 3743.89850290711 3856.79803759221 3986.96397055887 4204.46553731925 4446.12556883885 4687.78560035844 4905.28716711883 5035.45310008548 5148.35263477058 Inf
"8" 58.3392676251639 4265.29739410722 335.40026427735 -Inf 3607.9249557184 3713.61305293014 3835.46466033851 4039.07335363909 4265.29739410722 4491.52143457535 4695.13012787593 4816.9817352843 4922.66983249604 Inf 4440.76569351601 358.25388616254 -Inf 3738.60097931592 3851.4904894921 3981.64486484197 4199.12711933146 4440.76569351601 4682.40426770056 4899.88652219005 5030.04089753992 5142.9304077161 Inf
"9" 58.6831489196154 4258.8513709353 335.394452282581 -Inf 3601.4903238469 3707.17658963889 3829.02608553758 4032.63125059807 4258.8513709353 4485.07149127253 4688.67665633301 4810.5261522317 4916.2124180237 Inf 4443.40503690899 358.24765581001 -Inf 3741.25253397547 3854.14008090303 3984.29219275299 4201.77066503336 4443.40503690899 4685.03940878461 4902.51788106499 5032.66999291495 5145.55753984251 Inf
"10" 59.0223502114453 4252.02117523959 335.388413377046 -Inf 3594.67196418854 3700.35632705885 3822.20362901071 4025.80512808224 4252.02117523959 4478.23722239693 4681.83872146846 4803.68602342032 4909.37038629063 Inf 4453.07476075827 358.241231578216 -Inf 3750.93484908769 3863.82037167328 3993.97014958658 4211.44472196114 4453.07476075827 4694.7047995554 4912.17937192996 5042.32914984326 5155.21467242885 Inf
"11" 59.3560286719706 4245.34810874874 335.366139709811 -Inf 3588.04255328329 3693.71989749035 3815.55910737299 4019.14708495165 4245.34810874874 4471.54913254584 4675.1371101245 4796.97632000714 4902.6536642142 Inf 4465.68497726017 358.217466330539 -Inf 3763.59164461913 3876.46967852902 4006.61082247885 4224.07096787901 4465.68497726017 4707.29898664133 4924.7591320415 5054.90027599133 5167.77830990122 Inf
"12" 59.6832568085664 4238.69650082309 335.323060622596 -Inf 3581.47537881706 3687.13914835754 3808.962707519 4012.52453342877 4238.69650082309 4464.86846821741 4668.43029412719 4790.25385328864 4895.91762282912 Inf 4475.68394471716 358.171458247419 -Inf 3773.68078626203 3886.54432254839 4016.66875166679 4234.10096731649 4475.68394471716 4717.26692211783 4934.69913776753 5064.82356688593 5177.68710317229 Inf
"13" 60.0031711863633 4231.50642774756 335.262456707118 -Inf 3574.40408723319 3680.04875985219 3801.85030148622 4005.37533707305 4231.50642774756 4457.63751842207 4661.16255400889 4782.96409564292 4888.60876826193 Inf 4478.19286288016 358.106751894066 -Inf 3776.31652654717 3889.1596731914 4019.26059435823 4236.6535292516 4478.19286288016 4719.73219650872 4937.12513140209 5067.22605256893 5180.06919921315 Inf
"14" 60.3150011799021 4223.19720625323 335.192468984935 -Inf 3566.2320391537 3671.85465791654 3793.63077286683 3997.11332157997 4223.19720625323 4449.28109092649 4652.76363963963 4774.53975458992 4880.16237335276 Inf 4470.66765264615 358.032076869995 -Inf 3768.93767667089 3881.75729244157 4011.83108401822 4229.17868655592 4470.66765264615 4712.15661873638 4929.50422127408 5059.57801285073 5172.39762862142 Inf
"15" 60.6181063604382 4213.48529629376 335.121646625747 -Inf 3556.65893846753 3662.25924037145 3784.00962541264 3987.44918057586 4213.48529629376 4439.52141201166 4642.96096717487 4764.71135221607 4870.31165411998 Inf 4453.49680248557 357.956536220723 -Inf 3751.91488346225 3864.71069559193 3994.75704309498 4212.058787789 4453.49680248557 4694.93481718214 4912.23656187616 5042.28290937921 5155.07872150889 Inf
"16" 60.9120781757192 4202.49161782824 335.052597985894 -Inf 3545.80059284931 3651.37913681163 3773.10443633963 3976.50207471019 4202.49161782824 4428.48116094629 4631.87879931685 4753.60409884485 4859.18264280717 Inf 4429.49527314099 357.88285610335 -Inf 3728.05776449409 3840.83035925564 3970.84993862017 4188.10695492838 4429.49527314099 4670.8835913536 4888.14060766181 5018.16018702634 5130.93278178789 Inf
"17" 61.1966458695197 4190.66440587229 334.97969619087 -Inf 3534.11626578601 3639.67183763763 3761.37065179322 3964.72403426775 4190.66440587229 4416.60477747683 4619.95815995135 4741.65697410694 4847.21254595856 Inf 4402.73390533482 357.805006496171 -Inf 3701.4489791142 3814.1970426582 3944.18833909995 4161.39809588431 4402.73390533482 4644.06971478533 4861.27947156968 4991.27076801144 5104.01883155543 Inf
"18" 61.4719482713156 4178.59630134455 334.894610475907 -Inf 3522.2149261952 3627.74368665675 3749.4115889967 3952.71331918264 4178.59630134455 4404.47928350646 4607.7810136924 4729.44891603235 4834.9776764939 Inf 4377.23588097069 357.714132868675 -Inf 3676.12906378711 3788.84849210985 3918.80677397541 4135.96136485049 4377.23588097069 4618.51039709089 4835.66498796597 4965.62326983153 5078.34269815427 Inf
"19" 61.7385704588421 4166.86123177821 334.795465597797 -Inf 3510.67417701921 3616.17169590277 3737.80357870412 3941.04512182037 4166.86123177821 4392.67734173605 4595.9188848523 4717.55076765366 4823.04828653721 Inf 4356.04102712526 357.608294596722 -Inf 3655.1416491429 3767.82772672992 3897.7475573331 4114.83789783468 4356.04102712526 4597.24415641585 4814.33449691743 4944.25432752061 5056.94040510763 Inf
"20" 61.9973507907247 4155.93300032302 334.691783381693 -Inf 3499.94915897342 3605.41400651678 3727.00822135529 3930.18682295722 4155.93300032302 4381.67917768882 4584.85777929074 4706.45199412925 4811.91684167262 Inf 4340.81905087918 357.497683080399 -Inf 3640.13646748508 3752.78769023764 3882.66733544893 4099.6905279226 4340.81905087918 4581.94757383576 4798.97076630943 4928.85041152072 5041.50163427328 Inf
"21" 62.2494213384273 4146.16665195508 334.601456969218 -Inf 3490.35984712079 3595.79623187602 3717.35763094268 3920.48139882867 4146.16665195508 4371.8519050815 4574.97567296749 4696.53707203415 4801.97345678938 Inf 4331.90265241896 357.401369437613 -Inf 3631.40884029595 3744.02971362208 3873.87436788841 4090.83909202725 4331.90265241896 4572.96621281068 4789.93093694952 4919.77559121584 5032.39646454198 Inf
"22" 62.4961761992833 4137.83006219538 334.542510931252 -Inf 3482.13878947253 3587.55659972066 3709.09658357021 3912.18456756739 4137.83006219538 4363.47555682337 4566.56354082055 4688.1035246701 4793.52133491823 Inf 4328.58986978319 357.338532236694 -Inf 3628.21921631087 3740.82028898415 3870.64211436585 4087.56869243943 4328.58986978319 4569.61104712695 4786.53762520054 4916.35945058223 5028.96052325552 Inf
"23" 62.7390772243938 4131.15663266112 334.525080378489 -Inf 3475.49952319392 3580.91184089433 3702.44549218814 3905.52289476231 4131.15663266112 4356.79037055994 4559.86777313411 4681.40142442792 4786.81374212833 Inf 4329.5308726355 357.319939354671 -Inf 3629.19666054231 3741.79187440589 3871.60694495522 4088.52223600009 4329.5308726355 4570.53950927091 4787.45480031578 4917.26987086511 5029.86508472869 Inf
"24" 62.9794593397997 4126.38478373177 334.547531239185 -Inf 3470.68367138617 3576.10306358533 3697.64487132311 3900.73590295753 4126.38478373177 4352.033664506 4555.12469614042 4676.6665038782 4782.08589607736 Inf 4333.07746531187 357.34383948679 -Inf 3632.6964098205 3745.29915486326 3875.12290837986 4092.05270828232 4333.07746531187 4574.10222234143 4791.03202224389 4920.85577576049 5033.45852080324 Inf
"25" 63.2185995752944 4123.76487099124 334.598009213773 -Inf 3467.96482363344 3573.40012196522 3694.96026845522 3898.08194334053 4123.76487099124 4349.44779864194 4552.56947352725 4674.12962001725 4779.56491834903 Inf 4337.5739192321 357.397618647717 -Inf 3637.0874585222 3749.70714993559 3879.55044153221 4096.51288870973 4337.5739192321 4578.63494975448 4795.597396932 4925.44068852862 5038.06037994201 Inf
"26" 63.45746318449 4123.53909988102 334.66008047738 -Inf 3467.61739508208 3573.07225271193 3694.65494981995 3897.81430579923 4123.53909988102 4349.26389396281 4552.42324994209 4674.00594705011 4779.46080467996 Inf 4341.58327053417 357.463795347321 -Inf 3640.96710587642 3753.60765025329 3883.47498398129 4100.47760450621 4341.58327053417 4582.68893656212 4799.69155708704 4929.55889081505 5042.19943519191 Inf
"27" 63.6967368745778 4125.8780076926 334.719437082067 -Inf 3469.83996608623 3575.313527597 3696.91778908187 3900.11317818934 4125.8780076926 4351.64283719585 4554.83822630333 4676.44248778819 4781.91604929897 Inf 4344.05940151622 357.527138799679 -Inf 3643.3190859732 3755.97959052799 3885.86993706281 4102.91101097891 4344.05940151622 4585.20779205354 4802.24886596963 4932.13921250446 5044.79971705925 Inf
"28" 63.9366792022846 4130.78656027053 334.768113206023 -Inf 3474.65311521429 3580.1420150759 3701.76396069694 3904.98889922058 4130.78656027053 4356.58422132047 4559.80915984412 4681.43110546515 4786.92000532676 Inf 4344.45223546192 357.579141584259 -Inf 3643.60999633403 3756.28688750486 3886.19612675852 4103.26876957943 4344.45223546192 4585.63570134442 4802.70834416533 4932.61758341899 5045.29447458982 Inf
"29" 64.1771035385303 4137.99716323438 334.804014436711 -Inf 3481.793353059 3587.29356577024 3708.92855438239 3912.17528717232 4137.99716323438 4363.81903929644 4567.06577208636 4688.70076069852 4794.20097340976 Inf 4342.73173369578 357.617520103549 -Inf 3641.8142740523 3754.50325869207 3884.4264409409 4101.5223818954 4342.73173369578 4583.94108549617 4801.03702645066 4930.9602086995 5043.64919333927 Inf
"30" 64.4175494479864 4146.89667339496 334.826448007434 -Inf 3490.64889422891 3596.15617599065 3717.79931476529 3921.05966611938 4146.89667339496 4372.73368067053 4575.99403202462 4697.63717079926 4803.144452561 Inf 4339.3063166194 357.641478275575 -Inf 3638.34189982161 3751.03843392954 3880.97032023165 4098.08080527755 4339.3063166194 4580.53182796125 4797.64231300715 4927.57419930927 5040.27073341719 Inf
"31" 64.6572725136556 4156.51939788144 334.831459528166 -Inf 3500.26179631525 3605.77065725908 3727.41561672953 3930.6790103865 4156.51939788144 4382.35978537638 4585.62317903334 4707.2681385038 4812.77699944762 Inf 4334.84611399893 357.646773279225 -Inf 3633.87131918469 3746.56952180311 3876.50333179096 4093.61703123139 4334.84611399893 4576.07519676647 4793.1888962069 4923.12270619475 5035.82090881317 Inf
"32" 64.8953368321092 4165.63815135882 334.811467157629 -Inf 3509.41973411885 3614.92229525965 3736.55999146068 3939.81124851289 4165.63815135882 4391.46505420475 4594.71631125697 4716.35400745799 4821.85656859879 Inf 4330.05991057276 357.625343762397 -Inf 3629.1271168397 3741.81856679541 3871.74459139563 4088.84528179467 4330.05991057276 4571.27453935084 4788.37522974988 4918.3012543501 5030.99270430581 Inf
"33" 65.130888710721 4172.95193593695 334.760203224737 -Inf 3516.83399415916 3622.32040150373 3743.93947341226 3947.15961008831 4172.95193593695 4398.74426178559 4601.96439846164 4723.58347037017 4829.06987771474 Inf 4325.4905643962 357.570562822512 -Inf 3624.66513933236 3737.33932724652 3867.24544981835 4084.31288480058 4325.4905643962 4566.66824399183 4783.73567897406 4913.64180154589 5026.31598946004 Inf
"34" 65.3632339964472 4177.3042589419 334.679294065105 -Inf 3521.344896203 3626.80580823335 3748.3954856774 3951.56650549213 4177.3042589419 4403.04201239167 4606.2130322064 4727.80270965045 4833.2636216808 Inf 4321.39833395955 357.484216467826 -Inf 3620.74214464109 3733.38912392454 3863.26387668773 4080.27889409513 4321.39833395955 4562.51777382398 4779.53279123138 4909.40754399456 5022.05452327801 Inf
"35" 65.5918863627025 4177.87560745875 334.581197532051 -Inf 3522.10851039165 3627.53851118839 3749.09254995976 3952.20401911505 4177.87560745875 4403.54719580245 4606.65866495774 4728.21270372911 4833.64270452585 Inf 4317.74979818571 357.379604934855 -Inf 3617.29864370424 3729.91265881013 3859.74940598773 4076.70091772802 4317.74979818571 4558.79867864339 4775.75019038368 4905.58693756129 5018.20095266718 Inf
"36" 65.8166483777618 4174.30041257917 334.48589852028 -Inf 3518.7200981429 3624.12006923396 3745.63948567791 3948.69310244211 4174.30041257917 4399.90772271623 4602.96133948043 4724.48075592437 4829.88072701544 Inf 4314.28811460541 357.278014923869 -Inf 3614.03607288667 3726.61807592786 3856.41791524506 4073.30775556886 4314.28811460541 4555.26847364197 4772.15831396576 4901.95815328296 5014.54015632416 Inf
"37" 66.0375642771647 4166.68881827907 334.41330962213 -Inf 3511.25077546886 3616.62787304627 3738.12091779388 3941.1304686098 4166.68881827907 4392.24716794835 4595.25671876426 4716.74976351188 4822.12686108929 Inf 4310.64234698766 357.200636870536 -Inf 3610.54196346664 3723.09958388179 3852.8713115927 4069.71417865498 4310.64234698766 4551.57051532035 4768.41338238263 4898.18511009354 5010.74273050868 Inf
"38" 66.2548487503176 4155.57228366103 334.375675185743 -Inf 3500.20800299071 3605.57324156741 3727.05261364671 3930.03931803335 4155.57228366103 4381.10524928871 4584.09195367535 4705.57132575464 4810.93656433135 Inf 4306.4322877558 357.160493563468 -Inf 3606.41058367086 3718.95555451416 3848.71269807886 4065.53119567227 4306.4322877558 4547.33337983934 4764.15187743275 4893.90902099745 5006.45399184075 Inf
"39" 66.4689044567789 4141.79347494492 334.373628933803 -Inf 3486.4332048547 3591.79779863623 3713.27642730797 3916.2618894932 4141.79347494492 4367.32506039663 4570.31052258186 4691.78915125361 4797.15374503513 Inf 4301.34242227783 357.158254460625 -Inf 3601.32510675382 3713.86937203262 3843.62570212664 4060.44284044622 4301.34242227783 4542.24200410945 4759.05914242903 4888.81547252305 5001.35973780185 Inf
"40" 66.6801734831841 4126.38182225541 334.397187750404 -Inf 3470.97537773314 3576.34739514178 3697.83458278017 3900.83434662337 4126.38182225541 4351.92929788745 4554.92906173065 4676.41624936903 4781.78826677768 Inf 4295.16325208289 357.183295644311 -Inf 3595.09685674072 3707.64901275587 3837.41444036355 4054.24678022955 4295.16325208289 4536.07972393624 4752.91206380224 4882.67749140992 4995.22964742506 Inf
"41" 66.8891211435189 4110.42217069627 334.43047051132 -Inf 3454.9504931613 3560.33299831264 3681.83227764667 3884.85224618313 4110.42217069627 4335.99209520941 4539.01206374587 4660.5113430799 4765.89384823124 Inf 4287.79975818898 357.21871728383 -Inf 3587.66393770908 3700.22725544972 3830.00555181206 4046.85939480285 4287.79975818898 4528.74012157512 4745.59396456591 4875.37226092824 4987.93557866889 Inf
"42" 67.096184514909 4094.93574952577 334.457807916074 -Inf 3439.41049166205 3544.80161111278 3666.31082218231 3869.34738621333 4094.93574952577 4320.52411283821 4523.56067686923 4645.06988793876 4750.46100738949 Inf 4279.25934893969 357.247839262735 -Inf 3579.06645042998 3691.6389448078 3821.42782124511 4038.29934307728 4279.25934893969 4520.2193548021 4737.09087663428 4866.87975307158 4979.45224744941 Inf
"43" 67.301749353785 4080.7780994829 334.468805392277 -Inf 3425.2312869619 3530.62587183129 3652.1390783066 3855.18231848548 4080.7780994829 4306.37388048032 4509.41712065921 4630.93032713451 4736.3249120039 Inf 4269.62763108817 357.259585724086 -Inf 3569.41170993726 3681.98790574673 3811.78104969765 4028.65970235798 4269.62763108817 4510.59555981836 4727.47421247869 4857.26735642961 4969.84355223908 Inf
"44" 67.5060939631564 4068.56397723894 334.460747680911 -Inf 3413.03295754202 3518.42500334309 3639.93528243525 3842.97363108525 4068.56397723894 4294.15432339263 4497.19267204263 4618.70295113479 4724.09499693586 Inf 4259.04316400237 357.251046225898 -Inf 3558.84397996035 3671.41748488549 3801.20752641912 4018.08099507617 4259.04316400237 4500.00533292856 4716.87880158561 4846.66884311924 4959.24234804438 Inf
"45" 67.709503097083 4058.61328526719 334.437939784418 -Inf 3403.12696822596 3508.51182702261 3630.01381995896 3833.03832280591 4058.61328526719 4284.18824772847 4487.21275057542 4608.71474351177 4714.09960230842 Inf 4247.66741451922 357.226781706406 -Inf 3547.51578806151 3660.08164698523 3789.86287316891 4006.72161176271 4247.66741451922 4488.61321727572 4705.47195586952 4835.2531820532 4947.81904097692 Inf
"46" 67.9122746304228 4050.94446143995 334.408762250609 -Inf 3395.51533131414 3500.89099596768 3622.38238864585 3825.38917892615 4050.94446143995 4276.49974395374 4479.50653423405 4600.99792691221 4706.37359156576 Inf 4235.66752557724 357.195699840743 -Inf 3535.5768184568 3648.13288316272 3777.90281724053 3994.74268722054 4235.66752557724 4476.59236393393 4693.43223391394 4823.20216799175 4935.75823269767 Inf
"47" 68.1146438178676 4045.30681865551 334.382049486217 -Inf 3389.93004458583 3495.29729177063 3616.77897964643 3819.76955362749 4045.30681865551 4270.84408368352 4473.83465766458 4595.31634554038 4700.68359272518 Inf 4223.21642693182 357.167207128699 -Inf 3523.18156450081 3635.72865085805 3765.48823347484 3982.31080661735 4223.21642693182 4464.12204724628 4680.94462038879 4810.70420300558 4923.25128936282 Inf
"48" 68.3170682825158 4041.23401663507 334.364285209107 -Inf 3385.89205990874 3491.25370938583 3612.72894346314 3815.70873342989 4041.23401663507 4266.75929984025 4469.739089807 4591.2143238843 4696.5759733614 Inf 4210.48242158755 357.14822489979 -Inf 3510.48476364155 3623.02586850185 3752.77855483575 3969.58960459192 4210.48242158755 4451.37523858319 4668.18628833936 4797.93897467325 4910.48007953355 Inf
"49" 68.5200750786318 4038.13389125119 334.358656865932 -Inf 3382.80296587478 3488.16284180264 3609.63603109127 3812.61240430579 4038.13389125119 4263.65537819659 4466.63175141112 4588.10494069974 4693.46481662761 Inf 4197.65414965877 357.142176787814 -Inf 3497.66834579442 3610.20754483199 3739.95803387434 3956.76541205267 4197.65414965877 4438.54288726487 4655.3502654432 4785.10075448555 4897.63995352312 Inf
"50" 68.7243353328794 4035.37586950859 334.365815539137 -Inf 3380.03091339051 3485.39304509045 3606.86883513981 3809.84955411148 4035.37586950859 4260.90218490569 4463.88290387736 4585.35869392672 4690.72082562666 Inf 4184.95731069129 357.149786996999 -Inf 3484.95659109102 3597.49818818433 3727.25144203137 3944.0634400771 4184.95731069129 4425.85118130548 4642.66317935122 4772.41643319825 4884.95803029156 Inf
"51" 68.9305289935637 4032.37853577017 334.385537600703 -Inf 3376.99492512173 3482.36327144754 3603.84622656252 3806.83891804469 4032.37853577017 4257.91815349566 4460.91084497783 4582.39380009281 4687.76214641862 Inf 4172.68357836843 357.170837530889 -Inf 3472.64160047988 3585.18983081445 3714.95073236384 3931.77550938489 4172.68357836843 4413.59164735196 4630.41642437301 4760.1773259224 4872.72555625698 Inf
"52" 69.1393239558943 4028.68632561994 334.418116136945 -Inf 3373.2388622138 3478.61747437381 3600.11226533817 3803.12473400569 4028.68632561994 4254.2479172342 4457.26038590172 4578.75517686608 4684.13378902609 Inf 4161.2029766158 357.205641339833 -Inf 3461.09278451519 3573.65198189045 3703.42552773537 3920.27143281986 4161.2029766158 4402.13452041173 4618.98042549623 4748.75397134115 4861.3131687164 Inf
"53" 69.3511932247445 4024.03586949481 334.46446704775 -Inf 3368.49755997284 3473.89077778493 3595.40240813073 3798.44301466631 4024.03586949481 4249.62872432332 4452.6693308589 4574.1809612047 4679.57417901679 Inf 4150.96469290457 357.255153539667 -Inf 3450.75745867549 3563.33225785774 3693.12379158693 3909.99975363733 4150.96469290457 4391.9296321718 4608.8055942222 4738.59712795139 4851.17192713364 Inf
"54" 69.5664172885419 4018.39677859322 334.524581044335 -Inf 3362.74064780297 3468.15280815802 3589.6862780427 3792.76337749018 4018.39677859322 4244.03017969626 4447.10727914374 4568.64074902842 4674.05290938347 Inf 4142.45352168333 357.319330151898 -Inf 3442.12050360563 3554.71552550311 3684.53037472781 3901.44529594894 4142.45352168333 4383.46174741771 4600.37666863884 4730.19151786355 4842.78653976102 Inf
"55" 69.7848508443663 4011.97918702869 334.594835398615 -Inf 3356.18536023429 3461.61965846405 3583.17865190045 3786.29840008378 4011.97918702869 4237.6599739736 4440.77972215692 4562.33871559333 4667.77301382308 Inf 4136.11318681461 357.394278867909 -Inf 3435.63327195284 3548.25191096702 3678.09398921475 3895.05440893948 4136.11318681461 4377.17196468973 4594.13238441446 4723.97446266219 4836.59310167637 Inf
"56" 70.0060086083721 4005.17775609888 334.665984977865 -Inf 3349.24447869164 3454.70119689075 3576.28603911597 3779.44897949204 4005.17775609888 4230.90653270573 4434.06947308179 4555.65431530701 4661.11103350612 Inf 4132.21489423882 357.470133650048 -Inf 3431.58630673601 3544.22884837771 3674.09848482416 3891.10495309064 4132.21489423882 4373.324835387 4590.33130365348 4720.20094009993 4832.84348174163 Inf
"57" 70.2291464770559 3998.4545618664 334.723807877495 -Inf 3342.40795365841 3447.8828924521 3569.48874185595 3772.68678430643 3998.4545618664 4224.22233942638 4427.42038187686 4549.02623128071 4654.5011700744 Inf 4130.71974408146 357.531747926647 -Inf 3429.97039481558 3542.63235175402 3672.52437279417 3889.56824473525 4130.71974408146 4371.87124342767 4588.91511536875 4718.80713640891 4831.46909334734 Inf
"58" 70.4532645533295 3992.18926373513 334.753152862621 -Inf 3336.08514041317 3441.56932611561 3563.18583661305 3766.40169328347 3992.18926373513 4217.97683418679 4421.19269085722 4542.80920135466 4648.2933870571 Inf 4131.17971357439 357.562998236744 -Inf 3430.36911482622 3543.04091906104 3672.94429340327 3890.00713621433 4131.17971357439 4372.35229093446 4589.41513374552 4719.31850808775 4831.99031232257 Inf
"59" 70.6771827689539 3986.5402248469 334.743887136349 -Inf 3330.45426201471 3435.93552799084 3557.54867223082 3760.75890403263 3986.5402248469 4212.32154566116 4415.53177746297 4537.14492170295 4642.62618767908 Inf 4132.72396678328 357.55310437082 -Inf 3431.93275965599 3544.60144623118 3674.50122611153 3891.55806273438 4132.72396678328 4373.88987083219 4590.94670745504 4720.84648733539 4833.51517391058 Inf
"60" 70.8997613224821 3981.36908806806 334.69539171598 -Inf 3325.37817451322 3430.84415908009 3552.43968483388 3755.62047691777 3981.36908806806 4207.11769921835 4410.29849130224 4531.89401705603 4637.36000162291 Inf 4134.16509489347 357.50140605303 -Inf 3433.4752146071 3546.12761050689 3676.00860828181 3893.03406083001 4134.16509489347 4375.29612895693 4592.32158150513 4722.20257928005 4834.85497517984 Inf
"61" 71.1200831884882 3976.2647306882 334.616845545279 -Inf 3320.42776479905 3425.86899865399 3547.43598842205 3750.56909812496 3976.2647306882 4201.96036325143 4405.09347295435 4526.66046272241 4632.10169657735 Inf 4134.20669664994 357.417667729545 -Inf 3433.68094046173 3546.30694954846 3676.15752501784 3893.13214322737 4134.20669664994 4375.28125007251 4592.25586828204 4722.10644375142 4834.73245283815 Inf
"62" 71.3374545094229 3970.656077866 334.523515273883 -Inf 3315.00203594745 3420.41386046719 3541.94694315527 3745.0233956142 3970.656077866 4196.28876011779 4399.36521257672 4520.8982952648 4626.31011978454 Inf 4131.68840607255 357.318139891508 -Inf 3431.35772086235 3543.95236769645 3673.7667844971 3890.6809831566 4131.68840607255 4372.6958289885 4589.61002764799 4719.42444444865 4832.01909128275 Inf
"63" 71.551644086227 3963.95781304224 334.43146607699 -Inf 3308.48418423441 3413.86700309881 3535.3666441239 3738.38721703027 3963.95781304224 4189.52840905422 4392.54898196059 4514.04862298568 4619.43144185007 Inf 4125.79535951087 357.219939606791 -Inf 3425.65714332199 3538.22084622925 3667.99958666404 3884.85417168043 4125.79535951087 4366.73654734132 4583.5911323577 4713.36987279249 4825.93357569976 Inf
"64" 71.7628459204165 3955.70841528603 334.353706914344 -Inf 3300.38719163646 3405.7455077833 3527.21689874431 3730.19026703224 3955.70841528603 4181.22656353982 4384.19993182775 4505.67132278876 4611.02963893561 Inf 4116.1804476035 357.136949385919 -Inf 3416.20488925859 3528.74244108768 3658.49103100415 3875.2952358264 4116.1804476035 4357.0656593806 4573.86986420284 4703.61845411931 4816.1560059484 Inf
"65" 71.9717714848345 3945.65714988141 334.298885199303 -Inf 3290.44337481888 3395.7844160755 3517.23589019443 3720.1759783125 3945.65714988141 4171.13832145031 4374.07840956839 4495.52988368732 4600.87092494393 Inf 4102.98882803285 357.078419504004 -Inf 3403.12798614852 3515.64709460559 3645.37442049531 3862.14309406119 4102.98882803285 4343.83456200452 4560.6032355704 4690.33056146011 4802.84966991719 Inf
"66" 72.1798893778506 3933.78730831025 334.272057054285 -Inf 3278.62611544573 3383.95870287598 3505.40043027452 3708.32423205017 3933.78730831025 4159.25038457032 4362.17418634598 4483.61591374452 4588.94850117477 Inf 4086.79623888731 357.049773616748 -Inf 3386.9915419103 3499.5016237516 3629.21854253142 3845.96982627298 4086.79623888731 4327.62265150164 4544.3739352432 4674.09085402302 4786.60093586432 Inf
"67" 72.3890242879825 3920.34226061484 334.276283780955 -Inf 3265.17278351828 3370.50670283388 3491.94996581093 3694.87633347095 3920.34226061484 4145.80818775873 4348.73455541876 4470.17781839581 4575.5117377114 Inf 4068.5771440043 357.054295380501 -Inf 3368.76358453319 3481.27509122908 3610.99365277499 3827.74768150667 4068.5771440043 4309.40660650193 4526.16063523361 4655.87919677952 4768.39070347541 Inf
"68" 72.6013174582077 3905.84227406186 334.313402727016 -Inf 3250.60004516788 3355.94566104784 3477.40240941451 3680.35131056932 3905.84227406186 4131.33323755441 4334.28213870921 4455.73888707588 4561.08450295585 Inf 4049.68902755665 357.093940381673 -Inf 3349.79776531107 3462.32176455746 3592.05472921402 3808.83282491208 4049.68902755665 4290.54523020121 4507.32332589927 4637.05629055583 4749.58028980222 Inf
"69" 72.8192613760214 3891.11036857227 334.383553175065 -Inf 3235.73064732661 3341.09836833935 3462.5806025084 3665.57208932154 3891.11036857227 4116.648647823 4319.64013463614 4441.1223688052 4546.49008981793 Inf 4031.87742672411 357.168830426557 -Inf 3331.83938268777 3444.38698056297 3574.14715292722 3790.97071151188 4031.87742672411 4272.78414193635 4489.607700521 4619.36787288525 4731.91547076046 Inf
"70" 73.0456426419073 3877.31708013679 334.483441839137 -Inf 3221.74158070708 3327.14077767247 3448.6593015991 3651.71142700599 3877.31708013679 4102.92273326759 4305.97485867448 4427.49338260111 4532.8925795665 Inf 4017.29361578764 357.275416192474 -Inf 3317.04666748883 3429.62785164285 3559.42674683557 3776.31500956877 4017.29361578764 4258.2722220065 4475.1604847397 4604.95937993242 4717.54056408644 Inf
