"mid_age" "mean_left" "std_left" "min_left" "l.q2.5" "l.q5" "l.q10" "l.q25" "l.q50" "l.q75" "l.q90" "l.q95" "l.q97.5" "max_left" "mean_right" "std_right" "min_right" "r.q2.5" "r.q5" "r.q10" "r.q25" "r.q50" "r.q75" "r.q90" "r.q95" "r.q97.5" "max_right"
"1" 30 3.54868605751582e-09 2351.09078572961 -Inf -4608.05326441047 -3867.20020619599 -3013.04407718572 -1585.78663675153 3.54868605751582e-09 1585.78663675862 3013.04407719282 3867.20020620308 4608.05326441756 Inf 3.72922056007247e-09 2425.56392626239 -Inf -4754.01793767013 -3989.69762151162 -3108.48524702635 -1636.01800670562 3.72922056007247e-09 1636.01800671308 3108.48524703381 3989.69762151908 4754.01793767759 Inf
"2" 30.7070707070707 3.67702537424113e-08 2351.09078572961 -Inf -4608.05326437724 -3867.20020616277 -3013.0440771525 -1585.7866367183 3.67702537424113e-08 1585.78663679184 3013.04407722604 3867.20020623631 4608.05326445078 Inf 3.84865503636737e-08 2425.56392626239 -Inf -4754.01793763537 -3989.69762147687 -3108.48524699159 -1636.01800667086 3.84865503636737e-08 1636.01800674784 3108.48524706857 3989.69762155384 4754.01793771234 Inf
"3" 31.4141414141414 3.44530799846074e-07 2351.09078572961 -Inf -4608.05326406948 -3867.20020585501 -3013.04407684474 -1585.78663641054 3.44530799846074e-07 1585.78663709961 3013.0440775338 3867.20020654407 4608.05326475854 Inf 3.59116805785203e-07 2425.56392626239 -Inf -4754.01793731474 -3989.69762115624 -3108.48524667096 -1636.01800635023 3.59116805785203e-07 1636.01800706847 3108.4852473892 3989.69762187447 4754.01793803298 Inf
"4" 32.1212121212121 2.91874044436134e-06 2351.09078572961 -Inf -4608.05326149527 -3867.2002032808 -3013.04407427053 -1585.78663383633 2.91874044436134e-06 1585.78663967381 3013.04408010801 3867.20020911828 4608.05326733275 Inf 3.02929851341664e-06 2425.56392626239 -Inf -4754.01793464456 -3989.69761848605 -3108.48524400078 -1636.01800368005 3.02929851341664e-06 1636.01800973865 3108.48525005938 3989.69762454465 4754.01794070316 Inf
"5" 32.8282828282828 2.23521783381697e-05 2351.09078572961 -Inf -4608.05324206184 -3867.20018384736 -3013.04405483709 -1585.7866144029 2.23521783381697e-05 1585.78665910725 3013.04409954145 3867.20022855171 4608.05328676619 Inf 2.309735365174e-05 2425.56392626239 -Inf -4754.01791457651 -3989.697598418 -3108.48522393273 -1636.017983612 2.309735365174e-05 1636.0180298067 3108.48527012743 3989.6976446127 4754.01796077121 Inf
"6" 33.5353535353535 0.000154706025449464 2351.09078572961 -Inf -4608.05310970798 -3867.2000514935 -3013.04392248324 -1585.78648204905 0.000154706025449464 1585.7867914611 3013.04423189529 3867.20036090555 4608.05341912003 Inf 0.000159154522305778 2425.56392626239 -Inf -4754.01777851933 -3989.69746236082 -3108.48508787555 -1636.01784755482 0.000159154522305778 1636.01816586387 3108.4854061846 3989.69778066987 4754.01809682837 Inf
"7" 34.2424242424242 0.000967489300686169 2351.09078572943 -Inf -4608.05229692435 -3867.19923870993 -3013.04310969973 -1585.78566926565 0.000967489300686169 1585.78760424425 3013.04504467833 3867.20117368853 4608.05423190295 Inf 0.000990881082180604 2425.56392626222 -Inf -4754.01694679243 -3989.69663063398 -3108.48425614877 -1636.01701582815 0.000990881082180604 1636.01899759031 3108.48623791094 3989.69861239614 4754.0189285546 Inf
"8" 34.9494949494949 0.00546518563589654 2351.09078572402 -Inf -4608.04779921741 -3867.1947410047 -3013.03861199646 -1585.78117156566 0.00546518563589654 1585.79210193694 3013.04954236773 3867.20567137597 4608.05872958868 Inf 0.00557266458586 2425.56392625704 -Inf -4754.01236499878 -3989.69204884196 -3108.47967435864 -1636.01243404115 0.00557266458586 1636.02357937033 3108.49081968781 3989.70319417113 4754.02351032796 Inf
"9" 35.6565656565657 0.0278758601203714 2351.09078559145 -Inf -4608.02538828309 -3867.17233011216 -3013.01620115208 -1585.75876080176 0.0278758601203714 1585.814512522 3013.07195287232 3867.22808183239 4608.08114000334 Inf 0.0283019934883308 2425.56392612992 -Inf -4753.98963542073 -3989.66931930397 -3108.45694486682 -1635.98970462651 0.0283019934883308 1636.04630861349 3108.5135488538 3989.72592329094 4754.0462394077 Inf
"10" 36.3636363636364 0.128331835737845 2351.09078295278 -Inf -4607.92492713579 -3867.07186979632 -3012.91574179488 -1585.65830304639 0.128331835737845 1585.91496671787 3013.17240546636 3867.3285334678 4608.18159080727 Inf 0.129758429857947 2425.56392359285 -Inf -4753.8881740118 -3989.56785869449 -3108.35548517907 -1635.88824647891 0.129758429857947 1636.14776333863 3108.61500203879 3989.82737555421 4754.14769087152 Inf
"11" 37.0707070707071 0.532981027171645 2351.09074034917 -Inf -4607.52019444281 -3866.66715052818 -3012.51103800472 -1585.25362511926 0.532981027171645 1586.3195871736 3013.57700005906 3867.73311258252 4608.58615649715 Inf 0.536839786563628 2425.56388250816 -Inf -4753.48101213058 -3989.16070975948 -3107.94835117021 -1635.481137411 0.536839786563628 1636.55481698413 3109.02203074334 3990.23438933261 4754.5546917037 Inf
"12" 37.7777777777778 1.99579781286241 2351.09018332657 -Inf -4606.05628591288 -3865.20341752184 -3011.04750736584 -1583.79043262753 1.99579781286241 1587.78202825326 3015.03910299157 3869.19501314757 4610.04788153861 Inf 2.00328128060608 2425.56334359655 -Inf -4752.01351438918 -3987.69338183472 -3106.48121903315 -1634.0143324266 2.00328128060608 1638.02089498782 3110.48778159436 3991.69994439593 4756.02007695039 Inf
"13" 38.4848484848485 6.73397828519096 2351.08429880244 -Inf -4601.30657198519 -3860.45555786866 -3006.3017855724 -1579.048283104 6.73397828519096 1592.51623967438 3019.76974214279 3873.92351443904 4614.77452855558 Inf 6.73898151947609 2425.55763004973 -Inf -4747.26661580432 -3982.94828364764 -3101.73819658941 -1629.27477845897 6.73898151947609 1642.75274149792 3115.21615962836 3996.42624668659 4760.74457884328 Inf
"14" 39.1919191919192 20.4582494234637 2351.03420734638 -Inf -4587.48412339711 -3846.64889361721 -2992.5133196502 -1565.29022579204 20.4582494234637 1606.20672463896 3033.42981849712 3887.56539246413 4628.40062224404 Inf 20.4238798676212 2425.50880281357 -Inf -4733.48601783184 -3969.183071643 -3087.99072362032 -1615.5569466405 20.4238798676212 1656.40470637574 3128.83848335556 4010.03083137824 4774.33377756708 Inf
"15" 39.8989898989899 55.9207313833654 2350.69181203717 -Inf -4551.35055896269 -3810.6232214911 -2956.61204044574 -1529.59680170556 55.9207313833654 1641.43826447229 3068.45350321248 3922.46468425783 4663.19202172942 Inf 55.7294271912525 2425.17360395718 -Inf -4697.52349282203 -3933.32617126469 -3052.25560167752 -1580.02531112396 55.7294271912525 1691.48416550646 3163.71445606002 4044.78502564719 4808.98234720453 Inf
"16" 40.6060606060606 137.417123061827 2348.82034239664 -Inf -4466.18615419063 -3726.04853618669 -2872.7172639196 -1446.83812293676 137.417123061827 1721.67236906041 3147.55151004325 4000.88278231034 4741.02040031429 Inf 136.814071858249 2423.33273211869 -Inf -4612.83080565143 -3849.21356187739 -2968.81178482393 -1497.69901727047 136.814071858249 1771.32716098697 3242.43992854043 4122.84170559389 4886.45894936792 Inf
"17" 41.3131313131313 303.353137026849 2340.67799639167 -Inf -4284.29143530621 -3546.7195548635 -2696.3464136847 -1275.41018004884 303.353137026849 1882.11645410253 3303.0526877384 4153.4258289172 4890.9977093599 Inf 301.986983611776 2415.28164138519 -Inf -4431.87804602398 -3670.79778432996 -2793.32098513655 -1327.0957273393 301.986983611776 1931.06969456285 3397.2949523601 4274.77175155351 5035.85201324753 Inf
"18" 42.020202020202 601.238393176084 2312.58265158954 -Inf -3931.34031521155 -3202.62156891602 -2362.45552441977 -958.574901802334 601.238393176084 2161.0516881545 3564.93231077194 4405.09835526818 5133.81710156371 Inf 599.010593495494 2387.34429879247 -Inf -4080.09825083479 -3327.82133515523 -2460.49423011598 -1011.22866622908 599.010593495494 2209.24985322007 3658.51541710697 4525.84252214621 5278.11943782577 Inf
"19" 42.7272727272727 1069.69026714235 2235.75364035686 -Inf -3312.3063462614 -2607.79721716858 -1795.54331082902 -438.302647241926 1069.69026714235 2577.68318152663 3934.92384511372 4747.17775145328 5451.6868805461 Inf 1067.6000648235 2310.49356879204 -Inf -3460.88411652032 -2732.82366185214 -1893.41658544267 -490.804165220698 1067.6000648235 2626.0042948677 4028.61671508967 4868.02379149914 5596.08424616732 Inf
"20" 43.4343434343434 1709.39177623051 2068.66636681629 -Inf -2345.11979875875 -1693.2616001798 -941.710844752376 314.097515237548 1709.39177623051 3104.68603722346 4360.49439721339 5112.04515264081 5763.90335121976 Inf 1710.71688264266 2142.34704608139 -Inf -2488.20617006263 -1813.13042629308 -1034.81132820279 265.725758697912 1710.71688264266 3155.70800658741 4456.24509348811 5234.5641915784 5909.63993534795 Inf
"21" 44.1414141414141 2458.47943484441 1777.98761151723 -Inf -1026.31224868775 -466.049936634492 179.896627785598 1259.24501490042 2458.47943484441 3657.71385478839 4737.06224190321 5383.0088063233 5943.27111837656 Inf 2469.57425548711 1848.06337212168 -Inf -1152.56339501903 -570.219484983403 101.185747718939 1223.07445327823 2469.57425548711 3716.07405769599 4837.96276325529 5509.36799595763 6091.71190599325 Inf
"22" 44.8484848484848 3196.29715754389 1372.65250184177 -Inf 505.947690645228 938.484711345448 1437.17219485986 2270.45711447061 3196.29715754389 4122.13720061717 4955.42212022792 5454.10960374233 5886.64662444255 Inf 3226.13622789585 1435.28439673509 -Inf 413.030502722777 865.303482219282 1386.74526225826 2258.05161368167 3226.13622789585 4194.22084211003 5065.52719353344 5586.96897357241 6039.24195306892 Inf
"23" 45.5555555555556 3787.75688346479 925.855860764885 -Inf 1973.11274149029 2264.85951285139 2601.22485563291 3163.27659521991 3787.75688346479 4412.23717170968 4974.28891129667 5310.65425407819 5602.4010254393 Inf 3846.07956720189 977.769044482661 -Inf 1929.68745481773 2237.7926080637 2593.01811750408 3186.58436863931 3846.07956720189 4505.57476576446 5099.14101689969 5454.36652634007 5762.47167958604 Inf
"24" 46.2626262626263 4149.02034204164 561.115154325038 -Inf 3049.25484838493 3226.06804531267 3429.92233756559 3770.55392176971 4149.02034204164 4527.48676231357 4868.1183465177 5071.97263877062 5248.78583569835 Inf 4243.78587939557 602.473387911037 -Inf 3062.95973744611 3252.80534214836 3471.68516591922 3837.42375448367 4243.78587939557 4650.14800430747 5015.88659287192 5234.76641664278 5424.61202134503 Inf
"25" 46.969696969697 4290.06405198867 385.201030883824 -Inf 3535.08390464868 3656.46473923397 3796.40906781011 4030.24990489257 4290.06405198867 4549.87819908478 4783.71903616723 4923.66336474338 5045.04419932867 Inf 4424.50840656342 419.769919742825 -Inf 3601.77448207421 3734.04833158931 3886.55160874847 4141.37789825625 4424.50840656342 4707.63891487059 4962.46520437837 5114.96848153753 5247.24233105263 Inf
"26" 47.6767676767677 4300.6956867337 350.575083734175 -Inf 3613.5811487376 3724.05098873473 3851.41563933324 4064.23638608087 4300.6956867337 4537.15498738654 4749.97573413416 4877.34038473267 4987.8102247298 Inf 4469.45253898619 382.459182381742 -Inf 3719.84631596134 3840.36316568468 3979.31137504796 4211.48774060133 4469.45253898619 4727.41733737105 4959.59370292442 5098.54191228769 5219.05876201104 Inf
"27" 48.3838383838384 4289.31588794111 342.672274838152 -Inf 3617.69057075792 3725.67015381786 3850.16369765355 4058.1869508864 4289.31588794111 4520.44482499582 4728.46807822868 4852.96162206436 4960.9412051243 Inf 4475.27315277855 373.925429188773 -Inf 3742.39277866487 3860.22055436801 3996.06843360474 4223.06428345305 4475.27315277855 4727.48202210405 4954.47787195236 5090.32575118909 5208.15352689223 Inf
"28" 49.0909090909091 4318.55522787593 338.3654585709 -Inf 3655.37111546458 3761.99357611049 3884.92244471817 4090.33119424946 4318.55522787593 4546.7792615024 4752.18801103368 4875.11687964137 4981.73934028727 Inf 4496.86656618789 369.304758913797 -Inf 3773.0425393976 3889.4142940381 4023.58347423885 4247.7742916019 4496.86656618789 4745.95884077388 4970.14965813694 5104.31883833769 5220.69059297818 Inf
"29" 49.7979797979798 4379.7920460586 337.408442041864 -Inf 3718.48365157678 3824.804546402 3947.38572893189 4152.21351027173 4379.7920460586 4607.37058184547 4812.19836318532 4934.77954571521 5041.10044054042 Inf 4533.58495190537 368.258338532893 -Inf 3811.81187137434 3927.85388811442 4061.64290163369 4285.1984771407 4533.58495190537 4781.97142667005 5005.52700217705 5139.31601569632 5255.3580324364 Inf
"30" 50.5050505050505 4419.62186535813 337.091633669517 -Inf 3758.9344038761 3865.15546910183 3987.62155449697 4192.25701357119 4419.62186535813 4646.98671714507 4851.62217621929 4974.08826161443 5080.30932684015 Inf 4557.3897954968 367.918585899834 -Inf 3836.28261789022 3952.2175750566 4085.88315574391 4309.23248040072 4557.3897954968 4805.54711059287 5028.89643524968 5162.56201593699 5278.49697310338 Inf
"31" 51.2121212121212 4398.15054836368 336.741447364871 -Inf 3738.14943942664 3844.26015732068 3966.59901930947 4171.02189364988 4398.15054836368 4625.27920307748 4829.70207741788 4952.04093940667 5058.15165730072 Inf 4550.783849891 367.535323995646 -Inf 3830.42785181328 3946.24203918398 4079.76838003144 4302.88504102094 4550.783849891 4798.68265876106 5021.79931975056 5155.32566059803 5271.13984796873 Inf
"32" 51.9191919191919 4332.69939442427 336.29506484119 -Inf 3673.57317915697 3779.54323729436 3901.71992759212 4105.87182014736 4332.69939442427 4559.52696870118 4763.67886125642 4885.85555155418 4991.82560969156 Inf 4523.6213818902 367.055756843621 -Inf 3804.20531815861 3919.86838895255 4053.22050206509 4276.04603614871 4523.6213818902 4771.19672763168 4994.0222617153 5127.37437482784 5243.03744562178 Inf
"33" 52.6262626262626 4282.25228968098 335.992902711465 -Inf 3623.71830130544 3729.59314502607 3851.66005919922 4055.62852066346 4282.25228968098 4508.87605869849 4712.84452016273 4834.91143433588 4940.78627805652 Inf 4499.76132089118 366.726326751749 -Inf 3780.99092827508 3896.55019223497 4029.78262271605 4252.40817237006 4499.76132089118 4747.11446941229 4969.7400190663 5102.97244954738 5218.53171350727 Inf
"34" 53.3333333333333 4282.02106069155 335.796485073114 -Inf 3623.87204381311 3729.68499430149 3851.68054954173 4055.52977335787 4282.02106069155 4508.51234802524 4712.36157184137 4834.35712708162 4940.17007757 Inf 4490.53225229521 366.51492475275 -Inf 3772.17619998342 3887.66884898381 4020.82447668287 4243.3216922556 4490.53225229521 4737.74281233483 4960.24002790756 5093.39565560662 5208.88830460701 Inf
"35" 54.040404040404 4303.42008800454 335.825068703066 -Inf 3645.21504824084 3751.03700572708 3873.04294545901 4076.90952130543 4303.42008800454 4529.93065470366 4733.79723055008 4855.80317028201 4961.62512776824 Inf 4485.45775102154 366.545240910792 -Inf 3767.04228013183 3882.54448206762 4015.71112368939 4238.22674304405 4485.45775102154 4732.68875899902 4955.20437835369 5088.37101997546 5203.87322191125 Inf
"36" 54.7474747474747 4295.90453191875 335.913119818757 -Inf 3637.5269151395 3743.37661844429 3865.41454732805 4069.33457564461 4295.90453191875 4522.47448819289 4726.39451650945 4848.43244539322 4954.282148698 Inf 4472.27207970431 366.639373811213 -Inf 3753.67211172001 3869.20397590772 4002.40481620626 4224.97758005033 4472.27207970431 4719.56657935828 4942.13934320236 5075.3401835009 5190.8720476886 Inf
"37" 55.4545454545455 4259.00817161085 335.800076763923 -Inf 3600.85211514777 3706.66619741513 3828.66305752405 4032.51446171853 4259.00817161085 4485.50188150317 4689.35328569765 4811.35014580657 4917.16422807392 Inf 4458.94953055925 366.518502059846 -Inf 3740.58646685439 3856.08024310129 3989.2371704434 4211.73655766267 4458.94953055925 4706.16250345584 4928.66189067511 5061.81881801721 5177.31259426412 Inf
"38" 56.1616161616162 4241.73044047965 335.720898096068 -Inf 3583.72957135391 3689.51870360292 3811.48679793859 4015.29013578723 4241.73044047965 4468.17074517207 4671.9740830207 4793.94217735637 4899.73130960538 Inf 4463.19675444098 366.432307172473 -Inf 3745.00262961101 3860.46924495614 3993.59485751797 4216.04191911244 4463.19675444098 4710.35158976951 4932.79865136398 5065.92426392581 5181.39087927094 Inf
"39" 56.8686868686869 4266.69261965703 335.728039629169 -Inf 3608.67775338362 3714.46913600368 3836.43982487305 4040.24749807373 4266.69261965703 4493.13774124033 4696.94541444101 4818.91610331037 4924.70748593043 Inf 4481.42546695292 366.4399246857 -Inf 3763.21641207137 3878.68542777382 4011.81380779391 4234.26549368979 4481.42546695292 4728.58544021604 4951.03712611192 5084.16550613201 5199.63452183446 Inf
"40" 57.5757575757576 4291.75127003854 335.737051601761 -Inf 3633.71874062342 3739.51296300938 3861.48692594697 4065.30006997209 4291.75127003854 4518.20247010498 4722.0156141301 4843.98957706769 4949.78379945365 Inf 4485.33720541563 366.449789898961 -Inf 3767.10881507139 3882.58093940471 4015.71290347712 4238.17057816727 4485.33720541563 4732.50383266398 4954.96150735413 5088.09347142654 5203.56559575986 Inf
"41" 58.2828282828283 4269.24955351849 335.693409087152 -Inf 3611.30256186021 3717.08303203779 3839.04113955985 4042.82778988083 4269.24955351849 4495.67131715616 4699.45796747714 4821.4160749992 4927.19654517678 Inf 4456.95276055622 366.401849428431 -Inf 3738.81833180763 3854.27534960214 3987.38989680278 4209.81846866386 4456.95276055622 4704.08705244859 4926.51562430966 5059.6301715103 5175.08718930481 Inf
"42" 58.989898989899 4214.33726510626 335.580456944274 -Inf 3556.61165557998 3662.35653336743 3784.27360514315 3987.99168653122 4214.33726510626 4440.68284368129 4644.40092506936 4766.31799684508 4872.06287463253 Inf 4412.99918036035 366.280399269544 -Inf 3695.10278954909 3810.5215371406 3943.59196124816 4165.94680535531 4412.99918036035 4660.05155536538 4882.40639947253 5015.47682358009 5130.8955711716 Inf
"43" 59.6969696969697 4180.90391519065 335.543041150421 -Inf 3523.25163927278 3628.98472695605 3750.88820549673 3954.58357318507 4180.90391519065 4407.22425719623 4610.91962488457 4732.82310342525 4838.55619110852 Inf 4383.22132864418 366.239310708776 -Inf 3665.40546993221 3780.81127009265 3913.86676664138 4136.19666745224 4383.22132864418 4630.24598983613 4852.57589064699 4985.63138719572 5101.03718735616 Inf
"44" 60.4040404040404 4186.53469146563 335.535519289001 -Inf 3528.89715812524 3634.62787559207 3756.52862142499 3960.21942287848 4186.53469146563 4412.84996005278 4616.54076150627 4738.44150733919 4844.17222480602 Inf 4375.6187273322 366.231090544515 -Inf 3657.81897984612 3773.22218974766 3906.27469989377 4128.59961055679 4375.6187273322 4622.63784410761 4844.96275477063 4978.01526491674 5093.41847481828 Inf
"45" 61.1111111111111 4198.46919694923 335.503486897816 -Inf 3540.89444594191 3646.61506967049 3768.50417806966 3972.17553388161 4198.46919694923 4424.76286001685 4628.4342158288 4750.32332422797 4856.04394795655 Inf 4375.69596232825 366.196591210431 -Inf 3657.96383229447 3773.3561710985 3906.39614756542 4128.70011500007 4375.69596232825 4622.69180965643 4844.99577709107 4978.03575355799 5093.42809236203 Inf
"46" 61.8181818181818 4188.39833577279 335.467924984583 -Inf 3530.89328483462 3636.60270263601 3758.4788913188 3962.12865885114 4188.39833577279 4414.66801269444 4618.31778022678 4740.19396890957 4845.90338671096 Inf 4369.81314960157 366.157644771539 -Inf 3652.15735318535 3767.5374195631 3900.56324670848 4122.84357124723 4369.81314960157 4616.78272795592 4839.06305249466 4972.08887964005 5087.4689460178 Inf
"47" 62.5252525252525 4164.87858626721 335.407134901379 -Inf 3507.49268170274 3613.18294391927 3735.03704743952 3938.64991163359 4164.87858626721 4391.10726090082 4594.7201250949 4716.57422861514 4822.26449083168 Inf 4354.10374421402 366.092139343042 -Inf 3636.57633607843 3751.93576101719 3884.93778990537 4107.17834859978 4354.10374421402 4601.02913982825 4823.26969852266 4956.27172741084 5071.6311523496 Inf
"48" 63.2323232323232 4146.95615576911 335.362915620019 -Inf 3489.65691940352 3595.3332476665 3717.17128623067 3920.75730658753 4146.95615576911 4373.15500495068 4576.74102530754 4698.57906387172 4804.25539213469 Inf 4328.30350040929 366.043967699888 -Inf 3610.87050695937 3726.21475251442 3859.19928054534 4081.41059607461 4328.30350040929 4575.19640474397 4797.40772027324 4930.39224830416 5045.73649385921 Inf
"49" 63.9393939393939 4136.68722328243 335.354105903472 -Inf 3479.40525364399 3585.07880587403 3706.91364385002 3910.49431616436 4136.68722328243 4362.88013040049 4566.46080271483 4688.29564069082 4793.96919292086 Inf 4297.84786721561 366.034599718527 -Inf 3580.43323467176 3695.77452827886 3828.75565290284 4050.96128148834 4297.84786721561 4544.73445294288 4766.94008152838 4899.92120615236 5015.26249975946 Inf
"50" 64.6464646464646 4128.75996540795 335.363947014475 -Inf 3471.45870754638 3577.13536081243 3698.97377408433 3902.56042056138 4128.75996540795 4354.95951025451 4558.54615673157 4680.38457000347 4786.06122326952 Inf 4277.80492453586 366.04485408099 -Inf 3560.3701938109 3675.71471867383 3808.69956872883 4030.91142234622 4277.80492453586 4524.69842672551 4746.9102803429 4879.8951303979 4995.23965526082 Inf
"51" 65.3535353535354 4123.90474966077 335.296431059198 -Inf 3466.73582063992 3572.39119892916 3694.20508351534 3897.75074363401 4123.90474966077 4350.05875568752 4553.6044158062 4675.41830039237 4781.07367868161 Inf 4278.2081350066 365.971585529877 -Inf 3560.91700800302 3676.2384451866 3809.19667662594 4031.36405170368 4278.2081350066 4525.05221830951 4747.21959338725 4880.17782482659 4995.49926201017 Inf
"52" 66.0606060606061 4119.94062275192 335.196550933656 -Inf 3462.96745517991 3568.59136020707 3690.36895813774 3893.85398484609 4119.94062275192 4346.02726065775 4549.5122873661 4671.28988529677 4776.91379032393 Inf 4286.7633976854 365.863942829845 -Inf 3569.68324649708 3684.97076435096 3817.88988897549 4039.99191828034 4286.7633976854 4533.53487709045 4755.6369063953 4888.55603101983 5003.84354887371 Inf
"53" 66.7676767676768 4106.40339802062 335.195139465252 -Inf 3449.43299687584 3555.05645713469 3676.83354227598 3880.31771213576 4106.40339802062 4332.48908390548 4535.97325376525 4657.75033890654 4763.37379916539 Inf 4280.22965502422 365.861886892334 -Inf 3563.15353339938 3678.44040340606 3811.35878110425 4033.45956232795 4280.22965502422 4526.9997477205 4749.10052894419 4882.01890664239 4997.30577664906 Inf
"54" 67.4747474747475 4080.08543087374 335.216280545326 -Inf 3423.07359397343 3528.70371600558 3650.48848174484 3853.98548554707 4080.08543087374 4306.18537620042 4509.68238000264 4631.4671457419 4737.09726777406 Inf 4252.28753260983 365.884970504452 -Inf 3535.1661679366 3650.46031182855 3783.38707585061 4005.50187025378 4252.28753260983 4499.07319496588 4721.18798936905 4854.11475339111 4969.40889728306 Inf
"55" 68.1818181818182 4053.79162673146 335.226887537865 -Inf 3396.75900050779 3502.39246491315 3624.18108419467 3827.68452709704 4053.79162673146 4279.89872636589 4483.40216926826 4605.19078854977 4710.82425295514 Inf 4217.75854367659 365.896431386139 -Inf 3500.61471608803 3615.9124714225 3748.84339920651 3970.96515107332 4217.75854367659 4464.55193627987 4686.67368814668 4819.60461593069 4934.90237126516 Inf
"56" 68.8888888888889 4039.60886785474 335.248821017736 -Inf 3382.53325280046 3488.17362867251 3609.97021643247 3813.48697431295 4039.60886785474 4265.73076139652 4469.247519277 4591.04410703696 4696.68448290901 Inf 4191.04762802777 365.92027387819 -Inf 3473.85707001349 3589.16233836415 3722.10192817467 3944.23815390799 4191.04762802777 4437.85710214755 4659.99332788087 4792.93291769139 4908.23818604205 Inf
"57" 69.5959595959596 4032.69248137242 335.30117207388 -Inf 3375.51426013355 3481.17113236562 3602.9867393722 3806.53527757986 4032.69248137242 4258.84968516499 4462.39822337264 4584.21383037922 4689.87070261129 Inf 4173.83965133395 365.977093579196 -Inf 3456.53772875208 3571.86090157905 3704.82113410406 3926.99185290823 4173.83965133395 4420.68744975967 4642.85816856383 4775.81840108884 4891.14157391581 Inf
"58" 70.3030303030303 4019.65349629588 335.366118672311 -Inf 3362.34798206317 3468.02531964109 3589.86452188077 3793.45248668836 4019.65349629588 4245.8545059034 4449.442470711 4571.28167295067 4676.9590105286 Inf 4162.5813992698 366.04708950562 -Inf 3445.14228719308 3560.48751646145 3693.47317865083 3915.68638930915 4162.5813992698 4409.47640923045 4631.68961988877 4764.67528207815 4880.02051134653 Inf
"59" 71.010101010101 3994.97544143598 335.330383341974 -Inf 3337.73996716371 3443.40604416891 3565.23226368941 3768.7985349425 3994.97544143598 4221.15234792947 4424.71861918256 4546.54483870306 4652.21091570826 Inf 4152.57057920445 366.008416763231 -Inf 3435.20726430999 3550.54030739669 3683.51191969903 3905.70165361216 4152.57057920445 4399.43950479675 4621.62923870987 4754.60085101222 4869.93389409891 Inf
"60" 71.7171717171717 3962.01557422105 335.232365022808 -Inf 3304.97221232416 3410.60740274176 3532.39801200485 3735.90478007917 3962.01557422105 4188.12636836292 4391.63313643725 4513.42374570034 4619.05893611794 Inf 4133.67072773654 365.902668185016 -Inf 3416.5146762468 3531.8143968612 3664.74759048709 3886.87312847635 4133.67072773654 4380.46832699673 4602.593864986 4735.52705861189 4850.82677922628 Inf
"61" 72.4242424242424 3925.49964550927 335.232689471628 -Inf 3268.45564770437 3374.09094035916 3495.88166749517 3699.38863252999 3925.49964550927 4151.61065848855 4355.11762352336 4476.90835065937 4582.54364331416 Inf 4098.5868318359 365.902913011378 -Inf 3381.43030049531 3496.73009825703 3629.66338082884 3851.78906744284 4098.5868318359 4345.38459622897 4567.51028284297 4700.44356541478 4815.7433631765 Inf
"62" 73.1313131313131 3891.54624576293 335.354310273041 -Inf 3234.2638755675 3339.93749219651 3461.77240442038 3665.35320079968 3891.54624576293 4117.73929072617 4321.32008710547 4443.15499932935 4548.82861595836 Inf 4059.47479303597 366.034756142174 -Inf 3342.05985390741 3457.40119680521 3590.38237825823 3812.58810180255 4059.47479303597 4306.36148426939 4528.56720781371 4661.54838926672 4776.88973216453 Inf
"63" 73.8383838383838 3869.5252188558 335.522124080851 -Inf 3211.91393964096 3317.64043613895 3439.53631546514 3643.21898519925 3869.5252188558 4095.83145251235 4299.51412224647 4421.41000157265 4527.13649807065 Inf 4039.43223087964 366.216301640864 -Inf 3321.66146911209 3437.06001887691 3570.10715618384 3792.42308906816 4039.43223087964 4286.44137269112 4508.75730557544 4641.80444288237 4757.20299264719 Inf
"64" 74.5454545454545 3863.64171412074 335.62478311137 -Inf 3205.82922690339 3311.5880723252 3433.5212478888 3637.26623800034 3863.64171412074 4090.01719024114 4293.76218035269 4415.69535591628 4521.4542013381 Inf 4040.1155279129 366.327746265337 -Inf 3322.12633869512 3437.5600058154 3570.64763118414 3793.0312178445 4040.1155279129 4287.1998379813 4509.58342464167 4642.6710500104 4758.10471713069 Inf
"65" 75.2525252525253 3863.50676361136 335.760230022928 -Inf 3205.42880532554 3311.23033147209 3433.21271517787 3637.03992993742 3863.50676361136 4089.97359728531 4293.80081204486 4415.78319575064 4521.58472189719 Inf 4035.14823071792 366.475494778235 -Inf 3316.86945973608 3432.34968394311 3565.49098665114 3787.96426579196 4035.14823071792 4282.33219564388 4504.8054747847 4637.94677749274 4753.42700169976 Inf
"66" 75.959595959596 3851.95019237774 336.010234778591 -Inf 3193.38223377485 3299.26253900936 3421.33574995823 3625.3147330586 3851.95019237774 4078.58565169688 4282.56463479725 4404.63784574612 4510.51815098062 Inf 4007.9722062286 366.744551857804 -Inf 3289.16609306102 3404.73109994059 3537.97015164027 3760.60676506025 4007.9722062286 4255.33764739694 4477.97426081692 4611.2133125166 4726.77831939617 Inf
"67" 76.6666666666667 3825.05244095835 336.253466685605 -Inf 3166.00775657783 3271.96470670553 3394.12628430762 3598.25292421101 3825.05244095835 4051.85195770569 4255.97859760909 4378.14017521118 4484.09712533888 Inf 3979.33608631573 367.010727754298 -Inf 3260.00827797747 3375.65715963898 3508.99291359055 3731.79111223345 3979.33608631573 4226.88106039801 4449.67925904092 4583.01501299249 4698.66389465399 Inf
"68" 77.3737373737374 3798.80346115049 336.637067536222 -Inf 3139.00693291832 3245.08475964723 3367.3857002291 3571.74520956124 3798.80346115049 4025.86171273974 4230.22122207188 4352.52216265375 4458.59998938266 Inf 3976.95502383801 367.423299810527 -Inf 3256.81858912851 3372.59747651819 3506.08311874826 3729.13177413259 3976.95502383801 4224.77827354343 4447.82692892775 4581.31257115783 4697.0914585475 Inf
"69" 78.0808080808081 3792.6726661378 336.990221913819 -Inf 3132.18396804455 3238.37307737567 3360.80231967092 3565.37621554063 3792.6726661378 4019.96911673497 4224.54301260468 4346.97225489993 4453.16136423105 Inf 3989.02713769893 367.807797714623 -Inf 3268.13710094527 3384.03714760699 3517.66247871824 3740.94454809822 3989.02713769893 4237.10972729963 4460.39179667961 4594.01712779086 4709.91717445258 Inf
"70" 78.7878787878788 3810.59672371212 337.550555213261 -Inf 3149.00979253263 3255.37546869011 3378.00828122812 3582.92233404778 3810.59672371212 4038.27111337646 4243.18516619612 4365.81797873414 4472.18365489161 Inf 3974.8357490439 368.415775605263 -Inf 3252.75409752119 3368.84572431344 3502.69193504564 3726.34308458761 3974.8357490439 4223.32841350019 4446.97956304215 4580.82577377435 4696.9174005666 Inf
"71" 79.4949494949495 3839.2787137182 339.07226835648 -Inf 3174.7092795832 3281.55446331338 3404.7401173732 3610.57794413602 3839.2787137182 4067.97948330038 4273.81731006321 4397.00296412302 4503.8481478532 Inf 3921.20433510617 370.062388127669 -Inf 3195.89538234306 3312.50587379605 3446.95030225198 3671.60104738097 3921.20433510617 4170.80762283137 4395.45836796036 4529.90279641629 4646.51328786929 Inf
"72" 80.2020202020202 3854.95376546485 342.863894275756 -Inf 3182.95288108522 3290.99284541467 3415.55600498704 3623.69558306354 3854.95376546485 4086.21194786616 4294.35152594266 4418.91468551503 4526.95464984448 Inf 3858.38162006714 374.164850392229 -Inf 3125.03198901755 3242.93520882172 3378.87007027521 3606.01126359393 3858.38162006714 4110.75197654034 4337.89316985906 4473.82803131255 4591.73125111672 Inf
"73" 80.9090909090909 3820.38117941618 350.305649853248 -Inf 3133.79472212292 3244.17966071348 3371.44642542763 3584.10360915439 3820.38117941618 4056.65874967798 4269.31593340473 4396.58269811889 4506.96763670945 Inf 3801.48284687251 382.154092531836 -Inf 3052.47458896553 3172.89530171717 3311.73267130906 3543.7238284643 3801.48284687251 4059.24186528072 4291.23302243596 4430.07039202785 4550.4911047795 Inf
"74" 81.6161616161616 3679.50824301096 376.29787822797 -Inf 2941.9779542253 3060.55331319354 3197.26310805679 3425.69918112566 3679.50824301096 3933.31730489626 4161.75337796512 4298.46317282838 4417.03853179662 Inf 3691.92020109088 410.422492868527 -Inf 2887.50689662341 3016.83527511361 3165.9426128205 3415.09443640113 3691.92020109088 3968.74596578062 4217.89778936125 4367.00512706814 4496.33350555834 Inf
"75" 82.3232323232323 3374.69511202757 511.189721795206 -Inf 2372.78166804192 2533.86284407241 2719.57912377061 3029.90288427112 3374.69511202757 3719.48733978402 4029.81110028452 4215.52737998273 4376.60855601322 Inf 3423.03451708725 551.803892769244 -Inf 2341.51876073053 2515.39788269982 2715.86937443522 3050.8484472961 3423.03451708725 3795.2205868784 4130.19965973928 4330.67115147468 4504.55027344397 Inf
"76" 83.030303030303 2887.04557857915 832.070008702552 -Inf 1256.21832890622 1518.41220688722 1820.70495628369 2325.82288626372 2887.04557857915 3448.26827089459 3953.38620087462 4255.67895027109 4517.87282825208 Inf 2932.68465343573 882.865043154649 -Inf 1202.30096564322 1480.50088509414 1801.24757521629 2337.2012310215 2932.68465343573 3528.16807584996 4064.12173165517 4384.86842177732 4663.06834122824 Inf
"77" 83.7373737373737 2265.12213525356 1264.58742426727 -Inf -213.423671612563 185.060923850319 644.488141915825 1412.17087935842 2265.12213525356 3118.0733911487 3885.75612859129 4345.1833466568 4743.66794211968 Inf 2267.72191592768 1326.10147309432 -Inf -331.3892111827 86.4790982027962 568.254497012653 1373.28006460564 2267.72191592768 3162.16376724973 3967.18933484272 4448.96473365257 4866.83304303807 Inf
"78" 84.4444444444444 1610.82984226612 1685.7546453228 -Inf -1693.18854933767 -1161.98980024339 -549.551662571408 473.805612650453 1610.82984226612 2747.85407188178 3771.21134710364 4383.64948477562 4914.8482338699 Inf 1560.45970078467 1755.09267601823 -Inf -1879.45873374109 -1326.41085299989 -688.782065842362 376.667680166156 1560.45970078467 2744.25172140318 3809.70146741169 4447.33025456922 5000.37813531043 Inf
"79" 85.1515151515152 1030.90935726956 2007.3410165522 -Inf -2903.40673986278 -2270.87279433479 -1541.60166507481 -323.021583543084 1030.90935726956 2384.8402980822 3603.42037961392 4332.6915088739 4965.2254544019 Inf 947.872161992111 2080.7013212225 -Inf -3130.2274901889 -2474.57695282345 -1718.65387365131 -455.539552391913 947.872161992111 2351.28387637613 3614.39819763553 4370.32127680767 5025.97181417312 Inf
"80" 85.8585858585859 591.453288379633 2203.63774306804 -Inf -3727.59732300685 -3033.20824579299 -2232.62211114238 -894.877782464986 591.453288379633 2077.78435922425 3415.52868790165 4216.11482255225 4910.50389976612 Inf 505.517103823139 2278.30715321271 -Inf -3959.88286219375 -3241.96468044827 -2414.25099516807 -1031.17771881725 505.517103823139 2042.21192646353 3425.28520281435 4252.99888809455 4970.91706984003 Inf
"81" 86.5656565656566 303.643564825899 2299.36043381183 -Inf -4203.02007292168 -3478.4677843982 -2643.10539887696 -1247.2514797866 303.643564825899 1854.53860943839 3250.39252852876 4085.75491404999 4810.30720257347 Inf 235.429841242275 2374.13435814448 -Inf -4417.78799518003 -3669.67366862179 -2807.14576225102 -1365.89944891453 235.429841242275 1836.75913139908 3278.00544473556 4140.53335110633 4888.64767766458 Inf
"82" 87.2727272727273 139.40626976931 2336.41415245981 -Inf -4439.88132202159 -3703.65302296496 -2854.82894507612 -1436.4811282779 139.40626976931 1715.29366781652 3133.64148461474 3982.46556250358 4718.69386156021 Inf 94.985258982878 2411.03459587801 -Inf -4630.5557144181 -3870.81374075254 -2994.87990194678 -1531.23286330499 94.985258982878 1721.20338127075 3184.85041991254 4060.7842587183 4820.52623238386 Inf
"83" 87.979797979798 57.2367045653586 2347.74350253829 -Inf -4544.25600534761 -3804.4577107365 -2951.51765660975 -1526.29222398617 57.2367045653586 1640.76563311688 3065.99106574047 3918.93111986721 4658.72941447832 Inf 32.7208439866052 2422.26305848777 -Inf -4714.82751173127 -3951.54733319758 -3071.53417077925 -1601.07076124201 32.7208439866052 1666.51244921522 3136.97585875246 4016.98902117078 4780.26919970448 Inf
"84" 88.6868686868687 21.0211802490033 2350.47800713238 -Inf -4585.83106018393 -3845.17109485236 -2991.23758956965 -1564.3521436231 21.0211802490033 1606.3945041211 3033.27995006765 3887.21345535036 4627.87342068194 Inf 9.33752586357505 2424.9617214133 -Inf -4743.50011199475 -3979.36955682158 -3098.37596459937 -1626.27429984754 9.33752586357505 1644.94935157469 3117.05101632652 3998.04460854873 4762.1751637219 Inf
"85" 89.3939393939394 6.908306451703 2351.00064347675 -Inf -4600.96828239322 -3860.14362893627 -3006.02024879229 -1578.81753027776 6.908306451703 1592.63414318116 3019.83686169569 3873.96024183968 4614.78489529662 Inf 2.04230543136771 2425.47560666708 -Inf -4751.80252901655 -3987.5100432773 -3106.32975548307 -1633.9161306162 2.04230543136771 1638.00074147894 3110.4143663458 3991.59465414003 4755.88713987928 Inf
"86" 90.1010101010101 2.03203582279306 2351.0801091785 -Inf -4606.00030293556 -3865.15060901292 -3010.99835881568 -1583.74739970799 2.03203582279306 1587.81147135357 3015.06243046127 3869.2146806585 4610.06437458114 Inf 0.246504163225828 2425.55349319802 -Inf -4753.75098508021 -3989.43395648835 -3108.22537235687 -1635.76446555114 0.246504163225828 1636.25747387759 3108.71838068332 3989.9269648148 4754.24399340666 Inf
"87" 90.8080808080808 0.535040447588999 2351.08976545323 -Inf -4607.51622426147 -3866.66348754665 -3012.50772920489 -1585.25090814153 0.535040447588999 1586.3209890367 3013.57781010007 3867.73356844182 4608.58630515665 Inf -0.0455814453336669 2425.56293155817 -Inf -4754.06156953474 -3989.74156681783 -3108.52955371066 -1636.06291723688 -0.0455814453336669 1635.97175434621 3108.43839081999 3989.65040392716 4753.97040664407 Inf
"88" 91.5151515151515 0.126095460603827 2351.09070691253 -Inf -4607.92701447477 -3867.07398109637 -3012.91788072051 -1585.66048813316 0.126095460603827 1585.91267905436 3013.17007164172 3867.32617201757 4608.17920539597 Inf -0.0419462310215622 2425.56384957656 -Inf -4754.05973360341 -3989.7394416094 -3108.52709498425 -1636.05990121656 -0.0419462310215622 1635.97600875452 3108.44320252221 3989.65554914736 4753.97584114136 Inf
"89" 92.2222222222222 0.026590130904719 2351.09078079934 -Inf -4608.02666461995 -3867.17360795906 -3013.01748073997 -1585.76004329875 0.026590130904719 1585.81322356056 3013.07066100178 3867.22678822087 4608.07984488176 Inf -0.0168360955675833 2425.56392147399 -Inf -4754.03476438433 -3989.7144497347 -3108.50207698906 -1636.03483957519 -0.0168360955675833 1636.00116738405 3108.46840479793 3989.68077754356 4754.00109219319 Inf
"90" 92.9292929292929 0.00501372868026317 2351.09078547952 -Inf -4608.04825019516 -3867.19519205949 -3013.03906314008 -1585.78162285771 0.00501372868026317 1585.79165031507 3013.04909059744 3867.20521951684 4608.05827765251 Inf -0.00503218333900268 2425.56392601988 -Inf -4754.02296938187 -3989.70265329979 -3108.49027890262 -1636.02303872911 -0.00503218333900268 1636.01297436243 3108.48021453594 3989.69258893311 4754.01290501519 Inf
"91" 93.6363636363636 0.000844408523982571 2351.09078571931 -Inf -4608.0524199853 -3867.19936177407 -3013.04323276754 -1585.7857923396 0.000844408523982571 1585.78748115665 3013.04492158459 3867.20105059112 4608.05410880235 Inf -0.0012400024339801 2425.56392625242 -Inf -4754.01917765674 -3989.69886150138 -3108.48648701973 -1636.01924670506 -0.0012400024339801 1636.01676670019 3108.48400701486 3989.69638149651 4754.01669765187 Inf
"92" 94.3434343434343 0.000126819955206475 2351.09078572927 -Inf -4608.05313759338 -3867.20007937901 -3013.04395036887 -1585.78650993489 0.000126819955206475 1585.7867635748 3013.04420400878 3867.20033301892 4608.05339123329 Inf -0.000261698346524138 2425.56392626206 -Inf -4754.01819937155 -3989.69788321315 -3108.485508728 -1636.01826840747 -0.000261698346524138 1636.01774501078 3108.48498533131 3989.69735981646 4754.01767597486 Inf
"93" 95.0505050505051 1.6944041596859e-05 2351.0907857296 -Inf -4608.05324746995 -3867.20018925548 -3013.04406024521 -1585.78661981103 1.6944041596859e-05 1585.78665369911 3013.0440941333 3867.20022314356 4608.05328135804 Inf -4.81912279194227e-05 2425.56392626238 -Inf -4754.01798586507 -3989.69766970657 -3108.4852952213 -1636.01805490057 -4.81912279194227e-05 1636.01795851812 3108.48519883884 3989.69757332411 4754.01788948261 Inf
"94" 95.7575757575758 2.00668355701189e-06 2351.09078572961 -Inf -4608.05326240733 -3867.20020419285 -3013.04407518258 -1585.78663474839 2.00668355701189e-06 1585.78663876176 3013.04407919595 3867.20020820622 4608.0532664207 Inf -7.82517147143949e-06 2425.56392626239 -Inf -4754.01794549903 -3989.69762934052 -3108.48525485525 -1636.01801453452 -7.82517147143949e-06 1636.01799888418 3108.48523920491 3989.69761369018 4754.01792984869 Inf
"95" 96.4646464646465 2.09498951071789e-07 2351.09078572961 -Inf -4608.05326420451 -3867.20020599004 -3013.04407697977 -1585.78663654558 2.09498951071789e-07 1585.78663696457 3013.04407739877 3867.20020640903 4608.05326462351 Inf -1.12778996814992e-06 2425.56392626239 -Inf -4754.01793880165 -3989.69762264314 -3108.48524815787 -1636.01800783714 -1.12778996814992e-06 1636.01800558156 3108.48524590229 3989.69762038756 4754.01793654607 Inf
"96" 97.1717171717172 1.91106749482677e-08 2351.09078572961 -Inf -4608.0532643949 -3867.20020618043 -3013.04407717016 -1585.78663673596 1.91106749482677e-08 1585.78663677419 3013.04407720838 3867.20020621865 4608.05326443312 Inf -1.44901736844178e-07 2425.56392626239 -Inf -4754.01793781876 -3989.69762166025 -3108.48524717498 -1636.01800685425 -1.44901736844178e-07 1636.01800656445 3108.48524688518 3989.69762137045 4754.01793752896 Inf
"97" 97.8787878787879 1.49986094229212e-09 2351.09078572961 -Inf -4608.05326441251 -3867.20020619804 -3013.04407718777 -1585.78663675357 1.49986094229212e-09 1585.78663675657 3013.04407719077 3867.20020620103 4608.05326441551 Inf -1.66481591651657e-08 2425.56392626239 -Inf -4754.01793769051 -3989.697621532 -3108.48524704673 -1636.018006726 -1.66481591651657e-08 1636.0180066927 3108.48524701343 3989.6976214987 4754.01793765721 Inf
"98" 98.5858585858586 9.82296950058432e-11 2351.09078572961 -Inf -4608.05326441392 -3867.20020619944 -3013.04407718917 -1585.78663675498 9.82296950058432e-11 1585.78663675517 3013.04407718937 3867.20020619963 4608.05326441411 Inf -1.71428102535031e-09 2425.56392626239 -Inf -4754.01793767557 -3989.69762151707 -3108.48524703179 -1636.01800671106 -1.71428102535031e-09 1636.01800670764 3108.48524702837 3989.69762151364 4754.01793767214 Inf
"99" 99.2929292929293 4.98040552938906e-12 2351.09078572961 -Inf -4608.05326441401 -3867.20020619953 -3013.04407718926 -1585.78663675507 4.98040552938906e-12 1585.78663675508 3013.04407718927 3867.20020619954 4608.05326441402 Inf -1.58473282370771e-10 2425.56392626239 -Inf -4754.01793767402 -3989.69762151551 -3108.48524703024 -1636.01800670951 -1.58473282370771e-10 1636.01800670919 3108.48524702992 3989.69762151519 4754.0179376737 Inf
"100" 100 1.44894461880205e-13 2351.09078572961 -Inf -4608.05326441401 -3867.20020619954 -3013.04407718927 -1585.78663675507 1.44894461880205e-13 1585.78663675507 3013.04407718927 3867.20020619953 4608.05326441401 Inf -1.31690960036194e-11 2425.56392626239 -Inf -4754.01793767387 -3989.69762151537 -3108.48524703009 -1636.01800670936 -1.31690960036194e-11 1636.01800670934 3108.48524703007 3989.69762151534 4754.01793767385 Inf
