"mid_age" "mean_left" "std_left" "min_left" "l.q2.5" "l.q5" "l.q10" "l.q25" "l.q50" "l.q75" "l.q90" "l.q95" "l.q97.5" "max_left" "mean_right" "std_right" "min_right" "r.q2.5" "r.q5" "r.q10" "r.q25" "r.q50" "r.q75" "r.q90" "r.q95" "r.q97.5" "max_right"
"1" 30 -3.53038362071942e-12 2421.34430072957 -Inf -4745.74762360128 -3982.75695515331 -3103.07757932248 -1633.1719125378 -3.53038362071942e-12 1633.17191253779 3103.07757932247 3982.7569551533 4745.74762360127 Inf -7.53550018517846e-12 2547.20787953085 -Inf -4992.43570501712 -4189.7841192457 -3264.37824578032 -1718.06560636226 -7.53550018517846e-12 1718.06560636225 3264.3782457803 4189.78411924569 4992.43570501711 Inf
"2" 30.7070707070707 -4.53069681899166e-11 2421.34430072957 -Inf -4745.74762360132 -3982.75695515335 -3103.07757932252 -1633.17191253784 -4.53069681899166e-11 1633.17191253775 3103.07757932243 3982.75695515326 4745.74762360123 Inf -9.6640309633026e-11 2547.20787953085 -Inf -4992.43570501721 -4189.78411924579 -3264.37824578041 -1718.06560636235 -9.6640309633026e-11 1718.06560636216 3264.37824578021 4189.7841192456 4992.43570501702 Inf
"3" 31.4141414141414 -5.24666221425283e-10 2421.34430072957 -Inf -4745.7476236018 -3982.75695515383 -3103.077579323 -1633.17191253832 -5.24666221425283e-10 1633.17191253727 3103.07757932195 3982.75695515278 4745.74762360075 Inf -1.11774064597793e-09 2547.20787953085 -Inf -4992.43570501823 -4189.78411924681 -3264.37824578143 -1718.06560636338 -1.11774064597793e-09 1718.06560636114 3264.37824577919 4189.78411924458 4992.435705016 Inf
"4" 32.1212121212121 -5.48057659883891e-09 2421.34430072957 -Inf -4745.74762360676 -3982.75695515879 -3103.07757932796 -1633.17191254327 -5.48057659883891e-09 1633.17191253231 3103.07757931699 3982.75695514783 4745.74762359579 Inf -1.16532817036455e-08 2547.20787953085 -Inf -4992.43570502877 -4189.78411925735 -3264.37824579196 -1718.06560637391 -1.16532817036455e-08 1718.0656063506 3264.37824576866 4189.78411923404 4992.43570500546 Inf
"5" 32.8282828282828 -5.16199580023591e-08 2421.34430072957 -Inf -4745.7476236529 -3982.75695520493 -3103.07757937409 -1633.17191258941 -5.16199580023591e-08 1633.17191248617 3103.07757927086 3982.75695510169 4745.74762354966 Inf -1.09452507954495e-07 2547.20787953085 -Inf -4992.43570512657 -4189.78411935515 -3264.37824588976 -1718.06560647171 -1.09452507954495e-07 1718.0656062528 3264.37824567086 4189.78411913624 4992.43570490766 Inf
"6" 33.5353535353535 -4.38173921957203e-07 2421.34430072957 -Inf -4745.74762403945 -3982.75695559148 -3103.07757976065 -1633.17191297597 -4.38173921957203e-07 1633.17191209962 3103.0775788843 3982.75695471513 4745.7476231631 Inf -9.25477011599836e-07 2547.20787953085 -Inf -4992.43570594259 -4189.78412017117 -3264.37824670579 -1718.06560728773 -9.25477011599836e-07 1718.06560543678 3264.37824485483 4189.78411832022 4992.43570409164 Inf
"7" 34.2424242424242 -3.35010472858528e-06 2421.34430072957 -Inf -4745.74762695138 -3982.75695850341 -3103.07758267258 -1633.1719158879 -3.35010472858528e-06 1633.17190918769 3103.07757597237 3982.7569518032 4745.74762025117 Inf -7.03867415305171e-06 2547.20787953085 -Inf -4992.43571205579 -4189.78412628437 -3264.37825281898 -1718.06561340093 -7.03867415305171e-06 1718.06559932358 3264.37823874164 4189.78411220702 4992.43569797844 Inf
"8" 34.9494949494949 -2.30537323574502e-05 2421.34430072957 -Inf -4745.74764665501 -3982.75697820704 -3103.07760237621 -1633.17193559152 -2.30537323574502e-05 1633.17188948406 3103.07755626874 3982.75693209957 4745.74760054754 Inf -4.8098657061727e-05 2547.20787953085 -Inf -4992.43575311577 -4189.78416734435 -3264.37829387897 -1718.06565446091 -4.8098657061727e-05 1718.0655582636 3264.37819768165 4189.78407114704 4992.43565691846 Inf
"9" 35.6565656565657 -0.000142661229548909 2421.34430072954 -Inf -4745.74776626244 -3982.75709781448 -3103.07772198366 -1633.172055199 -0.000142661229548909 1633.17176987654 3103.0774366612 3982.75681249202 4745.74748093998 Inf -0.000294917458393362 2547.20787953082 -Inf -4992.43599993451 -4189.7844141631 -3264.37854069772 -1718.06590127969 -0.000294917458393362 1718.06531144478 3264.37795086281 4189.78382432818 4992.43541009959 Inf
"10" 36.3636363636364 -0.000792970541940815 2421.34430072846 -Inf -4745.74841656965 -3982.75774812203 -3103.0783722916 -1633.17270550759 -0.000792970541940815 1633.1711195665 3103.07678635051 3982.75616218094 4745.74683062856 Inf -0.001619689974129 2547.20787952968 -Inf -4992.43732470478 -4189.78573893373 -3264.37986546877 -1718.06722605144 -0.001619689974129 1718.06398667149 3264.37662608882 4189.78249955378 4992.43408532483 Inf
"11" 37.0707070707071 -0.00395319529752858 2421.34430069947 -Inf -4745.75157673758 -3982.7609082991 -3103.0815324792 -1633.17586571279 -0.00395319529752858 1633.16795932219 3103.07362608861 3982.7530019085 4745.74367034699 Inf -0.00794918371485741 2547.20787949877 -Inf -4992.44365413795 -4189.79206837664 -3264.38619492291 -1718.07355552433 -0.00794918371485741 1718.0576571569 3264.37029655548 4189.77617000921 4992.42775577052 Inf
"12" 37.7777777777778 -0.0176405550918967 2421.34430006351 -Inf -4745.76526285092 -3982.77459461283 -3103.09521902398 -1633.18955264364 -0.0176405550918967 1633.15427153345 3103.0599379138 3982.73931350265 4745.72998174073 Inf -0.0347541305205002 2547.20787882109 -Inf -4992.47045775652 -4189.81887220876 -3264.41299900123 -1718.10036001405 -0.0347541305205002 1718.03085175301 3264.34349074019 4189.74936394771 4992.40094949548 Inf
"13" 38.4848484848485 -0.0702658321443606 2421.34428874852 -Inf -4745.81786595099 -3982.82720127838 -3103.14782980029 -1633.24217028884 -0.0702658321443606 1633.10163862455 3103.007298136 3982.68666961409 4745.6773342867 Inf -0.134757641080412 2547.20786676815 -Inf -4992.57043764376 -4189.918855894 -3264.51298706533 -1718.20035539502 -0.134757641080412 1717.93084011286 3264.24347178317 4189.64934061183 4992.30092236159 Inf
"14" 39.1919191919192 -0.248827798206296 2421.34412571956 -Inf -4745.99610838616 -3983.00549508566 -3103.32618283633 -1633.42062229354 -0.248827798206296 1632.92296669713 3102.82852723991 3982.50783948925 4745.49845278975 Inf -0.460357375641736 2547.20769317855 -Inf -4992.89569714895 -4190.24417009907 -3264.83836433586 -1718.52583804518 -0.460357375641736 1717.6051232939 3263.91764958458 4189.32345534779 4991.97498239767 Inf
"15" 39.8989898989899 -0.778594454968946 2421.34222708411 -Inf -4746.52215378583 -3983.53213876502 -3103.85351629386 -1633.94910834015 -0.778594454968946 1632.39191943022 3102.29632738392 3981.97494985508 4744.96496487589 Inf -1.37109752350683 2547.20567250699 -Inf -4993.80247685333 -4191.15158653799 -3265.74651488892 -1719.43521527079 -1.37109752350683 1716.69302022377 3263.00431984191 4188.40939149097 4991.06028180631 Inf
"16" 40.6060606060606 -2.13118048816776 2421.32439551 -Inf -4747.83979057598 -3984.85539446887 -3105.18325024534 -1635.28966715938 -2.13118048816776 1631.02730618305 3100.920889269 3980.59303349253 4743.57742959964 Inf -3.49523469829601 2547.1867050369 -Inf -4995.88943846987 -4193.24452500081 -3267.84634427273 -1721.54655908141 -3.49523469829601 1714.55608968482 3260.85587487614 4186.25405560422 4988.89896907328 Inf
"17" 41.3131313131313 -5.0114913978666 2421.18971770218 -Inf -4750.45613783283 -3987.5141800979 -3107.89096459958 -1638.07913926813 -5.0114913978666 1628.0561564724 3097.86798180385 3977.49119730217 4740.4331550371 Inf -7.34633314517149 2547.04353692908 -Inf -4999.45993258168 -4196.86013286627 -3271.51396540689 -1725.30109210701 -7.34633314517149 1710.60842581667 3256.82129911654 4182.16746657593 4984.76726629133 Inf
"18" 42.020202020202 -9.74875637020928 2420.37444799476 -Inf -4753.59550354095 -3990.91044573506 -3111.58341940204 -1642.26651317917 -9.74875637020928 1622.76900043875 3092.08590666162 3971.41293299464 4734.09799080053 Inf -11.53595920089 2546.17749115268 -Inf -5001.9521401067 -4199.62524038558 -3274.59370914204 -1728.90657916335 -11.53595920089 1705.83466076157 3251.52179074026 4176.5533219838 4978.88022170492 Inf
"19" 42.7272727272727 -14.1616522403214 2416.43383942419 -Inf -4750.28494853557 -3988.84161730547 -3110.94622218934 -1644.0215089589 -14.1616522403214 1615.69820447826 3082.6229177087 3960.51831282482 4721.96164405493 Inf -8.21828762324774 2541.99490391247 -Inf -4990.43674817604 -4189.42782501583 -3265.91583633867 -1722.76779536288 -8.21828762324774 1706.33122011638 3249.47926109217 4172.99124976933 4974.00017292954 Inf
"20" 43.4343434343434 -8.85774848051307 2401.27788816719 -Inf -4715.2759261606 -3958.60839215069 -3086.21918536881 -1628.49507142177 -8.85774848051307 1610.77957446075 3068.50368840778 3940.89289518966 4697.56042919958 Inf 24.6283072166802 2525.92338278682 -Inf -4926.09055075307 -4130.14593036175 -3212.47275843948 -1679.08112425364 24.6283072166802 1728.337738687 3261.72937287284 4179.40254479511 4975.34716518643 Inf
"21" 44.1414141414141 29.8618729743246 2354.96217333375 -Inf -4585.77917171399 -3843.70619916721 -2988.14358705985 -1558.53597503878 29.8618729743246 1618.25972098742 3047.8673330085 3903.42994511586 4645.50291766264 Inf 130.705951839542 2476.86110477931 -Inf -4723.85260823599 -3943.36801981174 -3043.51927462691 -1539.91147599345 130.705951839542 1801.32337967253 3304.931178306 4204.77992349082 4985.26451191508 Inf
"22" 44.8484848484848 146.04453070947 2242.23117399746 -Inf -4248.64781533852 -3542.09754830391 -2727.49034063988 -1366.31741372194 146.04453070947 1658.40647514088 3019.57940205882 3834.18660972285 4540.73687675746 Inf 373.604099738879 2357.57979210977 -Inf -4247.16738347569 -3504.26957214037 -2647.75597373571 -1216.55930530857 373.604099738879 1963.76750478633 3394.96417321347 4251.47777161813 4994.37558295345 Inf
"23" 45.5555555555556 401.477310514027 2022.31943281756 -Inf -3562.19594304386 -2924.94214341038 -2190.22932464459 -962.556418543772 401.477310514027 1765.51103957183 2993.18394567264 3727.89676443844 4365.15056407192 Inf 814.898824186605 2125.16513468832 -Inf -3350.34830100271 -2680.68675547629 -1908.60988121401 -618.503276634742 814.898824186605 2248.30092500795 3538.40752958722 4310.4844038495 4980.14594937592 Inf
"24" 46.2626262626263 856.1605706422 1676.23757388269 -Inf -2429.20470370067 -1901.00488239108 -1292.02431639184 -274.444491835221 856.1605706422 1986.76563311962 3004.34545767624 3613.32602367548 4141.52584498507 Inf 1472.04974910687 1759.85380555531 -Inf -1977.2003278373 -1422.65216586514 -783.293650532168 285.04639541624 1472.04974910687 2659.05310279749 3727.3931487459 4366.75166407887 4921.29982605103 Inf
"25" 46.969696969697 1531.70826099716 1237.24768897532 -Inf -893.25264934989 -503.383087651231 -53.8884517756078 697.197376329511 1531.70826099716 2366.2191456648 3117.30497376992 3566.79960964554 3956.6691713442 Inf 2278.91893530422 1297.05271769665 -Inf -263.257677431009 145.457068253623 616.678994346201 1404.07017175386 2278.91893530422 3153.76769885458 3941.15887626224 4412.38080235482 4821.09554803945 Inf
"26" 47.6767676767677 2374.13193870182 799.72764108259 -Inf 806.694564738764 1058.69702769377 1349.23972826313 1834.72384184312 2374.13193870182 2913.54003556051 3399.0241491405 3689.56684970986 3941.56931266487 Inf 3087.67269050286 836.381917505942 -Inf 1448.39425487066 1711.94685997658 2015.80613472992 2523.54165989575 3087.67269050286 3651.80372110996 4159.53924627579 4463.39852102913 4726.95112613505 Inf
"27" 48.3838383838384 3246.04577563019 493.417273681961 -Inf 2278.96568986361 2434.44658341391 2613.70609607633 2913.24088196202 3246.04577563019 3578.85066929837 3878.38545518406 4057.64496784647 4213.12586139678 Inf 3732.68839731516 514.325646538151 -Inf 2724.6286537751 2886.69799217272 3073.55355979445 3385.7810204622 3732.68839731516 4079.59577416811 4391.82323483586 4578.6788024576 4740.74814085521 Inf
"28" 49.0909090909091 3970.83898138226 389.653266118011 -Inf 3207.13261333256 3329.91639335456 3471.47822816915 3708.02184725523 3970.83898138226 4233.65611550928 4470.19973459536 4611.76156940996 4734.54534943196 Inf 4124.37543372248 405.649445066072 -Inf 3329.31713104432 3457.1414727347 3604.51475233575 3850.76904085268 4124.37543372248 4397.98182659227 4644.2361151092 4791.60939471026 4919.43373640064 Inf
"29" 49.7979797979798 4416.36398639493 382.092428265158 -Inf 3667.47658822976 3787.87786993228 3926.69283676897 4158.64655990255 4416.36398639493 4674.08141288731 4906.03513602088 5044.85010285757 5165.25138456009 Inf 4299.16915232947 397.839770138039 -Inf 3519.41753124122 3644.78096347237 3789.31697207316 4030.83030515099 4299.16915232947 4567.50799950794 4809.02133258577 4953.55734118656 5078.92077341772 Inf
"30" 50.5050505050505 4565.36403387174 375.94166778606 -Inf 3828.53190472314 3946.99501809165 4083.57540096706 4311.79523227842 4565.36403387174 4818.93283546506 5047.15266677641 5183.73304965182 5302.19616302034 Inf 4375.63471082664 391.393259688976 -Inf 3608.51801804452 3731.85008806287 3874.04406612863 4111.6439688706 4375.63471082664 4639.62545278269 4877.22535552466 5019.41933359042 5142.75140360877 Inf
"31" 51.2121212121212 4515.7075844826 365.795911403238 -Inf 3798.76077244025 3914.02685288697 4046.92126155397 4268.98199157748 4515.7075844826 4762.43317738772 4984.49390741124 5117.38831607824 5232.65439652495 Inf 4449.54283806052 380.811432075883 -Inf 3703.16614629067 3823.16377282592 3961.51335110639 4192.68943036785 4449.54283806052 4706.3962457532 4937.57232501465 5075.92190329512 5195.91952983037 Inf
"32" 51.9191919191919 4404.71188996477 359.798995521982 -Inf 3699.518817068 3812.89520720695 3943.6109239722 4162.03115535435 4404.71188996477 4647.3926245752 4865.81285595734 4996.5285727226 5109.90496286155 Inf 4523.58931770346 374.550220896876 -Inf 3789.48437434406 3907.50902838576 4043.58389573799 4270.95903277484 4523.58931770346 4776.21960263208 5003.59473966893 5139.66960702116 5257.69426106286 Inf
"33" 52.6262626262626 4319.79270415085 357.988916312183 -Inf 3618.14732131445 3730.95333674633 3861.01144800336 4078.33284941448 4319.79270415085 4561.25255888722 4778.57396029835 4908.63207155537 5021.43808698726 Inf 4537.37792673906 372.670420215584 -Inf 3806.95732501311 3924.38963438993 4059.78156627961 4286.01554810238 4537.37792673906 4788.74030537574 5014.9742871985 5150.36621908819 5267.79852846501 Inf
"34" 53.3333333333333 4271.19712601282 355.416523427406 -Inf 3574.59354058466 3686.58896837476 3815.712523994 4031.4723239107 4271.19712601282 4510.92192811493 4726.68172803163 4855.80528365087 4967.80071144097 Inf 4462.53000351891 369.986877085004 -Inf 3737.36904967986 3853.9557468212 3988.37274195967 4212.97764721802 4462.53000351891 4712.08235981981 4936.68726507816 5071.10426021663 5187.69095735797 Inf
"35" 54.040404040404 4238.06601047421 354.372806073254 -Inf 3543.50807347023 3655.17461511164 3783.9189860646 3999.04518502957 4238.06601047421 4477.08683591884 4692.21303488382 4820.95740583677 4932.62394747818 Inf 4359.46630066777 368.892639345008 -Inf 3636.45001338964 3752.69190488544 3886.7113611973 4110.65199650679 4359.46630066777 4608.28060482876 4832.22124013825 4966.24069645011 5082.48258794591 Inf
"36" 54.7474747474747 4222.99644269889 356.313281774267 -Inf 3524.63524320805 3636.9132488415 3766.36259861674 3982.66678628342 4222.99644269889 4463.32609911436 4679.63028678104 4809.07963655627 4921.35764218973 Inf 4331.60461036193 370.927554702703 -Inf 3604.59996227113 3721.48307667295 3856.24182192905 4081.41777664966 4331.60461036193 4581.7914440742 4806.96739879481 4941.72614405092 5058.60925845274 Inf
"37" 55.4545454545455 4250.67470469794 355.388708449123 -Inf 3554.12563562545 3666.1122986278 3795.22574900809 4010.96866351358 4250.67470469794 4490.38074588229 4706.12366038778 4835.23711076807 4947.22377377042 Inf 4422.33629736687 369.959024572321 -Inf 3697.22993344955 3813.80785397566 3948.21473023885 4172.8027273003 4422.33629736687 4671.86986743344 4896.45786449488 5030.86474075808 5147.44266128418 Inf
"38" 56.1616161616162 4322.03639533247 353.489983749496 -Inf 3629.20875828781 3740.5971134711 3869.02075325397 4083.61102449646 4322.03639533247 4560.46176616849 4775.05203741098 4903.47567719385 5014.86403237713 Inf 4565.0155541058 367.97221445781 -Inf 3843.80326645705 3959.75512253751 4093.44018659048 4316.82206709706 4565.0155541058 4813.20904111455 5036.59092162112 5170.2759856741 5286.22784175456 Inf
"39" 56.8686868686869 4391.65721041932 355.594727394433 -Inf 3694.70435163389 3806.75593333977 3935.94423082758 4151.81221156801 4391.65721041932 4631.50220927064 4847.37019001106 4976.55848749887 5088.61006920475 Inf 4643.28646027872 370.172809192839 -Inf 3917.76108620474 4034.40637247906 4168.89091713559 4393.60869467686 4643.28646027872 4892.96422588058 5117.68200342185 5252.16654807838 5368.8118343527 Inf
"40" 57.5757575757576 4403.60951041712 357.926861704815 -Inf 3702.08575237624 3814.8722137586 3944.90778044885 4162.19151087738 4403.60951041712 4645.02750995687 4862.3112403854 4992.34680707565 5105.13326845801 Inf 4600.88300859097 372.605735428742 -Inf 3870.58918671758 3988.00111324808 4123.36954502137 4349.56425918001 4600.88300859097 4852.20175800193 5078.39647216057 5213.76490393386 5331.17683046436 Inf
"41" 58.2828282828283 4345.4754392798 356.522764368627 -Inf 3646.70366144863 3759.0476772173 3888.5731324509 4105.00448900159 4345.4754392798 4585.94638955801 4802.3777461087 4931.9032013423 5044.24721711097 Inf 4486.08102457049 371.140175117162 -Inf 3758.65964812497 3875.60976142163 4010.4457521126 4235.75078056799 4486.08102457049 4736.411268573 4961.71629702839 5096.55228771936 5213.50240101602 Inf
"42" 58.989898989899 4258.46805913083 353.982379253308 -Inf 3564.67534463255 3676.21885873912 3804.82138682355 4019.71057257445 4258.46805913083 4497.22554568721 4712.11473143811 4840.71725952255 4952.26077362911 Inf 4389.84290621701 368.48720686945 -Inf 3667.62125198913 3783.73538751258 3917.60754937031 4141.30206210518 4389.84290621701 4638.38375032884 4862.07826306371 4995.95042492144 5112.06456044489 Inf
"43" 59.6969696969697 4195.16339688472 354.247915536698 -Inf 3500.85024083441 3612.47742817418 3741.17642613775 3956.22680882689 4195.16339688472 4434.09998494255 4649.15036763169 4777.84936559526 4889.47655293504 Inf 4354.76153557292 368.765487644703 -Inf 3631.99446104795 3748.196285726 3882.16954756303 4106.03299393051 4354.76153557292 4603.49007721533 4827.35352358281 4961.32678541984 5077.52861009789 Inf
"44" 60.4040404040404 4172.95334019827 355.437403265917 -Inf 3476.30883103863 3588.31083828211 3717.44197958972 3933.2144548591 4172.95334019827 4412.69222553744 4628.46470080681 4757.59584211443 4869.59784935791 Inf 4354.85592495208 370.010902082613 -Inf 3629.64788298299 3746.24215064991 3880.66787411954 4105.28736403655 4354.85592495208 4604.42448586761 4829.04397578463 4963.46969925425 5080.06396692118 Inf
"45" 61.1111111111111 4167.63462966708 354.164732573227 -Inf 3473.48450922929 3585.08548475571 3713.75426217717 3928.7541476655 4167.63462966708 4406.51511166866 4621.51499715698 4750.18377457845 4861.78475010486 Inf 4350.81880930272 368.680028101156 -Inf 3628.21923240524 3744.39412789596 3878.33634210465 4102.14790924648 4350.81880930272 4599.48970935895 4823.30127650078 4957.24349070947 5073.4183862002 Inf
"46" 61.8181818181818 4145.88431160612 352.188915318585 -Inf 3455.60672182747 3566.58509687224 3694.53605581214 3908.33649809106 4145.88431160612 4383.43212512118 4597.23256740011 4725.18352634 4836.16190138478 Inf 4337.57974840705 366.618574267479 -Inf 3619.02054677937 3734.54585681541 3867.73914059683 4090.29927783213 4337.57974840705 4584.86021898196 4807.42035621727 4940.61363999869 5056.13895003473 Inf
"47" 62.5252525252525 4103.02623195224 351.606684879954 -Inf 3413.88979286401 3524.68470106707 3652.42413448839 3865.87112690029 4103.02623195224 4340.18133700419 4553.62832941609 4681.36776283742 4792.16267104047 Inf 4330.81937207396 366.012181654435 -Inf 3613.44867812833 3728.78290757124 3861.75588766632 4083.94790710113 4330.81937207396 4577.69083704678 4799.88285648159 4932.85583657667 5048.19006601958 Inf
"48" 63.2323232323232 4072.83967135327 352.139720680367 -Inf 3382.65850129375 3493.62137459849 3621.5544610249 3835.32503911745 4072.83967135327 4310.35430358909 4524.12488168163 4652.05796810805 4763.02084141278 Inf 4331.78297280303 366.567958669331 -Inf 3613.32297592477 3728.83233646158 3862.00723149186 4084.53664193026 4331.78297280303 4579.02930367579 4801.5587141142 4934.73360914447 5050.24296968128 Inf
"49" 63.9393939393939 4096.89074023059 352.725837485195 -Inf 3405.56080234288 3516.70836712357 3644.85439099341 3858.9807782175 4096.89074023059 4334.80070224368 4548.92708946777 4677.07311333761 4788.2206781183 Inf 4329.62830522542 367.180782233782 -Inf 3609.96719623196 3725.6696638213 3859.06719891582 4081.96863113975 4329.62830522542 4577.28797931108 4800.18941153501 4933.58694662953 5049.28941421888 Inf
"50" 64.6464646464646 4174.8746306543 352.329723978269 -Inf 3484.32106097395 3595.34380628583 3723.34592130205 3937.23184314154 4174.8746306543 4412.51741816705 4626.40334000654 4754.40545502276 4865.42820033464 Inf 4329.41683805931 366.766727110045 -Inf 3610.56726219599 3726.13925672723 3859.38636474176 4082.03643991062 4329.41683805931 4576.79723620799 4799.44731137685 4932.69441939138 5048.26641392262 Inf
"51" 65.3535353535354 4247.12535425595 351.310076441609 -Inf 3558.57025702439 3669.27170083637 3796.90337580061 4010.17030855549 4247.12535425595 4484.08039995642 4697.34733271129 4824.97900767553 4935.68045148752 Inf 4349.84687091096 365.703462578552 -Inf 3633.08125523541 3748.31820409992 3881.17902591834 4103.18363379051 4349.84687091096 4596.51010803141 4818.51471590358 4951.375537722 5066.61248658651 Inf
"52" 66.0606060606061 4241.75504265855 350.368653189573 -Inf 3555.04510109518 3665.44989268958 3792.7395466457 4005.43497729218 4241.75504265855 4478.07510802492 4690.7705386714 4818.06019262752 4928.46498422192 Inf 4385.83819939768 364.721878980599 -Inf 3670.99645222193 3785.92409392789 3918.42830440172 4139.83703035301 4385.83819939768 4631.83936844235 4853.24809439363 4985.75230486747 5100.67994657343 Inf
"53" 66.7676767676768 4146.88016881132 349.905600760499 -Inf 3461.0777933319 3571.33667230978 3698.45809836388 3910.87242756217 4146.88016881132 4382.88791006048 4595.30223925877 4722.42366531286 4832.68254429075 Inf 4393.98975446493 364.238841968945 -Inf 3680.09474243522 3794.87017417571 3927.19889630748 4148.31438893359 4393.98975446493 4639.66511999628 4860.78061262239 4993.10933475416 5107.88476649464 Inf
"54" 67.4747474747475 4026.42416592739 350.299494977086 -Inf 3339.84977196973 3450.23277109506 3577.49729973002 3790.15074706648 4026.42416592739 4262.69758478829 4475.35103212475 4602.61556075971 4712.99855988504 Inf 4334.07058778841 364.649617059975 -Inf 3619.37047137454 3734.27534260084 3866.75330016996 4088.11815866853 4334.07058778841 4580.02301690829 4801.38787540686 4933.86583297597 5048.77070420228 Inf
"55" 68.1818181818182 3957.23988479891 351.002927276444 -Inf 3269.28678886895 3379.89144679767 3507.41153383705 3720.49200806213 3957.23988479891 4193.98776153569 4407.06823576077 4534.58832280015 4645.19298072887 Inf 4221.39209903612 365.384116655558 -Inf 3505.25238986825 3620.38870952477 3753.13351231106 3974.9442574675 4221.39209903612 4467.83994060474 4689.65068576118 4822.39548854747 4937.531808204 Inf
"56" 68.8888888888889 3959.42392004845 350.849943260652 -Inf 3271.77066727965 3382.32711836044 3509.79162599152 3722.77922946226 3959.42392004845 4196.06861063463 4409.05621410537 4536.52072173645 4647.07717281724 Inf 4123.238912029 365.224339018231 -Inf 3407.41236127582 3522.49833334391 3655.18508858519 3876.89883883906 4123.238912029 4369.57898521893 4591.2927354728 4723.97949071409 4839.06546278218 Inf
"57" 69.5959595959596 3993.65258859572 350.83548276437 -Inf 3306.02767787883 3416.57957230747 3544.03882641045 3757.01765146606 3993.65258859572 4230.28752572538 4443.26635078099 4570.72560488396 4681.27749931261 Inf 4095.67161039001 365.207075449728 -Inf 3379.87889560934 3494.95942774818 3627.63991109944 3849.34318130008 4095.67161039001 4342.00003947994 4563.70330968057 4696.38379303183 4811.46432517067 Inf
"58" 70.3030303030303 4011.13970012712 352.089158260937 -Inf 3321.05763058866 3432.00457115132 3559.91928814653 3773.65917172495 4011.13970012712 4248.62022852929 4462.3601121077 4590.27482910291 4701.22176966558 Inf 4126.05788028408 366.517839946481 -Inf 3407.69611429756 3523.18968190569 3656.34636870064 3878.84535397617 4126.05788028408 4373.27040659199 4595.76939186752 4728.92607866247 4844.4196462706 Inf
"59" 71.010101010101 3990.8084403042 352.137979692623 -Inf 3300.63068251796 3411.59300721943 3539.52546114141 3753.29498234677 3990.8084403042 4228.32189826163 4442.09141946699 4570.02387338897 4680.98619809044 Inf 4144.78641190778 366.569435617684 -Inf 3426.32352026395 3541.83334620248 3675.00877781114 3897.53908484849 4144.78641190778 4392.03373896707 4614.56404600443 4747.73947761308 4863.24930355162 Inf
"60" 71.7171717171717 3939.84820827734 350.408626892372 -Inf 3253.05991969616 3363.47730741833 3490.78148390308 3703.50118105815 3939.84820827734 4176.19523549653 4388.91493265159 4516.21910913634 4626.63649685852 Inf 4099.98800254417 364.762786806408 -Inf 3385.06607750315 3500.00660968873 3632.52568206001 3853.95924159029 4099.98800254417 4346.01676349806 4567.45032302834 4699.96939539962 4814.9099275852 Inf
"61" 72.4242424242424 3883.14963074962 349.655799531636 -Inf 3197.83685668206 3308.0170207054 3435.04769345811 3647.31037786892 3883.14963074962 4118.98888363033 4331.25156804114 4458.28224079385 4568.46240481719 Inf 4019.01195347738 363.978398116359 -Inf 3305.62740201873 3420.3207652037 3552.55486754694 3773.51225465511 4019.01195347738 4264.51165229965 4485.46903940782 4617.70314175106 4732.39650493602 Inf
"62" 73.1313131313131 3854.88850069983 350.723103086355 -Inf 3167.48385010444 3278.00033253256 3405.41875886685 3618.32936251112 3854.88850069983 4091.44763888854 4304.35824253281 4431.77666886709 4542.29315129521 Inf 3983.62564680839 365.090881565539 -Inf 3268.06066785596 3383.1045860984 3515.74285597202 3737.37558930238 3983.62564680839 4229.8757043144 4451.50843764477 4584.14670751838 4699.19062576083 Inf
"63" 73.8383838383838 3878.7931369786 352.806498707626 -Inf 3187.30510599997 3298.47808796731 3426.65341622553 3640.82876979773 3878.7931369786 4116.75750415946 4330.93285773166 4459.10818598988 4570.28116795722 Inf 4035.42676115934 367.264789344249 -Inf 3315.60100125492 3431.32994035489 3564.75799540581 3787.71042513872 4035.42676115934 4283.14309717996 4506.09552691287 4639.5235819638 4755.25252106376 Inf
"64" 74.5454545454545 3940.74358509108 354.500530541371 -Inf 3245.93531272965 3357.64210167388 3486.43287518939 3701.63661080185 3940.74358509108 4179.85055938031 4395.05429499276 4523.84506850827 4635.55185745251 Inf 4116.85076158226 369.031282434471 -Inf 3393.56273884207 3509.84831821136 3643.91814384343 3867.94294407849 4116.85076158226 4365.75857908602 4589.78337932109 4723.85320495315 4840.13878432245 Inf
"65" 75.2525252525253 3986.153344406 355.011268664746 -Inf 3290.34404371722 3402.21177153414 3531.18809726272 3746.70188248752 3986.153344406 4225.60480632447 4441.11859154928 4570.09491727785 4681.96264509477 Inf 4126.50949928587 369.561884622179 -Inf 3402.18151536765 3518.63429298206 3652.8968874827 3877.24379604506 4126.50949928587 4375.77520252668 4600.12211108904 4734.38470558968 4850.83748320409 Inf
"66" 75.959595959596 3958.89822196243 354.79125940343 -Inf 3263.5201315021 3375.31853212202 3504.21492803242 3719.59515403566 3958.89822196243 4198.2012898892 4413.58151589243 4542.47791180284 4654.27631242276 Inf 4034.68455261438 369.334058596881 -Inf 3310.80309950049 3427.18408677459 3561.36391161061 3785.57251569247 4034.68455261438 4283.7965895363 4508.00519361816 4642.18501845417 4758.56600572827 Inf
"67" 76.6666666666667 3853.142024526 355.728598034917 -Inf 3155.92678410663 3268.0205498379 3397.25748280536 3613.20673129982 3853.142024526 4093.07731775217 4309.02656624663 4438.26349921409 4550.35726494536 Inf 3923.45421676042 370.306547894642 -Inf 3197.66671964756 3314.35414837204 3448.88728057462 3673.68624577499 3923.45421676042 4173.22218774585 4398.02115294621 4532.5542851488 4649.24171387327 Inf
"68" 77.3737373737374 3730.12164624224 359.809407635063 -Inf 3024.90816597883 3138.28783708245 3269.00733658985 3487.43388876827 3730.12164624224 3972.80940371622 4191.23595589463 4321.95545540204 4435.33512650566 Inf 3899.4401206821 374.571384030281 -Inf 3165.29369834343 3283.32502110766 3419.40757706989 3646.79556143692 3899.4401206821 4152.08467992729 4379.47266429432 4515.55522025654 4633.58654302078 Inf
"69" 78.0808080808081 3677.854470259 362.565694729846 -Inf 2967.23876655876 3081.48697227444 3213.2078365652 3433.307625391 3677.854470259 3922.40131512701 4142.5011039528 4274.22196824357 4388.47017395924 Inf 3978.23322502892 377.451625084422 -Inf 3238.44163395733 3357.38055051008 3494.50950398462 3723.64597271462 3978.23322502892 4232.82047734321 4461.95694607321 4599.08589954775 4718.0248161005 Inf
"70" 78.7878787878788 3737.47157162813 364.870276522399 -Inf 3022.33897061506 3137.31337392348 3269.87149753016 3491.37030996256 3737.47157162813 3983.5728332937 4205.0716457261 4337.62976933279 4452.6041726412 Inf 4068.0566446173 379.829944351908 -Inf 3323.60363343771 3443.29198302529 3581.2849847924 3811.86524033439 4068.0566446173 4324.24804890021 4554.82830444221 4692.82130620932 4812.5096557969 Inf
"71" 79.4949494949495 3851.25196059308 378.042589480135 -Inf 3110.30210058975 3229.42723614455 3366.77088820228 3596.26610885114 3851.25196059308 4106.23781233501 4335.73303298388 4473.0766850416 4592.2018205964 Inf 4057.16736232229 393.623790747841 -Inf 3285.67890899839 3409.71384245631 3552.71817705379 3791.67215002954 4057.16736232229 4322.66257461504 4561.61654759079 4704.62088218826 4828.65581564619 Inf
"72" 80.2020202020202 3879.25077944875 400.904166514292 -Inf 3093.49305182869 3219.82210709776 3365.471417219 3608.84502832396 3879.25077944875 4149.65653057354 4393.03014167849 4538.67945179974 4665.00850706881 Inf 3897.91817689069 417.41534987755 -Inf 3079.7991245365 3211.33102469938 3362.97888177277 3616.37580182377 3897.91817689069 4179.46055195761 4432.85747200861 4584.50532908199 4716.03722924487 Inf
"73" 80.9090909090909 3681.45423725169 487.817983320566 -Inf 2725.34855893242 2879.0650580947 3056.29033702641 3352.42600754065 3681.45423725169 4010.48246696273 4306.61813747697 4483.84341640867 4637.55991557096 Inf 3608.69932456132 508.258282303759 -Inf 2612.53139640176 2772.68884548585 2957.34012717393 3265.88432269517 3608.69932456132 3951.51432642747 4260.05852194871 4444.70980363678 4604.86725272088 Inf
"74" 81.6161616161616 3207.43757585449 761.220680556522 -Inf 1715.47245767663 1955.34097853062 2231.89402096235 2694.00202918183 3207.43757585449 3720.87312252715 4182.98113074662 4459.53417317835 4699.40269403234 Inf 3222.19132589652 795.778946925624 -Inf 1662.49325026709 1913.25143879429 2202.35957063655 2685.44658277336 3222.19132589652 3758.93606901969 4242.02308115649 4531.13121299876 4781.88940152595 Inf
"75" 82.3232323232323 2527.47445104948 1188.81270146193 -Inf 197.444371820321 572.051567283838 1003.94967235163 1725.63246901049 2527.47445104948 3329.31643308846 4050.99922974732 4482.89733481511 4857.50453027863 Inf 2754.46258431373 1246.14406267573 -Inf 312.065101920869 704.738003117506 1157.46470989753 1913.95118677124 2754.46258431373 3594.97398185621 4351.46045872992 4804.18716550994 5196.86006670658 Inf
"76" 83.030303030303 1787.87155264219 1636.37678195152 -Inf -1419.36800512035 -903.728732209955 -309.229674088623 684.152185757036 1787.87155264219 2891.59091952734 3884.972779373 4479.47183749433 4995.11111040472 Inf 2220.299608277 1718.0018854904 -Inf -1146.92221265609 -605.562024181355 18.591602318199 1061.52494569618 2220.299608277 3379.07427085781 4422.00761423579 5046.16124073534 5587.52142921008 Inf
"77" 83.7373737373737 1131.47658208591 1997.06187203737 -Inf -2782.69276200548 -2153.39788138126 -1427.86118651302 -215.521181110698 1131.47658208591 2478.47434528251 3690.81435068483 4416.35104555307 5045.64592617729 Inf 1659.10385468128 2098.65320065211 -Inf -2454.18083463656 -1792.87347412466 -1030.42844014962 243.583781625231 1659.10385468128 3074.62392773732 4348.63614951217 5111.08118348721 5772.38854399911 Inf
"78" 84.4444444444444 639.840112434634 2229.43344450687 -Inf -3729.76914472792 -3027.25157480941 -2217.29380865064 -863.889894629598 639.840112434634 2143.57011949887 3496.97403351991 4306.93179967868 5009.44936959718 Inf 1133.36010838425 2344.1447566167 -Inf -3461.07918913289 -2722.41489663601 -1870.78227432105 -447.741502929603 1133.36010838425 2714.4617196981 4137.50249108955 4989.13511340451 5727.79940590139 Inf
"79" 85.1515151515152 323.211304489847 2349.74611350501 -Inf -4282.20645079294 -3541.777112724 -2688.10950590484 -1261.66836463236 323.211304489847 1908.09097361206 3334.53211488454 4188.19972170369 4928.62905977263 Inf 701.227333723334 2471.38316857759 -Inf -4142.59466868722 -3363.83623469834 -2465.97763502785 -965.695282289364 701.227333723334 2368.14994973603 3868.43230247452 4766.290902145 5545.04933613389 Inf
"80" 85.8585858585859 145.848876129468 2399.57204095385 -Inf -4557.22590244935 -3801.09589856482 -2929.32642959199 -1472.637870351 145.848876129468 1764.33562260993 3221.02418185093 4092.79365082376 4848.92365470829 Inf 390.882960907571 2524.13087415601 -Inf -4556.32264470382 -3760.94286234814 -2843.92091250653 -1311.61744186413 390.882960907571 2093.38336367928 3625.68683432167 4542.70878416328 5338.08856651896 Inf
"81" 86.5656565656566 58.7917081163633 2415.98697404808 -Inf -4676.45574813577 -3915.15322881413 -3037.42018081031 -1570.76674248631 58.7917081163633 1688.35015871904 3155.00359704304 4032.73664504685 4794.0391643685 Inf 195.804514202245 2541.52501254755 -Inf -4785.49297619865 -3984.63212067447 -3061.29084449882 -1518.42805662804 195.804514202245 1910.03708503253 3452.89987290331 4376.24114907896 5177.10200460314 Inf
"82" 87.2727272727273 21.1641818433677 2420.28053148452 -Inf -4722.49849234976 -3959.84302860899 -3080.55012233774 -1611.29022924207 21.1641818433677 1653.6185929288 3122.87848602448 4002.17139229572 4764.8268560365 Inf 88.0636028170515 2546.07865915037 -Inf -4902.1588709237 -4099.86311419017 -3174.8674888168 -1629.24035597285 88.0636028170515 1805.36756160696 3350.9946944509 4275.99031982427 5078.2860765578 Inf
"83" 87.979797979798 6.79878037427099 2421.17382470848 -Inf -4738.61471636545 -3975.67776667744 -3096.06032513649 -1626.25814783464 6.79878037427099 1639.85570858319 3109.65788588503 3989.27532742598 4752.21227711399 Inf 35.5609390842522 2547.02679829703 -Inf -4956.5198532363 -4153.92532803722 -3228.58524175736 -1682.38252984184 35.5609390842522 1753.50440801034 3299.70711992587 4225.04720620572 5027.6417314048 Inf
"84" 88.6868686868687 1.94613817446536 2421.32222196357 -Inf -4743.75821184064 -3980.77450064052 -3101.10314607088 -1631.21088246197 1.94613817446536 1635.1031588109 3104.99542241981 3984.66677698944 4747.65048818957 Inf 12.8989952775733 2547.18441387272 -Inf -4979.49071789472 -4176.84652639523 -3251.44917805182 -1705.15078373879 12.8989952775733 1730.94877429394 3277.24716860696 4202.64451695038 5005.28870844987 Inf
"85" 89.3939393939394 0.495165432855625 2421.34198618073 -Inf -4745.24792173606 -3982.25798262641 -3102.57944767594 -1632.67518596547 0.495165432855625 1633.66551683118 3103.56977854165 3983.24831349211 4746.23825260177 Inf 4.2056351604829 2547.20541834635 -Inf -4988.22524602365 -4185.57443579696 -3260.16945648497 -1713.85831115805 4.2056351604829 1722.26958147902 3268.58072680594 4193.98570611792 4996.63651634461 Inf
"86" 90.1010101010101 0.111528128165335 2421.34410404195 -Inf -4745.63570997247 -3982.6451035028 -3102.96579912899 -1633.06025174585 0.111528128165335 1633.28330800218 3103.18885538532 3982.86815975913 4745.8587662288 Inf 1.23341778657597 2547.2076702883 -Inf -4991.20187712267 -4188.55035728575 -3263.14455983861 -1716.83204744372 1.23341778657597 1719.29888301688 3265.61139541177 4191.0171928589 4993.66871269583 Inf
"87" 90.8080808080808 0.0220865402438171 2421.34428716312 -Inf -4745.72551047128 -3982.73484629824 -3103.05547539613 -1633.14981684712 0.0220865402438171 1633.19398992761 3103.09964847662 3982.77901937873 4745.76968355177 Inf 0.32560625644523 2547.20786509267 -Inf -4992.11007046235 -4189.45848924056 -3264.05262102059 -1717.73999036741 0.32560625644523 1718.3912028803 3264.70383353348 4190.10970175344 4992.76128297524 Inf
"88" 91.5151515151515 0.00380061672843648 2421.34429996922 -Inf -4745.74382149428 -3982.75315328591 -3103.07377773132 -1633.16811140821 0.00380061672843648 1633.17571264167 3103.08137896477 3982.76075451937 4745.75142272774 Inf 0.077420637809526 2547.20787872136 -Inf -4992.35828279272 -4189.70669727638 -3264.30082410509 -1717.98818517845 0.077420637809526 1718.14302645407 3264.45566538071 4189.861538552 4992.51312406834 Inf
"89" 92.2222222222222 0.000555641850062417 2421.34430069491 -Inf -4745.74706789149 -3982.75639945445 -3103.07702363621 -1633.17135687256 0.000555641850062417 1633.17246815626 3103.07813491991 3982.75751073814 4745.74817917519 Inf 0.0165901698876315 2547.20787949394 -Inf -4992.41911477488 -4189.76752901509 -3264.36165556312 -1718.04901616747 0.0165901698876315 1718.08219650725 3264.39483590289 4189.80070935487 4992.45229511466 Inf
"90" 92.9292929292929 6.56161192551739e-05 2421.34430072828 -Inf -4745.74755798264 -3982.75688953507 -3103.07751370471 -1633.17184692081 6.56161192551739e-05 1633.17197815304 3103.07764493695 3982.75702076731 4745.74768921487 Inf 0.00320548710235122 2547.20787952949 -Inf -4992.43249952733 -4189.78091375634 -3264.37504029145 -1718.06240087423 0.00320548710235122 1718.06881184844 3264.38145126566 4189.78732473054 4992.43891050153 Inf
"91" 93.6363636363636 5.34427205065191e-06 2421.34430072953 -Inf -4745.74761825693 -3982.75694980897 -3103.07757397815 -1633.17190719349 5.34427205065191e-06 1633.17191788204 3103.0775846667 3982.75696049751 4745.74762894547 Inf 0.000558698463819341 2547.20787953081 -Inf -4992.43514631857 -4189.78356054717 -3264.37768708179 -1718.06504766377 0.000558698463819341 1718.06616506069 3264.37880447872 4189.78467794409 4992.4362637155 Inf
"92" 94.3434343434343 3.58573909355088e-08 2421.34430072957 -Inf -4745.74762356542 -3982.75695511745 -3103.07757928662 -1633.17191250193 3.58573909355088e-08 1633.17191257365 3103.07757935833 3982.75695518916 4745.74762363713 Inf 8.78753556980135e-05 2547.20787953085 -Inf -4992.43561714176 -4189.78403137034 -3264.37815790495 -1718.0655184869 8.78753556980135e-05 1718.06569423761 3264.37833365566 4189.78420712105 4992.43579289247 Inf
"93" 95.0505050505051 -9.11363894066525e-08 2421.34430072957 -Inf -4745.74762369241 -3982.75695524444 -3103.07757941361 -1633.17191262893 -9.11363894066525e-08 1633.17191244666 3103.07757923134 3982.75695506217 4745.74762351014 Inf 1.24768975626902e-05 2547.20787953085 -Inf -4992.43569254022 -4189.7841067688 -3264.37823330341 -1718.06559388536 1.24768975626902e-05 1718.06561883915 3264.37825825721 4189.78413172259 4992.43571749401 Inf
"94" 95.7575757575758 -2.21038013783981e-08 2421.34430072957 -Inf -4745.74762362338 -3982.75695517541 -3103.07757934458 -1633.1719125599 -2.21038013783981e-08 1633.17191251569 3103.07757930037 3982.7569551312 4745.74762357917 Inf 1.59963329884419e-06 2547.20787953085 -Inf -4992.43570341748 -4189.78411764606 -3264.37824418068 -1718.06560476262 1.59963329884419e-06 1718.06560796189 3264.37824737994 4189.78412084533 4992.43570661675 Inf
"95" 96.4646464646465 -3.58135641288819e-09 2421.34430072957 -Inf -4745.74762360486 -3982.75695515689 -3103.07757932606 -1633.17191254137 -3.58135641288819e-09 1633.17191253421 3103.07757931889 3982.75695514972 4745.74762359769 Inf 1.852321472455e-07 2547.20787953085 -Inf -4992.43570483188 -4189.78411906046 -3264.37824559508 -1718.06560617703 1.852321472455e-07 1718.06560654749 3264.37824596554 4189.78411943093 4992.43570520235 Inf
"96" 97.1717171717172 -4.65418555612337e-10 2421.34430072957 -Inf -4745.74762360174 -3982.75695515377 -3103.07757932294 -1633.17191253826 -4.65418555612337e-10 1633.17191253733 3103.07757932201 3982.75695515284 4745.74762360081 Inf 1.9377060731725e-08 2547.20787953085 -Inf -4992.43570499774 -4189.78411922632 -3264.37824576093 -1718.06560634288 1.9377060731725e-08 1718.06560638163 3264.37824579969 4189.78411926507 4992.43570503649 Inf
"97" 97.8787878787879 -5.12980906972354e-11 2421.34430072957 -Inf -4745.74762360133 -3982.75695515336 -3103.07757932253 -1633.17191253784 -5.12980906972354e-11 1633.17191253774 3103.07757932242 3982.75695515325 4745.74762360122 Inf 1.83153975547096e-09 2547.20787953085 -Inf -4992.43570501528 -4189.78411924386 -3264.37824577848 -1718.06560636043 1.83153975547096e-09 1718.06560636409 3264.37824578214 4189.78411924753 4992.43570501895 Inf
"98" 98.5858585858586 -4.91472869074004e-12 2421.34430072957 -Inf -4745.74762360128 -3982.75695515331 -3103.07757932248 -1633.1719125378 -4.91472869074004e-12 1633.17191253779 3103.07757932247 3982.7569551533 4745.74762360127 Inf 1.5644891060296e-10 2547.20787953085 -Inf -4992.43570501696 -4189.78411924554 -3264.37824578015 -1718.0656063621 1.5644891060296e-10 1718.06560636241 3264.37824578047 4189.78411924585 4992.43570501727 Inf
"99" 99.2929292929293 -4.14664609582263e-13 2421.34430072957 -Inf -4745.74762360128 -3982.75695515331 -3103.07757932248 -1633.17191253779 -4.14664609582263e-13 1633.17191253779 3103.07757932247 3982.75695515331 4745.74762360128 Inf 1.20786486246078e-11 2547.20787953085 -Inf -4992.4357050171 -4189.78411924568 -3264.3782457803 -1718.06560636225 1.20786486246078e-11 1718.06560636227 3264.37824578032 4189.78411924571 4992.43570501713 Inf
"100" 100 -3.10493761622665e-14 2421.34430072957 -Inf -4745.74762360128 -3982.75695515331 -3103.07757932248 -1633.17191253779 -3.10493761622665e-14 1633.17191253779 3103.07757932248 3982.75695515331 4745.74762360128 Inf 8.42961868464126e-13 2547.20787953085 -Inf -4992.43570501711 -4189.7841192457 -3264.37824578031 -1718.06560636226 8.42961868464126e-13 1718.06560636226 3264.37824578031 4189.78411924569 4992.43570501712 Inf
