"mid_age" "mean_left" "std_left" "min_left" "l.q2.5" "l.q5" "l.q10" "l.q25" "l.q50" "l.q75" "l.q90" "l.q95" "l.q97.5" "max_left" "mean_right" "std_right" "min_right" "r.q2.5" "r.q5" "r.q10" "r.q25" "r.q50" "r.q75" "r.q90" "r.q95" "r.q97.5" "max_right"
"1" 30 3.1511932828712e-09 2337.52574349924 -Inf -4581.46627019057 -3844.88769728401 -2995.65977607911 -1576.63715480656 3.1511932828712e-09 1576.63715481286 2995.65977608541 3844.88769729031 4581.46627019687 Inf 2.57669158817713e-09 2465.99912620706 -Inf -4833.26947327051 -4056.20760679827 -3160.3050408197 -1663.29113461658 2.57669158817713e-09 1663.29113462173 3160.30504082485 4056.20760680342 4833.26947327566 Inf
"2" 30.7070707070707 3.25073157304364e-08 2337.52574349924 -Inf -4581.46627016122 -3844.88769725466 -2995.65977604975 -1576.63715477721 3.25073157304364e-08 1576.63715484222 2995.65977611477 3844.88769731967 4581.46627022623 Inf 2.67967803024694e-08 2465.99912620706 -Inf -4833.26947324629 -4056.20760677405 -3160.30504079548 -1663.29113459236 2.67967803024694e-08 1663.29113464595 3160.30504084907 4056.20760682764 4833.26947329988 Inf
"3" 31.4141414141414 3.03328046838571e-07 2337.52574349924 -Inf -4581.46626989039 -3844.88769698384 -2995.65977577893 -1576.63715450638 3.03328046838571e-07 1576.63715511304 2995.65977638559 3844.88769759049 4581.46627049705 Inf 2.52221233409194e-07 2465.99912620706 -Inf -4833.26947302086 -4056.20760654863 -3160.30504057006 -1663.29113436694 2.52221233409194e-07 1663.29113487138 3160.3050410745 4056.20760705307 4833.2694735253 Inf
"4" 32.1212121212121 2.56002606561056e-06 2337.52574349924 -Inf -4581.4662676337 -3844.88769472714 -2995.65977352223 -1576.63715224969 2.56002606561056e-06 1576.63715736974 2995.65977864228 3844.88769984719 4581.46627275375 Inf 2.14855370315194e-06 2465.99912620706 -Inf -4833.26947112453 -4056.20760465229 -3160.30503867372 -1663.2911324706 2.14855370315194e-06 1663.29113676771 3160.30504297083 4056.2076089494 4833.26947542164 Inf
"5" 32.8282828282828 1.95409006705124e-05 2337.52574349924 -Inf -4581.46625065282 -3844.88767774626 -2995.65975654136 -1576.63713526881 1.95409006705124e-05 1576.63717435061 2995.65979562316 3844.88771682806 4581.46628973462 Inf 1.65635638886652e-05 2465.99912620706 -Inf -4833.26945670952 -4056.20759023728 -3160.30502425871 -1663.29111805559 1.65635638886652e-05 1663.29115118272 3160.30505738584 4056.20762336441 4833.26948983665 Inf
"6" 33.5353535353535 0.000134887608033822 2337.52574349924 -Inf -4581.46613530611 -3844.88756239955 -2995.65964119464 -1576.6370199221 0.000134887608033822 1576.63728969732 2995.65991096986 3844.88783217476 4581.46640508132 Inf 0.00011554986656119 2465.99912620706 -Inf -4833.26935772321 -4056.20749125097 -3160.30492527241 -1663.29101906929 0.00011554986656119 1663.29125016902 3160.30515637214 4056.2077223507 4833.26958882294 Inf
"7" 34.2424242424242 0.000841926045502535 2337.52574349908 -Inf -4581.46542826736 -3844.88685536085 -2995.65893415601 -1576.63631288356 0.000841926045502535 1576.63799673565 2995.6606180081 3844.88853921294 4581.46711211946 Inf 0.000729360049535137 2465.9991262069 -Inf -4833.26874391272 -4056.20687744053 -3160.30431146202 -1663.290405259 0.000729360049535137 1663.2918639791 3160.30577018212 4056.20833616063 4833.27020263282 Inf
"8" 34.9494949494949 0.00475096989427554 2337.52574349439 -Inf -4581.46151921433 -3844.88294630929 -2995.65502510615 -1576.63240383655 0.00475096989427554 1576.64190577634 2995.66452704594 3844.89244824908 4581.47102115411 Inf 0.00416484712342806 2465.99912620219 -Inf -4833.2653084164 -4056.2034419457 -3160.30087596891 -1663.28696976875 0.00416484712342806 1663.29529946299 3160.30920566315 4056.21177163995 4833.27363811065 Inf
"9" 35.6565656565657 0.0242331558171361 2337.52574337895 -Inf -4581.44203680213 -3844.86346393348 -2995.63554277228 -1576.61292157276 0.0242331558171361 1576.66138788439 2995.68400908391 3844.91193024511 4581.49050311377 Inf 0.0215100651300537 2465.9991260859 -Inf -4833.24796297047 -4056.18609653642 -3160.28353060187 -1663.2696244723 0.0215100651300537 1663.31264460256 3160.32655073213 4056.22911666668 4833.29098310073 Inf
"10" 36.3636363636364 0.111698192249802 2337.52574106808 -Inf -4581.35456723649 -3844.77599509601 -2995.54807477435 -1576.52545497767 0.111698192249802 1576.74885136217 2995.77147115885 3844.99939148051 4581.57796362099 Inf 0.100447174249319 2465.99912375391 -Inf -4833.16902129075 -4056.10715559152 -3160.20459050419 -1663.19068579028 0.100447174249319 1663.39158013878 3160.40548485269 4056.30804994002 4833.36991563924 Inf
"11" 37.0707070707071 0.465104729234988 2337.52570350949 -Inf -4581.00108708602 -3844.42252678064 -2995.1946201041 -1576.1720231078 0.465104729234988 1577.10223256627 2996.12482956257 3845.35273623911 4581.93129654449 Inf 0.423949710479662 2465.99908577742 -Inf -4832.84544432197 -4055.78359058953 -3159.88103929913 -1662.8671576393 0.423949710479662 1663.71505706026 3160.72893872009 4056.63149001049 4833.69334374293 Inf
"12" 37.7777777777778 1.74883527193927 2337.52520869321 -Inf -4579.71638672123 -3843.13798233759 -2993.91025542882 -1574.88795881659 1.74883527193927 1578.38562936047 2997.4079259727 3846.63565288147 4583.21405726511 Inf 1.61640683516517 2465.9985843878 -Inf -4831.65200449168 -4054.5903087523 -3158.68793961779 -1661.67436233245 1.61640683516517 1664.90717600278 3161.92075328812 4057.82312242263 4834.88481816201 Inf
"13" 38.4848484848485 5.93506091720175 2337.51993590168 -Inf -4575.51982659447 -3838.94308372206 -2989.71727242932 -1570.69817672749 5.93506091720175 1582.56829856189 3001.58739426372 3850.81320555646 4587.38994842888 Inf 5.56378190931791 2465.99322917485 -Inf -4827.69413339302 -4050.63412513671 -3154.7337015621 -1657.72337522206 5.56378190931791 1668.85093904069 3165.86126538073 4061.76168895534 4838.82169721165 Inf
"14" 39.1919191919192 18.168500446004 2337.47461431134 -Inf -4563.19755838088 -3826.635096811 -2977.42575094546 -1558.43416825054 18.168500446004 1594.77116914254 3013.76275183747 3862.97209770301 4599.53455927289 Inf 17.2756328870301 2465.94708328907 -Inf -4815.89183814113 -4038.8463709314 -3142.96271225222 -1645.98039931737 17.2756328870301 1680.53166509143 3177.51397802628 4073.39763670545 4850.44310391519 Inf
"15" 39.8989898989899 50.1329413014936 2337.16148330357 -Inf -4530.61939202771 -3794.15560128167 -2945.06001655674 -1526.25852373984 50.1329413014936 1626.52440634282 3045.32589915973 3894.42148388465 4630.8852746307 Inf 48.3435544079643 2465.62738368546 -Inf -4784.19731691125 -4007.25259035793 -3111.48507920377 -1614.69684369066 48.3435544079643 1711.38395250659 3208.1721880197 4103.93969917386 4880.88442572718 Inf
"16" 40.6060606060606 124.591121913766 2335.42987189415 -Inf -4452.76731541776 -3716.84917336214 -2868.38268663181 -1450.63238898059 124.591121913766 1699.81463280812 3117.56493045934 3966.03141718966 4701.94955924529 Inf 121.791997713939 2463.85417083968 -Inf -4707.27344029064 -3930.88747147123 -3035.76417219925 -1540.05238649529 121.791997713939 1783.63638192317 3279.34816762713 4174.4714668991 4950.85743571852 Inf
"17" 41.3131313131313 278.63301347916 2327.80158254598 -Inf -4283.7742514663 -3550.25986239497 -2704.56474890984 -1291.44529443832 278.63301347916 1848.71132139664 3261.83077586816 4107.52588935329 4841.04027842462 Inf 275.907953814012 2456.01729378081 -Inf -4537.79748740391 -3763.8809997169 -2871.6048540354 -1380.65053714546 275.907953814012 1932.46644477349 3423.42076166342 4315.69690734492 5089.61339503193 Inf
"18" 42.020202020202 560.259446909395 2301.13752246747 -Inf -3949.88722060058 -3224.77495303535 -2388.76694754222 -991.83422578652 560.259446909395 2112.35311960531 3509.28584136101 4345.29384685414 5070.40611441937 Inf 561.383567080116 2428.52896936455 -Inf -4198.44574828657 -3433.19111633588 -2550.90153557944 -1076.63433081053 561.383567080116 2199.40146497076 3673.66866973967 4555.95825049611 5321.21288244681 Inf
"19" 42.7272727272727 1012.20214832791 2227.27405316111 -Inf -3353.17477956842 -2651.33765622905 -1842.16440139758 -490.071371406945 1012.20214832791 2514.47566806276 3866.5686980534 4675.74195288486 5377.57907622423 Inf 1024.86850378338 2352.10581719376 -Inf -3585.17418574355 -2844.00128060144 -1989.47638856785 -561.602761290394 1024.86850378338 2611.33976885715 4039.21339613461 4893.7382881682 5634.91119331031 Inf
"20" 43.4343434343434 1642.84714128658 2064.63659792573 -Inf -2403.76623181116 -1753.17785514831 -1003.09112306582 250.270918105963 1642.84714128658 3035.42336446719 4288.78540563898 5038.87213772147 5689.46051438432 Inf 1677.99721992884 2183.21433714878 -Inf -2601.02425141425 -1913.07080094278 -1119.9045317636 205.441527040855 1677.99721992884 3150.55291281682 4475.89897162127 5269.06524080046 5957.01869127193 Inf
"21" 44.1414141414141 2397.64388432069 1778.48333740516 -Inf -1088.11940409802 -527.700883682945 118.425778974124 1198.07510234639 2397.64388432069 3597.21266629499 4676.86198966726 5322.98865232433 5883.40717273941 Inf 2465.83120881264 1884.98235641776 -Inf -1228.6663212596 -634.688856880637 50.1291189215171 1194.42993010841 2465.83120881264 3737.23248751688 4881.53329870377 5566.35127450592 6160.32873888489 Inf
"22" 44.8484848484848 3156.16072322988 1375.58748398217 -Inf 460.058797040746 893.520661012745 1393.27442958896 2228.34106478588 3156.16072322988 4083.98038167387 4919.04701687079 5418.80078544701 5852.26264941901 Inf 3262.57502516888 1463.61569270215 -Inf 393.940980265017 855.141444564651 1386.87604283079 2275.38124221514 3262.57502516888 4249.76880812261 5138.27400750696 5670.0086057731 6131.20907007273 Inf
"23" 45.5555555555556 3773.16029632565 928.411568316366 -Inf 1953.50705959523 2246.05916087677 2583.35299748009 3146.95620953279 3773.16029632565 4399.36438311851 4962.96759517121 5300.26143177453 5592.81353305608 Inf 3915.61157446824 994.440903089795 -Inf 1966.54321965875 2279.90184823209 2641.18427827192 3244.87137815843 3915.61157446824 4586.35177077804 5190.03887066455 5551.32130070438 5864.67992927772 Inf
"24" 46.2626262626263 4150.39150693823 562.912081830892 -Inf 3047.10410008722 3224.48352748388 3428.99064720388 3770.71307748175 4150.39150693823 4530.0699363947 4871.79236667258 5076.29948639257 5253.67891378924 Inf 4322.70005439539 609.8679512794 -Inf 3127.38083456254 3319.55654277201 3541.1228266578 3911.35037228436 4322.70005439539 4734.04973650643 5104.27728213299 5325.84356601878 5518.01927422825 Inf
"25" 46.969696969697 4291.41714396859 387.772712368479 -Inf 3531.39659353896 3653.58779159649 3794.46641735729 4029.86842407032 4291.41714396859 4552.96586386686 4788.36787057989 4929.24649634069 5051.43769439822 Inf 4487.71627563908 424.259938124066 -Inf 3656.18207683272 3789.87077764551 3944.00528773833 4201.55729595558 4487.71627563908 4773.87525532259 5031.42726353984 5185.56177363266 5319.25047444545 Inf
"26" 47.6767676767677 4293.15920560817 351.012963919931 -Inf 3605.18643821845 3715.79425879749 3843.31799217013 4056.40455925823 4293.15920560817 4529.91385195811 4743.00041904621 4870.52415241886 4981.13197299789 Inf 4505.09286544075 384.183950188999 -Inf 3752.10615963199 3873.16650155584 4012.74132261893 4245.96472884843 4505.09286544075 4764.22100203308 4997.44440826258 5137.01922932567 5258.07957124952 Inf
"27" 48.3838383838384 4275.73626307502 339.536814350395 -Inf 3610.25633552279 3717.24790250723 3840.60232708425 4046.72216198145 4275.73626307502 4504.75036416859 4710.8701990658 4834.22462364282 4941.21619062726 Inf 4483.71501658 371.742208437692 -Inf 3755.11367650874 3872.25349674031 4007.30820737767 4232.97870727352 4483.71501658 4734.45132588648 4960.12182578233 5095.17653641968 5212.31635665125 Inf
"28" 49.0909090909091 4305.27139590763 333.948140316173 -Inf 3650.74506818381 3755.97558609488 3877.29963387473 4080.02679816733 4305.27139590763 4530.51599364793 4733.24315794053 4854.56720572039 4959.79772363146 Inf 4479.31033622288 365.692907727459 -Inf 3762.56540767533 3877.79903059694 4010.6560178162 4232.65421824131 4479.31033622288 4725.96645420445 4947.96465462956 5080.82164184882 5196.05526477043 Inf
"29" 49.7979797979798 4368.69809015454 332.761881551163 -Inf 3716.49678688648 3821.35350237392 3942.24657989908 4144.25361179232 4368.69809015454 4593.14256851676 4795.14960041 4916.04267793517 5020.89939342261 Inf 4490.52924364699 364.391936615915 -Inf 3776.334171623 3891.15784507243 4023.54218680504 4244.75061734546 4490.52924364699 4736.30786994853 4957.51630048895 5089.90064222155 5204.72431567099 Inf
"30" 50.5050505050505 4411.53224761728 332.429099533525 -Inf 3759.98318511849 3864.73503754535 3985.50721467751 4187.31222731501 4411.53224761728 4635.75226791956 4837.55728055705 4958.32945768921 5063.08131011607 Inf 4501.21633164765 364.033675993542 -Inf 3787.72343754058 3902.4342193572 4034.68840426717 4255.6793484638 4501.21633164765 4746.7533148315 4967.74425902813 5099.99844393811 5214.70922575472 Inf
"31" 51.2121212121212 4398.28045537783 332.101821311035 -Inf 3747.37284640805 3852.02157007719 3972.67484635646 4174.28118088209 4398.28045537783 4622.27972987358 4823.8860643992 4944.53934067848 5049.18806434762 Inf 4509.31247484278 363.670561367135 -Inf 3796.53127232574 3911.12763296258 4043.24989758025 4264.0204087526 4509.31247484278 4754.60454093297 4975.37505210532 5107.49731672299 5222.09367735983 Inf
"32" 51.9191919191919 4343.79738528649 331.453861709283 -Inf 3694.15975379958 3798.60429868691 3919.02216990716 4120.23515290067 4343.79738528649 4567.35961767231 4768.57260066583 4888.99047188608 4993.43501677341 Inf 4518.13882463354 362.971655567022 -Inf 3806.7274523133 3921.10358049354 4052.9719311933 4273.31816334188 4518.13882463354 4762.9594859252 4983.30571807377 5115.17406877353 5229.55019695378 Inf
"33" 52.6262626262626 4293.56231917514 331.131889802558 -Inf 3644.55574102944 3748.8988292341 3869.19972739693 4070.21725354025 4293.56231917514 4516.90738481002 4717.92491095335 4838.22580911617 4942.56889732083 Inf 4520.18186155717 362.617250901368 -Inf 3809.46510961757 3923.72956121689 4055.46915597105 4275.60024257992 4520.18186155717 4764.76348053443 4984.8945671433 5116.63416189746 5230.89861349678 Inf
"34" 53.3333333333333 4276.50878667809 330.878977187998 -Inf 3627.99790814816 3732.26130096842 3852.47031545702 4053.33430800942 4276.50878667809 4499.68326534676 4700.54725789917 4820.75627238776 4925.01966520802 Inf 4503.73808888764 362.343363038396 -Inf 3793.55814729526 3907.73629399214 4039.37638472109 4259.34120446666 4503.73808888764 4748.13497330862 4968.09979305419 5099.73988378314 5213.91803048002 Inf
"35" 54.040404040404 4281.0213210498 330.777831688733 -Inf 3632.70868405563 3736.94020488144 3857.11247300165 4057.91506398366 4281.0213210498 4504.12757811593 4704.93016909794 4825.10243721815 4929.33395804397 Inf 4472.36821007888 362.23308038113 -Inf 3762.40441852286 3876.54781401217 4008.1478388244 4228.04571017986 4472.36821007888 4716.69070997791 4936.58858133336 5068.18860614559 5182.3320016349 Inf
"36" 54.7474747474747 4280.39375633163 330.823051845978 -Inf 3631.99248945789 3736.23825962362 3856.42695632018 4057.25699873293 4280.39375633163 4503.53051393033 4704.36055634309 4824.54925303964 4928.79502320538 Inf 4448.71958546465 362.281069940459 -Inf 3738.66173610071 3852.82025359723 3984.43771311528 4204.36471709974 4448.71958546465 4693.07445382956 4913.00145781402 5044.61891733207 5158.77743482859 Inf
"37" 55.4545454545455 4272.66928586773 330.765467232507 -Inf 3624.38088276245 3728.60850742004 3848.77628350782 4049.57136850059 4272.66928586773 4495.76720323488 4696.56228822764 4816.73006431542 4920.95768897301 Inf 4454.66598029133 362.220165103542 -Inf 3744.72750221423 3858.8668279658 3990.46216063106 4210.35219161465 4454.66598029133 4698.979768968 4918.86979995159 5050.46513261685 5164.60445836842 Inf
"38" 56.1616161616162 4278.14672560731 330.79183985996 -Inf 3629.80663310205 3734.04256804771 3854.2199253654 4055.03102017327 4278.14672560731 4501.26243104136 4702.07352584922 4822.25088316692 4926.48681811257 Inf 4486.55851633929 362.247234019561 -Inf 3776.5669841617 3890.71483960907 4022.32000646732 4242.22646995621 4486.55851633929 4730.89056272236 4950.79702621126 5082.4021930695 5196.55004851688 Inf
"39" 56.8686868686869 4298.38706994018 330.732858888749 -Inf 3650.16257801426 3754.37992744499 3874.53585685426 4075.31114656667 4298.38706994018 4521.46299331369 4722.23828302609 4842.39421243537 4946.61156186609 Inf 4512.40243777261 362.183863930141 -Inf 3802.53510868798 3916.66299556382 4048.24513993795 4268.11313386532 4512.40243777261 4756.6917416799 4976.55973560728 5108.1418799814 5222.26976685724 Inf
"40" 57.5757575757576 4302.44724892881 330.635077513972 -Inf 3654.41440497581 3758.60094248257 3878.72134771681 4079.43727809034 4302.44724892881 4525.45721976727 4726.1731501408 4846.29355537504 4950.4800928818 Inf 4500.71166351927 362.077370952216 -Inf 3791.05305683597 3905.14738667146 4036.69084192718 4256.49418803405 4500.71166351927 4744.92913900448 4964.73248511135 5096.27594036707 5210.37027020256 Inf
"41" 58.2828282828283 4268.23217715652 330.638757223842 -Inf 3620.19212110471 3724.37981812615 3844.50156020658 4045.21972439147 4268.23217715652 4491.24462992157 4691.96279410645 4812.08453618688 4916.27223320833 Inf 4455.20119260656 362.081119604219 -Inf 3745.53523870035 3859.63074977491 3991.17556692363 4210.98118869399 4455.20119260656 4699.42119651912 4919.22681828948 5050.7716354382 5164.86714651276 Inf
"42" 58.989898989899 4218.75592775993 330.647757993323 -Inf 3570.69823052411 3674.88876378125 3795.01377585978 3995.73740406812 4218.75592775993 4441.77445145175 4642.49807966009 4762.62309173862 4866.81362499576 Inf 4412.54816259721 362.090961366808 -Inf 3702.86291919078 3816.96153150667 3948.50992418803 4168.32152051666 4412.54816259721 4656.77480467777 4876.5864010064 5008.13479368775 5122.23340600364 Inf
"43" 59.6969696969697 4195.07245867677 330.569429281101 -Inf 3547.16828289585 3651.33413396448 3771.43068906039 3972.1067668985 4195.07245867677 4418.03815045505 4618.71422829315 4738.81078338907 4842.97663445769 Inf 4399.97460007807 362.005255504372 -Inf 3690.45733707528 3804.52894258621 3936.04619815107 4155.80576572326 4399.97460007807 4644.14343443288 4863.90300200507 4995.42025756993 5109.49186308086 Inf
"44" 60.4040404040404 4202.9592802771 330.461563964389 -Inf 3555.26651663212 3659.39837822222 3779.45574562622 3980.06634254935 4202.9592802771 4425.85221800485 4626.46281492798 4746.52018233198 4850.65204392208 Inf 4405.55554539114 361.888449876162 -Inf 3696.26721721283 3810.30201606049 3941.77683589983 4161.46549523532 4405.55554539114 4649.64559554696 4869.33425488244 5000.80907472179 5114.84387356944 Inf
"45" 61.1111111111111 4209.78919058513 330.446305549907 -Inf 3562.126332883 3666.25338638865 3786.30521037922 3986.90654450156 4209.78919058513 4432.67183666871 4633.27317079104 4753.32499478161 4857.45204828727 Inf 4400.36555376196 361.871029988232 -Inf 3691.11136793661 3805.14067759715 3936.6091687553 4156.287253142 4400.36555376196 4644.44385438192 4864.12193876861 4995.59042992676 5109.61973958731 Inf
"46" 61.8181818181818 4191.20120999107 330.345162736685 -Inf 3543.73658856014 3647.83177091775 3767.84684951578 3968.38678369831 4191.20120999107 4414.01563628382 4614.55557046635 4734.57064906438 4838.66583142199 Inf 4377.72628757715 361.760774030886 -Inf 3668.68819945728 3782.68276632367 3914.11120126524 4133.72235347032 4377.72628757715 4621.73022168398 4841.34137388906 4972.76980883062 5086.76437569702 Inf
"47" 62.5252525252525 4158.58546315199 330.195722886886 -Inf 3511.41373844452 3615.46183075763 3735.42261755017 3935.8718325062 4158.58546315199 4381.29909379778 4581.74830875381 4701.70909554635 4805.75718785945 Inf 4353.75360383942 361.598594715686 -Inf 3645.03338133638 3758.97684382077 3890.3463586828 4109.85905801838 4353.75360383942 4597.64814966045 4817.16084899603 4948.53036385807 5062.47382634246 Inf
"48" 63.2323232323232 4137.44746814382 330.176000648539 -Inf 3490.31439831321 3594.35627594474 3714.30989760743 3914.74713994565 4137.44746814382 4360.147796342 4560.58503868021 4680.5386603429 4784.58053797443 Inf 4337.96484688602 361.576400552157 -Inf 3629.28812414416 3743.22459301775 3874.58604469442 4094.0852708008 4337.96484688602 4581.84442297124 4801.34364907762 4932.70510075429 5046.64156962787 Inf
"49" 63.9393939393939 4136.80321063164 330.179214191266 -Inf 3489.66384237303 3593.70673262515 3713.66152177454 3914.10071493184 4136.80321063164 4359.50570633145 4559.94489948874 4679.89968863813 4783.94257889026 Inf 4324.53031973831 361.580294030949 -Inf 3615.84596591825 3729.78366166732 3861.14652785287 4080.64811754155 4324.53031973831 4568.41252193507 4787.91411162375 4919.27697780929 5033.21467355837 Inf
"50" 64.6464646464646 4145.9989365739 330.199728125797 -Inf 3498.81936174242 3602.86871614779 3722.83095805188 3923.28260443552 4145.9989365739 4368.71526871228 4569.16691509592 4689.12915700001 4793.17851140538 Inf 4310.04206796963 361.602332031503 -Inf 3601.31452046219 3715.2591606135 3846.63003325008 4066.14500136738 4310.04206796963 4553.93913457188 4773.45410268918 4904.82497532576 5018.76961547707 Inf
"51" 65.3535353535354 4148.55885740828 330.133533901754 -Inf 3501.50902087191 3605.53751679167 3725.47571019772 3925.88717259554 4148.55885740828 4371.23054222102 4571.64200461884 4691.58019802489 4795.60869394465 Inf 4299.25081175393 361.529818743515 -Inf 3590.66538767935 3704.58717814255 3835.93170655212 4055.40265462118 4299.25081175393 4543.09896888668 4762.56991695574 4893.91444536531 5007.83623582851 Inf
"52" 66.0606060606061 4133.22529548171 329.986766584231 -Inf 3486.46311760179 3590.44536561964 3710.33023815668 3910.6526037203 4133.22529548171 4355.79798724312 4556.12035280673 4676.00522534377 4779.98747336162 Inf 4290.71277743544 361.370723480035 -Inf 3582.43917434739 3696.31083224522 3827.59756101761 4046.97192842721 4290.71277743544 4534.45362644366 4753.82799385326 4885.11472262565 4998.98638052349 Inf
"53" 66.7676767676768 4101.18151291759 329.978277386609 -Inf 3454.43597355927 3558.41554654303 3678.29733493707 3878.61454703297 4101.18151291759 4323.74847880222 4524.06569089811 4643.94747929216 4747.92705227591 Inf 4273.89973091685 361.360837041283 -Inf 3565.64550489269 3679.51404747127 3810.79718448008 4030.16555021023 4273.89973091685 4517.63391162347 4737.00227735361 4868.28541436242 4982.15395694101 Inf
"54" 67.4747474747475 4067.41037374549 330.000401102728 -Inf 3420.62147270037 3524.60801709622 3644.49784308194 3844.8284856411 4067.41037374549 4289.99226184987 4490.32290440903 4610.21273039475 4714.1992747906 Inf 4245.03570423515 361.385119929843 -Inf 3536.73388462397 3650.61007899225 3781.90203802453 4001.28514496909 4245.03570423515 4488.78626350121 4708.16937044576 4839.46132947804 4953.33752384633 Inf
"55" 68.1818181818182 4047.56200311607 329.982878038516 -Inf 3400.80744664571 3504.78846934253 3624.6719291629 3824.99193413889 4047.56200311607 4270.13207209326 4470.45207706925 4590.33553688961 4694.31655958644 Inf 4212.78817092942 361.366000744968 -Inf 3504.52382423201 3618.39399394711 3749.67900694012 3969.05050735759 4212.78817092942 4456.52583450125 4675.89733491873 4807.18234791173 4921.05251762683 Inf
"56" 68.8888888888889 4040.56757559896 329.978068153935 -Inf 3393.82244632914 3497.80195338152 3617.6836657609 3818.00075083963 4040.56757559896 4263.13440035829 4463.45148543702 4583.3331978164 4687.31270486878 Inf 4185.42787360402 361.360861817598 -Inf 3477.17359901917 3591.04214940503 3722.32529541513 3941.69367618602 4185.42787360402 4429.16207102201 4648.5304517929 4779.813597803 4893.68214818886 Inf
"57" 69.5959595959596 4031.11152033859 330.054037368352 -Inf 3384.21749414459 3488.22093988328 3608.13025203487 3808.49345512281 4031.11152033859 4253.72958555438 4454.09278864232 4574.0021007939 4678.0055465326 Inf 4164.24209411851 361.443770237969 -Inf 3455.82532201572 3569.71999770358 3701.0332645137 3920.45197582078 4164.24209411851 4408.03221241625 4627.45092372333 4758.76419053345 4872.6588662213 Inf
"58" 70.3030303030303 4009.66044490377 330.186365091103 -Inf 3362.50706113901 3466.55220471374 3586.50959179978 3786.95312599532 4009.66044490377 4232.36776381222 4432.81129800775 4552.76868509379 4656.81382866852 Inf 4149.86301954734 361.587441123462 -Inf 3441.16465768336 3555.10460555531 3686.4700682943 3905.97599670993 4149.86301954734 4393.75004238474 4613.25597080038 4744.62143353937 4858.56138141132 Inf
"59" 71.010101010101 3980.06372782326 330.149792781073 -Inf 3332.982024469 3437.01564373004 3556.95974402045 3757.38107656307 3980.06372782326 4202.74637908346 4403.16771162607 4523.11181191649 4627.14543117753 Inf 4140.13055961603 361.547627811856 -Inf 3431.5102304089 3545.43763269399 3676.78863117481 3896.27039044922 4140.13055961603 4383.99072878283 4603.47248805725 4734.82348653806 4848.75088882316 Inf
"60" 71.7171717171717 3946.44244417441 329.976609409958 -Inf 3299.70017399025 3403.67922137729 3523.56040379198 3723.87660332293 3946.44244417441 4169.00828502588 4369.32448455684 4489.20566697153 4593.18471435857 Inf 4121.43394848795 361.359476196981 -Inf 3413.18238966961 3527.05050343206 3658.33314604333 3877.70068565686 4121.43394848795 4365.16721131904 4584.53475093257 4715.81739354384 4829.68550730629 Inf
"61" 72.4242424242424 3907.27011034504 329.98045975317 -Inf 3260.52029362685 3364.50055429692 3484.38313554923 3684.70167247653 3907.27011034504 4129.83854821354 4330.15708514084 4450.03966639315 4554.01992706322 Inf 4082.4976576012 361.36370013286 -Inf 3374.23782002066 3488.10726478906 3619.39144196494 3838.76154576865 4082.4976576012 4326.23376943374 4545.60387323746 4676.88805041334 4790.75749518174 Inf
"62" 73.1313131313131 3869.63680328436 330.230651771573 -Inf 3222.39661922089 3326.45571798734 3446.42919451569 3646.89961346387 3869.63680328436 4092.37399310486 4292.84441205304 4412.81788858138 4516.87698734784 Inf 4041.61911560104 361.636030474173 -Inf 3332.82552035963 3446.78077923926 3578.16389458953 3797.69931974461 4041.61911560104 4285.53891145746 4505.07433661255 4636.45745196281 4750.41271084245 Inf
"63" 73.8383838383838 3854.26769884617 330.425649885743 -Inf 3206.64532550188 3310.76587019381 3430.81018993901 3631.39898479636 3854.26769884617 4077.13641289599 4277.72520775334 4397.76952749854 4501.89007219047 Inf 4035.32268131139 361.848106714183 -Inf 3326.11342427759 3440.13551057705 3571.59567366248 3791.25984220482 4035.32268131139 4279.38552041797 4499.0496889603 4630.50985204574 4744.5319383452 Inf
"64" 74.5454545454545 3870.60443213726 330.473777473365 -Inf 3222.88773045456 3327.02344064785 3447.08524524483 3647.7032565229 3870.60443213726 4093.50560775163 4294.12361902969 4414.18542362668 4518.32113381996 Inf 4065.46504829157 361.901902340536 -Inf 3356.15035376759 3470.1893916261 3601.66909877349 3821.36592458641 4065.46504829157 4309.56417199672 4529.26099780965 4660.74070495704 4774.77974281555 Inf
"65" 75.2525252525253 3894.57238600306 330.771480334583 -Inf 3246.27219743428 3350.50171688262 3470.67167754277 3671.4704128602 3894.57238600306 4117.67435914592 4318.47309446335 4438.64305512351 4542.87257457184 Inf 4081.88937823912 362.225670639142 -Inf 3371.94010951053 3486.0811701134 3617.67850295108 3837.57187613512 4081.88937823912 4326.20688034312 4546.10025352715 4677.69758636484 4791.83864696771 Inf
"66" 75.959595959596 3889.0891333969 331.097450517328 -Inf 3240.1500550099 3344.48229103908 3464.77067733859 3665.7672967069 3889.0891333969 4112.41097008689 4313.4075894552 4433.69597575471 4538.02821178389 Inf 4043.23048531631 362.579331896168 -Inf 3332.58805326122 3446.84055618925 3578.56637489066 3798.6744423194 4043.23048531631 4287.78652831322 4507.89459574196 4639.62041444336 4753.87291737139 Inf
"67" 76.6666666666667 3847.28012083331 331.283556084242 -Inf 3197.97628223784 3302.36716205876 3422.72316089437 3623.83275784598 3847.28012083331 4070.72748382064 4271.83708077225 4392.19307960785 4496.58395942878 Inf 3978.06409330978 362.786087016485 -Inf 3267.01642866526 3381.33408227318 3513.13501553601 3733.36859610342 3978.06409330978 4222.75959051615 4442.99317108356 4574.79410434638 4689.11175795431 Inf
"68" 77.3737373737374 3801.73400306115 331.924477999642 -Inf 3151.17398059459 3255.76682154946 3376.35566863813 3577.8543448112 3801.73400306115 4025.61366131109 4227.11233748416 4347.70118457283 4452.2940255277 Inf 3952.17956168002 363.479519939075 -Inf 3239.77279348152 3354.30895498565 3486.3618138587 3707.01635107492 3952.17956168002 4197.34277228511 4417.99730950134 4550.05016837438 4664.58632987851 Inf
"69" 78.0808080808081 3788.06773027511 332.603431215665 -Inf 3136.17698395796 3240.98377010352 3361.81928229517 3563.7301250401 3788.06773027511 4012.40533551013 4214.31617825505 4335.1516904467 4439.95847659226 Inf 3979.77796125693 364.222632115676 -Inf 3265.91471995582 3380.68504380365 3513.00787686231 3734.11352910547 3979.77796125693 4225.44239340839 4446.54804565155 4578.87087871021 4693.64120255804 Inf
"70" 78.7878787878788 3809.90787912345 333.393279783261 -Inf 3156.46905806057 3261.5247336707 3382.64719947516 3585.03752912538 3809.90787912345 4034.77822912151 4237.16855877173 4358.29102457619 4463.34670018632 Inf 4002.22534099797 365.082077329401 -Inf 3286.67761803127 3401.71876196772 3534.3538332442 3755.98122185899 4002.22534099797 4248.46946013694 4470.09684875173 4602.73192002821 4717.77306396466 Inf
"71" 79.4949494949495 3841.310507125 334.995101847843 -Inf 3184.7321725059 3290.29259883959 3411.99700990212 3615.35974456273 3841.310507125 4067.26126968726 4270.62400434787 4392.3284154104 4497.8888417441 Inf 3963.0539313721 366.827089523302 -Inf 3244.08604735277 3359.67706270564 3492.94610050934 3715.63281939437 3963.0539313721 4210.47504334982 4433.16176223485 4566.43080003855 4682.02181539142 Inf
"72" 80.2020202020202 3847.92980903333 339.391778574644 -Inf 3182.73414637803 3289.68001108731 3412.98174386803 3619.01353308391 3847.92980903333 4076.84608498274 4282.87787419863 4406.17960697934 4513.12547168862 Inf 3871.49579665795 371.614001565191 -Inf 3143.14573743937 3260.2451583575 3395.25329117379 3620.84596157288 3871.49579665795 4122.14563174302 4347.73830214212 4482.74643495841 4599.84585587654 Inf
"73" 80.9090909090909 3793.28090453289 348.18781485603 -Inf 3110.84532755937 3220.56291440664 3347.06026530059 3558.43179226932 3793.28090453289 4028.13001679645 4239.50154376519 4365.99889465913 4475.71648150641 Inf 3767.15039620529 381.11293168283 -Inf 3020.18277606447 3140.27540824867 3278.73452195786 3510.09363011804 3767.15039620529 4024.20716229254 4255.56627045271 4394.0253841619 4514.11801634611 Inf
"74" 81.6161616161616 3632.88956981021 372.864678597507 -Inf 2902.08822865199 3019.581750857 3155.04425721729 3381.39616588603 3632.88956981021 3884.38297373438 4110.73488240313 4246.19738876341 4363.69091096843 Inf 3638.02008825366 408.154217070916 -Inf 2838.05252265652 2966.66614394902 3114.9494123828 3362.72425234002 3638.02008825366 3913.3159241673 4161.09076412452 4309.37403255829 4437.9876538508 Inf
"75" 82.3232323232323 3323.71345038591 505.929131206601 -Inf 2332.11057449133 2491.53408394032 2675.33918023347 2982.46943706145 3323.71345038591 3664.95746371037 3972.08772053835 4155.8928168315 4315.31632628049 Inf 3403.94786710441 549.962183380562 -Inf 2326.0417948195 2499.34057508474 2699.14297000272 3033.00401141876 3403.94786710441 3774.89172279006 4108.7527642061 4308.55515912408 4481.85393938933 Inf
"76" 83.030303030303 2854.03567016575 829.625255902629 -Inf 1228.00004793177 1489.42355898377 1790.8281246484 2294.46193855563 2854.03567016575 3413.60940177588 3917.24321568311 4218.64778134773 4480.07129239973 Inf 2989.04017727625 891.265074504643 -Inf 1242.19273056874 1523.03958690211 1846.8380257296 2387.89101981512 2989.04017727625 3590.18933473738 4131.2423288229 4455.04076765038 4735.88762398376 Inf
"77" 83.7373737373737 2266.24461656153 1264.65692349541 -Inf -212.437406288701 186.069089100813 645.521556379167 1413.24648414936 2266.24461656153 3119.24274897369 3886.96767674389 4346.42014402224 4744.92663941175 Inf 2400.83135451914 1348.12685402152 -Inf -241.448725954336 183.360009091155 673.137274195136 1491.53360951753 2400.83135451914 3310.12909952074 4128.52543484314 4618.30269994711 5043.11143499261 Inf
"78" 84.4444444444444 1646.66297903059 1684.78189772431 -Inf -1655.4488623141 -1124.55663606343 -512.471899599205 510.294857699637 1646.66297903059 2783.03110036154 3805.79785766038 4417.8825941246 4948.77482037527 Inf 1736.91785394542 1787.68919450949 -Inf -1766.8885828446 -1203.56920150547 -554.098031985382 531.139815712482 1736.91785394542 2942.69589217837 4027.93373987623 4677.40490939632 5240.72429073545 Inf
"79" 85.1515151515152 1087.77208246292 2002.67433723228 -Inf -2837.39749127498 -2206.33406473624 -1478.75834969311 -263.01123098099 1087.77208246292 2438.55539590682 3654.30251461894 4381.87822966207 5012.94165620081 Inf 1123.55654998481 2119.03253653096 -Inf -3029.67090368442 -2361.94180335631 -1592.09291464638 -305.709176237322 1123.55654998481 2552.82227620695 3839.206014616 4609.05490332593 5276.78400365404 Inf
"80" 85.8585858585859 650.973486483163 2194.95833153436 -Inf -3651.06579089031 -2959.41168614848 -2161.97879959986 -829.503410244256 650.973486483163 2131.45038321058 3463.92577256619 4261.35865911481 4953.01276385663 Inf 648.211266376829 2318.70981958562 -Inf -3896.37647061036 -3165.72699021658 -2323.33493295676 -915.734740612679 648.211266376829 2212.15727336634 3619.75746571042 4462.14952297023 5192.79900336401 Inf
"81" 86.5656565656566 352.325266235392 2287.88702907478 -Inf -4131.85091144751 -3410.91401159348 -2579.71993766457 -1190.83108448211 352.325266235392 1895.48161695289 3284.37047013536 4115.56454406427 4836.5014439183 Inf 333.526866021649 2414.86584341832 -Inf -4399.5232145742 -3638.5739751262 -2761.24823619128 -1295.27539346262 333.526866021649 1962.32912550592 3428.30196823458 4305.6277071695 5066.5769466175 Inf
"82" 87.2727272727273 172.346994955316 2323.54698959236 -Inf -4381.72142103218 -3649.54769826786 -2805.39828717322 -1394.86163362369 172.346994955316 1739.55562353433 3150.09227708385 3994.24168817849 4726.41541094281 Inf 153.218067068715 2451.63918393106 -Inf -4651.90643652334 -3879.36953659664 -2988.68396724863 -1500.38743367187 153.218067068715 1806.8235678093 3295.12010138606 4185.80567073407 4958.34257066077 Inf
"83" 87.979797979798 76.1916801391307 2334.36017102269 -Inf -4499.0701820101 -3763.4891137786 -2915.41125157996 -1498.31032848165 76.1916801391307 1650.69368875991 3067.79461185822 3915.87247405686 4651.45354228836 Inf 62.9362727011714 2462.75539166091 -Inf -4763.97559768605 -3987.93586556657 -3093.21175503528 -1598.16699621425 62.9362727011714 1724.03954161659 3219.08430043762 4113.80841096891 4889.84814308839 Inf
"84" 88.6868686868687 30.4459589058345 2336.95005638902 -Inf -4549.89198528548 -3813.49481735009 -2964.47604445905 -1545.80290084871 30.4459589058345 1606.69481866038 3025.36796227072 3874.38673516175 4610.78390309715 Inf 23.1512097444343 2465.41053807807 -Inf -4808.96465199411 -4032.08825573767 -3136.39952503968 -1639.74292821463 23.1512097444343 1686.0453477035 3182.70194452855 4078.39067522653 4855.26707148297 Inf
"85" 89.3939393939394 10.999754629006 2337.44157372653 -Inf -4570.30154584161 -3833.74949570223 -2984.55215354926 -1565.58062853174 10.999754629006 1587.58013778975 3006.55166280727 3855.74900496024 4592.30105509962 Inf 7.63752179679333 2465.91323816899 -Inf -4825.46361401497 -4048.42881175313 -3152.55744907584 -1655.59568222102 7.63752179679333 1670.87072581461 3167.83249266942 4063.70385534671 4840.73865760856 Inf
"86" 90.1010101010101 3.59404202864861 2337.5158301719 -Inf -4577.85279840053 -3841.27734928609 -2992.05302961344 -1573.03642634339 3.59404202864861 1580.22451040068 2999.24111367074 3848.46543334339 4585.04088245783 Inf 2.2625132968132 2465.98902775251 -Inf -4830.98716736905 -4053.92848302444 -3158.02958583523 -1661.02181001826 2.2625132968132 1665.54683661188 3162.55461242885 4058.45350961807 4835.51219396268 Inf
"87" 90.8080808080808 1.06226355979634 2337.5248010269 -Inf -4580.40215942209 -3843.82388349832 -2994.59630469556 -1575.57425556198 1.06226355979634 1577.69878268158 2996.72083181515 3845.94841061791 4582.52668654168 Inf 0.602516000579907 2465.99816756476 -Inf -4832.66507836811 -4055.603513974 -3159.70129627215 -1662.68797202417 0.602516000579907 1663.89300402533 3160.90632827331 4056.80854597515 4833.87011036927 Inf
"88" 91.5151515151515 0.284062395445622 2337.52567103578 -Inf -4581.18206577251 -3844.60351569994 -2995.37562082116 -1576.35304353841 0.284062395445622 1576.9211683293 2995.94374561205 3845.17164049083 4581.7501905634 Inf 0.144375856165531 2465.99905259647 -Inf -4833.12495314281 -4056.06310986604 -3160.16057063034 -1663.1467091134 0.144375856165531 1663.43546082573 3160.44932234268 4056.35186157836 4833.41370485514 Inf
"89" 92.2222222222222 0.068737212083548 2337.52573898601 -Inf -4581.39752413587 -3844.81895265147 -2995.59103308623 -1576.5684145535 0.068737212083548 1576.70588897767 2995.7285075104 3844.95642707564 4581.53499856003 Inf 0.0311544625592606 2465.99912162763 -Inf -4833.238309835 -4056.17644480579 -3160.27388049094 -1663.25997706782 0.0311544625592606 1663.32228599293 3160.33618941606 4056.23875373091 4833.30061876012 Inf
"90" 92.9292929292929 0.0150526962600619 2337.52574327121 -Inf -4581.45121705053 -3844.87264421582 -2995.64472309376 -1576.62210195965 0.0150526962600619 1576.65220735217 2995.67482848628 3844.90274960834 4581.48132244305 Inf 0.00605829776787912 2465.99912597592 -Inf -4833.26341452228 -4056.20154812288 -3160.29898222829 -1663.28507616548 0.00605829776787912 1663.29719276102 3160.31109882382 4056.21366471841 4833.27553111782 Inf
"91" 93.6363636363636 0.00298341974002635 2337.52574348988 -Inf -4581.46328675564 -3844.88471385203 -2995.65679265053 -1576.63417138366 0.00298341974002635 1576.64013822314 2995.66275949001 3844.89068069151 4581.46925359512 Inf 0.00106232536612655 2465.99912619758 -Inf -4833.26841092914 -4056.20654445989 -3160.30397848477 -1663.2900722874 0.00106232536612655 1663.29219693813 3160.3061031355 4056.20866911062 4833.27053557987 Inf
"92" 94.3434343434343 0.000535197770067506 2337.52574349893 -Inf -4581.46573499534 -3844.88716208888 -2995.65924088409 -1576.63661961173 0.000535197770067506 1576.63769000727 2995.66031127963 3844.88823248442 4581.46680539088 Inf 0.000168071259838064 2465.99912620675 -Inf -4833.2693052012 -4056.20743872907 -3160.30487275061 -1663.29096654768 0.000168071259838064 1663.2913026902 3160.30520889313 4056.20777487159 4833.26964134372 Inf
"93" 95.0505050505051 8.69015457715499e-05 2337.52574349923 -Inf -4581.46618329216 -3844.8876103856 -2995.6596891807 -1576.63706790816 8.69015457715499e-05 1576.63724171125 2995.65986298379 3844.88778418869 4581.46635709525 Inf 2.40051782679422e-05 2465.99912620705 -Inf -4833.26944926789 -4056.20758279566 -3160.30501681709 -1663.29111061397 2.40051782679422e-05 1663.29115862433 3160.30506482744 4056.20763080601 4833.26949727824 Inf
"94" 95.7575757575758 1.27720497588967e-05 2337.52574349924 -Inf -4581.46625742167 -3844.88768451511 -2995.65976331021 -1576.63714203766 1.27720497588967e-05 1576.63716758176 2995.65978885431 3844.88771005921 4581.46628296577 Inf 3.09704122438234e-06 2465.99912620706 -Inf -4833.26947017604 -4056.20760370381 -3160.30503772524 -1663.29113152212 3.09704122438234e-06 1663.2911377162 3160.30504391932 4056.20760989789 4833.26947637012 Inf
"95" 96.4646464646465 1.69908491473168e-06 2337.52574349924 -Inf -4581.46626849464 -3844.88769558808 -2995.65977438317 -1576.63715311063 1.69908491473168e-06 1576.6371565088 2995.65977778134 3844.88769898625 4581.46627189281 Inf 3.61158352238021e-07 2465.99912620706 -Inf -4833.26947291192 -4056.20760643969 -3160.30504046112 -1663.291134258 3.61158352238021e-07 1663.29113498032 3160.30504118344 4056.207607162 4833.26947363424 Inf
"96" 97.1717171717172 2.04591973522287e-07 2337.52574349924 -Inf -4581.46626998913 -3844.88769708257 -2995.65977587767 -1576.63715460512 2.04591973522287e-07 1576.6371550143 2995.65977628685 3844.88769749175 4581.46627039831 Inf 3.80954626539377e-08 2465.99912620706 -Inf -4833.26947323499 -4056.20760676275 -3160.30504078418 -1663.29113458106 3.80954626539377e-08 1663.29113465725 3160.30504086037 4056.20760683894 4833.26947331118 Inf
"97" 97.8787878787879 2.22985147623725e-08 2337.52574349924 -Inf -4581.46627017143 -3844.88769726486 -2995.65977605996 -1576.63715478741 2.22985147623725e-08 1576.63715483201 2995.65977610456 3844.88769730946 4581.46627021602 Inf 3.63784011781978e-09 2465.99912620706 -Inf -4833.26947326945 -4056.20760679721 -3160.30504081864 -1663.29113461552 3.63784011781978e-09 1663.29113462279 3160.30504082592 4056.20760680448 4833.26947327672 Inf
"98" 98.5858585858586 2.19973262181955e-09 2337.52574349924 -Inf -4581.46627019152 -3844.88769728496 -2995.65977608006 -1576.63715480751 2.19973262181955e-09 1576.63715481191 2995.65977608446 3844.88769728936 4581.46627019592 Inf 3.14808745475924e-10 2465.99912620706 -Inf -4833.26947327277 -4056.20760680053 -3160.30504082196 -1663.29113461884 3.14808745475924e-10 1663.29113461947 3160.30504082259 4056.20760680116 4833.2694732734 Inf
"99" 99.2929292929293 1.96409201020192e-10 2337.52574349924 -Inf -4581.46627019353 -3844.88769728697 -2995.65977608206 -1576.63715480952 1.96409201020192e-10 1576.63715480991 2995.65977608246 3844.88769728736 4581.46627019392 Inf 2.4717318776887e-11 2465.99912620706 -Inf -4833.26947327306 -4056.20760680082 -3160.30504082225 -1663.29113461913 2.4717318776887e-11 1663.29113461918 3160.3050408223 4056.20760680087 4833.26947327311 Inf
"100" 100 1.58723845451398e-11 2337.52574349924 -Inf -4581.46627019371 -3844.88769728715 -2995.65977608224 -1576.6371548097 1.58723845451398e-11 1576.63715480973 2995.65977608227 3844.88769728718 4581.46627019374 Inf 1.76324927707267e-12 2465.99912620706 -Inf -4833.26947327308 -4056.20760680085 -3160.30504082228 -1663.29113461915 1.76324927707267e-12 1663.29113461916 3160.30504082228 4056.20760680085 4833.26947327309 Inf
