"mid_age" "mean_left" "std_left" "min_left" "l.q2.5" "l.q5" "l.q10" "l.q25" "l.q50" "l.q75" "l.q90" "l.q95" "l.q97.5" "max_left" "mean_right" "std_right" "min_right" "r.q2.5" "r.q5" "r.q10" "r.q25" "r.q50" "r.q75" "r.q90" "r.q95" "r.q97.5" "max_right"
"1" 30 5.69310916225435e-08 2329.68812583783 -Inf -4566.10482179583 -3831.9959633932 -2985.61546484121 -1571.3507619742 5.69310916225435e-08 1571.35076208807 2985.61546495507 3831.99596350706 4566.10482190969 Inf 4.20063343793942e-08 2407.48966088278 -Inf -4718.59302844078 -3959.9681005092 -3085.32214389475 -1623.82709992647 4.20063343793942e-08 1623.82710001048 3085.32214397877 3959.96810059321 4718.59302852479 Inf
"2" 30.7070707070707 5.20288556714266e-07 2329.68812583783 -Inf -4566.10482133247 -3831.99596292984 -2985.61546437785 -1571.35076151085 5.20288556714266e-07 1571.35076255142 2985.61546541843 3831.99596397042 4566.10482237305 Inf 3.89075222008991e-07 2407.48966088278 -Inf -4718.59302809371 -3959.96810016213 -3085.32214354769 -1623.8270995794 3.89075222008991e-07 1623.82710035755 3085.32214432584 3959.96810094028 4718.59302887186 Inf
"3" 31.4141414141414 4.2958024619731e-06 2329.68812583783 -Inf -4566.10481755696 -3831.99595915433 -2985.61546060233 -1571.35075773533 4.2958024619731e-06 1571.35076632694 2985.61546919394 3831.99596774593 4566.10482614856 Inf 3.2586397093097e-06 2407.48966088278 -Inf -4718.59302522415 -3959.96809729256 -3085.32214067812 -1623.82709670983 3.2586397093097e-06 1623.82710322711 3085.3221471954 3959.96810380984 4718.59303174143 Inf
"4" 32.1212121212121 3.20384309623154e-05 2329.68812583783 -Inf -4566.10478981433 -3831.9959314117 -2985.61543285971 -1571.3507299927 3.20384309623154e-05 1571.35079406957 2985.61549693657 3831.99599548856 4566.10485389119 Inf 2.4674764266463e-05 2407.48966088277 -Inf -4718.59300380802 -3959.96807587644 -3085.322119262 -1623.82707529371 2.4674764266463e-05 1623.82712464324 3085.32216861152 3959.96812522596 4718.59305315755 Inf
"5" 32.8282828282828 0.0002157918602134 2329.68812583782 -Inf -4566.10460606089 -3831.99574765826 -2985.61524910627 -1571.35054623927 0.0002157918602134 1571.35097782299 2985.61568068999 3831.99617924198 4566.10503764461 Inf 0.000168888109534553 2407.48966088277 -Inf -4718.59285959467 -3959.96793166308 -3085.32197504864 -1623.82693108036 0.000168888109534553 1623.82726885658 3085.32231282486 3959.9682694393 4718.59319737088 Inf
"6" 33.5353535353535 0.00131229745812449 2329.68812583759 -Inf -4566.10350955484 -3831.99465115228 -2985.61415260038 -1571.34944973352 0.00131229745812449 1571.35207432843 2985.61677719529 3831.9972757472 4566.10613414976 Inf 0.00104465605039571 2407.48966088255 -Inf -4718.59198382629 -3959.96705589478 -3085.32109928042 -1623.82605531227 0.00104465605039571 1623.82814462437 3085.32318859252 3959.96914520687 4718.59407313839 Inf
"7" 34.2424242424242 0.00720350907787284 2329.68812583073 -Inf -4566.09761832977 -3831.98875992938 -2985.60826137996 -1571.34355851727 0.00720350907787284 1571.35796553543 2985.62266839812 3832.00316694753 4566.11202534793 Inf 0.00583788279462222 2407.48966087587 -Inf -4718.58719058647 -3959.96226265706 -3085.31630604512 -1623.82126208102 0.00583788279462222 1623.83293784661 3085.32798181071 3959.97393842265 4718.59886635206 Inf
"8" 34.9494949494949 0.0356807923395208 2329.68812566462 -Inf -4566.06914072093 -3831.96028237288 -2985.57978388382 -1571.31508112197 0.0356807923395208 1571.38644270664 2985.6511454685 3832.03164395756 4566.14050230561 Inf 0.0294647714283297 2407.48966071414 -Inf -4718.56356338085 -3959.9386355024 -3085.29267894922 -1623.7976350833 0.0294647714283297 1623.85656462616 3085.35160849208 3959.99756504525 4718.6224929237 Inf
"9" 35.6565656565657 0.159422129055857 2329.68812240236 -Inf -4565.94539299031 -3831.83653567023 -2985.45603836635 -1571.19133758489 0.159422129055857 1571.510181843 2985.77488262446 3832.15537992834 4566.26423724842 Inf 0.1342610502451 2407.48965753257 -Inf -4718.45876086627 -3959.83383399037 -3085.18787859306 -1623.69283665855 0.1342610502451 1623.96135875904 3085.45640069355 3960.10235609086 4718.72728296676 Inf
"10" 36.3636363636364 0.642261642393035 2329.68807051248 -Inf -4565.46245177468 -3831.35361080564 -2984.97313235346 -1570.70846307236 0.642261642393035 1571.99298635715 2986.25765563825 3832.63813409043 4566.74697505947 Inf 0.552081839612588 2407.4896068295 -Inf -4718.0408407007 -3959.41592980187 -3084.76999282509 -1623.27498167048 0.552081839612588 1624.37914534971 3085.87415650431 3960.52009348109 4719.14500437993 Inf
"11" 37.0707070707071 2.33201456350392 2329.68740325074 -Inf -4563.77139104459 -3829.66276033664 -2983.28252430202 -1569.01826009005 2.33201456350392 1573.68228921705 2987.94655342903 3834.32678946364 4568.4354201716 Inf 2.04758947090103 2407.48895341998 -Inf -4716.54405241029 -3957.91934740756 -3083.27364781581 -1621.77903332117 2.04758947090103 1625.87421226297 3087.36882675761 3962.01452634936 4720.63923135209 Inf
"12" 37.7777777777778 7.62777438413603 2329.68048210391 -Inf -4558.46206602544 -3824.35561624254 -2977.97789467483 -1563.71783202682 7.62777438413603 1578.97338079509 2993.2334434431 3839.61116501081 4573.71761479371 Inf 6.8457462799111 2407.4821593204 -Inf -4711.73257941079 -3953.11001529921 -3078.46678401784 -1616.97629396163 6.8457462799111 1630.66778652145 3092.15827657766 3966.80150785903 4725.42407197061 Inf
"13" 38.4848484848485 22.4645091424567 2329.62273553889 -Inf -4543.51215007944 -3809.42389683729 -2963.0671547157 -1548.84214780228 22.4645091424567 1593.77116608719 3007.99617300061 3854.3529151222 4588.44116836435 Inf 20.6189556110456 2407.42531421671 -Inf -4697.84795572373 -3939.2433040931 -3064.62072475508 -1603.16474319071 20.6189556110456 1644.4026544128 3105.85863597718 3980.48121531519 4739.08586694582 Inf
"14" 39.1919191919192 59.5423088269767 2329.23648114318 -Inf -4505.67730569047 -3771.71076520908 -2925.49435010567 -1511.50382348689 59.5423088269767 1630.58844114084 3044.57896775962 3890.79538286303 4624.76192334443 Inf 55.9110000413372 2407.04387373043 -Inf -4661.80830167808 -3903.32384589548 -3028.83984467244 -1567.61542106211 55.9110000413372 1679.43742114478 3140.66184475511 4015.14584597816 4773.63030176076 Inf
"15" 39.8989898989899 141.979775452734 2327.17350217104 -Inf -4419.19647457845 -3685.88000013866 -2840.41306954848 -1427.67489868955 141.979775452734 1711.63444959502 3124.37262045394 3969.83955104413 4703.15602548392 Inf 136.407427506011 2404.99915281986 -Inf -4577.30429487025 -3819.46415182495 -2945.72300192371 -1485.73985030124 136.407427506011 1758.55470531326 3218.53785693574 4092.27900683697 4850.11914988227 Inf
"16" 40.6060606060606 304.540566728333 2318.41147790514 -Inf -4239.46243131002 -3508.90696146986 -2666.62329235757 -1259.20421185563 304.540566728333 1868.2853453123 3275.70442581424 4117.98809492652 4848.54356476668 Inf 299.270054147129 2396.27852779055 -Inf -4397.34955724901 -3642.25737347509 -2771.68444462376 -1316.99525146255 299.270054147129 1915.53535975681 3370.22455291802 4240.79748176935 4995.88966554327 Inf
"17" 41.3131313131313 587.796511122207 2288.90372767011 -Inf -3898.37235919069 -3177.11508707872 -2345.5516444543 -956.045592376887 587.796511122207 2131.6386146213 3521.14466669871 4352.70810932313 5073.9653814351 Inf 590.293566450331 2366.7734598274 -Inf -4048.49717437662 -3302.70234311925 -2442.84866628088 -1006.07087323937 590.293566450331 2186.65800614003 3623.43579918154 4483.28947601991 5229.08430727728 Inf
"18" 42.020202020202 1022.04107938387 2210.0846700327 -Inf -3309.64527666431 -2613.22470598927 -1810.29638948266 -468.638377618675 1022.04107938387 2512.72053638642 3854.37854825041 4657.30686475701 5353.72743543206 Inf 1047.10669900819 2287.56272600782 -Inf -3436.4338563434 -2715.59914774476 -1884.5228937886 -495.830912614688 1047.10669900819 2590.04431063107 3978.73629180498 4809.81254576114 5530.64725435978 Inf
"19" 42.7272727272727 1604.86408193713 2042.31513150806 -Inf -2398.00002089984 -1754.44536950177 -1012.46807218244 227.343459064586 1604.86408193713 2982.38470480968 4222.19623605671 4964.17353337603 5607.7281847741 Inf 1672.68400531679 2118.06061373441 -Inf -2478.63851467545 -1811.21567728731 -1041.7198901329 244.07383105891 1672.68400531679 3101.29417957467 4387.08790076648 5156.58368792089 5824.00652530903 Inf
"20" 43.4343434343434 2285.95333049021 1755.76732461982 -Inf -1155.28739099688 -602.026921493582 35.8469668916264 1101.70626630495 2285.95333049021 3470.20039467547 4536.0596940888 5173.933582474 5727.1940519773 Inf 2413.60597325022 1826.96163456043 -Inf -1167.17303162465 -591.47849765769 72.2604302893815 1181.33907673773 2413.60597325022 3645.87286976271 4754.95151621106 5418.69044415813 5994.38497812509 Inf
"21" 44.1414141414141 2974.7298507547 1361.72017786337 -Inf 305.807345121025 734.899477303138 1229.61522498023 2056.26354815068 2974.7298507547 3893.19615335873 4719.84447652918 5214.56022420627 5643.65235638838 Inf 3164.00225388293 1424.40770812354 -Inf 372.214446659547 821.060068918288 1338.55032556341 2203.25385465331 3164.00225388293 4124.75065311255 4989.45418220245 5506.94443884757 5955.79006110632 Inf
"22" 44.8484848484848 3572.66957036704 930.318578583636 -Inf 1749.27866219461 2042.4316821634 2380.41833952795 2945.17922469539 3572.66957036704 4200.15991603869 4764.92080120612 5102.90745857067 5396.06047853946 Inf 3803.76726184021 981.211603889358 -Inf 1880.62785700429 2189.81779637593 2546.29399474528 3141.95009224338 3803.76726184021 4465.58443143704 5061.24052893515 5417.71672730449 5726.90666667614 Inf
"23" 45.5555555555556 4010.94592671077 574.971061905248 -Inf 2884.02335322374 3065.20269014379 3274.09086218326 3623.13383879633 4010.94592671077 4398.75801462522 4747.80099123829 4956.68916327776 5137.86850019781 Inf 4251.27544854022 614.121448868826 -Inf 3047.61952662377 3241.13555597964 3464.24714430786 3837.05682590263 4251.27544854022 4665.49407117781 5038.30375277259 5261.4153411008 5454.93137045668 Inf
"24" 46.2626262626263 4268.57941328983 393.503429784413 -Inf 3497.32686311939 3621.32386959109 3764.28447680244 4003.16538323324 4268.57941328983 4533.99344334642 4772.87434977721 4915.83495698856 5039.83196346026 Inf 4493.17711624355 425.000491702061 -Inf 3660.1914590957 3794.11351601126 3948.51707074555 4206.51864076222 4493.17711624355 4779.83559172489 5037.83716174155 5192.24071647584 5326.1627733914 Inf
"25" 46.969696969697 4366.78258480984 352.356767652924 -Inf 3676.17601050116 3787.20727755503 3915.219217594 4129.12155661572 4366.78258480984 4604.44361300396 4818.34595202568 4946.35789206465 5057.38915911852 Inf 4572.1184448617 381.02505637837 -Inf 3825.32305715275 3945.38799891834 4083.81518734828 4315.1209497666 4572.1184448617 4829.11593995679 5060.42170237511 5198.84889080505 5318.91383257064 Inf
"26" 47.6767676767677 4356.87866805377 343.881145169124 -Inf 3682.8840085599 3791.24451918211 3916.17724810101 4124.93436035151 4356.87866805377 4588.82297575604 4797.58008800653 4922.51281692543 5030.87332754765 Inf 4552.61553258569 371.893173256852 -Inf 3823.71830690594 3940.90569771566 4076.01525418302 4301.77739905604 4552.61553258569 4803.45366611533 5029.21581098835 5164.32536745571 5281.51275826543 Inf
"27" 48.3838383838384 4310.47482500855 338.358898121367 -Inf 3647.30357084202 3753.92396422232 3876.85044940517 4082.25521633805 4310.47482500855 4538.69443367906 4744.09920061194 4867.02568579479 4973.64607917509 Inf 4498.28805623197 366.0009230148 -Inf 3780.93942881455 3896.27011054349 4029.23900035158 4251.42418509618 4498.28805623197 4745.15192736776 4967.33711211236 5100.30600192045 5215.6366836494 Inf
"28" 49.0909090909091 4296.21945590216 336.246895088721 -Inf 3637.18765161485 3743.14253096431 3865.3017210917 4069.42437162956 4296.21945590216 4523.01454017476 4727.13719071262 4849.29638084002 4955.25126018947 Inf 4463.65125802785 363.725393132949 -Inf 3750.7625872246 3865.37622591877 3997.51841103 4218.32220847364 4463.65125802785 4708.98030758207 4929.78410502571 5061.92629013694 5176.53992883111 Inf
"29" 49.7979797979798 4337.74903833769 335.636165376617 -Inf 3679.91424229039 3785.67667438188 3907.6139851459 4111.36588499605 4337.74903833769 4564.13219167934 4767.88409152948 4889.8214022935 4995.58383438499 Inf 4478.49777816457 363.069209632284 -Inf 3766.89520338987 3881.3020718665 4013.20586415927 4233.6113176558 4478.49777816457 4723.38423867333 4943.78969216986 5075.69348446263 5190.10035293927 Inf
"30" 50.5050505050505 4392.65738201433 335.293312660606 -Inf 3735.49456494241 3841.14896059196 3962.96171225749 4166.50547931546 4392.65738201433 4618.8092847132 4822.35305177116 4944.1658034367 5049.82019908624 Inf 4527.14602242015 362.699368400191 -Inf 3816.26832314035 3930.55865081409 4062.32807902485 4282.50901603163 4527.14602242015 4771.78302880867 4991.96396581546 5123.73339402622 5238.02372169995 Inf
"31" 51.2121212121212 4396.1104821689 335.017545952395 -Inf 3739.48815791321 3845.05565661672 3966.7682216687 4170.14458128817 4396.1104821689 4622.07638304964 4825.4527426691 4947.16530772108 5052.73280642459 Inf 4559.13583905043 362.403433047702 -Inf 3848.83816240327 3963.03523778226 4094.69715206941 4314.69843802389 4559.13583905043 4803.57324007698 5023.57452603145 5155.23644031861 5269.4335156976 Inf
"32" 51.9191919191919 4336.81742102553 334.775978023306 -Inf 3680.66856121068 3786.15993935767 3907.78474228304 4111.01445523694 4336.81742102553 4562.62038681412 4765.85009976803 4887.47490269339 4992.96628084039 Inf 4540.68372208383 362.143031529356 -Inf 3830.89642303414 3945.01144319757 4076.57875307632 4296.42195921234 4540.68372208383 4784.94548495532 5004.78869109134 5136.35600097009 5250.47102113352 Inf
"33" 52.6262626262626 4272.67977917353 334.546776576099 -Inf 3616.9801459404 3722.3993003374 3843.94083390453 4047.03140741181 4272.67977917353 4498.32815093524 4701.41872444253 4822.96025800965 4928.37941240665 Inf 4491.85848461399 361.896988232898 -Inf 3782.55342156399 3896.59091093629 4028.06883277824 4247.76267542406 4491.85848461399 4735.95429380391 4955.64813644973 5087.12605829168 5201.16354766398 Inf
"34" 53.3333333333333 4258.21977137831 334.44677574133 -Inf 3602.71613617975 3708.10377927795 3829.60898233566 4032.63884915465 4258.21977137831 4483.80069360196 4686.83056042095 4808.33576347866 4913.72340657686 Inf 4458.45416739144 361.789409791043 -Inf 3749.35995421299 3863.36354450401 3994.80238287627 4214.43091875789 4458.45416739144 4702.47741602499 4922.1059519066 5053.54479027887 5167.54838056988 Inf
"35" 54.040404040404 4277.73343428478 334.496286646107 -Inf 3622.13275949602 3727.53600399313 3849.0591944646 4052.11911746333 4277.73343428478 4503.34775110622 4706.40767410495 4827.93086457642 4933.33410907353 Inf 4454.34053112208 361.842384710806 -Inf 3745.14248900881 3859.16277224574 3990.62085651556 4210.28155144814 4454.34053112208 4698.39951079603 4918.06020572861 5049.51828999842 5163.53857323535 Inf
"36" 54.7474747474747 4276.48289678528 334.524226156129 -Inf 3620.82746156313 3726.23951008923 3847.77285104229 4050.84973505069 4276.48289678528 4502.11605851986 4705.19294252826 4826.72628348132 4932.13833200742 Inf 4453.78950623874 361.87217435383 -Inf 3744.53307749804 3858.56274776003 3990.03165466856 4209.71043375592 4453.78950623874 4697.86857872157 4917.54735780892 5049.01626471746 5163.04593497945 Inf
"37" 55.4545454545455 4242.82754359663 334.454397842482 -Inf 3587.30896935434 3692.69901425556 3814.20698643832 4017.24148034388 4242.82754359663 4468.41360684939 4671.44810075494 4792.95607293771 4898.34611783893 Inf 4439.20736935014 361.797440867319 -Inf 3730.09741555144 3844.10353651777 3975.5452925966 4195.17870383796 4439.20736935014 4683.23603486232 4902.86944610369 5034.31120218251 5148.31732314885 Inf
"38" 56.1616161616162 4220.40928355815 334.406602670331 -Inf 3564.98438613191 3670.35937027934 3791.84997837754 3994.85545765912 4220.40928355815 4445.96310945718 4648.96858873876 4770.45919683697 4875.8341809844 Inf 4427.79207861796 361.746043164784 -Inf 3718.78286246512 3832.77278748303 3964.19587067057 4183.79808032933 4427.79207861796 4671.7860769066 4891.38828656536 5022.8113697529 5136.80129477081 Inf
"39" 56.8686868686869 4237.25626745131 334.400440307693 -Inf 3581.84344803389 3687.21649035703 3808.70485965618 4011.70659800271 4237.25626745131 4462.8059368999 4665.80767524643 4787.29604454558 4892.66908686872 Inf 4438.73066053638 361.739184378281 -Inf 3729.73488735805 3843.72265110129 3975.14324247756 4194.74128842893 4438.73066053638 4682.72003264382 4902.31807859519 5033.73866997146 5147.7264337147 Inf
"40" 57.5757575757576 4263.35554412899 334.389556229791 -Inf 3607.96405711227 3713.33366974973 3834.81808484094 4037.81321587938 4263.35554412899 4488.8978723786 4691.89300341705 4813.37741850826 4918.74703114571 Inf 4457.66213275166 361.727730814907 -Inf 3748.68880814504 3862.67296275183 3994.08939302492 4213.68048595532 4457.66213275166 4701.643779548 4921.2348724784 5052.65130275148 5166.63545735828 Inf
"41" 58.2828282828283 4257.47237004122 334.400147810562 -Inf 3602.06012390765 3707.43307406191 3828.92133709625 4031.92289787894 4257.47237004122 4483.0218422035 4686.02340298619 4807.51166602053 4912.88461617479 Inf 4454.91189814051 361.738847999291 -Inf 3745.9167842529 3859.90444199963 3991.32491116872 4210.92275291725 4454.91189814051 4698.90104336377 4918.49888511231 5049.9193542814 5163.90701202813 Inf
"42" 58.989898989899 4224.42700210911 334.372490240821 -Inf 3569.06896381613 3674.4331987837 3795.91141376594 3998.89618469414 4224.42700210911 4449.95781952408 4652.94259045228 4774.42080543452 4879.78504040209 Inf 4425.80594762389 361.709078820025 -Inf 3716.86918025548 3830.84745742549 3962.25711139039 4181.83688140691 4425.80594762389 4669.77501384086 4889.35478385738 5020.76443782228 5134.7427149923 Inf
"43" 59.6969696969697 4198.04504031917 334.300376851906 -Inf 3542.82834167127 3648.16985296307 3769.62186900246 3972.56286264588 4198.04504031917 4423.52721799247 4626.46821163588 4747.92022767528 4853.26173896708 Inf 4392.10101458667 361.631700835633 -Inf 3683.31590528087 3797.26979984655 3928.65134223021 4148.18413902706 4392.10101458667 4636.01789014628 4855.55068694313 4986.93222932679 5100.88612389247 Inf
"44" 60.4040404040404 4189.24476579884 334.262394676494 -Inf 3534.1025108468 3639.43205356172 3760.87027059849 3963.78820671355 4189.24476579884 4414.70132488413 4617.61926099919 4739.05747803595 4844.38702075088 Inf 4371.31218540659 361.590748907043 -Inf 3662.60734040592 3776.54833059474 3907.91499505832 4127.42293150306 4371.31218540659 4615.20143931011 4834.70937575485 4966.07604021844 5080.01703040726 Inf
"45" 61.1111111111111 4183.31204972012 334.251403596806 -Inf 3528.19133688842 3633.5174162003 3754.95164015516 3957.86290400542 4183.31204972012 4408.76119543482 4611.67245928509 4733.10668323995 4838.43276255182 Inf 4364.06765521673 361.578862395263 -Inf 3655.38610735105 3769.3233519769 3900.68569804625 4120.18641864357 4364.06765521673 4607.9488917899 4827.44961238722 4958.81195845657 5072.74920308241 Inf
"46" 61.8181818181818 4175.57178117874 334.232057583543 -Inf 3520.48898583627 3625.80896901899 3747.23616452735 3950.13568415169 4175.57178117874 4401.00787820578 4603.90739783012 4725.33459333848 4830.6545765212 Inf 4366.01535263097 361.558035375172 -Inf 3657.37462497457 3771.30530679067 3902.66008636069 4122.14816366938 4366.01535263097 4609.88254159255 4829.37061890125 4960.72539847127 5074.65608028736 Inf
"47" 62.5252525252525 4175.17123244461 334.205134935551 -Inf 3520.14120452258 3625.45270410006 3746.87011855491 3949.75329446768 4175.17123244461 4400.58917042153 4603.47234633431 4724.88976078915 4830.20126036664 Inf 4371.49936646483 361.52909000001 -Inf 3662.91537070127 3776.83693152985 3908.18119518541 4127.65170086211 4371.49936646483 4615.34703206756 4834.81753774426 4966.16180139981 5080.08336222839 Inf
"48" 63.2323232323232 4176.87831925047 334.188592716276 -Inf 3521.88071348244 3627.1870004353 3748.59840506778 3951.47153883089 4176.87831925047 4402.28509967005 4605.15823343316 4726.56963806565 4831.8759250185 Inf 4366.96830212412 361.51131100207 -Inf 3658.4191525562 3772.33511103838 3903.67291554733 4123.13262827327 4366.96830212412 4610.80397597496 4830.2636887009 4961.60149320985 5075.51745169203 Inf
"49" 63.9393939393939 4161.79931259523 334.198739094787 -Inf 3506.78182029075 3612.09130447256 3733.50639530527 3936.38568854734 4161.79931259523 4387.21293664312 4590.09222988518 4711.5073207179 4816.81680489971 Inf 4340.80662837343 361.522201088301 -Inf 3632.23613462871 3746.15552468986 3877.49728558959 4096.96360927105 4340.80662837343 4584.64964747582 4804.11597115727 4935.457732057 5049.37712211815 Inf
"50" 64.6464646464646 4130.20999397931 334.207005325066 -Inf 3475.1763001612 3580.48838911779 3701.906483089 3904.79079444383 4130.20999397931 4355.6291935148 4558.51350486963 4679.93159884084 4785.24368779743 Inf 4302.38204354603 361.530935774559 -Inf 3593.79443013083 3707.71657258209 3839.06150681134 4058.53313298729 4302.38204354603 4546.23095410477 4765.70258028072 4897.04751450997 5010.96965696123 Inf
"51" 65.3535353535354 4105.53516241462 334.156454137423 -Inf 3450.60054710366 3555.89670685743 3677.29643547797 3880.15005913706 4105.53516241462 4330.92026569218 4533.77388935126 4655.1736179718 4760.46977772558 Inf 4274.55557956098 361.476591689175 -Inf 3566.07447859591 3679.97949666299 3811.30468757399 4030.74332353082 4274.55557956098 4518.36783559115 4737.80647154797 4869.13166245898 4983.03668052606 Inf
"52" 66.0606060606061 4098.01586343868 334.105848588679 -Inf 3443.18043318067 3548.46064660189 3669.84199012225 3872.66489308505 4098.01586343868 4323.3668337923 4526.1897367551 4647.57108027546 4752.85129369668 Inf 4264.07228318309 361.422371637495 -Inf 3555.69745156655 3669.58538433375 3800.89087698822 4020.29659802204 4264.07228318309 4507.84796834414 4727.25368937797 4858.55918203243 4972.44711479963 Inf
"53" 66.7676767676768 4089.58716858776 334.115140781423 -Inf 3434.73352596664 3540.01666745404 3661.40138684718 3864.22993074537 4089.58716858776 4314.94440643015 4517.77295032835 4639.15766972149 4744.44081120888 Inf 4255.25092156085 361.432062031581 -Inf 3546.8570971209 3660.74808343165 3792.05709662626 4011.46870032831 4255.25092156085 4499.03314279338 4718.44474649543 4849.75375969004 4963.64474600079 Inf
"54" 67.4747474747475 4065.82660234665 334.110460951481 -Inf 3410.98213202367 3516.26379884818 3637.64681804945 3840.47252100159 4065.82660234665 4291.18068369171 4494.00638664385 4615.38940584512 4720.67107266963 Inf 4236.50544971111 361.427150676225 -Inf 3528.12125135078 3642.01069004259 3773.31791893167 3992.72654113742 4236.50544971111 4480.2843582848 4699.69298049055 4831.00020937963 4944.88964807144 Inf
"55" 68.1818181818182 4040.17662260164 334.091536885372 -Inf 3385.36924276667 3490.64494642194 3612.02109047099 3814.8353053452 4040.17662260164 4265.51793985808 4468.33215473229 4589.70829878133 4694.9840024366 Inf 4215.43754606281 361.406789831273 -Inf 3507.09325422528 3620.97627700396 3752.2761087561 3971.67237067035 4215.43754606281 4459.20272145528 4678.59898336953 4809.89881512167 4923.78183790035 Inf
"56" 68.8888888888889 4030.64452934946 334.093432841995 -Inf 3375.8334335078 3481.10973459863 3602.48656745263 3805.30193328971 4030.64452934946 4255.98712540921 4458.80249124629 4580.17932410028 4685.45562519112 Inf 4200.42032011529 361.408848149977 -Inf 3492.07199404723 3605.95566542344 3737.25624496701 3956.65375640796 4200.42032011529 4444.18688382262 4663.58439526356 4794.88497480713 4908.76864618335 Inf
"57" 69.5959595959596 4029.61844581175 334.110649941532 -Inf 3374.77360507507 3480.0553314523 3601.43841931405 3804.26423699483 4029.61844581175 4254.97265462866 4457.79847230944 4579.18156017119 4684.46328654842 Inf 4184.59121555712 361.42732103319 -Inf 3476.20668330327 3590.09617567632 3721.40346645644 3940.8121920794 4184.59121555712 4428.37023903483 4647.77896465779 4779.08625543791 4892.97574781096 Inf
"58" 70.3030303030303 4015.27279887051 334.128269315966 -Inf 3360.39342479452 3465.68070321913 3587.07019223593 3789.90670596614 4015.27279887051 4240.63889177489 4443.4754055051 4564.8648945219 4670.1521729465 Inf 4159.79078592048 361.446297673576 -Inf 3451.36906013493 3565.26453224392 3696.57871727661 3915.99896289333 4159.79078592048 4403.58260894763 4623.00285456435 4754.31703959704 4868.21251170603 Inf
"59" 71.010101010101 3983.04721736029 334.132812653751 -Inf 3328.15893850587 3433.44764858327 3554.83878820406 3757.67806002115 3983.04721736029 4208.41637469944 4411.25564651653 4532.64678613731 4637.93549621471 Inf 4132.4835099475 361.451143292103 -Inf 3424.05228692415 3537.94928593773 3669.26523139362 3888.68841860032 4132.4835099475 4376.27860129468 4595.70178850138 4727.01773395727 4840.91473297085 Inf
"60" 71.7171717171717 3948.46714992532 334.117495285073 -Inf 3293.60889256185 3398.89277597773 3520.27835076689 3723.10832399435 3948.46714992532 4173.82597585629 4376.65594908375 4498.04152387291 4603.32540728879 Inf 4112.67033121359 361.434728622661 -Inf 3404.27128035116 3518.16310693238 3649.47308890503 3868.8863113927 4112.67033121359 4356.45435103447 4575.86757352214 4707.17755549479 4821.06938207601 Inf
"61" 72.4242424242424 3922.99265905553 334.117427488755 -Inf 3268.1345345704 3373.41839662296 3494.80394678158 3697.63387885248 3922.99265905553 4148.35143925858 4351.18137132948 4472.5669214881 4577.85078354066 Inf 4097.66930419597 361.434747898514 -Inf 3389.27021555356 3503.1620482088 3634.47203718441 3853.88527137371 4097.66930419597 4341.45333701822 4560.86657120753 4692.17656018313 4806.06839283837 Inf
"62" 73.1313131313131 3902.22542575659 334.182057114093 -Inf 3247.24062953346 3352.54485705037 3473.95388728511 3676.8230535337 3902.22542575659 4127.62779797949 4330.49696422807 4451.90599446281 4557.21022197972 Inf 4079.49795135757 361.504294374402 -Inf 3370.96255412717 3484.8763015973 3616.21155695096 3835.66701015017 4079.49795135757 4323.32889256497 4542.78434576418 4674.11960111783 4788.03334858796 Inf
"63" 73.8383838383838 3878.73154692626 334.303194426578 -Inf 3223.50932593348 3328.85172507224 3450.30476474232 3653.24746882773 3878.73154692626 4104.2156250248 4307.15832911021 4428.61136878028 4533.95376791905 Inf 4058.90531736522 361.63449256928 -Inf 3350.11473636202 3464.06951063189 3595.45206725814 3814.98655880988 4058.90531736522 4302.82407592056 4522.35856747231 4653.74112409856 4767.69589836843 Inf
"64" 74.5454545454545 3854.67986539291 334.394424105815 -Inf 3199.2788375145 3304.64998407011 3426.13616767072 3629.13425381082 3854.67986539291 4080.22547697501 4283.2235631151 4404.70974671571 4510.08089327132 Inf 4039.57275919655 361.732584442064 -Inf 3330.58992165551 3444.57560569049 3575.99379929632 3795.58783867844 4039.57275919655 4283.55767971466 4503.15171909677 4634.5699127026 4748.55559673758 Inf
"65" 75.2525252525253 3836.87990799794 334.462896882879 -Inf 3181.34467594257 3286.73739897944 3408.24845888111 3611.28811222955 3836.87990799794 4062.47170376633 4265.51135711478 4387.02241701644 4492.41514005332 Inf 4017.65549523507 361.806767352664 -Inf 3308.52726186099 3422.53632169945 3553.98146610963 3773.62053910412 4017.65549523507 4261.69045136602 4481.32952436051 4612.77466877069 4726.78372860916 Inf
"66" 75.959595959596 3825.98299832141 334.600051235248 -Inf 3170.17894867507 3275.61489046896 3397.17577882957 3600.29869334815 3825.98299832141 4051.66730329467 4254.79021781324 4376.35110617385 4481.78704796775 Inf 3991.28860236266 361.953789279077 -Inf 3281.87221130786 3395.92759927814 3527.42615705725 3747.15448144929 3991.28860236266 4235.42272327603 4455.15104766806 4586.64960544717 4700.70499341745 Inf
"67" 76.6666666666667 3816.3847205929 334.776578614075 -Inf 3160.23468364177 3265.72625104113 3387.35127216237 3590.58134971199 3816.3847205929 4042.18809147381 4245.41816902343 4367.04319014466 4472.53475754403 Inf 3972.0105399272 362.144244955164 -Inf 3262.22086260663 3376.3362651331 3507.90401585194 3727.74795861244 3972.0105399272 4216.27312124196 4436.11706400246 4567.6848147213 4681.80021724777 Inf
"68" 77.3737373737374 3803.99278102314 335.001458806079 -Inf 3147.40198699484 3252.96441647192 3374.67113703048 3578.0377307577 3803.99278102314 4029.94783128857 4233.31442501579 4355.02114557435 4460.58357505143 Inf 3968.42074998324 362.385391613557 -Inf 3258.15843389722 3372.34982423345 3504.00518403039 3723.9955177191 3968.42074998324 4212.84598224737 4432.83631593608 4564.49167573303 4678.68306606925 Inf
"69" 78.0808080808081 3789.55762107836 335.167490963448 -Inf 3132.64141000134 3238.2561579309 3360.02319831449 3563.49058382457 3789.55762107836 4015.62465833214 4219.09204384222 4340.85908422581 4446.47383215537 Inf 3962.30262802579 362.564302447703 -Inf 3251.6896531484 3365.93742014155 3497.65777861335 3717.75672223782 3962.30262802579 4206.84853381376 4426.94747743823 4558.66783591002 4672.91560290317 Inf
"70" 78.7878787878788 3776.56085526099 335.535288458631 -Inf 3118.92377433982 3224.6544190696 3346.55508104137 3550.24574236656 3776.56085526099 4002.87596815543 4206.56662948061 4328.46729145238 4434.19793618217 Inf 3922.9245552336 362.961305634119 -Inf 3211.53346840909 3325.90633521827 3457.77092576608 3678.1108748656 3922.9245552336 4167.7382356016 4388.07818470111 4519.94277524892 4634.3156420581 Inf
"71" 79.4949494949495 3769.77772145192 336.726178044078 -Inf 3109.80653983371 3215.91244620661 3338.24576081969 3542.65936573849 3769.77772145192 3996.89607716535 4201.30968208416 4323.64299669723 4429.74890307014 Inf 3850.55746376702 364.238777539707 -Inf 3136.6625780163 3251.43798945446 3383.76668817896 3604.88214169254 3850.55746376702 4096.2327858415 4317.34823935508 4449.67693807957 4564.45234951774 Inf
"72" 80.2020202020202 3770.03210708491 339.00015846171 -Inf 3105.60400574659 3212.42646690204 3335.58592328844 3541.37997488764 3770.03210708491 3998.68423928218 4204.47829088138 4327.63774726778 4434.46020842324 Inf 3784.21667236886 366.685101635125 -Inf 3065.5270794966 3181.07335299525 3314.29080630648 3536.89132976636 3784.21667236886 4031.54201497136 4254.14253843123 4387.35999174246 4502.90626524111 Inf
"73" 80.9090909090909 3757.18619205056 343.27885123555 -Inf 3084.3720069746 3192.54272854003 3317.25664283129 3525.6481254331 3757.18619205056 3988.72425866802 4197.11574126983 4321.82965556109 4430.00037712652 Inf 3745.87723490143 371.273837928246 -Inf 3018.19388416011 3135.18611599297 3270.07066665874 3495.45683670287 3745.87723490143 3996.2976331 4221.68380314413 4356.5683538099 4473.56058564276 Inf
"74" 81.6161616161616 3674.88411842335 368.29227373115 -Inf 2953.04452612593 3069.09723619847 3202.89857844522 3426.47475471528 3674.88411842335 3923.29348213143 4146.86965840149 4280.67100064824 4396.72371072078 Inf 3682.14521304816 398.117839301852 -Inf 2901.84858641363 3027.29964111843 3171.93667281964 3413.61881106885 3682.14521304816 3950.67161502747 4192.35375327668 4336.9907849779 4462.44183968269 Inf
"75" 82.3232323232323 3446.08825585743 501.810334213851 -Inf 2462.55807372827 2620.68370758405 2802.99243643921 3107.62232888772 3446.08825585743 3784.55418282714 4089.18407527565 4271.49280413081 4429.61843798659 Inf 3481.32482698982 537.886664473351 -Inf 2427.08633685767 2596.579996042 2791.99533004843 3118.52578503539 3481.32482698982 3844.12386894425 4170.65432393121 4366.06965793764 4535.56331712197 Inf
"76" 83.030303030303 3022.85643601709 814.061787276324 -Inf 1427.32465176519 1683.84395265303 1979.59427808308 2473.78010447291 3022.85643601709 3571.93276756127 4066.1185939511 4361.86891938115 4618.38822026899 Inf 3060.95926305966 861.006266171227 -Inf 1373.41799090075 1644.72998331998 1957.53533470422 2480.21936167257 3060.95926305966 3641.69916444676 4164.38319141511 4477.18854279935 4748.50053521858 Inf
"77" 83.7373737373737 2431.27601985322 1236.99439335702 -Inf 6.81155979549385 396.601305421293 846.003918476639 1596.93598048389 2431.27601985322 3265.61605922254 4016.54812122979 4465.95073428514 4855.74047991094 Inf 2441.92449121446 1296.04066508429 -Inf -98.2685348500895 310.127302573965 780.981547866222 1567.75834677779 2441.92449121446 3316.09063565113 4102.86743456271 4573.72167985496 4982.11751727902 Inf
"78" 84.4444444444444 1768.8460213572 1653.80688528018 -Inf -1472.55591117632 -951.424232173225 -350.592781582058 653.370228432008 1768.8460213572 2884.32181428239 3888.28482429645 4489.11627488762 5010.24795389071 Inf 1741.82587815336 1722.46048599545 -Inf -1634.13463919107 -1091.36949951685 -465.596054262818 580.04393523167 1741.82587815336 2903.60782107505 3949.24781056954 4575.02125582357 5117.78639549779 Inf
"79" 85.1515151515152 1154.73378851034 1976.48736544958 -Inf -2719.1102636693 -2096.29862317317 -1378.2366889607 -178.386680877462 1154.73378851034 2487.85425789814 3687.70426598137 4405.76620019384 5028.57784068998 Inf 1102.24030947098 2050.8663541355 -Inf -2917.38388173956 -2271.13465152153 -1526.05067739411 -281.048025415416 1102.24030947098 2485.52864435738 3730.53129633608 4475.6152704635 5121.86450068152 Inf
"80" 85.8585858585859 673.505353792091 2176.29935462994 -Inf -3591.96300086035 -2906.18853300311 -2115.53449122761 -794.386254264148 673.505353792091 2141.39696184833 3462.54519881179 4253.19924058729 4938.97370844453 Inf 616.181847926979 2253.21643631894 -Inf -3800.04121663183 -3090.0293796589 -2271.43120354838 -903.589543343488 616.181847926979 2135.95323919745 3503.79489940234 4322.39307551286 5032.40491248579 Inf
"81" 86.5656565656566 350.253339438666 2275.17393765924 -Inf -4109.00563693761 -3392.07476386559 -2565.4993822548 -1184.32816142575 350.253339438666 1884.83484030308 3266.00606113213 4092.58144274292 4809.51231581495 Inf 303.412142530164 2352.87220619108 -Inf -4308.13264182965 -3566.71823957655 -2711.91491684039 -1283.57604406696 303.412142530164 1890.40032912729 3318.73920190072 4173.54252463687 4914.95692688998 Inf
"82" 87.2727272727273 162.274328154756 2314.01649289283 -Inf -4373.11465754689 -3643.94409300555 -2803.25713100808 -1398.50607808614 162.274328154756 1723.05473439566 3127.80578731759 3968.49274931506 4697.6633138564 Inf 131.176367752167 2391.84596149944 -Inf -4556.75557335432 -3803.06013712942 -2934.09756874897 -1482.0992173271 131.176367752167 1744.45195283143 3196.45030425331 4065.41287263375 4819.10830885865 Inf
"83" 87.979797979798 66.9618596160255 2326.06695985986 -Inf -4492.04560733787 -3759.07781584145 -2914.01289435394 -1501.94646307921 66.9618596160255 1635.87018231126 3047.936613586 3893.00153507349 4625.96932656992 Inf 49.54928341948 2403.88714916691 -Inf -4661.98295184633 -3904.49321266975 -3031.15605598792 -1571.84795932168 49.54928341948 1670.94652616064 3130.25462282688 4003.59177950871 4761.08151868529 Inf
"84" 88.6868686868687 24.6068831883833 2329.01674415493 -Inf -4540.18205474601 -3806.28475566556 -2960.14817146295 -1546.29103877917 24.6068831883833 1595.50480515593 3009.36193783972 3855.49852204232 4589.39582112278 Inf 16.2114855921106 2406.82376121669 -Inf -4701.07640352784 -3942.66130747815 -3068.25727358509 -1607.16647187693 16.2114855921106 1639.58944306115 3100.68024476931 3975.08427866237 4733.49937471206 Inf
"85" 89.3939393939394 8.05034204538209 2329.58814855028 -Inf -4557.85852792451 -3823.78117340071 -2977.43699680337 -1563.23298633005 8.05034204538209 1579.33367042081 2993.53768089414 3839.88185749147 4573.95921201527 Inf 4.51935191693097 2407.39076659722 -Inf -4713.87984732789 -3955.28608200999 -3080.67605389335 -1619.24104486958 4.51935191693097 1628.27974870344 3089.71475772722 3964.32478584385 4722.91855116176 Inf
"86" 90.1010101010101 2.34324767531499 2329.67614467899 -Inf -4563.73809153763 -3829.63300852225 -2983.25686274996 -1568.99943318699 2.34324767531499 1573.68592853762 2987.94335810059 3834.31950387288 4568.42458688826 Inf 1.03644511885324 2407.47783772944 -Inf -4717.53341040922 -3958.91220807571 -3084.27054683724 -1622.78268025388 1.03644511885324 1624.85557049159 3086.34343707495 3960.98509831341 4719.60630064692 Inf
"87" 90.8080808080808 0.60607680885345 2329.68696793248 -Inf -4565.49647559112 -3831.38798205646 -2985.00790417387 -1570.74390422699 0.60607680885345 1571.9560578447 2986.22005779157 3832.60013567416 4566.70862920883 Inf 0.177871879589248 2407.48852065984 -Inf -4718.41292180731 -3959.78835317178 -3085.14281080268 -1623.6484590202 0.177871879589248 1624.00420277938 3085.49855456186 3960.14409693096 4718.76866556649 Inf
"88" 91.5151515151515 0.138999128263627 2329.68803541807 -Inf -4565.96564550502 -3831.85681559459 -2985.47634989228 -1571.21170191567 0.138999128263627 1571.48970017219 2985.75434814881 3832.13481385112 4566.24364376155 Inf 0.0142102274441886 2407.48957201086 -Inf -4718.57864406959 -3959.95374414247 -3085.30781981538 -1623.81282979783 0.0142102274441886 1623.84125025272 3085.33624027027 3959.98216459736 4718.60706452448 Inf
"89" 92.2222222222222 0.0281667502564276 2329.68812012292 -Inf -4566.07664390148 -3831.96778729968 -2985.58729082393 -1571.32259142623 0.0281667502564276 1571.37892492674 2985.64362432444 3832.02412080019 4566.132977402 Inf -0.00428607717447457 2407.48965527508 -Inf -4718.59730356909 -3959.97237740455 -3085.32642282739 -1623.83138226332 -0.00428607717447457 1623.82281010897 3085.31785067304 3959.9638052502 4718.58873141474 Inf
"90" 92.9292929292929 0.00501384603558732 2329.68812554504 -Inf -4566.09980743287 -3831.9909491225 -2985.61045067688 -1571.34574798762 0.00501384603558732 1571.35577567969 2985.62047836895 3832.00097681457 4566.10983512494 Inf -0.00253724788449408 2407.48966059591 -Inf -4718.59556516842 -3959.97063732723 -3085.32468081701 -1623.82963702287 -0.00253724788449408 1623.8245625271 3085.31960632124 3959.96556283146 4718.59049067265 Inf
"91" 93.6363636363636 0.000776222770669596 2329.68812582565 -Inf -4566.10404560613 -3831.99518720734 -2985.61468865976 -1571.34998580015 0.000776222770669596 1571.35153824569 2985.61624110531 3831.99673965287 4566.10559805167 Inf -0.000798952694279695 2407.48966087086 -Inf -4718.59382741213 -3959.9688994843 -3085.32294287419 -1623.82789891313 -0.000798952694279695 1623.82630100774 3085.3213449688 3959.96730157891 4718.59222950674 Inf
"92" 94.3434343434343 0.000102608605948178 2329.68812583742 -Inf -4566.10471924335 -3831.99586084085 -2985.615362289 -1571.35065942225 0.000102608605948178 1571.35086463946 2985.61556750622 3831.99606605806 4566.10492446056 Inf -0.00019244905632095 2407.48966088237 -Inf -4718.59322093105 -3959.9682929996 -3085.3223363853 -1623.82729241726 -0.00019244905632095 1623.82690751914 3085.32195148719 3959.96790810148 4718.59283603294 Inf
"93" 95.0505050505051 1.11374666762699e-05 2329.68812583782 -Inf -4566.10481071527 -3831.99595231265 -2985.61545376066 -1571.35075089366 1.11374666762699e-05 1571.35077316859 2985.61547603559 3831.99597458758 4566.10483299021 Inf -3.85562749032126e-05 2407.48966088276 -Inf -4718.59306703904 -3959.96813910746 -3085.32218249302 -1623.82713852474 -3.85562749032126e-05 1623.82706141219 3085.32210538047 3959.96806199491 4718.59298992649 Inf
"94" 95.7575757575758 8.91034427600462e-07 2329.68812583783 -Inf -4566.10482096173 -3831.9959625591 -2985.6154640071 -1571.3507611401 8.91034427600462e-07 1571.35076292217 2985.61546578917 3831.99596434116 4566.1048227438 Inf -6.64189978534677e-06 2407.48966088277 -Inf -4718.59303512469 -3959.9681071931 -3085.32215057866 -1623.82710661037 -6.64189978534677e-06 1623.82709332657 3085.32213729486 3959.9680939093 4718.59302184089 Inf
"95" 96.4646464646465 2.82663408867975e-08 2329.68812583783 -Inf -4566.1048218245 -3831.99596342187 -2985.61546486987 -1571.35076200287 2.82663408867975e-08 1571.3507620594 2985.6154649264 3831.9959634784 4566.10482188103 Inf -1.00036946138577e-06 2407.48966088278 -Inf -4718.59302948316 -3959.96810155157 -3085.32214493713 -1623.82710096884 -1.00036946138577e-06 1623.8270989681 3085.32214293639 3959.96809955083 4718.59302748242 Inf
"96" 97.1717171717172 -6.39135640133261e-09 2329.68812583783 -Inf -4566.10482185915 -3831.99596345652 -2985.61546490453 -1571.35076203753 -6.39135640133261e-09 1571.35076202474 2985.61546489174 3831.99596344374 4566.10482184637 Inf -1.3300937173303e-07 2407.48966088278 -Inf -4718.5930286158 -3959.96810068421 -3085.32214406977 -1623.82710010148 -1.3300937173303e-07 1623.82709983546 3085.32214380375 3959.96810041819 4718.59302834978 Inf
"97" 97.8787878787879 -1.64957731187009e-09 2329.68812583783 -Inf -4566.10482185441 -3831.99596345178 -2985.61546489979 -1571.35076203278 -1.64957731187009e-09 1571.35076202949 2985.61546489649 3831.99596344848 4566.10482185111 Inf -1.57072913935499e-08 2407.48966088278 -Inf -4718.59302849849 -3959.96810056691 -3085.32214395247 -1623.82709998418 -1.57072913935499e-08 1623.82709995277 3085.32214392105 3959.96810053549 4718.59302846708 Inf
"98" 98.5858585858586 -2.45850500186007e-10 2329.68812583783 -Inf -4566.10482185301 -3831.99596345038 -2985.61546489838 -1571.35076203138 -2.45850500186007e-10 1571.35076203089 2985.61546489789 3831.99596344988 4566.10482185252 Inf -1.65425046866716e-09 2407.48966088278 -Inf -4718.59302848444 -3959.96810055286 -3085.32214393842 -1623.82709997013 -1.65425046866716e-09 1623.82709996682 3085.32214393511 3959.96810054955 4718.59302848113 Inf
"99" 99.2929292929293 -2.84480093763202e-11 2329.68812583783 -Inf -4566.10482185279 -3831.99596345016 -2985.61546489817 -1571.35076203116 -2.84480093763202e-11 1571.35076203111 2985.61546489811 3831.9959634501 4566.10482185273 Inf -1.55828233779566e-10 2407.48966088278 -Inf -4718.59302848294 -3959.96810055136 -3085.32214393692 -1623.82709996863 -1.55828233779566e-10 1623.82709996832 3085.3221439366 3959.96810055105 4718.59302848263 Inf
"100" 100 -2.75359792388009e-12 2329.68812583783 -Inf -4566.10482185276 -3831.99596345013 -2985.61546489814 -1571.35076203114 -2.75359792388009e-12 1571.35076203113 2985.61546489813 3831.99596345013 4566.10482185276 Inf -1.31572896047036e-11 2407.48966088278 -Inf -4718.5930284828 -3959.96810055122 -3085.32214393677 -1623.82709996849 -1.31572896047036e-11 1623.82709996846 3085.32214393675 3959.96810055119 4718.59302848277 Inf
