"mid_age" "mean_left" "std_left" "min_left" "l.q2.5" "l.q5" "l.q10" "l.q25" "l.q50" "l.q75" "l.q90" "l.q95" "l.q97.5" "max_left" "mean_right" "std_right" "min_right" "r.q2.5" "r.q5" "r.q10" "r.q25" "r.q50" "r.q75" "r.q90" "r.q95" "r.q97.5" "max_right"
"1" 30 4.1522772017475e-09 2361.38227401015 -Inf -4628.22421078703 -3884.12819802036 -3026.23315010282 -1592.72814011041 4.1522772017475e-09 1592.72814011871 3026.23315011113 3884.12819802866 4628.22421079533 Inf 3.87294436812049e-09 2504.8985921432 -Inf -4909.51102552188 -4120.1915344285 -3210.15671228771 -1689.52842567731 3.87294436812049e-09 1689.52842568505 3210.15671229545 4120.19153443624 4909.51102552962 Inf
"2" 30.7070707070707 4.26018342731181e-08 2361.38227401015 -Inf -4628.22421074858 -3884.12819798191 -3026.23315006437 -1592.72814007196 4.26018342731181e-08 1592.72814015716 3026.23315014958 3884.12819806711 4628.22421083378 Inf 4.00184464128602e-08 2504.8985921432 -Inf -4909.51102548573 -4120.19153439236 -3210.15671225156 -1689.52842564116 4.00184464128602e-08 1689.5284257212 3210.1567123316 4120.19153447239 4909.51102556577 Inf
"3" 31.4141414141414 3.95207842297248e-07 2361.38227401015 -Inf -4628.22421039597 -3884.1281976293 -3026.23314971177 -1592.72813971935 3.95207842297248e-07 1592.72814050977 3026.23315050218 3884.12819841971 4628.22421118639 Inf 3.73989524333583e-07 2504.8985921432 -Inf -4909.51102515176 -4120.19153405838 -3210.15671191759 -1689.52842530719 3.73989524333583e-07 1689.52842605517 3210.15671266557 4120.19153480636 4909.51102589974 Inf
"4" 32.1212121212121 3.31458964916583e-06 2361.38227401015 -Inf -4628.22420747659 -3884.12819470992 -3026.23314679238 -1592.72813679997 3.31458964916583e-06 1592.72814342915 3026.23315342156 3884.12820133909 4628.22421410577 Inf 3.1607262621058e-06 2504.8985921432 -Inf -4909.51102236502 -4120.19153127165 -3210.15670913085 -1689.52842252046 3.1607262621058e-06 1689.52842884191 3210.15671545231 4120.1915375931 4909.51102868648 Inf
"5" 32.8282828282828 2.51294476249557e-05 2361.38227401015 -Inf -4628.22418566173 -3884.12817289506 -3026.23312497753 -1592.72811498511 2.51294476249557e-05 1592.72816524401 3026.23317523642 3884.12822315395 4628.22423592063 Inf 2.41534381393896e-05 2504.8985921432 -Inf -4909.51100137231 -4120.19151027894 -3210.15668813814 -1689.52840152774 2.41534381393896e-05 1689.52844983462 3210.15673644502 4120.19155858581 4909.51104967919 Inf
"6" 33.5353535353535 0.000172192948253744 2361.38227401014 -Inf -4628.22403859823 -3884.12802583155 -3026.23297791402 -1592.72796792161 0.000172192948253744 1592.72831230751 3026.23332229992 3884.12837021745 4628.22438298412 Inf 0.000166862237895067 2504.89859214319 -Inf -4909.51085866351 -4120.19136757013 -3210.15654542934 -1689.52825881894 0.000166862237895067 1689.52859254342 3210.15687915381 4120.1917012946 4909.51119238798 Inf
"7" 34.2424242424242 0.00106621111016773 2361.38227401001 -Inf -4628.2231445798 -3884.12713181317 -3026.23208389569 -1592.72707390336 0.00106621111016773 1592.72920632558 3026.23421631791 3884.12926423539 4628.22527700202 Inf 0.0010419089472993 2504.89859214305 -Inf -4909.50998361652 -4120.19049252319 -3210.15567038245 -1689.52738377214 0.0010419089472993 1689.52946759003 3210.15775420034 4120.19257634108 4909.51206743441 Inf
"8" 34.9494949494949 0.00596438560497446 2361.38227400589 -Inf -4628.21824639723 -3884.1222336319 -3026.22718571591 -1592.72217572608 0.00596438560497446 1592.73410449729 3026.23911448712 3884.1341624031 4628.23017516844 Inf 0.00587867503907592 2504.89859213876 -Inf -4909.50514684202 -4120.18565575004 -3210.15083361086 -1689.52254700315 0.00587867503907592 1689.53430435323 3210.16259096094 4120.19741310012 4909.5169041921 Inf
"9" 35.6565656565657 0.0301343605017041 2361.38227390397 -Inf -4628.19407622259 -3884.09806348937 -3026.20301561041 -1592.69800568245 0.0301343605017041 1592.75827440345 3026.26328433141 3884.15833221037 4628.25434494359 Inf 0.0299618351730423 2504.89859203264 -Inf -4909.48106347389 -4120.16157241535 -3210.12675031472 -1689.49846377144 0.0299618351730423 1689.55838744179 3210.18667398507 4120.2214960857 4909.54098714424 Inf
"10" 36.3636363636364 0.137463475678443 2361.38227185442 -Inf -4628.08674309036 -3883.99073100298 -3026.09568386862 -1592.59067518487 0.137463475678443 1592.86560213622 3026.37061081998 3884.26565795433 4628.36167004172 Inf 0.137888909313279 2504.89858989698 -Inf -4909.37313221394 -4120.05364182837 -3210.01882050363 -1689.39053525682 0.137888909313279 1689.66631307545 3210.29459832226 4120.32941964699 4909.64891003257 Inf
"11" 37.0707070707071 0.565938707282013 2361.38223837965 -Inf -4627.6582022494 -3883.56220071027 -3025.66716573737 -1592.16217737487 0.565938707282013 1593.29405478943 3026.79904315193 3884.69407812483 4628.79007966397 Inf 0.572745000753003 2504.89855499021 -Inf -4908.93820770648 -4119.6187283204 -3209.58391967736 -1688.95565562112 0.572745000753003 1690.10114562263 3210.72940967887 4120.7642183219 4910.08369770799 Inf
"12" 37.7777777777778 2.10186251764219 2361.38179506196 -Inf -4626.12140955235 -3882.02554770721 -3024.13067379254 -1590.62595455128 2.10186251764219 1594.82967958656 3028.33439882782 3886.22927274249 4630.32513458763 Inf 2.1459735020521 2504.89809233662 -Inf -4907.3640724208 -4118.04473882166 -3208.01009826162 -1687.38211506471 2.1459735020521 1691.67406206882 3212.30204526573 4122.33668582576 4911.65601942491 Inf
"13" 38.4848484848485 7.03806258521268 2361.37704419438 -Inf -4621.17589795541 -3877.08153315786 -3019.18838524317 -1585.68655007221 7.03806258521268 1599.76267524264 3033.2645104136 3891.15765832828 4635.25202312584 Inf 7.24826494815235 2504.89312989954 -Inf -4902.25205477676 -4112.93428489293 -3202.90144719652 -1682.27647650567 7.24826494815235 1696.77300640198 3217.39797709282 4127.43081478924 4916.74858467306 Inf
"14" 39.1919191919192 21.2343955125133 2361.33595093805 -Inf -4606.8990237257 -3862.81760783884 -3004.93938918889 -1571.46250016472 21.2343955125133 1613.93129118975 3047.40818021392 3905.28639886387 4649.36781475073 Inf 22.0524571186923 2504.85016539854 -Inf -4887.36365373164 -4098.05942240709 -3188.04219380246 -1667.44330521958 22.0524571186923 1711.54821945697 3232.14710803984 4142.16433664447 4931.46856796902 Inf
"15" 39.8989898989899 57.6836558264217 2361.05000570087 -Inf -4569.88932104537 -3825.89800946445 -2968.12367530862 -1534.82037271922 57.6836558264217 1650.18768437206 3083.49098696146 3941.26532111729 4685.25663269822 Inf 60.3821598568895 2504.55088426288 -Inf -4848.44737074629 -4059.23744600742 -3149.32894685631 -1628.91174042295 60.3821598568895 1749.67606013673 3270.09326657009 4180.0017657212 4969.21169046007 Inf
"16" 40.6060606060606 140.978027974079 2359.4557774322 -Inf -4483.47031890799 -3739.98136516689 -2882.78621742741 -1450.45070994487 140.978027974079 1732.40676589303 3164.74227337557 4021.93742111504 4765.42637485615 Inf 148.647361530104 2502.88037550126 -Inf -4756.90803206446 -3968.22450193881 -3058.9229020644 -1539.51979771242 148.647361530104 1836.81452077263 3356.21762512461 4265.51922499902 5054.20275512467 Inf
"17" 41.3131313131313 309.732424639196 2352.36647172073 -Inf -4300.82113837299 -3559.56609828968 -2704.94650992913 -1276.91464924136 309.732424639196 1896.37949851975 3324.41135920753 4179.03094756807 4920.28598765138 Inf 328.654189484275 2495.44246697634 -Inf -4562.32317128114 -3775.98340317049 -2869.38401079574 -1354.49617669529 328.654189484275 2011.80455566384 3526.69238976429 4433.29178213904 5219.63155024969 Inf
"18" 42.020202020202 611.28357972408 2327.32013173486 -Inf -3950.18005897126 -3216.81738003719 -2371.2971786242 -958.46999455608 611.28357972408 2181.03715400424 3593.86433807236 4439.38453948535 5172.74721841942 Inf 651.926611181609 2469.12863734134 -Inf -4187.47659120387 -3409.42858335903 -2512.38905953419 -1013.47534662074 651.926611181609 2317.32856898396 3816.24228189741 4713.28180572225 5491.32981356709 Inf
"19" 42.7272727272727 1083.2322750259 2257.10900756923 -Inf -3340.62008899073 -2629.38166249919 -1809.36930722927 -439.164615654795 1083.2322750259 2605.6291657066 3975.83385728107 4795.84621255098 5507.08463904253 Inf 1159.23803017773 2395.25842341832 -Inf -3535.38221338837 -2780.61147506796 -1910.40915223791 -456.339225488754 1159.23803017773 2774.81528584422 4228.88521259338 5099.08753542342 5853.85827374383 Inf
"20" 43.4343434343434 1723.86813710892 2100.51626142684 -Inf -2393.0680842284 -1731.17365396956 -968.051766174534 307.091448656325 1723.86813710892 3140.64482556151 4415.78804039237 5178.90992818739 5840.80435844624 Inf 1847.40195830553 2230.26368972344 -Inf -2523.83454957982 -1821.05536079424 -1010.79596483682 343.111959352574 1847.40195830553 3351.69195725848 4705.59988144787 5515.85927740529 6218.63846619087 Inf
"21" 44.1414141414141 2467.44147266446 1821.21142654348 -Inf -1102.06733159358 -528.184747731053 133.465117789944 1239.0530325209 2467.44147266446 3695.82991280803 4801.41782753898 5463.06769305997 6036.9502769225 Inf 2641.5374923384 1935.54660397607 -Inf -1152.06414185352 -542.153359345253 161.034711828325 1336.0311469297 2641.5374923384 3947.04383774709 5122.04027284847 5825.22834402204 6435.13912653031 Inf
"22" 44.8484848484848 3189.38074109716 1422.18175310274 -Inf 401.955725545752 850.099926321912 1366.78148891938 2230.13372571347 3189.38074109716 4148.62775648086 5011.97999327495 5528.66155587241 5976.80575664857 Inf 3401.9931331419 1513.90837556605 -Inf 434.787241138898 911.835450719866 1461.84148434414 2380.8774510866 3401.9931331419 4423.10881519721 5342.14478193967 5892.15081556394 6369.19902514491 Inf
"23" 45.5555555555556 3754.75462475874 972.155988682576 -Inf 1849.36389958597 2155.70032081161 2508.88659550903 3099.04537480061 3754.75462475874 4410.46387471688 5000.62265400846 5353.80892870587 5660.14534993152 Inf 3981.18617751987 1037.76656223679 -Inf 1947.20109117582 2274.21208369572 2651.23481501547 3281.22326819493 3981.18617751987 4681.14908684481 5311.13754002427 5688.16027134402 6015.17126386393 Inf
"24" 46.2626262626263 4089.01128744234 597.166109564326 -Inf 2918.58721990837 3106.76044623296 3323.71212484 3686.22886737674 4089.01128744234 4491.79370750795 4854.31045004469 5071.26212865173 5259.43535497632 Inf 4304.3007904829 640.524037016631 -Inf 3048.89674669811 3250.7325050465 3483.43620807529 3872.27389276097 4304.3007904829 4736.32768820484 5125.16537289051 5357.86907591931 5559.7048342677 Inf
"25" 46.969696969697 4220.2601194159 411.538075652603 -Inf 3413.66031286988 3543.34022305009 3692.85285428209 3942.6819055728 4220.2601194159 4497.838333259 4747.66738454971 4897.18001578171 5026.85992596192 Inf 4412.57918900881 443.204570498212 -Inf 3543.91419304878 3683.57254374336 3844.58967783031 4113.64224896771 4412.57918900881 4711.51612904991 4980.56870018732 5141.58583427427 5281.24418496885 Inf
"26" 47.6767676767677 4253.55534204438 368.391408524702 -Inf 3531.52144912198 3647.60539759476 3781.44275571637 4005.07911293417 4253.55534204438 4502.03157115459 4725.66792837239 4859.505286494 4975.58923496678 Inf 4425.22350230682 396.744014604151 -Inf 3647.61952260085 3772.63767091389 3916.77558927042 4157.62373100467 4425.22350230682 4692.82327360896 4933.67141534322 5077.80933369974 5202.82748201279 Inf
"27" 48.3838383838384 4291.86563653589 350.78273006466 -Inf 3604.34411921052 3714.8793907171 3842.31947965552 4055.26628056148 4291.86563653589 4528.4649925103 4741.41179341627 4868.85188235469 4979.38715386126 Inf 4446.35328615013 377.854167626999 -Inf 3705.77272619285 3824.83848807013 3962.11368608019 4191.49452301684 4446.35328615013 4701.21204928341 4930.59288622006 5067.86808423012 5186.9338461074 Inf
"28" 49.0909090909091 4367.59274294168 340.512097067266 -Inf 3700.20129638963 3807.50018505973 3931.20893185825 4137.92082365203 4367.59274294168 4597.26466223132 4803.97655402511 4927.68530082362 5034.98418949372 Inf 4499.53622169304 366.853989091388 -Inf 3780.51561548907 3896.11510717446 4029.39391764669 4252.09696623235 4499.53622169304 4746.97547715373 4969.67852573939 5102.95733621163 5218.55682789701 Inf
"29" 49.7979797979798 4440.35989065203 338.189088435569 -Inf 3777.52145735388 3884.08834194337 4006.95313491732 4212.25481687408 4440.35989065203 4668.46496442998 4873.76664638674 4996.63143936069 5103.19832395018 Inf 4545.7068959705 364.349328847047 -Inf 3831.59533363895 3946.4055809391 4078.77444318144 4299.95700817235 4545.7068959705 4791.45678376866 5012.63934875956 5145.0082110019 5259.81845830206 Inf
"30" 50.5050505050505 4455.70482925471 337.76027883098 -Inf 3793.70684733778 3900.13860957943 4022.84761514008 4227.88898315984 4455.70482925471 4683.52067534957 4888.56204336933 5011.27104892998 5117.70281117163 Inf 4552.49079299395 363.891159034716 -Inf 3839.27722699337 3953.94310024012 4086.14550844517 4307.04993603806 4552.49079299395 4797.93164994984 5018.83607754273 5151.03848574778 5265.70435899453 Inf
"31" 51.2121212121212 4405.18674792893 337.395774200117 -Inf 3743.90318196069 3850.22008501776 3972.79666529463 4177.61675647148 4405.18674792893 4632.75673938638 4837.57683056322 4960.15341084009 5066.47031389716 Inf 4533.52611920906 363.496227558023 -Inf 3821.08660467916 3935.62803092707 4067.68695971252 4288.35163948623 4533.52611920906 4778.70059893189 4999.3652787056 5131.42420749105 5245.96563373896 Inf
"32" 51.9191919191919 4332.89344349947 336.934843742483 -Inf 3672.51328462757 3778.68494372332 3901.09406701477 4105.63434491125 4332.89344349947 4560.1525420877 4764.69281998418 4887.10194327562 4993.27360237137 Inf 4522.23594172878 363.003918381604 -Inf 3810.76133545392 3925.1476299812 4057.02770182801 4277.39351949937 4522.23594172878 4767.07836395819 4987.44418162955 5119.32425347636 5233.71054800364 Inf
"33" 52.6262626262626 4289.07016380602 336.731764307621 -Inf 3629.08803331245 3735.19569997486 3857.53104408899 4061.94804021508 4289.07016380602 4516.19228739695 4720.60928352304 4842.94462763718 4949.05229429958 Inf 4525.62739437262 362.783056491948 -Inf 3814.58566944704 3928.90236810529 4060.70220037231 4280.93394122399 4525.62739437262 4770.32084752124 4990.55258837293 5122.35242063994 5236.66911929819 Inf
"34" 53.3333333333333 4283.35948523611 336.110291715998 -Inf 3624.5954186395 3730.50725285133 3852.61681469182 4056.65653853825 4283.35948523611 4510.06243193396 4714.1021557804 4836.21171762088 4942.12355183271 Inf 4520.04758564153 362.115612694333 -Inf 3810.31402652098 3924.4204067255 4055.97775528496 4275.80431649323 4520.04758564153 4764.29085478983 4984.11741599809 5115.67476455756 5229.78114476208 Inf
"35" 54.040404040404 4286.66626601298 335.535251186122 -Inf 3629.02925814458 3734.75989112942 3856.66053956001 4060.35117825848 4286.66626601298 4512.98135376749 4716.67199246596 4838.57264089655 4944.30327388138 Inf 4489.54089927032 361.49886539863 -Inf 3781.01614263691 3894.92817938054 4026.26146237611 4245.71361985143 4489.54089927032 4733.36817868921 4952.82033616453 5084.1536191601 5198.06565590372 Inf
"36" 54.7474747474747 4274.15474635354 335.598671229085 -Inf 3616.39343748504 3722.14405478229 3844.06774384522 4047.7968824301 4274.15474635354 4500.51261027698 4704.24174886186 4826.1654379248 4931.91605522205 Inf 4452.22925584303 361.565410869766 -Inf 3743.57407248286 3857.5070783937 3988.86453749611 4208.35709218594 4452.22925584303 4696.10141950012 4915.59397418996 5046.95143329236 5160.8844392032 Inf
"37" 55.4545454545455 4254.51009025027 335.54061840426 -Inf 3596.86256282762 3702.59488707848 3824.49748543049 4028.19138236214 4254.51009025027 4480.8287981384 4684.52269507005 4806.42529342206 4912.15761767292 Inf 4439.32365665441 361.503884515013 -Inf 3730.78906273366 3844.70268105284 3976.03778750374 4195.49299189296 4439.32365665441 4683.15432141585 4902.60952580508 5033.94463225597 5147.85825057516 Inf
"38" 56.1616161616162 4251.24851879302 335.435221369587 -Inf 3593.80756576241 3699.50667831598 3821.37098570802 4025.00090012448 4251.24851879302 4477.49613746156 4681.12605187801 4802.99035927005 4908.68947182363 Inf 4455.38095420449 361.390537479317 -Inf 3747.06851639146 3860.94641788569 3992.24034512487 4211.62674085684 4455.38095420449 4699.13516755214 4918.52156328411 5049.81549052329 5163.69339201752 Inf
"39" 56.8686868686869 4266.33686261216 335.487492721162 -Inf 3608.79345961504 3714.5090434129 3836.39234109473 4040.05398745276 4266.33686261216 4492.61973777157 4696.2813841296 4818.16468181142 4923.88026560928 Inf 4473.21666885176 361.446409863978 -Inf 3764.79472317706 3878.69023063841 4010.0044564301 4229.42477015333 4473.21666885176 4717.00856755018 4936.42888127341 5067.74310706511 5181.63861452646 Inf
"40" 57.5757575757576 4277.57154618758 335.439918043422 -Inf 3620.12138784541 3725.82198036955 3847.68799407288 4051.32075966068 4277.57154618758 4503.82233271448 4707.45509830228 4829.32111200561 4935.02170452975 Inf 4470.37367489012 361.39548790172 -Inf 3762.05153442746 3875.93099585107 4007.22672158891 4226.61612253329 4470.37367489012 4714.13122724694 4933.52062819132 5064.81635392916 5178.69581535277 Inf
"41" 58.2828282828283 4269.6455053287 335.351205876734 -Inf 3612.36921963823 3718.04185803981 3839.87564243011 4043.45455424895 4269.6455053287 4495.83645640846 4699.4153682273 4821.2491526176 4926.92179101918 Inf 4456.9171258506 361.300104366337 -Inf 3748.78193368202 3862.63133876569 3993.89241146849 4213.22390871073 4456.9171258506 4700.61034299047 4919.94184023271 5051.20291293552 5165.05231801918 Inf
"42" 58.989898989899 4251.37039054435 335.357133034805 -Inf 3594.08248783753 3699.75699394801 3821.59293168705 4025.17544165723 4251.37039054435 4477.56533943147 4681.14784940166 4802.9837871407 4908.65829325118 Inf 4455.30476440642 361.306519799758 -Inf 3747.15699821938 3861.00842487257 3992.27182831556 4211.60722012246 4455.30476440642 4699.00230869037 4918.33770049727 5049.60110394026 5163.45253059345 Inf
"43" 59.6969696969697 4237.24448395777 335.355686440597 -Inf 3579.95941652349 3685.63346679715 3807.46887898554 4011.05051078362 4237.24448395777 4463.43845713192 4667.02008893 4788.85550111839 4894.52955139205 Inf 4461.78161341957 361.304631917369 -Inf 3753.63754741403 3867.48837917592 3998.75109674735 4218.08534249294 4461.78161341957 4705.4778843462 4924.81213009179 5056.07484766322 5169.92567942512 Inf
"44" 60.4040404040404 4225.75511519767 335.184452916515 -Inf 3568.80565930354 3674.4257521202 3796.1989548163 3999.6766372804 4225.75511519767 4451.83359311494 4655.31127557904 4777.08447827514 4882.7045710918 Inf 4448.15254348132 361.120702665719 -Inf 3740.36897218471 3854.16184593435 3985.3577416295 4204.58033094968 4448.15254348132 4691.72475601295 4910.94734533314 5042.14324102829 5155.93611477792 Inf
"45" 61.1111111111111 4205.55267608026 334.983130537115 -Inf 3548.99780479904 3654.55445884873 3776.25452070939 3979.60998804438 4205.55267608026 4431.49536411614 4634.85083145113 4756.5508933118 4862.10754736149 Inf 4403.86244672114 360.904391954932 -Inf 3696.50283662714 3810.22754863135 3941.34485819937 4160.43613354679 4403.86244672114 4647.28875989549 4866.3800352429 4997.49734481092 5111.22205681513 Inf
"46" 61.8181818181818 4174.65360108732 334.821711351618 -Inf 3518.41510559608 3623.92089478851 3745.56231272633 3948.81978863754 4174.65360108732 4400.4874135371 4603.74488944831 4725.38630738613 4830.89209657856 Inf 4355.44344802892 360.730513418067 -Inf 3648.42463360486 3762.09455468114 3893.14869381828 4112.13441414546 4355.44344802892 4598.75248191237 4817.73820223955 4948.79234137669 5062.46226245297 Inf
"47" 62.5252525252525 4144.15928835148 334.665898507065 -Inf 3488.22618042389 3593.68287137516 3715.26768218536 3918.4305700683 4144.15928835148 4369.88800663466 4573.0508945176 4694.6357053278 4800.09239627906 Inf 4333.05915114778 360.563368902273 -Inf 3626.3679339549 3739.98518606304 3870.97860125304 4089.86285452703 4333.05915114778 4576.25544776853 4795.13970104252 4926.13311623253 5039.75036834067 Inf
"48" 63.2323232323232 4127.7447357708 334.684427447279 -Inf 3471.77531178773 3577.23784139997 3698.82938381234 3902.00351990737 4127.7447357708 4353.48595163424 4556.66008772926 4678.25163014164 4783.71415975388 Inf 4334.20090461709 360.58303849278 -Inf 3627.47113573522 3741.09458593506 3872.09514712784 4090.99134105915 4334.20090461709 4577.41046817503 4796.30666210634 4927.30722329912 5040.93067349896 Inf
"49" 63.9393939393939 4132.68466047949 334.811397069631 -Inf 3476.46638060948 3581.96891966482 3703.60659040273 3906.8578049072 4132.68466047949 4358.51151605179 4561.76273055625 4683.40040129417 4788.90294034951 Inf 4335.44223460092 360.719571626517 -Inf 3628.44486569423 3742.11133889866 3873.16150286038 4092.14058084371 4335.44223460092 4578.74388835812 4797.72296634146 4928.77313030317 5042.4396035076 Inf
"50" 64.6464646464646 4153.61108270993 334.891346029216 -Inf 3497.23610575852 3602.76383755911 3724.43055391885 3927.73030238385 4153.61108270993 4379.491863036 4582.79161150101 4704.45832786074 4809.98605966133 Inf 4326.68422872883 360.80542004745 -Inf 3619.51860000898 3733.21212494003 3864.29347781004 4083.32467109163 4326.68422872883 4570.04378636603 4789.07497964762 4920.15633251763 5033.84985744868 Inf
"51" 65.3535353535354 4169.43693243761 334.740533344001 -Inf 3513.35754291764 3618.83775207906 3740.44967787938 3943.65787372192 4169.43693243761 4395.21599115331 4598.42418699585 4720.03611279616 4825.51632195759 Inf 4315.2632147491 360.643007819079 -Inf 3608.41590814751 3722.0582553032 3853.08060347585 4072.01320249525 4315.2632147491 4558.51322700295 4777.44582602235 4908.468174195 5022.11052135069 Inf
"52" 66.0606060606061 4156.52450055133 334.483737815859 -Inf 3500.94842101791 3606.34771124863 3727.86634270421 3930.91864778726 4156.52450055133 4382.1303533154 4585.18265839846 4706.70128985403 4812.10058008475 Inf 4304.49900790679 360.367611647263 -Inf 3598.19146788344 3711.74703485295 3842.66933102867 4061.43474754807 4304.49900790679 4547.56326826551 4766.32868478491 4897.25098096063 5010.80654793014 Inf
"53" 66.7676767676768 4113.97076176479 334.521045415591 -Inf 3458.32156067955 3563.73260692136 3685.26479230483 3888.3397454071 4113.97076176479 4339.60177812249 4542.67673122476 4664.20891660823 4769.61996285004 Inf 4287.16163289932 360.407206721267 -Inf 3580.77648795695 3694.34453174439 3825.28121289212 4044.07066606902 4287.16163289932 4530.25259972961 4749.04205290651 4879.97873405424 4993.54677784168 Inf
"54" 67.4747474747475 4067.61518256879 334.574003997305 -Inf 3411.86218457071 3517.28991861015 3638.84134395552 3841.94844619055 4067.61518256879 4293.28191894703 4496.38902118206 4617.94044652743 4723.36818056687 Inf 4257.93460906661 360.464089282522 -Inf 3551.43797635284 3665.02394442449 3795.98129112398 4014.80527553178 4257.93460906661 4501.06394260144 4719.88792700923 4850.84527370872 4964.43124178038 Inf
"55" 68.1818181818182 4040.65872893755 334.466684641285 -Inf 3385.11607301212 3490.5099896109 3612.022425613 3815.06437836494 4040.65872893755 4266.25307951016 4469.2950322621 4590.8074682642 4696.20138486298 Inf 4219.43965026388 360.349033471977 -Inf 3513.16852279499 3626.71823558904 3757.63378227538 3976.38792069397 4219.43965026388 4462.49137983379 4681.24551825237 4812.16106493872 4925.71077773277 Inf
"56" 68.8888888888889 4029.86801657426 334.448171542649 -Inf 3374.36164565539 3479.74972858504 3601.25543874025 3804.28615289692 4029.86801657426 4255.4498802516 4458.48059440827 4579.98630456347 4685.37438749313 Inf 4179.49352471502 360.32899015248 -Inf 3473.26168143047 3586.80507836695 3717.713343274 3936.45531415866 4179.49352471502 4422.53173527137 4641.27370615603 4772.18197106308 4885.72536799956 Inf
"57" 69.5959595959596 4019.54270567293 334.589755613785 -Inf 3363.75883507386 3469.19153261079 3590.7486805509 3793.86534499082 4019.54270567293 4245.22006635504 4448.33673079496 4569.89387873507 4675.32657627201 Inf 4151.06402432517 360.481361211366 -Inf 3444.53353925292 3558.12494988825 3689.0885715151 3907.92304105137 4151.06402432517 4394.20500759897 4613.03947713525 4744.00309876209 4857.59450939742 Inf
"58" 70.3030303030303 4005.37360754258 334.77588130128 -Inf 3349.22493729941 3454.71628496829 3576.34105275435 3779.570706992 4005.37360754258 4231.17650809315 4434.40616233081 4556.03093011687 4661.52227778574 Inf 4144.3437535293 360.681015927231 -Inf 3437.42195240461 3551.07627630885 3682.11243290554 3901.06810519607 4144.3437535293 4387.61940186253 4606.57507415306 4737.61123074975 4851.26555465399 Inf
"59" 71.010101010101 3989.1593900596 334.708277661189 -Inf 3333.14322051624 3438.61326557791 3560.21347282216 3763.40208747134 3989.1593900596 4214.91669264785 4418.10530729703 4539.70551454129 4645.17555960296 Inf 4146.34777284388 360.608459443291 -Inf 3439.56817981455 3553.1996404192 3684.2094370957 3903.12106311538 4146.34777284388 4389.57448257238 4608.48610859205 4739.49590526856 4853.1273658732 Inf
"60" 71.7171717171717 3962.36754678879 334.444995861472 -Inf 3306.86740009065 3412.25448233027 3533.75903875396 3736.78782507585 3962.36754678879 4187.94726850172 4390.97605482361 4512.4806112473 4617.86769348692 Inf 4123.49763724742 360.325691015051 -Inf 3417.27226015341 3530.81461749751 3661.72168382114 3880.46165192545 4123.49763724742 4366.53362256939 4585.2735906737 4716.18065699732 4829.72301434143 Inf
"61" 72.4242424242424 3917.90549780669 334.362882316338 -Inf 3262.56629069966 3367.92749811071 3489.40222251418 3692.3811608383 3917.90549780669 4143.42983477508 4346.4087730992 4467.88349750267 4573.24470491372 Inf 4066.38701728587 360.237446715745 -Inf 3360.33459584035 3473.84914649174 3604.72415347952 3823.41055183929 4066.38701728587 4309.36348273245 4528.04988109222 4658.92488808 4772.4394387314 Inf
"62" 73.1313131313131 3874.00559302853 334.6323747466 -Inf 3218.13819046409 3323.5843177312 3445.15694929012 3648.29948617818 3874.00559302853 4099.71169987889 4302.85423676695 4424.42686832586 4529.87299559298 Inf 4019.15301307263 360.527110225253 -Inf 3312.53286158083 3426.13868820428 3557.11893054218 3775.98117255788 4019.15301307263 4262.32485358737 4481.18709560307 4612.16733794097 4725.77316456442 Inf
"63" 73.8383838383838 3862.1417378203 334.961450647579 -Inf 3205.62935834176 3311.17918083371 3432.87136634581 3636.2136726477 3862.1417378203 4088.06980299291 4291.4121092948 4413.1042948069 4518.65411729885 Inf 4032.16664262619 360.880471553257 -Inf 3324.85391565798 3438.57109009586 3569.67970933264 3788.75646351759 4032.16664262619 4275.57682173479 4494.65357591974 4625.76219515653 4739.47936959441 Inf
"64" 74.5454545454545 3886.41343722106 335.219326105114 -Inf 3229.39563113324 3335.02671285283 3456.81258505024 3660.31143769552 3886.41343722106 4112.51543674659 4316.01428939187 4437.80016158928 4543.43124330887 Inf 4087.64667164477 361.158810772205 -Inf 3379.78840983193 3493.59329184062 3624.80303228942 3844.04875558591 4087.64667164477 4331.24458770362 4550.49031100011 4681.70005144891 4795.5049334576 Inf
"65" 75.2525252525253 3913.71330795111 335.795901124116 -Inf 3255.56543559167 3361.37820207167 3483.37354516204 3687.22241448504 3913.71330795111 4140.20420141719 4344.05307074018 4466.04841383055 4571.86118031055 Inf 4108.79124333282 361.77750076665 -Inf 3399.72037141328 3513.72020904736 3645.15472084651 3864.77602721416 4108.79124333282 4352.80645945148 4572.42776581914 4703.86227761829 4817.86211525237 Inf
"66" 75.959595959596 3911.49516006495 336.207513037014 -Inf 3252.54054318062 3358.48301283768 3480.62789538451 3684.72663858257 3911.49516006495 4138.26368154733 4342.36242474539 4464.50730729222 4570.44977694928 Inf 4055.25845224055 362.220037216651 -Inf 3345.32022481715 3459.45951027024 3591.05479647392 3810.94474982227 4055.25845224055 4299.57215465882 4519.46210800717 4651.05739421085 4765.19667966394 Inf
"67" 76.6666666666667 3880.1781172957 336.503968012386 -Inf 3220.6424593366 3326.67834502696 3448.93093027745 3653.20963997103 3880.1781172957 4107.14659462036 4311.42530431394 4433.67788956443 4539.71377525479 Inf 3977.07676650991 362.540697405092 -Inf 3266.51005666589 3380.75038546562 3512.46216817678 3732.54678208123 3977.07676650991 4221.60675093858 4441.69136484303 4573.40314755419 4687.64347635392 Inf
"68" 77.3737373737374 3840.96055487111 337.504357494564 -Inf 3179.46416955643 3285.81528833425 3408.43131714583 3613.31732509451 3840.96055487111 4068.60378464771 4273.48979259639 4396.10582140797 4502.45694018578 Inf 3948.4229478208 363.613328798304 -Inf 3235.75391907741 3350.33224513901 3482.43371704645 3703.16948451167 3948.4229478208 4193.67641112993 4414.41217859515 4546.51365050259 4661.0919765642 Inf
"69" 78.0808080808081 3808.11508517559 338.756474610183 -Inf 3144.16459540988 3250.91026925974 3373.98119480054 3579.62731523847 3808.11508517559 4036.60285511272 4242.24897555064 4365.31990109145 4472.06557494131 Inf 3969.93558435644 364.962161301736 -Inf 3254.62289248514 3369.62624963923 3502.21775517566 3723.77234734901 3969.93558435644 4216.09882136387 4437.65341353722 4570.24491907365 4685.24827622774 Inf
"70" 78.7878787878788 3786.13119794681 340.369415723383 -Inf 3119.01940169003 3226.27332999085 3349.930240363 3556.55551576116 3786.13119794681 4015.70688013246 4222.33215553061 4345.98906590277 4453.24299420358 Inf 3970.65714952674 366.692509701333 -Inf 3251.95303711152 3367.50164496856 3500.72178964551 3723.32681025951 3970.65714952674 4217.98748879396 4440.59250940796 4573.81265408491 4689.36126194195 Inf
"71" 79.4949494949495 3778.36351188211 342.497084868214 -Inf 3107.08156073046 3215.00593961633 3339.43583657479 3547.35273866647 3778.36351188211 4009.37428509776 4217.29118718943 4341.7210841479 4449.64546303377 Inf 3899.92961927675 368.982001765718 -Inf 3176.73818487245 3293.0082353926 3427.06015725612 3651.05504107894 3899.92961927675 4148.80419747456 4372.79908129739 4506.85100316091 4623.12105368105 Inf
"72" 80.2020202020202 3772.31018262121 347.353443021869 -Inf 3091.50994439237 3200.96461203261 3327.15883391923 3538.02384560764 3772.31018262121 4006.59651963478 4217.4615313232 4343.65575320982 4453.11042085006 Inf 3780.45201442493 374.200888182207 -Inf 3047.0317506049 3164.94632628996 3300.89428034684 3528.05735083176 3780.45201442493 4032.8466780181 4260.00974850302 4395.95770255989 4513.87227824495 Inf
"73" 80.9090909090909 3713.07440545656 360.891539182409 -Inf 3005.73998633381 3119.46064829627 3250.57328842554 3469.65676134553 3713.07440545656 3956.49204956758 4175.57552248757 4306.68816261684 4420.4088245793 Inf 3655.91287524577 388.73937940596 -Inf 2893.99769223763 3016.49349709101 3157.72331497922 3393.71214833886 3655.91287524577 3918.11360215267 4154.10243551231 4295.33225340052 4417.8280582539 Inf
"74" 81.6161616161616 3512.81302147236 412.542572891676 -Inf 2704.24443651519 2834.24087417959 2984.11844132923 3234.5572845374 3512.81302147236 3791.06875840731 4041.50760161548 4191.38516876512 4321.38160642953 Inf 3509.35264668674 444.234875273657 -Inf 2638.66829047372 2778.65130087453 2940.04274681027 3209.72077663502 3509.35264668674 3808.98451673845 4078.6625465632 4240.05399249894 4380.03700289975 Inf
"75" 82.3232323232323 3108.14205165514 596.488529362262 -Inf 1939.04601691384 2127.00573069867 2343.71124302153 2705.81665249076 3108.14205165514 3510.46745081952 3872.57286028874 4089.2783726116 4277.23808639643 Inf 3258.99831964718 640.153237389049 -Inf 2004.32102977792 2206.03994532307 2438.6089360828 2827.22152247343 3258.99831964718 3690.77511682093 4079.38770321156 4311.95669397128 4513.67560951643 Inf
"76" 83.030303030303 2516.62641018276 949.775502498429 -Inf 655.100631887408 954.384730108563 1299.44012803999 1876.01256876024 2516.62641018276 3157.24025160528 3733.81269232553 4078.86809025696 4378.15218847811 Inf 2835.80862433973 1014.82163394439 -Inf 846.79477107664 1166.57557903748 1535.26237060977 2151.321833967 2835.80862433973 3520.29541471246 4136.35487806969 4505.04166964197 4824.82247760282 Inf
"77" 83.7373737373737 1838.20208779006 1382.76432580828 -Inf -871.966189900973 -436.242828734794 66.1183012712363 905.541723095579 1838.20208779006 2770.86245248453 3610.28587430888 4112.64700431491 4548.37036548109 Inf 2255.37509770572 1473.01483018797 -Inf -631.680918156075 -167.518688282262 367.630636007919 1261.84169285712 2255.37509770572 3248.90850255432 4143.11955940352 4678.2688836937 5142.43111356751 Inf
"78" 84.4444444444444 1201.02378963345 1780.88632429275 -Inf -2289.44926654025 -1728.27354006775 -1081.27386732089 -0.165782366382246 1201.02378963345 2402.21336163329 3483.32144658779 4130.32111933466 4691.49684580716 Inf 1615.83081570664 1893.54628774066 -Inf -2095.45171132457 -1498.77566348408 -810.84639377857 338.653253103726 1615.83081570664 2893.00837830956 4042.50802519186 4730.43729489737 5327.11334273786 Inf
"79" 85.1515151515152 698.474131861907 2071.1236684412 -Inf -3360.85366581133 -2708.22114603864 -1955.77764786539 -698.477553890192 698.474131861907 2095.42581761401 3352.72591158921 4105.16940976246 4757.80192953514 Inf 1035.76494220387 2199.59861839283 -Inf -3275.36913029014 -2582.25282309702 -1783.1341107672 -447.841780447555 1035.76494220387 2519.3716648553 3854.66399517494 4653.78270750476 5346.89901469787 Inf
"80" 85.8585858585859 360.360535790813 2240.96108072145 -Inf -4031.84247317919 -3325.69242569096 -2511.54664553228 -1151.14474374414 360.360535790813 1871.86581532577 3232.26771711391 4046.41349727258 4752.56354476081 Inf 592.705151659093 2378.39958429699 -Inf -4068.87237440804 -3319.41403091168 -2455.33655908734 -1011.50098981985 592.705151659093 2196.91129313803 3640.74686240552 4504.82433422986 5254.28267772622 Inf
"81" 86.5656565656566 164.409036745996 2320.51815765802 -Inf -4383.72297773496 -3652.50367128455 -2809.45464107531 -1400.75667573823 164.409036745996 1729.57474923023 3138.2727145673 3981.32174477654 4712.54105122695 Inf 302.797417095179 2462.0256915972 -Inf -4522.68426744764 -3746.87447137618 -2852.41546238224 -1357.81367660655 302.797417095179 1963.40851079691 3458.01029657259 4352.46930556653 5128.279101638 Inf
"82" 87.2727272727273 66.0469288525519 2350.15567985314 -Inf -4540.17356172184 -3799.61516505448 -2945.79876193677 -1519.10898857349 66.0469288525519 1651.2028462786 3077.89261964187 3931.70902275958 4672.26741942694 Inf 138.251930523352 2493.13389680232 -Inf -4748.2007158452 -3962.5884021076 -3056.82771803597 -1543.34132873623 138.251930523352 1819.84518978293 3333.33157908268 4239.09226315431 5024.7045768919 Inf
"83" 87.979797979798 23.2011770973296 2358.89811672011 -Inf -4600.15417487344 -3856.84094579874 -2999.84839734554 -1567.85142438722 23.2011770973296 1614.25377858188 3046.25075154019 3903.24329999339 4646.5565290681 Inf 56.496832910429 2502.29811037753 -Inf -4847.91734201216 -4059.41728965787 -3150.32722790319 -1631.27759447424 56.496832910429 1744.2712602951 3263.32089372405 4172.41095547872 4960.91100783302 Inf
"84" 88.6868686868687 7.03958586231696 2360.94003513133 -Inf -4620.31785265383 -3876.3611939384 -3018.62681231717 -1585.39026866135 7.03958586231696 1599.46944038598 3032.7059840418 3890.44036566303 4634.39702437846 Inf 20.6946733473717 2504.43607422216 -Inf -4887.90983371094 -4098.73608680505 -3188.86929837841 -1668.52178873679 20.6946733473717 1709.91113543153 3230.25864507315 4140.12543349979 4929.29918040568 Inf
"85" 89.3939393939394 1.80062551724872 2361.31886700972 -Inf -4626.29930983673 -3882.22327727263 -3024.35126524906 -1590.88474722543 1.80062551724872 1594.48599825993 3027.95251628356 3885.82452830713 4629.90056087123 Inf 6.80423566302715 2504.83233115619 -Inf -4902.57692071462 -4113.27830914455 -3203.26755975693 -1682.67949766158 6.80423566302715 1696.28796898764 3216.87603108298 4126.8867804706 4916.18539204067 Inf
"86" 90.1010101010101 0.366839558347851 2361.37493919964 -Inf -4627.84299526841 -3883.74929377649 -3025.85691061074 -1592.3563533017 0.366839558347851 1593.0900324184 3026.59058972743 3884.48297289319 4628.5766743851 Inf 2.01059313006266 2504.89093256297 -Inf -4907.4854198943 -4118.16834241399 -3208.13630301448 -1687.51266624276 2.01059313006266 1691.53385250289 3212.15748927461 4122.18952867411 4911.50660615442 Inf
"87" 90.8080808080808 0.0491512046496674 2361.3815881969 -Inf -4628.17371541727 -3884.07791875745 -3026.18311999729 -1592.67852633591 0.0491512046496674 1592.77682874521 3026.28142240659 3884.17622116675 4628.27201782657 Inf 0.534513370243385 2504.89787639959 -Inf -4908.97510932381 -4119.65584376866 -3209.62128165899 -1688.99342954921 0.534513370243385 1690.0624562897 3210.69030839948 4120.72487050914 4910.0441360643 Inf
"88" 91.5151515151515 -0.00110348231453271 2361.38222209251 -Inf -4628.2252125168 -3884.12921610991 -3026.23418705416 -1592.72920857896 -0.00110348231453271 1592.72700161433 3026.23198008953 3884.12700914528 4628.22300555217 Inf 0.127961324347212 2504.89853798844 -Inf -4909.38295806003 -4120.06348403138 -3210.02868156512 -1689.40042783001 0.127961324347212 1689.6563504787 3210.28460421381 4120.31940668007 4909.63888070873 Inf
"89" 92.2222222222222 -0.00334524557020511 2361.38227082333 -Inf -4628.2275497907 -3884.13153802823 -3026.23649126847 -1592.73148321065 -0.00334524557020511 1592.72479271951 3026.22980077733 3884.12484753708 4628.22085929956 Inf 0.0276069380614055 2504.89858882059 -Inf -4909.4834120755 -4120.16392202911 -3210.12910109543 -1689.50081650206 0.0276069380614055 1689.55603037818 3210.18431497155 4120.21913590523 4909.53862595162 Inf
"90" 92.9292929292929 -0.00133071291034043 2361.38227385133 -Inf -4628.22554119282 -3884.12952847619 -3026.23448061635 -1592.72947072035 -0.00133071291034043 1592.72680929453 3026.23181919053 3884.12686705037 4628.222879767 Inf 0.00537100537157432 2504.89859197768 -Inf -4909.50565419597 -4120.18616315475 -3210.15134107409 -1689.52305456417 0.00537100537157432 1689.53379657491 3210.16208308483 4120.19690516549 4909.51639620672 Inf
"91" 93.6363636363636 -0.000368309068360382 2361.38227400371 -Inf -4628.22457908764 -3884.128566323 -3026.2335184078 -1592.72850841929 -0.000368309068360382 1592.72777180115 3026.23278178966 3884.12782970486 4628.22384246951 Inf 0.000942804141845189 2504.89859213649 -Inf -4909.51008270847 -4120.19059161721 -3210.15576947885 -1689.52748287252 0.000942804141845189 1689.5293684808 3210.15765508713 4120.19247722549 4909.51196831676 Inf
"92" 94.3434343434343 -8.25189704375223e-05 2361.38227400994 -Inf -4628.22429330974 -3884.12828054313 -3026.23323262567 -1592.72822263339 -8.25189704375223e-05 1592.72805759545 3026.23306758773 3884.12811550519 4628.2241282718 Inf 0.00014938451793997 2504.89859214298 -Inf -4909.5108761408 -4120.19138504749 -3210.15656290678 -1689.52827629651 0.00014938451793997 1689.52857506555 3210.15686167581 4120.19168381653 4909.51117490984 Inf
"93" 95.0505050505051 -1.57267829269725e-05 2361.38227401014 -Inf -4628.22422651795 -3884.12821375128 -3026.23316583375 -1592.72815584134 -1.57267829269725e-05 1592.72812438777 3026.23313438018 3884.12818229771 4628.22419506439 Inf 2.13728471605572e-05 2504.89859214319 -Inf -4909.51100415289 -4120.19151305952 -3210.15669091872 -1689.52840430833 2.13728471605572e-05 1689.52844705402 3210.15673366442 4120.19155580521 4909.51104689858 Inf
"94" 95.7575757575758 -2.60780649006488e-06 2361.38227401015 -Inf -4628.22421339899 -3884.12820063231 -3026.23315271478 -1592.72814272237 -2.60780649006488e-06 1592.72813750675 3026.23314749917 3884.1281954167 4628.22420818337 Inf 2.7619520221712e-06 2504.8985921432 -Inf -4909.5110227638 -4120.19153167042 -3210.15670952963 -1689.52842291923 2.7619520221712e-06 1689.52842844313 3210.15671505353 4120.19153719432 4909.5110282877 Inf
"95" 96.4646464646465 -3.80862416034882e-07 2361.38227401015 -Inf -4628.22421117205 -3884.12819840537 -3026.23315048784 -1592.72814049542 -3.80862416034882e-07 1592.7281397337 3026.23314972611 3884.12819764364 4628.22421041032 Inf 3.22452041020407e-07 2504.8985921432 -Inf -4909.5110252033 -4120.19153410992 -3210.15671196913 -1689.52842535873 3.22452041020407e-07 1689.52842600363 3210.15671261403 4120.19153475482 4909.5110258482 Inf
"96" 97.1717171717172 -4.93539495585893e-08 2361.38227401015 -Inf -4628.22421084054 -3884.12819807386 -3026.23315015633 -1592.72814016391 -4.93539495585893e-08 1592.72814006521 3026.23315005762 3884.12819797515 4628.22421074183 Inf 3.40161500571803e-08 2504.8985921432 -Inf -4909.51102549173 -4120.19153439836 -3210.15671225756 -1689.52842564717 3.40161500571803e-08 1689.5284257152 3210.1567123256 4120.19153446639 4909.51102555977 Inf
"97" 97.8787878787879 -5.70192248687198e-09 2361.38227401015 -Inf -4628.22421079688 -3884.12819803021 -3026.23315011268 -1592.72814012026 -5.70192248687198e-09 1592.72814010886 3026.23315010127 3884.1281980188 4628.22421078548 Inf 3.24289070400185e-09 2504.8985921432 -Inf -4909.51102552251 -4120.19153442913 -3210.15671228834 -1689.52842567794 3.24289070400185e-09 1689.52842568442 3210.15671229482 4120.19153443561 4909.51102552899 Inf
"98" 98.5858585858586 -5.89249614948589e-10 2361.38227401015 -Inf -4628.22421079177 -3884.1281980251 -3026.23315010756 -1592.72814011515 -5.89249614948589e-10 1592.72814011397 3026.23315010638 3884.12819802392 4628.22421079059 Inf 2.79412130298309e-10 2504.8985921432 -Inf -4909.51102552547 -4120.1915344321 -3210.1567122913 -1689.5284256809 2.79412130298309e-10 1689.52842568146 3210.15671229186 4120.19153443265 4909.51102552603 Inf
"99" 99.2929292929293 -5.45988048706834e-11 2361.38227401015 -Inf -4628.22421079124 -3884.12819802456 -3026.23315010703 -1592.72814011461 -5.45988048706834e-11 1592.72814011451 3026.23315010692 3884.12819802445 4628.22421079113 Inf 2.17594024897448e-11 2504.8985921432 -Inf -4909.51102552573 -4120.19153443235 -3210.15671229156 -1689.52842568116 2.17594024897448e-11 1689.5284256812 3210.1567122916 4120.19153443239 4909.51102552577 Inf
"100" 100 -4.54395214945117e-12 2361.38227401015 -Inf -4628.22421079119 -3884.12819802451 -3026.23315010698 -1592.72814011456 -4.54395214945117e-12 1592.72814011456 3026.23315010697 3884.1281980245 4628.22421079118 Inf 1.53160219173513e-12 2504.8985921432 -Inf -4909.51102552575 -4120.19153443237 -3210.15671229158 -1689.52842568118 1.53160219173513e-12 1689.52842568118 3210.15671229158 4120.19153443237 4909.51102552575 Inf
