"mid_age" "mean_left" "std_left" "min_left" "l.q2.5" "l.q5" "l.q10" "l.q25" "l.q50" "l.q75" "l.q90" "l.q95" "l.q97.5" "max_left" "mean_right" "std_right" "min_right" "r.q2.5" "r.q5" "r.q10" "r.q25" "r.q50" "r.q75" "r.q90" "r.q95" "r.q97.5" "max_right"
"1" 56.1530316068819 4261.69269468994 351.328955603192 -Inf 3573.10059498161 3683.80798781295 3811.44652161552 4024.72491518849 4261.69269468994 4498.66047419138 4711.93886776436 4839.57740156692 4950.28479439826 Inf 4516.07181748218 367.104581353865 -Inf 3796.56005946895 3912.23851537177 4045.60836652954 4268.46354010897 4516.07181748218 4763.68009485538 4986.53526843482 5119.90511959258 5235.58357549541 Inf
"2" 56.5161834598467 4305.28368129377 352.234408832312 -Inf 3614.91692586668 3725.90963638883 3853.87712321604 4067.70518287 4305.28368129377 4542.86217971754 4756.69023937149 4884.6577261987 4995.65043672086 Inf 4585.61417857149 368.057800550471 -Inf 3864.23414526354 3980.21297040826 4113.92912806513 4337.36296462048 4585.61417857149 4833.86539252249 5057.29922907784 5191.01538673471 5306.99421187943 Inf
"3" 56.8784669713974 4346.9434547918 353.286313895476 -Inf 3654.51500332576 3765.83918002851 3894.18882613357 4108.65545718475 4346.9434547918 4585.23145239886 4799.69808345003 4928.04772955509 5039.37190625785 Inf 4630.50993056029 369.16411229076 -Inf 3906.9615660857 4023.28900151851 4157.40708451118 4381.51252067993 4630.50993056029 4879.50734044064 5103.61277660939 5237.73085960206 5354.05829503488 Inf
"4" 57.240890189631 4376.63114458242 353.854528396832 -Inf 3683.08901315822 3794.59224013569 3923.14831974041 4137.95989211829 4376.63114458242 4615.30239704655 4830.11396942443 4958.67004902915 5070.17327600662 Inf 4642.10463814738 369.75962039901 -Inf 3917.38909922812 4033.90418543387 4168.23861774985 4392.70556415185 4642.10463814738 4891.50371214291 5115.97065854491 5250.30509086089 5366.82017706664 Inf
"5" 57.60353201847 4386.7901842438 353.681346238124 -Inf 3693.58748361343 3805.03613909894 3933.52930126841 4148.23574137063 4386.7901842438 4625.34462711696 4840.05106721918 4968.54422938865 5079.99288487416 Inf 4620.51445936228 369.574896796187 -Inf 3896.16097205164 4012.61784993685 4146.88517178714 4371.23997954347 4620.51445936228 4869.78893918108 5094.14374693742 5228.4110687877 5344.86794667291 Inf
"6" 57.9659084609937 4374.76668643545 353.00590687314 -Inf 3682.8878226342 3794.12364017988 3922.37141383569 4136.66782049085 4374.76668643545 4612.86555238006 4827.16195903522 4955.40973269103 5066.64555023671 Inf 4574.2425018486 368.86384136588 -Inf 3851.28265757238 3967.51547452668 4101.52446847336 4325.44762162936 4574.2425018486 4823.03738206784 5046.96053522384 5180.96952917052 5297.20234612482 Inf
"7" 58.326842543093 4343.70949669874 352.29118224072 -Inf 3653.2314674359 3764.24206784707 3892.23018057059 4106.09270519292 4343.70949669874 4581.32628820457 4795.1888128269 4923.17692555041 5034.18752596159 Inf 4517.10518012068 368.113820095732 -Inf 3795.61535052159 3911.61182800526 4045.34833767839 4268.81618156059 4517.10518012068 4765.39417868078 4988.86202256297 5122.59853223611 5238.59500971977 Inf
"8" 58.6848466851579 4301.44104752947 351.857325072549 -Inf 3611.81336269067 3722.68725021444 3850.5177417344 4064.11688823662 4301.44104752947 4538.76520682231 4752.36435332453 4880.19484484449 4991.06873236826 Inf 4463.37964230079 367.659855454335 -Inf 3742.77956704909 3858.63299557227 3992.20457895538 4215.39683823827 4463.37964230079 4711.36244636331 4934.55470564619 5068.12628902931 5183.97971755249 Inf
"9" 59.0383126071513 4257.67320988838 351.731528446643 -Inf 3568.29208190573 3679.12632960973 3806.91111895619 4020.43389913032 4257.67320988838 4494.91252064644 4708.43530082057 4836.22009016702 4947.05433787102 Inf 4423.18526229074 367.52895058288 -Inf 3702.84175587249 3818.65393491482 3952.17796028828 4175.29075222226 4423.18526229074 4671.07977235921 4894.19256429319 5027.71658966666 5143.52876870898 Inf
"10" 59.3854988949035 4220.83432588823 351.750943961475 -Inf 3531.41514419577 3642.25550992959 3770.04735297261 3983.58191956442 4220.83432588823 4458.08673221204 4671.62129880385 4799.41314184686 4910.25350758069 Inf 4400.05283824411 367.549846224608 -Inf 3679.66837712065 3795.48714059611 3929.01875739929 4152.14423427947 4400.05283824411 4647.96144220876 4871.08691908894 5004.61853589212 5120.43729936758 Inf
"11" 59.7248428126499 4195.75479629746 351.741905115182 -Inf 3506.3533304182 3617.19084791794 3744.97940712946 3958.50848658283 4195.75479629746 4433.0011060121 4646.53018546547 4774.31874467699 4885.15626217673 Inf 4391.36424127309 367.540737419942 -Inf 3670.99763307871 3786.81352627548 3920.34183383114 4143.46178110383 4391.36424127309 4639.26670144235 4862.38664871503 4995.9149562707 5111.73084946747 Inf
"12" 60.0551503280672 4183.02161650374 351.624241749069 -Inf 3493.85076658436 3604.65120713872 3732.39701900679 3945.85466952353 4183.02161650374 4420.18856348396 4633.64621400069 4761.39202586876 4872.19246642312 Inf 4391.00610578534 367.417633875813 -Inf 3670.88077610382 3786.65787809878 3920.14146188309 4143.1866776948 4391.00610578534 4638.82553387587 4861.87074968758 4995.35433347189 5111.13143546685 Inf
"13" 60.3756158632395 4179.86390330182 351.414774879104 -Inf 3491.10360090352 3601.83803627759 3729.5077484 3942.8382395784 4179.86390330182 4416.88956702524 4630.22005820364 4757.88977032605 4868.62420570011 Inf 4392.56868641816 367.197946684091 -Inf 3672.87393572028 3788.58181200569 3921.9855829804 4144.89743508669 4392.56868641816 4640.23993774962 4863.15178985592 4996.55556083062 5112.26343711603 Inf
"14" 60.6856911307038 4181.80868129328 351.17542077023 -Inf 3493.51750432793 3604.17651674315 3731.7592710244 3944.94445946296 4181.80868129328 4418.67290312359 4631.85809156215 4759.4408458434 4870.09985825863 Inf 4391.63125036788 366.946653723172 -Inf 3672.42902482297 3788.05771609361 3921.37019181759 4144.12949356285 4391.63125036788 4639.13300717291 4861.89230891816 4995.20478464214 5110.83347591279 Inf
"15" 60.9851623928992 4184.32576182274 350.956173120247 -Inf 3496.46430235506 3607.0542275649 3734.55732872295 3947.6094202851 4184.32576182274 4421.04210336039 4634.09419492254 4761.59729608059 4872.18722129043 Inf 4386.56714769109 366.716622370102 -Inf 3667.81577531352 3783.37198132224 3916.60088618146 4139.22054467593 4386.56714769109 4633.91375070625 4856.53340920072 4989.76231405995 5105.31852006867 Inf
"16" 61.2740354843079 4183.97909945267 350.766722876099 -Inf 3496.48895564037 3607.01918311603 3734.45345660985 3947.39054016287 4183.97909945267 4420.56765874246 4633.50474229548 4760.9390157893 4871.46924326496 Inf 4378.09904055179 366.51835624969 -Inf 3659.73626262958 3775.2299929302 3908.38686729917 4130.88616600266 4378.09904055179 4625.31191510093 4847.81121380442 4980.96808817339 5096.46181847401 Inf
"17" 61.5528694747761 4178.93032670673 350.584917919881 -Inf 3491.79651406083 3602.26945291173 3729.63767629018 3942.46439299644 4178.93032670673 4415.39626041703 4628.22297712328 4755.59120050173 4866.06413935263 Inf 4368.21518498997 366.328481871773 -Inf 3650.22455401006 3765.65845292756 3898.74634554363 4121.13037876257 4368.21518498997 4615.29999121738 4837.68402443632 4970.77191705239 5086.20581596988 Inf
"18" 61.8225128580111 4168.89731970656 350.386416326048 -Inf 3482.15256303545 3592.56295197813 3719.85905931835 3932.56527328671 4168.89731970656 4405.22936612642 4617.93558009477 4745.23168743499 4855.64207637767 Inf 4359.08852695604 366.12098851548 -Inf 3641.5045754815 3756.8730910933 3889.88560094529 4112.14367287069 4359.08852695604 4606.03338104139 4828.29145296679 4961.30396281879 5076.67247843059 Inf
"19" 62.0840914681975 4154.8129922301 350.169821679025 -Inf 3468.49275326639 3578.8348909924 3706.05230905087 3918.6270366796 4154.8129922301 4390.99894778059 4603.57367540932 4730.79109346779 4841.1332311938 Inf 4352.3392655581 365.894017425041 -Inf 3635.20016924635 3750.49716391668 3883.42721470363 4105.54750114684 4352.3392655581 4599.13102996936 4821.25131641256 4954.18136719952 5069.47836186985 Inf
"20" 62.3390375308294 4138.38675802274 349.962592032102 -Inf 3452.47268170354 3562.7495192214 3689.89165032195 3902.34057674503 4138.38675802274 4374.43293930045 4586.88186572353 4714.02399682408 4824.30083434194 Inf 4348.71339185559 365.676345080793 -Inf 3632.000925499 3747.22932935909 3880.08029933467 4102.06844520943 4348.71339185559 4595.35833850175 4817.34648437651 4950.19745435209 5065.42585821219 Inf
"21" 62.5890132278338 4121.71420116526 349.808838713935 -Inf 3436.10147581217 3546.32986406696 3673.41613627008 3885.77172492472 4121.71420116526 4357.65667740581 4570.01226606044 4697.09853826356 4807.32692651836 Inf 4348.08921937604 365.514551562973 -Inf 3631.69386248731 3746.87128353414 3879.66347359118 4101.5534007993 4348.08921937604 4594.62503795278 4816.5149651609 4949.30715521794 5064.48457626478 Inf
"22" 62.835698567173 4106.99602767844 349.749148035659 -Inf 3421.50029390498 3531.7098730088 3658.77445946545 3871.09381218857 4106.99602767844 4342.8982431683 4555.21759589143 4682.28218234808 4792.4917614519 Inf 4349.6614927514 365.451608209245 -Inf 3633.38950256904 3748.54708951318 3881.31641212005 4103.16812882159 4349.6614927514 4596.15485668121 4818.00657338275 4950.77589598963 5065.93348293377 Inf
"23" 63.0802748495934 4096.34172007581 349.802297535289 -Inf 3410.74181519728 3520.96814225893 3648.05203803836 3860.40365579322 4096.34172007581 4332.2797843584 4544.63140211326 4671.71529789269 4781.94162495434 Inf 4352.18726955925 365.507440764888 -Inf 3635.80584957866 3750.98102993937 3883.77063662881 4105.65624714293 4352.18726955925 4598.71829197557 4820.60390248969 4953.39350917912 5068.56868953984 Inf
"24" 63.3238687174317 4091.52993881609 349.955637476157 -Inf 3405.62949317607 3515.90413924132 3643.04374373737 3855.48844831509 4091.52993881609 4327.5714293171 4540.01613389482 4667.15573839087 4777.43038445612 Inf 4354.27099638431 365.66872080808 -Inf 3637.57347332764 3752.79947470043 3885.64767476202 4107.63119223195 4354.27099638431 4600.91080053667 4822.8943180066 4955.74251806819 5070.96851944098 Inf
"25" 63.5672426448346 4093.81571994101 350.167793566221 -Inf 3407.49945600536 3517.84095465202 3645.05763589292 3857.63113233181 4093.81571994101 4330.0003075502 4542.5738039891 4669.79048523 4780.13198387666 Inf 4354.65857090516 365.891773238113 -Inf 3637.52387311896 3752.82016062274 3885.74939609197 4107.86832017498 4354.65857090516 4601.44882163534 4823.56774571835 4956.49698118758 5071.79326869136 Inf
"26" 63.8107101638926 4103.71448071575 350.381543240918 -Inf 3416.97927511598 3527.38812849907 3654.68246543742 3867.38572114186 4103.71448071575 4340.04324028963 4552.74649599408 4680.04083293243 4790.44968631551 Inf 4352.51668157664 366.116281056956 -Inf 3634.94195655126 3750.30898879412 3883.31978841673 4105.57500262381 4352.51668157664 4599.45836052946 4821.71357473655 4954.72437435916 5070.09140660202 Inf
"27" 64.0540151262732 4120.81123567341 350.541828452696 -Inf 3433.76187683131 3544.22123774479 3671.57380663099 3884.37436536707 4120.81123567341 4357.24810597975 4570.04866471583 4697.40123360203 4807.86059451551 Inf 4347.65489286872 366.284370859692 -Inf 3629.75071788381 3745.17071696451 3878.24258395896 4100.59983906683 4347.65489286872 4594.7099466706 4817.06720177847 4950.13906877292 5065.55906785363 Inf
"28" 64.2965316094383 4143.69667525124 350.611861684881 -Inf 3456.51005379634 3566.99148290666 3694.36949501048 3907.21256824763 4143.69667525124 4380.18078225486 4593.02385549201 4720.40186759583 4830.88329670615 Inf 4340.6135975791 366.357564761689 -Inf 3622.56596518239 3738.00902841973 3871.10748690966 4093.50917524055 4340.6135975791 4587.71801991766 4810.11970824855 4943.21816673848 5058.66122997581 Inf
"29" 64.5373142074872 4170.08895919776 350.580526829785 -Inf 3482.9637529303 3593.43530810323 3720.8019361896 3933.62598723273 4170.08895919776 4406.55193116279 4619.37598220592 4746.74261029229 4857.21416546522 Inf 4332.56148485318 366.324436659752 -Inf 3614.57878234314 3730.01140657243 3863.09782955463 4085.47940707982 4332.56148485318 4579.64356262653 4802.02514015173 4935.11156313393 5050.54418736322 Inf
"30" 64.7752297556924 4197.156306783 350.459797692415 -Inf 3510.26772527668 3620.70123744796 3748.02400438984 3960.77476538368 4197.156306783 4433.53784818233 4646.28860917616 4773.61137611805 4884.04488828933 Inf 4325.00845804834 366.197728061731 -Inf 3607.27409982696 3722.66679686461 3855.70718635195 4078.01184392561 4325.00845804834 4572.00507217107 4794.30972974473 4927.35011923207 5042.74281626973 Inf
"31" 65.0089593023981 4221.96254498172 350.275872269675 -Inf 3535.4344506798 3645.81000604535 3773.06595250202 3985.70505939483 4221.96254498172 4458.22003056861 4670.85913746142 4798.11508391808 4908.49063928363 Inf 4319.41904152871 366.004941821404 -Inf 3602.06253739508 3717.39448549161 3850.36483534043 4072.55245974906 4319.41904152871 4566.28562330836 4788.47324771699 4921.44359756581 5036.77554566234 Inf
"32" 65.2373058568505 4241.96979959913 350.059155021953 -Inf 3555.86646329758 3666.1737288137 3793.35094144752 4005.85848757452 4241.96979959913 4478.08111162373 4690.58865775073 4817.76587038455 4928.07313590068 Inf 4316.83954736824 365.77786166554 -Inf 3599.92811216171 3715.18850494913 3848.07635610921 4070.1261288262 4316.83954736824 4563.55296591029 4785.60273862727 4918.49058978736 5033.75098257478 Inf
"33" 65.459419599212 4255.40677654578 349.836831276298 -Inf 3569.73918677862 3679.97639577975 3807.07283773848 4019.44541960884 4255.40677654578 4491.36813348272 4703.74071535309 4830.83715731181 4941.07436631294 Inf 4317.67913476596 365.544873936693 -Inf 3601.2243471168 3716.41132305767 3849.21452929558 4071.12286405894 4317.67913476596 4564.23540547298 4786.14374023633 4918.94694647425 5034.13392241511 Inf
"34" 65.6747735298345 4261.40468573521 349.629334353261 -Inf 3576.14378246411 3686.31560703562 3813.33666493447 4025.58328334606 4261.40468573521 4497.22608812436 4709.47270653595 4836.4937644348 4946.66558900631 Inf 4321.69009398401 365.327352333544 -Inf 3605.66164084289 3720.7800734736 3853.50425366469 4075.28053936876 4321.69009398401 4568.09964859926 4789.87593430333 4922.60011449442 5037.71854712513 Inf
"35" 65.8832681481682 4259.9413087171 349.44946561825 -Inf 3575.03294168856 3685.14808775866 3812.1037989753 4024.24122594609 4259.9413087171 4495.6413914881 4707.77881845889 4834.73452967553 4944.84967574563 Inf 4328.10312367803 365.138749459052 -Inf 3612.44432537829 3727.50332728978 3860.15898766778 4081.82077976848 4328.10312367803 4574.38546758758 4796.04725968828 4928.70292006628 5043.76192197777 Inf
"36" 66.0852759089829 4251.63515039948 349.303250328593 -Inf 3567.01336007266 3677.08243219056 3803.98502309106 4016.03368834267 4251.63515039948 4487.2366124563 4699.28527770791 4826.18786860841 4936.2569407263 Inf 4335.8400109589 364.985449716787 -Inf 3620.48167463284 3735.49237020773 3868.09233647335 4089.66106615422 4335.8400109589 4582.01895576358 4803.58768544445 4936.18765171007 5051.19834728496 Inf
"37" 66.2814412120621 4237.50211749074 349.191859681021 -Inf 3553.09864882138 3663.13262059249 3789.9947430411 4001.97578728399 4237.50211749074 4473.0284476975 4685.00949194039 4811.871614389 4921.90558616011 Inf 4343.70883355969 364.868729928695 -Inf 3628.57926381458 3743.5531797753 3876.1107415013 4097.60861505573 4343.70883355969 4589.80905206366 4811.30692561808 4943.86448734408 5058.83840330481 Inf
"38" 66.4728097643693 4218.72744213845 349.113585705162 -Inf 3534.4773876427 3644.48669447328 3771.32037982511 3983.25390692612 4218.72744213845 4454.20097735079 4666.13450445179 4792.96818980362 4902.97749663421 Inf 4350.55526662567 364.786800531149 -Inf 3635.58627554902 3750.53437470799 3883.06217131497 4104.51030866059 4350.55526662567 4596.60022459075 4818.04836193637 4950.57615854335 5065.52425770232 Inf
"39" 66.6605355164645 4196.5262706915 349.065903458749 -Inf 3512.36967168142 3622.36395334228 3749.1803156357 3961.08489666564 4196.5262706915 4431.96764471736 4643.8722257473 4770.68858804071 4880.68286970158 Inf 4355.3330524592 364.736970250348 -Inf 3640.46172693826 3755.39412405962 3887.90381722287 4109.32170450777 4355.3330524592 4601.34440041063 4822.76228769553 4955.27198085878 5070.20437798014 Inf
"40" 66.8458675815413 4172.05844852242 349.046806642925 -Inf 3487.93927858357 3597.92754263998 3724.73696702084 3936.62995510309 4172.05844852242 4407.48694194175 4619.379930024 4746.18935440486 4856.17761846127 Inf 4357.13905786229 364.717070187722 -Inf 3642.30673574739 3757.2328621529 3889.73532558238 4111.14113229913 4357.13905786229 4603.13698342546 4824.54279014221 4957.04525357168 5071.9713799772 Inf
"41" 67.0300609245649 4146.39705300446 349.055469292609 -Inf 3462.26090458422 3572.25189833127 3699.06446987061 3910.96271671671 4146.39705300446 4381.83138929221 4593.72963613831 4720.54220767766 4830.5332014247 Inf 4355.22369719804 364.726178585787 -Inf 3640.37352295097 3755.30251950706 3887.80829203633 4109.21962811374 4355.22369719804 4601.22776628234 4822.63910235976 4955.14487488902 5070.07387144511 Inf
"42" 67.2142797806331 4120.52747319945 349.092058961981 -Inf 3436.31961034503 3546.32213387587 3673.14799851753 3885.06845755474 4120.52747319945 4355.98648884415 4567.90694788136 4694.73281252302 4804.73533605386 Inf 4349.0038049794 364.764451813448 -Inf 3634.07861658455 3749.01967343109 3881.53935070286 4102.97392099534 4349.0038049794 4595.03368896347 4816.46825925594 4948.98793652772 5063.92899337425 Inf
"43" 67.3995198538859 4095.35134604008 349.156666508585 -Inf 3411.01685472119 3521.03973675915 3647.88907345567 3859.84875326741 4095.35134604008 4330.85393881275 4542.81361862449 4669.66295532101 4779.68583735897 Inf 4338.09447010579 364.832016997773 -Inf 3623.03685638305 3737.99920371898 3870.5434275615 4092.01901409743 4338.09447010579 4584.16992611415 4805.64551265008 4938.1897364926 5053.15208382853 Inf
"44" 67.5864365953262 4071.69290364877 349.247415865151 -Inf 3387.18054685939 3497.23202495955 3624.11433108438 3836.12910136526 4071.69290364877 4307.25670593229 4519.27147621316 4646.153782338 4756.20526043815 Inf 4322.37407644351 364.926986593671 -Inf 3607.13032573318 3722.12259897244 3854.70132546492 4076.23456441614 4322.37407644351 4568.51358847088 4790.0468274221 4922.62555391458 5037.61782715384 Inf
"45" 67.7755348745194 4050.24203998237 349.358416927901 -Inf 3365.51212510776 3475.59858079249 3602.52121383223 3814.60336861977 4050.24203998237 4285.88071134497 4497.96286613251 4624.88549917225 4734.97195485698 Inf 4302.03736647411 365.043285957325 -Inf 3586.5656731996 3701.59459357292 3834.21557186395 4055.819411718 4302.03736647411 4548.25532123022 4769.85916108426 4902.4801393753 5017.50905974862 Inf
"46" 67.9671939456513 4031.52044930062 349.478318206624 -Inf 3346.55553223801 3456.67977005755 3583.64596347903 3795.80090575449 4031.52044930062 4267.23999284675 4479.39493512221 4606.36112854369 4716.48536636323 Inf 4277.63620390793 365.16909196794 -Inf 3561.91793538358 3676.98649853389 3809.65318240792 4031.33339428715 4277.63620390793 4523.93901352872 4745.61922540795 4878.28590928198 4993.35447243229 Inf
"47" 68.1617735068307 4015.85158662541 349.590588459275 -Inf 3330.66662391107 3440.82623925008 3567.83322068577 3780.05631794462 4015.85158662541 4251.64685530621 4463.86995256506 4590.87693400075 4701.03654933976 Inf 4250.08411992047 365.287081611251 -Inf 3534.13459594468 3649.24033885369 3781.94988860836 4003.70172749464 4250.08411992047 4496.4665123463 4718.21835123259 4850.92790098726 4966.03364389627 Inf
"48" 68.3594542591883 4003.37109888655 349.676238792143 -Inf 3318.01826460453 3428.20486925055 3555.24296762874 3767.51805993414 4003.37109888655 4239.22413783897 4451.49923014437 4578.53732852256 4688.72393316858 Inf 4220.6639766254 365.37725777493 -Inf 3504.53771061653 3619.67186896873 3752.41417990955 3974.22076130146 4220.6639766254 4467.10719194935 4688.91377334126 4821.65608428208 4936.79024263427 Inf
"49" 68.5605214161056 3994.02308123064 349.719570458021 -Inf 3308.5853184441 3418.78557734685 3545.83941820858 3758.14081551373 3994.02308123064 4229.90534694755 4442.2067442527 4569.26058511443 4679.46084401718 Inf 4190.93379103699 365.422987528372 -Inf 3474.71789635836 3589.86646462951 3722.62538928402 3944.45973146308 4190.93379103699 4437.40785061091 4659.24219278996 4792.00111744448 4907.14968571563 Inf
"50" 68.7652625386683 3987.61076899353 349.715335303277 -Inf 3302.18130695776 3412.38023131938 3539.43253354066 3751.73135984508 3987.61076899353 4223.49017814198 4435.7890044464 4562.84130666768 4673.0402310293 Inf 4162.6465686223 365.418569225666 -Inf 3446.43933365784 3561.58650967605 3694.34382915208 3916.17548914827 4162.6465686223 4409.11764809633 4630.94930809252 4763.70662756855 4878.85380358676 Inf
"51" 68.9739948719665 3983.84637405696 349.67518647466 -Inf 3298.49560227929 3408.68187532918 3535.71959139826 3747.99404488189 3983.84637405696 4219.69870323202 4431.97315671566 4559.01087278473 4669.19714583462 Inf 4137.61612168678 365.376090986215 -Inf 3421.49214254177 3536.62593322675 3669.36782027083 3891.17369334987 4137.61612168678 4384.05855002369 4605.86442310273 4738.60631014681 4853.74010083179 Inf
"52" 69.1870068919692 3982.402787853 349.629928214754 -Inf 3297.14072063476 3407.31273233818 3534.33400598814 3746.58098491036 3982.402787853 4218.22459079564 4430.47156971786 4557.49284336782 4667.66485507124 Inf 4117.55616435253 365.327884645399 -Inf 3401.52666789935 3516.64526826704 3649.36964184812 3871.14625069839 4117.55616435253 4363.96607800667 4585.74268685694 4718.46706043803 4833.58566080572 Inf
"53" 69.404490605052 3982.94850151636 349.624190640697 -Inf 3297.69767973663 3407.86788347104 3534.88707264851 3747.13056850861 3982.94850151636 4218.76643452411 4431.00993038421 4558.02911956168 4668.19932329609 Inf 4103.87738977493 365.320986043915 -Inf 3387.8614143322 3502.97784087911 3635.69970818406 3857.47212915679 4103.87738977493 4350.28265039308 4572.05507136581 4704.77693867076 4819.89336521767 Inf
"54" 69.6264398232336 3985.15361754441 349.701893681597 -Inf 3299.75050060303 3409.94518937044 3536.99260822285 3749.28327463201 3985.15361754441 4221.02396045681 4433.31462686597 4560.36204571838 4670.5567344858 Inf 4097.44917679192 365.401837607483 -Inf 3381.2747351965 3496.41663890852 3629.16787975317 3850.98938262286 4097.44917679192 4343.90897096098 4565.73047383066 4698.48171467532 4813.62361838734 Inf
"55" 69.8524798360482 3988.65708846793 349.885033297305 -Inf 3302.89502447562 3413.14742243282 3540.26137628514 3752.66321976188 3988.65708846793 4224.65095717398 4437.05280065072 4564.16675450304 4674.41915246025 Inf 4098.34799482667 365.593876900696 -Inf 3381.79716313293 3496.99958041531 3629.82058953106 3851.7586721227 4098.34799482667 4344.93731753063 4566.87540012227 4699.69640923803 4814.8988265204 Inf
"56" 70.0818175738067 3993.00114828249 350.154472613096 -Inf 3306.7109929352 3417.04829401156 3544.26013572273 3756.82554551964 3993.00114828249 4229.17675104533 4441.74216084224 4568.95400255342 4679.29130362977 Inf 4105.65227161035 365.877174435217 -Inf 3388.54618695204 3503.83787422182 3636.76180591586 3858.87186762309 4105.65227161035 4352.43267559761 4574.54273730484 4707.46666899887 4822.75835626865 Inf
"57" 70.3133825024879 3997.56087936079 350.445744005742 -Inf 3310.69984257419 3421.12892628324 3548.44658749179 3761.18881702908 3997.56087936079 4233.9329416925 4446.67517122979 4573.99283243834 4684.42191614738 Inf 4117.40749233377 366.183893871142 -Inf 3399.70024862769 3515.08858636861 3648.12394986599 3870.4202092308 4117.40749233377 4364.39477543675 4586.69103480155 4719.72639829893 4835.11473603985 Inf
"58" 70.5458939714335 4001.50357236426 350.667699450474 -Inf 3314.20751089982 3424.70653506842 3552.10483314758 3764.98180336008 4001.50357236426 4238.02534136844 4450.90231158094 4578.3006096601 4688.7996338287 Inf 4130.83472624425 366.417917927169 -Inf 3412.66880381685 3528.13088496174 3661.25126988109 3883.68959631419 4130.83472624425 4377.97985617432 4600.41818260741 4733.53856752676 4849.00064867166 Inf
"59" 70.7780145346285 4003.82017525835 350.738699951476 -Inf 3316.38495536905 3426.90635253092 3554.33044523845 3767.25051714398 4003.82017525835 4240.38983337272 4453.30990527824 4580.73399798578 4691.25539514764 Inf 4142.7730824147 366.49306884738 -Inf 3424.45986689028 3539.94562886851 3673.0933162721 3895.57726395924 4142.7730824147 4389.96890087017 4612.45284855731 4745.60053596089 4861.08629793912 Inf
"60" 71.0084024753142 4003.44407729601 350.622121890935 -Inf 3316.23734620677 3426.72200841429 3554.10374807212 3766.95304988858 4003.44407729601 4239.93510470345 4452.78440651991 4580.16614617774 4690.65080838526 Inf 4150.24957951748 366.37065369524 -Inf 3432.17629328242 3547.62348097829 3680.72669470475 3903.13632882741 4150.24957951748 4397.36283020756 4619.77246433022 4752.87567805668 4868.32286575255 Inf
"61" 71.2359700462985 3999.43572305476 350.341850380035 -Inf 3312.77831403278 3423.17465978427 3550.45457622444 3763.1337359087 3999.43572305476 4235.73771020083 4448.41686988509 4575.69678632525 4686.09313207675 Inf 4151.03121612668 366.075859244456 -Inf 3433.53571639799 3548.89001130906 3681.88612560386 3904.11680127207 4151.03121612668 4397.94563098129 4620.1763066495 4753.1724209443 4868.52671585537 Inf
"62" 71.4601061677811 3991.16058101588 349.970151254499 -Inf 3305.23168889302 3415.51090840016 3542.65578578179 3755.10930112015 3991.16058101588 4227.21186091161 4439.66537624996 4566.8102536316 4677.08947313873 Inf 4143.97376067788 365.684927004027 -Inf 3427.24447406083 3542.47558217382 3675.3296699798 3897.32302561246 4143.97376067788 4390.6244957433 4612.61785137595 4745.47193918193 4860.70304729493 Inf
"63" 71.6806098645499 3978.41126538589 349.598114675837 -Inf 3293.21155155815 3403.37353848594 3530.38325421163 3742.61092034917 3978.41126538589 4214.21161042262 4426.43927656015 4553.44899228584 4663.61097921364 Inf 4129.10625762163 365.29389099638 -Inf 3413.14338749622 3528.25127611302 3660.96329973134 3882.71927233533 4129.10625762163 4375.49324290793 4597.24921551192 4729.96123913024 4845.06912774704 Inf
"64" 71.8980163569069 3961.42252164696 349.3047176123 -Inf 3276.79785549692 3386.86738997111 3513.7705139388 3725.82006992233 3961.42252164696 4197.02497337159 4409.07452935512 4535.97765332281 4646.047187797 Inf 4107.4702651693 364.985882034572 -Inf 3392.11108151595 3507.12191331865 3639.72203664621 3861.2910287707 4107.4702651693 4353.64950156789 4575.21849369238 4707.81861701994 4822.82944882264 Inf
"65" 72.113590630112 3940.81595621563 349.138635502532 -Inf 3256.51680501921 3366.5340053004 3493.37679129525 3705.32552517173 3940.81595621563 4176.30638725953 4388.25512113601 4515.09790713086 4625.11510741205 Inf 4080.83794875903 364.811948731665 -Inf 3365.81966811509 3480.77569173251 3613.31262473259 3834.77602859046 4080.83794875903 4326.89986892759 4548.36327278547 4680.90020578554 4795.85622940296 Inf
"66" 72.3291506867707 3917.5485297329 349.11508615154 -Inf 3233.29553441628 3343.30531405306 3470.13954452015 3682.07398248486 3917.5485297329 4153.02307698093 4364.95751494564 4491.79174541273 4601.80152504951 Inf 4051.48139677022 364.787799477255 -Inf 3336.51044779518 3451.45886173241 3583.98702125857 3805.43576502623 4051.48139677022 4297.52702851421 4518.97577228186 4651.50393180803 4766.45234574526 Inf
"67" 72.5469880450369 3892.89224375466 349.22242468321 -Inf 3208.42886878182 3318.4724719017 3445.34569867861 3657.34529776721 3892.89224375466 4128.43918974211 4340.43878883071 4467.31201560763 4577.3556187275 Inf 4022.03791875571 364.900863706971 -Inf 3306.84536796249 3421.82940960958 3554.39864560347 3775.91602634766 4022.03791875571 4268.15981116376 4489.67719190796 4622.24642790185 4737.23046954893 Inf
"68" 72.7696997699667 3868.47582301296 349.432878666498 -Inf 3183.59996581247 3293.70988516227 3420.65957030515 3632.78692797089 3868.47582301296 4104.16471805502 4316.29207572076 4443.24176086364 4553.35168021345 Inf 3995.47797315232 365.12171825383 -Inf 3279.85255540143 3394.90619060375 3527.55566350979 3749.20711661613 3995.47797315232 4241.74882968851 4463.40028279485 4596.04975570088 4711.10339090321 Inf
"69" 72.9999547848506 3846.36089661709 349.713572614112 -Inf 3160.9348893886 3271.13325830861 3398.18492014128 3610.48267638442 3846.36089661709 4082.23911684976 4294.5368730929 4421.58853492557 4531.78690384558 Inf 3975.08309106751 365.415786795054 -Inf 3258.88130956684 3374.02760881234 3506.7839174256 3728.61388831441 3975.08309106751 4221.55229382061 4443.38226470942 4576.13857332268 4691.28487256818 Inf
"70" 73.2405437946972 3829.0444597704 350.036643800023 -Inf 3142.98524465308 3253.28541665001 3380.4544509105 3592.94833133425 3829.0444597704 4065.14058820656 4277.6344686303 4404.80350289079 4515.10367488772 Inf 3964.25302772831 365.75400336026 -Inf 3247.38835394086 3362.64122872917 3495.52041211777 3717.55570136863 3964.25302772831 4210.95035408799 4432.98564333886 4565.86482672746 4681.11770151576 Inf
