"mid_age" "mean_left" "std_left" "min_left" "l.q2.5" "l.q5" "l.q10" "l.q25" "l.q50" "l.q75" "l.q90" "l.q95" "l.q97.5" "max_left" "mean_right" "std_right" "min_right" "r.q2.5" "r.q5" "r.q10" "r.q25" "r.q50" "r.q75" "r.q90" "r.q95" "r.q97.5" "max_right"
"1" 55.9774809593443 4248.86484920599 338.681440222146 -Inf 3585.06142413843 3691.78345387545 3814.8271192684 4020.42768919451 4248.86484920599 4477.30200921748 4682.90257914358 4805.94624453654 4912.66827427355 Inf 4467.68623631395 361.761118882866 -Inf 3758.64747229662 3872.64214782945 4004.07070805645 4223.68206960799 4467.68623631395 4711.69040301991 4931.30176457145 5062.73032479845 5176.72500033128 Inf
"2" 56.3324940952593 4243.19906647905 338.817573463695 -Inf 3579.12882516096 3685.8937518924 3808.98687477263 4014.67008599148 4243.19906647905 4471.72804696662 4677.41125818547 4800.50438106571 4907.26930779715 Inf 4489.18273716928 361.906722912723 -Inf 3779.85859449742 3893.89915136816 4025.38060983936 4245.08036203759 4489.18273716928 4733.28511230096 4952.98486449919 5084.46632297039 5198.50687984113 Inf
"3" 56.6813945701331 4241.66713168879 339.000024511794 -Inf 3577.23929288748 3684.06171183393 3807.22111955604 4013.01508983937 4241.66713168879 4470.31917353822 4676.11314382154 4799.27255154365 4906.0949704901 Inf 4496.57978507803 362.101815946249 -Inf 3786.87326708683 3900.97529979312 4032.52763596557 4252.34582169489 4496.57978507803 4740.81374846116 4960.63193419048 5092.18427036293 5206.28630306923 Inf
"4" 57.0262679927556 4243.62288673749 339.063392866325 -Inf 3579.07084824354 3685.91323521485 3809.09566479079 4014.92810358245 4243.62288673749 4472.31766989254 4678.1501086842 4801.33253826014 4908.17492523145 Inf 4489.3453210229 362.169525173494 -Inf 3779.50609538488 3893.62946396998 4025.20639904426 4245.06568845999 4489.3453210229 4733.6249535858 4953.48424300153 5085.06117807581 5199.18454666092 Inf
"5" 57.3685290198538 4247.41402690557 338.965023121107 -Inf 3583.05478956942 3689.86617921513 3813.01287085986 4018.78559313541 4247.41402690557 4476.04246067574 4681.81518295129 4804.96187459602 4911.77326424173 Inf 4471.57418124029 362.064294030489 -Inf 3761.94120485261 3876.03141401461 4007.57011839771 4227.36552600474 4471.57418124029 4715.78283647583 4935.57824408286 5067.11694846596 5181.20715762797 Inf
"6" 57.7091269488608 4251.19068009771 338.797054285841 -Inf 3587.1606556292 3693.91911655517 3817.00478477579 4022.67553958529 4251.19068009771 4479.70582061014 4685.37657541963 4808.46224364025 4915.22070456622 Inf 4450.52574368189 361.884709822622 -Inf 3741.24474587383 3855.27836619187 3986.75182726206 4206.43821615385 4450.52574368189 4694.61327120994 4914.29966010173 5045.77312117191 5159.80674148996 Inf
"7" 58.048599853292 4253.6417331065 338.682895294323 -Inf 3589.83545614988 3696.55794439521 3819.60213841889 4025.20359166375 4253.6417331065 4482.07987454926 4687.68132779412 4810.7255218178 4917.44801006313 Inf 4434.25924528611 361.762733827906 -Inf 3725.21731603466 3839.2125004534 3970.64164739326 4190.25398931627 4434.25924528611 4678.26450125594 4897.87684317896 5029.30599011882 5143.30117453755 Inf
"8" 58.386956536872 4254.40698801127 338.672557050852 -Inf 3590.62097363951 3697.34020419724 3820.38064231575 4025.97581960777 4254.40698801127 4482.83815641476 4688.43333370678 4811.47377182529 4918.19300238302 Inf 4428.99836260329 361.751768197125 -Inf 3719.97792559324 3833.96965462814 3965.39481773173 4185.00050283902 4428.99836260329 4672.99622236756 4892.60190747484 5024.02707057844 5138.01879961333 Inf
"9" 58.7239847803074 4254.0342782992 338.727469676277 -Inf 3590.14063715931 3696.87717125408 3819.9375592426 4025.5660718927 4254.0342782992 4482.5024847057 4688.13099735579 4811.19138534432 4917.92791943908 Inf 4437.01955530709 361.810493565425 -Inf 3727.8840186902 3841.8942526969 3973.34075084786 4192.98208588383 4437.01955530709 4681.05702473036 4900.69835976633 5032.14485791728 5146.15509192399 Inf
"10" 59.0591677879061 4253.51883423702 338.782498987775 -Inf 3589.5173376285 3696.27121202929 3819.35159228012 4025.01351112395 4253.51883423702 4482.02415735008 4687.68607619391 4810.76645644474 4917.52033084553 Inf 4455.87431685803 361.869267615921 -Inf 3746.62358521894 3860.65233953771 3992.12019042237 4211.79720494013 4455.87431685803 4699.95142877593 4919.62844329369 5051.09629417835 5165.12504849712 Inf
"11" 59.3915651514409 4253.65082701466 338.80382024475 -Inf 3589.60754151037 3696.36813446007 3819.45626076751 4025.1311229323 4253.65082701466 4482.17053109702 4687.84539326181 4810.93351956925 4917.69411251895 Inf 4479.23886691286 361.892004503427 -Inf 3769.94357179314 3883.97949074066 4015.45560198342 4235.14641919738 4479.23886691286 4723.33131462834 4943.0221318423 5074.49824308506 5188.53416203258 Inf
"12" 59.7201799164599 4254.47315195457 338.792885608938 -Inf 3590.45129794266 3697.20844527536 3820.29259900707 4025.96082317199 4254.47315195457 4482.98548073716 4688.65370490208 4811.73785863379 4918.49500596649 Inf 4499.16960335134 361.880324334937 -Inf 3789.89720094119 3903.92943934664 4035.40130716011 4255.08503378979 4499.16960335134 4743.25417291288 4962.93789954256 5094.40976735603 5208.44200576148 Inf
"13" 60.0440130131787 4255.10079783069 338.758654616099 -Inf 3591.14603533189 3697.8923961242 3820.96411366565 4026.61155750192 4255.10079783069 4483.59003815946 4689.23748199573 4812.30919953718 4919.05556032949 Inf 4508.82781926131 361.843792358285 -Inf 3799.62701820968 3913.64774501091 4045.10634068195 4264.76789014357 4508.82781926131 4752.88774837905 4972.54929784067 5104.00789351171 5218.02862031294 Inf
"14" 60.3619505230225 4253.96503816747 338.702108049599 -Inf 3590.12110490247 3696.84964728598 3819.90082134325 4025.51393791821 4253.96503816747 4482.41613841673 4688.02925499169 4811.08042904897 4917.80897143248 Inf 4504.59380036636 361.783397029581 -Inf 3795.51137198383 3909.51306759143 4040.94972151506 4260.57460727879 4504.59380036636 4748.61299345394 4968.23787921767 5099.6745331413 5213.6762287489 Inf
"15" 60.6730175850784 4249.35252536676 338.620973408944 -Inf 3585.66761307534 3692.37058909322 3815.39228676829 4020.95614960101 4249.35252536676 4477.74890113251 4683.31276396523 4806.3344616403 4913.03743765818 Inf 4486.85656961923 361.696686011071 -Inf 3777.94409171004 3891.91846377759 4023.32361540945 4242.89586222487 4486.85656961923 4730.81727701359 4950.38952382901 5081.79467546087 5195.76904752842 Inf
"16" 60.9762448834291 4239.9992106408 338.515219929981 -Inf 3576.52157135938 3683.19122336069 3806.17450057886 4011.67416451265 4239.9992106408 4468.32425676894 4673.82392070274 4796.8071979209 4903.47684992222 Inf 4459.35818248629 361.583663462644 -Inf 3750.66722470145 3864.60598219336 3995.97007250038 4215.47370764238 4459.35818248629 4703.24265733019 4922.74629247219 5054.11038277922 5168.04914027112 Inf
"17" 61.2710131620953 4225.50021728396 338.384930849711 -Inf 3562.27793990745 3668.90653647009 3791.84247939681 3997.26304980502 4225.50021728396 4453.7373847629 4659.15795517111 4782.09389809783 4888.72249466047 Inf 4427.5623242525 361.444460765184 -Inf 3719.14419874124 3833.03909202136 3964.35260970145 4183.77174020123 4427.5623242525 4671.35290830376 4890.77203880354 5022.08555648363 5135.98044976376 Inf
"18" 61.5572511097607 4206.40881934805 338.230226742284 -Inf 3543.48975645035 3650.06960414638 3772.94934275197 3978.27599820388 4206.40881934805 4434.54164049221 4639.86829594413 4762.74803454971 4869.32788224574 Inf 4396.84004659144 361.279201257706 -Inf 3688.74582376294 3802.58864206057 3933.84212062092 4153.16092838409 4396.84004659144 4640.51916479879 4859.83797256195 4991.09145112231 5104.93426941994 Inf
"19" 61.83525356665 4184.08838435323 338.058706696277 -Inf 3521.50549456834 3628.03129452134 3750.84871954063 3956.07125172205 4184.08838435323 4412.10551698441 4617.32804916583 4740.14547418513 4846.67127413812 Inf 4371.20132971843 361.095961680639 -Inf 3663.46624986152 3777.2513274705 3908.43823471477 4127.64580472764 4371.20132971843 4614.75685470921 4833.96442472208 4965.15133196635 5078.93640957533 Inf
"20" 62.1055923051476 4160.42418905638 337.891903990643 -Inf 3498.16822656706 3604.64146525983 3727.39829051233 3932.51956314045 4160.42418905638 4388.32881497231 4593.45008760044 4716.20691285293 4822.68015154571 Inf 4352.7536269955 360.917719197713 -Inf 3645.36789598565 3759.09680754209 3890.21895892489 4109.3183247325 4352.7536269955 4596.18892925851 4815.28829506612 4946.41044644891 5060.13935800536 Inf
"21" 62.3692758266825 4137.48290443035 337.761044579619 -Inf 3475.48342167367 3581.91542521065 3704.62470896936 3909.66654184587 4137.48290443035 4365.29926701483 4570.34109989134 4693.05038365005 4799.48238718703 Inf 4341.76986241614 360.777849653879 -Inf 3634.65827067473 3748.34310788921 3879.4144443784 4098.42890072682 4341.76986241614 4585.11082410547 4804.12528045388 4935.19661694308 5048.88145415755 Inf
"22" 62.6275115955965 4117.25596583851 337.693468380257 -Inf 3455.38892999879 3561.79963957542 3684.48437276161 3889.48518270786 4117.25596583851 4345.02674896916 4550.02755891542 4672.7122921016 4779.12300167823 Inf 4337.15909648235 360.705606416613 -Inf 3630.18909888411 3743.85117150625 3874.89626187842 4093.86686211608 4337.15909648235 4580.45133084862 4799.42193108627 4930.46702145844 5044.12909408059 Inf
"23" 62.881479035762 4101.47265773386 337.69860935098 -Inf 3439.59554577668 3546.00787532643 3668.69447623788 3873.69840707115 4101.47265773386 4329.24690839657 4534.25083922984 4656.93744014129 4763.34976969104 Inf 4337.0278914502 360.711104296845 -Inf 3630.04711820471 3743.71092326586 3874.75801102926 4093.73194882007 4337.0278914502 4580.32383408033 4799.29777187114 4930.34485963454 5044.00866469569 Inf
"24" 63.1322276927655 4091.44696275393 337.76246611679 -Inf 3429.44469383559 3535.87714531366 3658.58694551976 3863.62964135721 4091.44696275393 4319.26428415066 4524.30697998811 4647.01678019421 4753.44923167227 Inf 4339.19383934969 360.779384152284 -Inf 3632.07924004667 3745.76456079749 3876.83645477311 4095.85184265692 4339.19383934969 4582.53583604246 4801.55122392627 4932.62311790189 5046.30843865271 Inf
"25" 63.3806222143452 4087.94886035625 337.853811635705 -Inf 3425.76755751069 3532.22879290788 3654.9717791293 3860.06992734329 4087.94886035625 4315.82779336921 4520.9259415832 4643.66892780462 4750.13016320181 Inf 4341.60749800728 360.877048270534 -Inf 3634.30148054992 3748.01757627596 3879.12495182707 4098.19962786779 4341.60749800728 4585.01536814678 4804.0900441875 4935.19741973861 5048.91351546465 Inf
"26" 63.627291612809 4091.10226096652 337.938301341782 -Inf 3428.75536133999 3535.24322031867 3658.01690182448 3863.16634051282 4091.10226096652 4319.03818142023 4524.18762010857 4646.96130161437 4753.44916059306 Inf 4342.66335809403 360.967359175551 -Inf 3635.18033451541 3748.92488814303 3880.0650738321 4099.19457417477 4342.66335809403 4586.13214201328 4805.26164235595 4936.40182804503 5050.14638167264 Inf
"27" 63.8724815956502 4100.3186758777 337.992315870008 -Inf 3437.8659097212 3544.37078923719 3667.16409433245 3872.34632317835 4100.3186758777 4328.29102857706 4533.47325742296 4656.26656251821 4762.77144203421 Inf 4341.39033268561 361.025060007776 -Inf 3633.79421755396 3747.55695331145 3878.71810183181 4097.88263014644 4341.39033268561 4584.89803522478 4804.06256353941 4935.22371205977 5048.98644781726 Inf
"28" 64.1159526038542 4114.29160224405 338.009059907343 -Inf 3451.80601837741 3558.316174113 3681.11556235153 3886.30795586313 4114.29160224405 4342.27524862496 4547.46764213656 4670.2670303751 4776.77718611068 Inf 4337.51886647647 361.042904614989 -Inf 3629.88777655736 3743.65613533541 3874.82376683836 4093.99912793264 4337.51886647647 4581.0386050203 4800.21396611458 4931.38159761753 5045.14995639558 Inf
"29" 64.3571810687419 4131.12164582018 337.994339134015 -Inf 3468.66491413909 3575.17043120653 3697.96447135777 3903.14792844999 4131.12164582018 4359.09536319037 4564.27882028259 4687.07286043383 4793.57837750126 Inf 4331.40964090263 361.027133161823 -Inf 3623.80946246371 3737.57285149351 3868.73475319502 4087.90054004231 4331.40964090263 4574.91874176296 4794.08452861024 4925.24643031175 5039.00981934155 Inf
"30" 64.5954668820776 4148.57498375872 337.95630603552 -Inf 3486.19279558091 3592.68632802508 3715.46655067323 3920.62691932364 4148.57498375872 4376.52304819381 4581.68341684421 4704.46363949237 4810.95717193654 Inf 4323.8557857012 360.986488116272 -Inf 3616.33527008771 3730.08585144268 3861.23298671535 4080.3740995075 4323.8557857012 4567.33747189491 4786.47858468706 4917.62571995973 5031.37630131469 Inf
"31" 64.8299998609238 4164.4221213389 337.897705922486 -Inf 3502.15478727212 3608.62985421372 3731.38878732001 3936.51358207941 4164.4221213389 4392.33066059839 4597.45545535779 4720.21438846408 4826.68945540568 Inf 4315.82082206167 360.923907141694 -Inf 3608.42296290447 3722.15382434615 3853.27822382175 4072.38134609387 4315.82082206167 4559.26029802946 4778.36342030158 4909.48781977718 5023.21868121887 Inf
"32" 65.0599450282496 4176.78306080974 337.816171756033 -Inf 3514.67553077271 3621.12490545396 3743.85421702951 3948.92951550981 4176.78306080974 4404.63660610966 4609.71190458996 4732.44121616551 4838.89059084676 Inf 4308.18851063529 360.83683780083 -Inf 3600.96130425034 3714.66472924089 3845.75749624547 4064.80776204546 4308.18851063529 4551.56925922511 4770.6195250251 4901.71229202968 5015.41571702023 Inf
"33" 65.2847704707002 4184.39882992281 337.710816480153 -Inf 3522.4977924321 3628.91396857469 3751.60500436133 3956.6163456766 4184.39882992281 4412.18131416903 4617.1926554843 4739.88369127094 4846.29986741353 Inf 4301.58221181977 360.724299774417 -Inf 3594.57557591348 3708.24353900629 3839.29542071389 4058.27736897527 4301.58221181977 4544.88705466427 4763.86900292565 4894.92088463325 5008.58884772606 Inf
"34" 65.504274684574 4186.7276001439 337.58874211755 -Inf 3525.06582400733 3631.44353325387 3754.09021917293 3959.02745380403 4186.7276001439 4414.42774648378 4619.36498111488 4742.01166703394 4848.38937628048 Inf 4296.30371006325 360.593861599098 -Inf 3589.55272828279 3703.17958895553 3834.18408220515 4053.08684643103 4296.30371006325 4539.52057369546 4758.42333792134 4889.42783117096 5003.0546918437 Inf
"35" 65.7185742477564 4183.89498191257 337.466172405657 -Inf 3522.47343799689 3628.81252425769 3751.41468034775 3956.27750758705 4183.89498191257 4411.51245623809 4616.37528347738 4738.97743956744 4845.31652582824 Inf 4292.36424778231 360.462860871277 -Inf 3585.87002271034 3699.45560369689 3830.41250411204 4049.23574279828 4292.36424778231 4535.49275276634 4754.31599145258 4885.27289186773 4998.85847285429 Inf
"36" 65.928181145059 4176.54434113215 337.363675915513 -Inf 3515.3236866457 3621.63047520084 3744.19539410474 3948.99599963866 4176.54434113215 4404.09268262563 4608.89328815955 4731.45820706346 4837.7649956186 Inf 4289.56285867237 360.353295716368 -Inf 3583.28337735797 3696.83443322938 3827.7515283979 4046.5082542623 4289.56285867237 4532.61746308243 4751.37418894683 4882.29128411535 4995.84233998676 Inf
"37" 66.1338130232681 4165.6553703792 337.298959638073 -Inf 3504.56155746574 3610.84795325155 3733.38936059846 3938.15067935151 4165.6553703792 4393.16006140688 4597.92138015993 4720.46278750684 4826.74918329265 Inf 4287.57727881027 360.284111508557 -Inf 3581.43339605148 3694.96265126243 3825.85461166563 4044.56933843924 4287.57727881027 4530.58521918129 4749.2999459549 4880.1919063581 4993.72116156905 Inf
"38" 66.3363731636686 4152.37651156365 337.280756525982 -Inf 3491.31837609431 3597.59903589096 3720.13383000971 3924.8840983485 4152.37651156365 4379.86892477881 4584.61919311759 4707.15398723635 4813.434647033 Inf 4286.03347699377 360.264657138267 -Inf 3579.92772410009 3693.45084903746 3824.33574162783 4043.0386583961 4286.03347699377 4529.02829559144 4747.7312123597 4878.61610495008 4992.13922988744 Inf
"39" 66.5368183093235 4137.89463915508 337.306172543277 -Inf 3476.7866892072 3583.07535785415 3705.61938566439 3910.38508309677 4137.89463915508 4365.40419521339 4570.16989264577 4692.71392045601 4799.00258910296 Inf 4284.55158060048 360.291842898464 -Inf 3578.39254459592 3691.92423604791 3822.819005281 4041.5384254862 4284.55158060048 4527.56473571475 4746.28415591995 4877.17892515304 4990.71061660503 Inf
"40" 66.7360382917888 4123.33816933302 337.361830877785 -Inf 3462.12113105407 3568.42733821871 3690.9915868166 3895.79107229857 4123.33816933302 4350.88526636747 4555.68475184944 4678.24900044733 4784.55520761197 Inf 4282.7696249311 360.351363283668 -Inf 3576.4939311152 3690.04437805705 3820.96077116878 4039.71632392708 4282.7696249311 4525.82292593512 4744.57847869342 4875.49487180515 4989.045318747 Inf
"41" 66.9348314884581 4109.69194843386 337.428146827869 -Inf 3448.34493328114 3554.67203728852 3677.26037860779 3882.1001219708 4109.69194843386 4337.28377489691 4542.12351825993 4664.71185957919 4771.03896358657 Inf 4280.35275458249 360.422270819036 -Inf 3573.93808455103 3687.51087519171 3818.45302915721 4037.25162717265 4280.35275458249 4523.45388199232 4742.25248000776 4873.19463397327 4986.76742461394 Inf
"42" 67.1338842317968 4097.72155951305 337.485348497357 -Inf 3436.26243114828 3542.60755999419 3665.2166827979 3870.09115111023 4097.72155951305 4325.35196791587 4530.2264362282 4652.83555903191 4759.18068787782 Inf 4276.99516877873 360.483418566825 -Inf 3570.46065136387 3684.05271029322 3815.01707936154 4033.85279783976 4276.99516877873 4520.13753971769 4738.97325819591 4869.93762726423 4983.52968619358 Inf
"43" 67.333638993562 4087.91245408847 337.519370584364 -Inf 3426.38664365848 3532.7424932164 3655.36397631444 3860.25909813668 4087.91245408847 4315.56581004025 4520.46093186249 4643.08241496054 4749.43826451845 Inf 4272.4231339375 360.519766429192 -Inf 3565.81737602149 3679.42088853875 3810.3984628604 4029.25624673793 4272.4231339375 4515.59002113708 4734.44780501461 4865.42537933625 4979.02889185351 Inf
"44" 67.5343996881551 4080.41027677339 337.525832908739 -Inf 3418.87180042038 3525.22968632363 3647.85351719745 3852.75256205005 4080.41027677339 4308.06799149673 4512.96703634933 4635.59086722315 4741.9487531264 Inf 4266.3981941831 360.526637258742 -Inf 3559.77896968863 3673.38464727544 3804.36471778363 4023.22667267942 4266.3981941831 4509.56971568678 4728.43167058257 4859.41174109076 4973.01741867757 Inf
"45" 67.7364273024772 4075.00008164036 337.510505064497 -Inf 3413.49164731003 3519.8447032508 3642.46296548721 3847.35270539086 4075.00008164036 4302.64745788987 4507.53719779352 4630.15546002992 4736.5085159707 Inf 4258.72344521918 360.510211959294 -Inf 3552.13641372006 3665.73691552489 3796.71101868793 4015.56300241162 4258.72344521918 4501.88388802674 4720.73587175043 4851.70997491347 4965.3104767183 Inf
"46" 67.9398699802842 4071.13742316886 337.486105243177 -Inf 3409.67681160953 3516.02217891389 3638.63157664491 3843.50650434874 4071.13742316886 4298.76834198898 4503.6432696928 4626.25266742382 4732.59803472818 Inf 4249.26245796736 360.484101450808 -Inf 3542.72660212449 3656.31887623765 3787.28349339913 4006.11962643014 4249.26245796736 4492.40528950457 4711.24142253558 4842.20603969706 4955.79831381022 Inf
"47" 68.1448668700244 4068.02266604943 337.466807851635 -Inf 3406.59987668253 3512.93916317893 3635.54155012783 3840.40476312211 4068.02266604943 4295.64056897675 4500.50378197103 4623.10616891993 4729.44545541634 Inf 4237.96141813259 360.463467958542 -Inf 3531.46600319144 3645.05177547748 3776.00889644869 3994.83250367442 4237.96141813259 4481.09033259076 4699.9139398165 4830.87106078771 4944.45683307374 Inf
"48" 68.3516756448889 4064.72036800854 337.462883018688 -Inf 3403.30527117286 3509.64332091375 3632.24428196275 3837.10511234082 4064.72036800854 4292.33562367627 4497.19645405434 4619.79741510333 4726.13546484422 Inf 4224.87275321225 360.459288753634 -Inf 3518.38552936221 3631.96998473749 3762.92558739494 3981.74665758496 4224.87275321225 4467.99884883955 4686.81991902956 4817.77552168701 4931.3599770623 Inf
"49" 68.5606160515512 4060.30571122454 337.477891430221 -Inf 3398.86119844279 3505.20397748961 3627.81039112545 3832.68033253707 4060.30571122454 4287.93108991201 4492.80103132363 4615.40744495948 4721.75022400629 Inf 4210.19067913834 360.475357042784 -Inf 3503.67196202026 3617.26148067989 3748.22292097991 3967.05374561471 4210.19067913834 4453.32761266197 4672.15843729677 4803.11987759679 4916.70939625641 Inf
"50" 68.7720950404416 4054.01380163065 337.509463211212 -Inf 3392.50740929523 3498.86013693725 3621.47802066621 3826.36712810051 4054.01380163065 4281.6604751608 4486.5495825951 4609.16746632406 4715.52019396608 Inf 4194.28089735059 360.509119869558 -Inf 3487.69600630802 3601.29616398406 3732.26987038865 3951.12119114636 4194.28089735059 4437.44060355482 4656.29192431253 4787.26563071711 4900.86578839315 Inf
"51" 68.9865202288402 4045.37904879501 337.552916917251 -Inf 3383.78748876076 3490.15390911562 3612.78757966556 3817.70306618554 4045.37904879501 4273.05503140449 4477.97051792446 4600.6041884744 4706.97060882927 Inf 4177.70748986096 360.555556048797 -Inf 3471.0315855795 3584.64637577659 3715.63695254082 3934.51646292979 4177.70748986096 4420.89851679212 4639.7780271811 4770.76860394533 4884.38339414241 Inf
"52" 69.2042226148522 4034.34673310956 337.6054705734 -Inf 3372.652169802 3479.03515035824 3601.68791375979 3806.63530359767 4034.34673310956 4262.05816262144 4467.00555245932 4589.65831586087 4696.04129641712 Inf 4161.23586170387 360.611686958924 -Inf 3454.44994286015 3568.0824204884 3699.09338972798 3918.00697504916 4161.23586170387 4404.46474835859 4623.37833367976 4754.38930291935 4868.0217805476 Inf
"53" 69.4254227864759 4021.33123857504 337.668269609196 -Inf 3359.51359141905 3465.91636060192 3588.59193902263 3793.57745175719 4021.33123857504 4249.08502539288 4454.07053812744 4576.74611654815 4683.14888573102 Inf 4145.78990663504 360.678748602887 -Inf 3438.8725493844 3552.52615883126 3683.56149170434 3902.51578758884 4145.78990663504 4389.06402568123 4608.01832156573 4739.05365443881 4852.70726388567 Inf
"54" 69.6500542968356 4007.20321627694 337.744243139742 -Inf 3345.23666373731 3451.66337296656 3574.36655272753 3779.39818609145 4007.20321627694 4235.00824646243 4440.03987982636 4562.74305958733 4669.16976881658 Inf 4132.35895236594 360.759895876681 -Inf 3425.28254938123 3538.96172917455 3670.02654301947 3889.03010031531 4132.35895236594 4375.68780441657 4594.69136171241 4725.75617555733 4839.43535535065 Inf
"55" 69.8776411966796 3993.16961021574 337.832299505205 -Inf 3331.03047037118 3437.48492707324 3560.22009789331 3765.3051869143 3993.16961021574 4221.03403351717 4426.11912253816 4548.85429335823 4655.30875006029 Inf 4121.82837411208 360.853985834914 -Inf 3414.56755819792 3528.27638671163 3659.37538363234 3878.43605934903 4121.82837411208 4365.22068887513 4584.28136459182 4715.38036151253 4829.08919002624 Inf
"56" 70.1073819135496 3980.52673830548 337.921565542674 -Inf 3318.21264024245 3424.69522559749 3547.46282695299 3752.60210597673 3980.52673830548 4208.45137063423 4413.59064965798 4536.35825101347 4642.84083636851 Inf 4114.7506946955 360.949406265128 -Inf 3407.30285817474 3521.04175465433 3652.17541801404 3871.29401983031 4114.7506946955 4358.20736956069 4577.32597137697 4708.45963473668 4822.19853121627 Inf
"57" 70.3383122409618 3970.34334588016 337.99077511496 -Inf 3307.89359954806 3414.39799355618 3537.19073889195 3742.37203240429 3970.34334588016 4198.31465935603 4403.49595286837 4526.28869820414 4632.79309221226 Inf 4111.13921267345 361.023416213551 -Inf 3403.54631931928 3517.30853710018 3648.46908842672 3867.63261885664 4111.13921267345 4354.64580649027 4573.80933692019 4704.96988824672 4818.73210602763 Inf
"58" 70.5692113979875 3963.18525551821 338.015234946449 -Inf 3300.68756879733 3407.19967035169 3530.00130199467 3735.19744413671 3963.18525551821 4191.17306689972 4396.36920904176 4519.17084068474 4625.6829422391 Inf 4110.37088688996 361.049598910416 -Inf 3402.72667639292 3516.49714461279 3647.66720816707 3866.84663311248 4110.37088688996 4353.89514066744 4573.07456561286 4704.24462916713 4818.01509738701 Inf
"59" 70.7989079592392 3958.95111973038 337.978531234662 -Inf 3296.5253709627 3403.02590679732 3525.81420390614 3730.98806462628 3958.95111973038 4186.91417483449 4392.08803555463 4514.87633266345 4621.37686849807 Inf 4111.24563290418 361.010390721196 -Inf 3403.6782690459 3517.43638235925 3648.59220149756 3867.74782464845 4111.24563290418 4354.74344115991 4573.8990643108 4705.05488344911 4818.81299676246 Inf
"60" 71.0264011154875 3956.91182645839 337.881505516942 -Inf 3294.67624460301 3401.14620662902 3523.89925409459 3729.01421420639 3956.91182645839 4184.80943871039 4389.9243988222 4512.67744628776 4619.14740831377 Inf 4112.22140640678 360.906687618043 -Inf 3404.85729689577 3518.5827322872 3649.70087587436 3868.79354483119 4112.22140640678 4355.64926798237 4574.7419369392 4705.86008052636 4819.58551591779 Inf
"61" 71.2509265565886 3955.91941500489 337.742945046072 -Inf 3293.9554066821 3400.38170686859 3523.08441502945 3728.11526037028 3955.91941500489 4183.72356963951 4388.75441498033 4511.45712314119 4617.88342332768 Inf 4111.74585042011 360.75858325844 -Inf 3404.67202011987 3518.35078629359 3649.4151232616 3868.41788371703 4111.74585042011 4355.07381712318 4574.07657757861 4705.14091454663 4818.81968072034 Inf
"62" 71.4721466641061 3954.69997274888 337.592019601382 -Inf 3293.03177286203 3399.41051487767 3522.05839151336 3726.99761577975 3954.69997274888 4182.402329718 4387.34155398439 4509.98943062008 4616.36817263572 Inf 4108.58058977793 360.597273650188 -Inf 3401.82292050022 3515.4508563456 3646.45658920041 3865.36142475222 4108.58058977793 4351.79975480363 4570.70459035544 4701.71032321025 4815.33825905563 Inf
"63" 71.6901181893092 3952.13082187653 337.457775048592 -Inf 3290.72573647827 3397.06217664488 3519.66128195781 3724.51901148228 3952.13082187653 4179.74263227078 4384.60036179525 4507.19946710818 4613.53590727479 Inf 4102.02780070223 360.453813776414 -Inf 3395.55130761036 3509.13403776361 3640.08765135055 3858.90539789096 4102.02780070223 4345.15020351351 4563.96795005392 4694.92156364086 4808.50429379411 Inf
"64" 71.9053356990536 3947.43047660464 337.361207441613 -Inf 3286.21466023813 3392.52067095157 3515.08469305382 3719.88380007149 3947.43047660464 4174.97715313778 4379.77626015545 4502.3402822577 4608.64629297114 Inf 4092.02488642483 360.350639799941 -Inf 3385.75061061098 3499.30082957561 3630.21695984422 3848.97207340317 4092.02488642483 4335.07769944649 4553.83281300544 4684.74894327405 4798.29916223868 Inf
"65" 72.1189437102661 3940.23578415483 337.312575199469 -Inf 3279.11528523141 3385.40597142164 3507.95232533007 3712.72190957054 3940.23578415483 4167.74965873911 4372.51924297959 4495.06559688802 4601.35628307825 Inf 4079.11049233412 360.298699205755 -Inf 3372.93801821421 3486.47187015964 3617.3691303033 3836.09271271086 4079.11049233412 4322.12827195739 4540.85185436494 4671.74911450861 4785.28296645403 Inf
"66" 72.332591866503 3930.60077321001 337.313411720835 -Inf 3269.47863473484 3375.76958452162 3498.31624233998 3703.08633440063 3930.60077321001 4158.11521201938 4362.88530408003 4485.4319618984 4591.72291168517 Inf 4064.34265172179 360.299611562813 -Inf 3358.16838941491 3471.70252885349 3602.60012045836 3821.32425672305 4064.34265172179 4307.36104672054 4526.08518298523 4656.98277459009 4770.51691402868 Inf
"67" 72.5482297240119 3918.97315637601 337.360221792548 -Inf 3257.75927184617 3364.06497197138 3486.62863598529 3691.42714465306 3918.97315637601 4146.51916809896 4351.31767676672 4473.88134078063 4580.18704090585 Inf 4049.22923453195 360.349629380243 -Inf 3342.95693910432 3456.50683967524 3587.42260285629 3806.17710302802 4049.22923453195 4292.28136603589 4511.03586620762 4641.95162938867 4755.50152995959 Inf
"68" 72.7681231058393 3906.16613313211 337.447584675287 -Inf 3244.78102049852 3351.11424957295 3473.70965270226 3678.56119604021 3906.16613313211 4133.77107022402 4338.62261356197 4461.21801669127 4567.55124576571 Inf 4035.65962711652 360.442961154175 -Inf 3329.20440477337 3442.78371515294 3573.73338595985 3792.5445442877 4035.65962711652 4278.77470994533 4497.58586827318 4628.53553908009 4742.11484945967 Inf
"69" 72.9947581838059 3893.34174121038 337.569438242083 -Inf 3231.71779997448 3338.08942636992 3460.72909915122 3665.65461513664 3893.34174121038 4121.02886728411 4325.95438326953 4448.59405605084 4554.96568244628 Inf 4025.82940883929 360.573143737256 -Inf 3319.11903332188 3432.73936558177 3563.73633198947 3782.62651919253 4025.82940883929 4269.03229848605 4487.92248568911 4618.91945209681 4732.5397843567 Inf
"70" 73.2307051648296 3881.97830151162 337.718185995606 -Inf 3220.06282003604 3326.48131838928 3449.17503153607 3654.19084660277 3881.97830151162 4109.76575642047 4314.78157148718 4437.47528463397 4543.89378298721 Inf 4022.07669216493 360.732079597998 -Inf 3315.05480808462 3428.72522268042 3559.77993081396 3778.76660190917 4022.07669216493 4265.3867824207 4484.37345351591 4615.42816164945 4729.09857624524 Inf
