"mid_age" "mean_left" "std_left" "min_left" "l.q2.5" "l.q5" "l.q10" "l.q25" "l.q50" "l.q75" "l.q90" "l.q95" "l.q97.5" "max_left" "mean_right" "std_right" "min_right" "r.q2.5" "r.q5" "r.q10" "r.q25" "r.q50" "r.q75" "r.q90" "r.q95" "r.q97.5" "max_right"
"1" 30 2.54491544746971e-09 2408.83102741512 -Inf -4721.22205857371 -3962.17445215446 -3087.04117431372 -1624.73183794325 2.54491544746971e-09 1624.73183794834 3087.0411743188 3962.17445215955 4721.2220585788 Inf 4.19022314784319e-09 2578.34899075108 -Inf -5053.47116144313 -4241.0066889794 -3304.2871856132 -1739.06996668583 4.19022314784319e-09 1739.06996669421 3304.28718562158 4241.00668898777 5053.47116145151 Inf
"2" 30.7070707070707 2.629868523399e-08 2408.83102741512 -Inf -4721.22205854996 -3962.17445213071 -3087.04117428996 -1624.7318379195 2.629868523399e-08 1624.7318379721 3087.04117434256 3962.1744521833 4721.22205860255 Inf 4.32117514983842e-08 2578.34899075108 -Inf -5053.47116140411 -4241.00668894038 -3304.28718557418 -1739.06996664681 4.32117514983842e-08 1739.06996673323 3304.2871856606 4241.0066890268 5053.47116149053 Inf
"3" 31.4141414141414 2.45874172626938e-07 2408.83102741512 -Inf -4721.22205833038 -3962.17445191113 -3087.04117407039 -1624.73183769992 2.45874172626938e-07 1624.73183819167 3087.04117456213 3962.17445240288 4721.22205882213 Inf 4.0300511802045e-07 2578.34899075108 -Inf -5053.47116104431 -4241.00668858058 -3304.28718521439 -1739.06996628701 4.0300511802045e-07 1739.06996709302 3304.2871860204 4241.00668938659 5053.47116185032 Inf
"4" 32.1212121212121 2.07965246167127e-06 2408.83102741512 -Inf -4721.2220564966 -3962.17445007735 -3087.04117223661 -1624.73183586614 2.07965246167127e-06 1624.73184002545 3087.04117639591 3962.17445423666 4721.22206065591 Inf 3.39868265533462e-06 2578.34899075108 -Inf -5053.47115804864 -4241.0066855849 -3304.28718221871 -1739.06996329133 3.39868265533462e-06 1739.0699700887 3304.28718901607 4241.00669238227 5053.471164846 Inf
"5" 32.8282828282828 1.5912670954174e-05 2408.83102741512 -Inf -4721.22204266358 -3962.17443624434 -3087.04115840359 -1624.73182203313 1.5912670954174e-05 1624.73185385847 3087.04119022893 3962.17446806967 4721.22207448893 Inf 2.59141965849529e-05 2578.34899075108 -Inf -5053.47113553312 -4241.00666306939 -3304.28715970319 -1739.06994077582 2.59141965849529e-05 1739.06999260421 3304.28721153159 4241.00671489778 5053.47118736151 Inf
"6" 33.5353535353535 0.000110138415739981 2408.83102741512 -Inf -4721.22194843783 -3962.17434201859 -3087.04106417784 -1624.73172780738 0.000110138415739981 1624.73194808421 3087.04128445467 3962.17456229542 4721.22216871467 Inf 0.000178613198011555 2578.34899075108 -Inf -5053.47098283411 -4241.00651037038 -3304.28700700419 -1739.06978807682 0.000178613198011555 1739.07014530321 3304.28736423059 4241.00686759678 5053.47134006051 Inf
"7" 34.2424242424242 0.000689507459891227 2408.83102741502 -Inf -4721.22136906859 -3962.17376264938 -3087.04048480867 -1624.73114843827 0.000689507459891227 1624.73252745319 3087.04186382359 3962.1751416643 4721.22274808351 Inf 0.00111260888247174 2578.34899075097 -Inf -5053.47004883822 -4241.00557637452 -3304.28607300837 -1739.06885408106 0.00111260888247174 1739.07107929883 3304.28829822613 4241.00780159229 5053.47227405598 Inf
"8" 34.9494949494949 0.00390386507522185 2408.83102741189 -Inf -4721.21815470485 -3962.17054828662 -3087.03727044705 -1624.72793407854 0.00390386507522185 1624.73574180869 3087.0450781772 3962.17835601677 4721.225962435 Inf 0.0062619365235654 2578.34899074762 -Inf -5053.46489950401 -4241.00042704137 -3304.28092367643 -1739.06370475116 0.0062619365235654 1739.0762286242 3304.29344754948 4241.01295091441 5053.47742337705 Inf
"9" 35.6565656565657 0.019986922417225 2408.83102733207 -Inf -4721.20207149106 -3962.15446509799 -3087.02118728741 -1624.71185096736 0.019986922417225 1624.7518248122 3087.06116113225 3962.19443894282 4721.2420453359 Inf 0.0318325450498989 2578.34899066203 -Inf -5053.43932872774 -4240.97485629207 -3304.25535295822 -1739.03813408491 0.0318325450498989 1739.101799175 3304.31901804832 4241.03852138216 5053.50299381784 Inf
"10" 36.3636363636364 0.0925162504704882 2408.83102567575 -Inf -4721.12953891668 -3962.08193304552 -3086.94865583669 -1624.63932052214 0.0925162504704882 1624.82435302308 3087.13368833764 3962.26696554646 4721.31457141762 Inf 0.146103556279731 2578.34898888613 -Inf -5053.3250542358 -4240.86058235973 -3304.14107967108 -1738.92386187585 0.146103556279731 1739.21606898841 3304.43328678364 4241.15278947229 5053.61726134836 Inf
"11" 37.0707070707071 0.387097416603468 2408.83099777388 -Inf -4720.83490306388 -3961.78730598489 -3086.65403891287 -1624.34472053648 0.387097416603468 1625.11891536968 3087.42823374608 3962.5615008181 4721.60909789709 Inf 0.605163344903231 2578.34895897093 -Inf -5052.86593581447 -4240.40147336499 -3303.68198154459 -1738.46478190973 0.605163344903231 1739.67510859953 3304.89230823439 4241.61180005479 5054.07626250427 Inf
"12" 37.7777777777778 1.46366801482562 2408.83061693462 -Inf -4719.75758603442 -3960.71010896183 -3085.5769802495 -1623.26789306608 1.46366801482562 1626.19522909573 3088.50431627915 3963.63744499148 4722.68492206407 Inf 2.26080122257522 2578.34855066914 -Inf -5051.20949767998 -4238.74516389063 -3302.02582040711 -1736.80886863668 2.26080122257522 1741.33047108183 3306.54742285226 4243.26676633578 5055.73110012513 Inf
"13" 38.4848484848485 4.99980028351561 2408.82641509678 -Inf -4716.2132183149 -3957.16706528494 -3082.03546310895 -1619.72892670083 4.99980028351561 1629.72852726787 3092.03506367598 3967.16666585197 4726.21281888193 Inf 7.6127184612714 2578.34404606747 -Inf -5045.84875158425 -4233.38583724154 -3296.6681302891 -1731.45391309033 7.6127184612714 1746.67935001287 3311.89356721164 4248.61127416408 5061.07418850679 Inf
"14" 39.1919191919192 15.4238642204616 2408.78905206148 -Inf -4705.71592417442 -3946.68154462387 -3071.56351651563 -1609.27966177954 15.4238642204616 1640.12739022047 3102.41124495655 3977.52927306479 4736.56365261535 Inf 23.0867989687027 2578.30399329304 -Inf -5030.29616908145 -4217.84587578282 -3281.14272008589 -1715.95281739708 23.0867989687027 1762.12641533448 3327.31631802329 4264.01947372022 5076.46976701886 Inf
"15" 39.8989898989899 42.9516384228264 2408.5222725726 -Inf -4677.66527178203 -3918.71495721162 -3043.69385064163 -1581.57194754636 42.9516384228264 1667.47522439202 3129.59712748728 4004.61823405727 4763.56854862768 Inf 62.9999220571257 2578.01802935841 -Inf -4989.82256698028 -4177.46238387934 -3240.86311946935 -1675.84681456582 62.9999220571257 1801.84665868007 3366.8629635836 4303.46222799359 5115.82241109453 Inf
"16" 40.6060606060606 107.91960135347 2406.99953044603 -Inf -4609.71278912558 -3851.24230637118 -2976.77441515476 -1515.57691065916 107.91960135347 1731.4161133661 3192.6136178617 4067.08150907812 4825.55199183252 Inf 154.534206208925 2576.38592583273 -Inf -4895.08941869912 -4083.24352832378 -3147.23721048909 -1583.2116933147 154.534206208925 1892.28010573255 3456.30562290694 4392.31194074162 5204.15783111697 Inf
"17" 41.3131313131313 244.5228263091 2400.08612698074 -Inf -4459.55954236738 -3703.26754465109 -2831.31130716495 -1374.31066592722 244.5228263091 1863.35631854542 3320.35695978315 4192.31319726928 4948.60519498558 Inf 340.360589234049 2568.97676311287 -Inf -4694.74134358747 -3885.23015712621 -2951.91560338095 -1392.38790597749 340.360589234049 2073.10908444559 3632.63678184905 4565.95133559431 5375.46252205556 Inf
"18" 42.020202020202 499.333564464308 2375.23030846546 -Inf -4156.03229511595 -3407.57262326016 -2544.64655587858 -1102.73493295072 499.333564464308 2101.40206187934 3543.3136848072 4406.23975218878 5154.69942404456 Inf 672.374334918575 2542.34165693251 -Inf -4310.52374906503 -3509.40556043668 -2585.76759567254 -1042.40905417893 672.374334918575 2387.15772401608 3930.51626550969 4854.15423027383 5655.27241890218 Inf
"19" 42.7272727272727 918.522674700498 2304.59165893689 -Inf -3598.39397588722 -2872.19327414396 -2034.9303737511 -635.900777639819 918.522674700498 2472.94612704082 3871.9757231521 4709.23862354495 5435.43932528822 Inf 1190.30915058255 2466.65624541879 -Inf -3644.24825267906 -2866.97932113704 -1970.83802239426 -473.425204209573 1190.30915058255 2854.04350537467 4351.45632355936 5247.59762230214 6024.86655384417 Inf
"20" 43.4343434343434 1521.54980640032 2145.54868192638 -Inf -2683.64833725277 -2007.56372486724 -1228.08146587459 74.3992118942595 1521.54980640032 2968.70040090637 4271.18107867522 5050.66333766787 5726.7479500534 Inf 1887.87529862935 2296.27408650905 -Inf -2612.73920956099 -1889.15946103973 -1054.91835185582 339.061963638128 1887.87529862935 3436.68863362057 4830.66894911452 5664.91005829843 6388.48980681969 Inf
"21" 44.1414141414141 2270.36672635844 1860.53635290915 -Inf -1376.217517271 -789.94324179924 -114.006549464923 1015.45402645402 2270.36672635844 3525.27942626286 4654.74000218181 5330.67669451612 5916.95096998788 Inf 2685.63765635315 1990.98468244737 -Inf -1216.62061501461 -589.240719775233 134.088119587403 1342.738895245 2685.63765635315 4028.5364174613 5237.1871931189 5960.51603248153 6587.89592772091 Inf
"22" 44.8484848484848 3056.28879037743 1453.77122566484 -Inf 206.949546313692 665.04791708493 1193.20600018296 2075.7349995365 3056.28879037743 4036.84258121836 4919.3715805719 5447.52966366993 5905.62803444117 Inf 3440.32308580012 1555.3418819406 -Inf 391.909013549796 882.013350140595 1447.07226204206 2391.2609283805 3440.32308580012 4489.38524321973 5433.57390955817 5998.63282145963 6488.73715805044 Inf
"23" 45.5555555555556 3727.49906157886 999.189556318115 -Inf 1769.1235174668 2083.97849585698 2446.98612140356 3053.55594733932 3727.49906157886 4401.4421758184 5008.01200175415 5371.01962730074 5685.87460569092 Inf 4004.64853203628 1068.5559178917 -Inf 1910.3174175014 2247.03045489165 2635.23902259022 3283.91851790696 4004.64853203628 4725.37854616559 5374.05804148233 5762.2666091809 6098.97964657115 Inf
"24" 46.2626262626263 4157.41196115314 627.854420929724 -Inf 2926.83990859663 3124.68333968937 3352.78414507655 3733.93058962074 4157.41196115314 4580.89333268553 4962.03977722972 5190.14058261691 5387.98401370965 Inf 4308.87697198634 670.990320719361 -Inf 2993.76010940142 3205.19610930177 3448.96827600317 3856.30087818035 4308.87697198634 4761.45306579233 5168.78566796951 5412.55783467092 5623.99383457127 Inf
"25" 46.969696969697 4317.1168153415 442.947239678287 -Inf 3448.95617852063 3588.53344160853 3749.45708687813 4018.35344230085 4317.1168153415 4615.88018838215 4884.77654380487 5045.70018907447 5185.27745216238 Inf 4400.98208636632 473.162120591104 -Inf 3473.60137115916 3622.69965617599 3794.60042996639 4081.83908584658 4400.98208636632 4720.12508688606 5007.36374276625 5179.26451655665 5328.36280157348 Inf
"26" 47.6767676767677 4296.20033110969 385.700756846982 -Inf 3540.24073887976 3661.779042292 3801.9049223407 4036.04912397353 4296.20033110969 4556.35153824585 4790.49573987867 4930.62161992737 5052.15992333961 Inf 4403.51777016097 412.016523736582 -Inf 3595.98022260188 3725.81089672892 3875.49734913611 4125.61684798922 4403.51777016097 4681.41869233272 4931.53819118583 5081.22464359302 5211.05531772006 Inf
"27" 48.3838383838384 4244.1571158275 357.551155640329 -Inf 3543.36972814178 3656.03780065182 3785.93687255436 4002.99252617734 4244.1571158275 4485.32170547767 4702.37735910065 4832.27643100319 4944.94450351322 Inf 4419.05962056047 381.926515013302 -Inf 3670.4974063935 3790.8464071119 3929.60109732218 4161.45410085589 4419.05962056047 4676.66514026505 4908.51814379876 5047.27283400904 5167.62183472744 Inf
"28" 49.0909090909091 4268.05700194226 346.103270093634 -Inf 3589.7070576272 3698.76778282898 3824.50781431366 4034.61389375476 4268.05700194226 4501.50011012976 4711.60618957086 4837.34622105554 4946.40694625732 Inf 4469.52518584509 369.69056334571 -Inf 3744.94499626318 3861.43832187617 3995.74766562233 4220.17269012419 4469.52518584509 4718.87768156599 4943.30270606785 5077.61204981401 5194.105375427 Inf
"29" 49.7979797979798 4366.62204148087 344.050854182972 -Inf 3692.294758432 3800.70874612225 3925.70313067572 4134.56326678825 4366.62204148087 4598.68081617349 4807.54095228601 4932.53533683948 5040.94932452974 Inf 4519.6878222928 367.498891239689 -Inf 3799.4032311046 3915.20593813655 4048.71904288867 4271.8135869432 4519.6878222928 4767.56205764239 4990.65660169692 5124.16970644904 5239.97241348099 Inf
"30" 50.5050505050505 4456.19205726619 343.129798848646 -Inf 3783.67000950037 3891.79376311486 4016.4535263667 4224.75452495593 4456.19205726619 4687.62958957644 4895.93058816567 5020.59035141751 5128.71410503201 Inf 4543.1868972309 366.513901478618 -Inf 3824.83285049955 3940.32517705566 4073.48043299712 4295.9770273792 4543.1868972309 4790.39676708261 5012.89336146469 5146.04861740614 5261.54094396226 Inf
"31" 51.2121212121212 4462.46717573962 342.100194255869 -Inf 3791.96311589396 3899.76243043705 4024.0481362179 4231.72410117395 4462.46717573962 4693.21025030529 4900.88621526134 5025.17192104219 5132.97123558528 Inf 4549.34879733284 365.414713054012 -Inf 3833.14912032594 3948.29508122452 4081.05099974544 4302.88031880707 4549.34879733284 4795.81727585862 5017.64659492024 5150.40251344117 5265.54847433974 Inf
"32" 51.9191919191919 4389.93178255264 340.907593692193 -Inf 3721.76517685973 3829.18869061274 3953.04112215037 4159.99310484325 4389.93178255264 4619.87046026204 4826.82244295491 4950.67487449254 5058.09838824555 Inf 4551.00861371154 364.139433561198 -Inf 3837.30843858077 3952.05254570235 4084.34515255466 4305.4002981323 4551.00861371154 4796.61692929077 5017.67207486842 5149.96468172073 5264.7087888423 Inf
"33" 52.6262626262626 4305.8853166912 340.847851687154 -Inf 3637.83580317652 3745.24049160496 3869.07121874901 4075.98693435186 4305.8853166912 4535.78369903054 4742.69941463338 4866.53014177743 4973.93483020587 Inf 4534.32534606099 364.076279223672 -Inf 3820.74895115725 3935.47315769294 4067.74282044424 4288.7596274351 4534.32534606099 4779.89106468689 5000.90787167774 5133.17753442905 5247.90174096474 Inf
"34" 53.3333333333333 4266.35368930561 340.355551449034 -Inf 3599.26906652723 3706.51862605159 3830.1704995043 4036.7873584309 4266.35368930561 4495.92002018031 4702.53687910691 4826.18875255962 4933.43831208398 Inf 4481.86165826915 363.550270982821 -Inf 3769.31622057305 3883.87467646387 4015.95323933695 4236.65072681023 4481.86165826915 4727.07258972807 4947.77007720135 5079.84864007444 5194.40709596526 Inf
"35" 54.040404040404 4268.47391269482 339.366815655371 -Inf 3603.32717646225 3710.26517509711 3833.55783879779 4039.57447397859 4268.47391269482 4497.37335141105 4703.38998659184 4826.68265029253 4933.62064892739 Inf 4415.49589664522 362.49331327759 -Inf 3705.02205798455 3819.24745555492 3950.94202351488 4170.99787232487 4415.49589664522 4659.99392096557 4880.04976977557 5011.74433773552 5125.96973530589 Inf
"36" 54.7474747474747 4273.88149981382 339.139200683795 -Inf 3609.18088072788 3716.04715552765 3839.25712623996 4045.13558506291 4273.88149981382 4502.62741456473 4708.50587338768 4831.71584409998 4938.58211889976 Inf 4388.47629499917 362.250537670952 -Inf 3678.47828778384 3792.62718424598 3924.23355132759 4144.14202033709 4388.47629499917 4632.81056966125 4852.71903867075 4984.32540575236 5098.47430221451 Inf
"37" 55.4545454545455 4261.85435026189 338.812826359282 -Inf 3597.79341309747 3704.55684396714 3827.64824221456 4033.32857164759 4261.85435026189 4490.38012887619 4696.06045830922 4819.15185655663 4925.9152874263 Inf 4424.15851173965 361.901604687318 -Inf 3714.84440060526 3828.88334467016 3960.36294367951 4180.05958879854 4424.15851173965 4668.25743468076 4887.95407979979 5019.43367880914 5133.47262287405 Inf
"38" 56.1616161616162 4245.44178147869 338.734357227393 -Inf 3581.53464098667 3688.27334542013 3811.33623567018 4016.96892948955 4245.44178147869 4473.91463346782 4679.5473272872 4802.61021753724 4909.3489219707 Inf 4480.31537021154 361.817723496203 -Inf 3771.16566319071 3885.17817542349 4016.6273002232 4236.27302427407 4480.31537021154 4724.35771614901 4944.00344019988 5075.4525649996 5189.46507723237 Inf
"39" 56.8686868686869 4242.38531445915 339.055623739864 -Inf 3577.84850317326 3684.68844201235 3807.86804904863 4013.69577150028 4242.38531445915 4471.07485741803 4676.90257986968 4800.08218690596 4906.92212574505 Inf 4494.30997514349 362.16124441935 -Inf 3784.48697948536 3898.60773871906 4030.18166537829 4250.03592786438 4494.30997514349 4738.5840224226 4958.43828490869 5090.01221156792 5204.13297080162 Inf
"40" 57.5757575757576 4249.81431810902 338.862497687424 -Inf 3585.65602693039 3692.43510975003 3815.54455369335 4021.25503669301 4249.81431810902 4478.37359952503 4684.08408252469 4807.19352646802 4913.97260928766 Inf 4458.63977446063 361.954668490059 -Inf 3749.22166018398 3863.27732520274 3994.77620240102 4214.50506052847 4458.63977446063 4702.7744883928 4922.50334652024 5054.00222371852 5168.05788873728 Inf
"41" 58.2828282828283 4254.33225572334 338.665757133989 -Inf 3590.55956894373 3697.27665677723 3820.31462447193 4025.90567379407 4254.33225572334 4482.75883765261 4688.34988697475 4811.38785466945 4918.10494250295 Inf 4429.21708655692 361.74447581321 -Inf 3720.21094235671 3834.2003734859 3965.62288725139 4185.22414543086 4429.21708655692 4673.21002768299 4892.81128586245 5024.23379962794 5138.22323075713 Inf
"42" 58.989898989899 4253.59021646546 338.773409597801 -Inf 3589.60653473393 3696.3575449738 3819.43462303051 4025.09102405276 4253.59021646546 4482.08940887815 4687.7458099004 4810.82288795712 4917.57389819698 Inf 4451.3454497836 361.85956525868 -Inf 3742.11373441527 3856.13943142078 3987.60375741905 4207.27488200621 4451.3454497836 4695.41601756099 4915.08714214815 5046.55146814643 5160.57716515194 Inf
"43" 59.6969696969697 4254.40579557667 338.794497683704 -Inf 3590.38078195628 3697.13843727043 3820.22317667223 4025.89237946619 4254.40579557667 4482.91921168716 4688.58841448112 4811.67315388292 4918.43080919707 Inf 4498.02614626817 361.882044672513 -Inf 3788.75037205833 3902.78315255997 4034.25564537563 4253.94041635656 4498.02614626817 4742.11187617978 4961.79664716071 5093.26913997637 5207.30192047801 Inf
"44" 60.4040404040404 4253.58352966851 338.692691541252 -Inf 3589.75805242073 3696.48362756493 3819.53138058531 4025.13878075762 4253.58352966851 4482.02827857941 4687.63567875172 4810.6834317721 4917.4090069163 Inf 4502.94765430202 361.773335196671 -Inf 3793.88494674961 3907.88347176944 4039.31647020843 4258.93524781761 4502.94765430202 4746.96006078642 4966.5788383956 5098.01183683459 5212.01036185443 Inf
"45" 61.1111111111111 4234.043749227 338.45917075191 -Inf 3570.67596431596 3677.32795464073 3800.29086907696 4005.75650769497 4234.043749227 4462.33099075902 4667.79662937703 4790.75954381326 4897.41153413803 Inf 4445.11509061657 361.523774517224 -Inf 3736.54151300784 3850.46139887273 3981.80373140243 4201.27101025251 4445.11509061657 4688.95917098064 4908.42644983072 5039.76878236042 5153.68866822531 Inf
"46" 61.8181818181818 4185.53792215607 338.069537172007 -Inf 3522.93380502881 3629.46301777689 3752.28437753034 3957.51348448002 4185.53792215607 4413.56235983212 4618.79146678179 4741.61282653525 4848.14203928333 Inf 4372.59917498018 361.107533329096 -Inf 3664.84141510906 3778.63013906432 3909.82125031233 4129.03584503112 4372.59917498018 4616.16250492925 4835.37709964803 4966.56821089604 5080.35693485131 Inf
"47" 62.5252525252525 4124.86707096089 337.71167261377 -Inf 3462.96435547912 3569.38080139828 3692.07214822003 3897.08400926133 4124.86707096089 4352.65013266045 4557.66199370176 4680.3533405235 4786.76978644266 Inf 4338.34110090144 360.725069049173 -Inf 3631.33295724434 3745.00116274359 3876.05332393029 4095.035739189 4338.34110090144 4581.64646261388 4800.62887787259 4931.68103905929 5045.34924455855 Inf
"48" 63.2323232323232 4089.23377462956 337.797912830181 -Inf 3427.1620314296 3533.6056525342 3656.32833060434 3861.39254478797 4089.23377462956 4317.07500447114 4522.13921865477 4644.86189672492 4751.30551782951 Inf 4340.23712341154 360.817284576532 -Inf 3633.048240642 3746.74550420905 3877.83116748693 4096.86956327109 4340.23712341154 4583.60468355199 4802.64307933615 4933.72874261403 5047.42600618108 Inf
"49" 63.9393939393939 4103.745956041 338.000519824611 -Inf 3441.27711042894 3547.784575096 3670.58086070488 3875.76806985835 4103.745956041 4331.72384222364 4536.91105137712 4659.70733698599 4766.21480165305 Inf 4340.58283694372 361.033815124828 -Inf 3632.96956209796 3746.73505668352 3877.89938595595 4097.06922916783 4340.58283694372 4584.0964447196 4803.26628793148 4934.43061720392 5048.19611178947 Inf
"50" 64.6464646464646 4152.20544470032 337.945427873119 -Inf 3489.84457732903 3596.33468195156 3719.11095254089 3924.26471747428 4152.20544470032 4380.14617192637 4585.29993685976 4708.07620744909 4814.56631207161 Inf 4322.1281990313 360.974869045077 -Inf 3614.63045637888 3728.37737644417 3859.52029048432 4078.65434978202 4322.1281990313 4565.60204828058 4784.73610757827 4915.87902161843 5029.62594168371 Inf
"51" 65.3535353535354 4185.69470359483 337.674079076162 -Inf 3523.86567009282 3630.2702698989 3752.94795891094 3957.93699835105 4185.69470359483 4413.4524088386 4618.44144827871 4741.11913729075 4847.52373709683 Inf 4299.79448467511 360.685049509043 -Inf 3592.86477787534 3706.52037280299 3837.55799480826 4056.51611573229 4299.79448467511 4543.07285361792 4762.03097454195 4893.06859654723 5006.72419147488 Inf
"52" 66.0606060606061 4169.88958071859 337.316996254442 -Inf 3508.76041668665 3615.05249599709 3737.6004560839 3942.37272417804 4169.88958071859 4397.40643725914 4602.17870535327 4724.72666544008 4831.01874475052 Inf 4288.21735642043 360.303393246881 -Inf 3582.03568214897 3695.57101323537 3826.46997873386 4045.19641071454 4288.21735642043 4531.23830212632 4749.964734107 4880.86369960548 4994.39903069189 Inf
"53" 66.7676767676768 4121.08332704805 337.372210754139 -Inf 3459.84594458528 3566.15542255647 3688.72344218484 3893.52922889339 4121.08332704805 4348.63742520271 4553.44321191126 4676.01123153963 4782.32070951082 Inf 4282.43580908716 360.36246258287 -Inf 3576.13836104457 3689.69230549056 3820.61273100057 4039.37502171959 4282.43580908716 4525.49659645472 4744.25888717374 4875.17931268376 4988.73325712975 Inf
"54" 67.4747474747475 4082.40019974585 337.526623671935 -Inf 3420.86017352545 3527.21830860638 3649.8424267661 3854.74195166084 4082.40019974585 4310.05844783086 4514.9579727256 4637.58209088531 4743.94022596624 Inf 4268.3488703293 360.527494632579 -Inf 3561.72796541299 3675.33391316718 3806.31429516105 4025.17677053576 4268.3488703293 4511.52097012285 4730.38344549756 4861.36382749143 4974.96977524562 Inf
"55" 68.1818181818182 4067.47193602607 337.464775771165 -Inf 3406.0531294637 3512.3917756305 3634.99342432037 3839.8554037162 4067.47193602607 4295.08846833594 4499.95044773176 4622.55209642163 4728.89074258844 Inf 4235.74184847202 360.461297313609 -Inf 3529.25068791676 3642.8357762101 3773.79210858153 3992.61439809161 4235.74184847202 4478.86929885243 4697.69158836251 4828.64792073394 4942.23300902728 Inf
"56" 68.8888888888889 4049.59932132185 337.532000923008 -Inf 3388.04875588302 3494.40858539146 3617.03465711757 3821.93744633611 4049.59932132185 4277.2611963076 4482.16398552614 4604.79005725225 4711.14988676069 Inf 4185.26137550945 360.533208203049 -Inf 3478.62927220079 3592.23702036021 3723.21947810601 3942.08542197118 4185.26137550945 4428.43732904771 4647.30327291288 4778.28573065868 4891.8934788181 Inf
"57" 69.5959595959596 4010.62750860009 337.724776222808 -Inf 3348.69911051654 3455.11968551863 3577.81579290855 3782.83560865055 4010.62750860009 4238.41940854964 4443.43922429163 4566.13533168155 4672.55590668365 Inf 4135.34121133055 360.739100548459 -Inf 3428.3055664402 3541.9781934102 3673.03545226952 3892.02638551566 4135.34121133055 4378.65603714544 4597.64697039158 4728.70422925089 4842.3768562209 Inf
"58" 70.3030303030303 3971.70899205549 337.982525756626 -Inf 3309.27541416862 3415.77720871848 3538.56695704536 3743.74324268726 3971.70899205549 4199.67474142371 4404.85102706561 4527.64077539249 4634.14256994235 Inf 4111.48377416478 361.01459263361 -Inf 3403.90817470951 3517.66761208898 3648.82495779073 3867.9831317622 4111.48377416478 4354.98441656737 4574.14259053883 4705.29993624058 4819.05937362006 Inf
"59" 71.010101010101 3957.00859926673 337.890194667651 -Inf 3294.75598698891 3401.22868705631 3523.98489130823 3729.10512627164 3957.00859926673 4184.91207226182 4390.03230722523 4512.78851147716 4619.26121154455 Inf 4112.1821874498 360.915975278235 -Inf 3404.79987445931 3518.52823648867 3649.64975430192 3868.74806144261 4112.1821874498 4355.61631345699 4574.71462059768 4705.83613841093 4819.56450044029 Inf
"60" 71.7171717171717 3951.67107119709 337.443322074527 -Inf 3290.29431310747 3396.62619899225 3519.22005350991 3724.06900918571 3951.67107119709 4179.27313320847 4384.12208888427 4506.71594340193 4613.04782928671 Inf 4100.95979089991 360.438370466253 -Inf 3394.51356613975 3508.09142994602 3639.03943294654 3857.84780444305 4100.95979089991 4344.07177735678 4562.88014885328 4693.82815185381 4807.40601566007 Inf
"61" 72.4242424242424 3925.84347855908 337.328060020483 -Inf 3264.69262994417 3370.98819556189 3493.54017513771 3698.31915962174 3925.84347855908 4153.36779749643 4358.14678198045 4480.69876155628 4586.99432717399 Inf 4057.8337132531 360.315266239468 -Inf 3351.62876834378 3465.16784073313 3596.07111971429 3814.80475933541 4057.8337132531 4300.86266717079 4519.59630679191 4650.49958577308 4764.03865816242 Inf
"62" 73.1313131313131 3886.41983529859 337.653689756999 -Inf 3224.63076412781 3331.02893904824 3453.69922057859 3658.6758824416 3886.41983529859 4114.16378815557 4319.14045001858 4441.81073154893 4548.20890646937 Inf 4022.75201060061 360.663162789484 -Inf 3315.86520098291 3429.51389917854 3560.54356969348 3779.4884040258 4022.75201060061 4266.01561717542 4484.96045150774 4615.99012202268 4729.6388202183 Inf
"63" 73.8383838383838 3870.40712222892 338.10537635625 -Inf 3207.73276159131 3314.27326763755 3437.10764784052 3642.35851139044 3870.40712222892 4098.4557330674 4303.70659661732 4426.54097682029 4533.08148286653 Inf 4047.43045759009 361.145851901192 -Inf 3339.59759469772 3453.39839323194 3584.60342569618 3803.84128215691 4047.43045759009 4291.01963302328 4510.25748948401 4641.46252194825 4755.26332048247 Inf
"64" 74.5454545454545 3888.54715865965 338.478002114679 -Inf 3225.1424649558 3331.80038923803 3454.77014514717 3660.24721556645 3888.54715865965 4116.84710175284 4322.32417217212 4445.29392808126 4551.95185236349 Inf 4107.62585384907 361.543860093887 -Inf 3399.01290923347 3512.93912427161 3644.28875393271 3863.76822596942 4107.62585384907 4351.48348172873 4570.96295376543 4702.31258342654 4816.23879846468 Inf
"65" 75.2525252525253 3907.51878291842 339.073441613092 -Inf 3242.94704924272 3349.79260267821 3472.97868298457 3678.81722198668 3907.51878291842 4136.22034385016 4342.05888285228 4465.24496315864 4572.09051659413 Inf 4113.15262385523 362.180118183183 -Inf 3403.29263629973 3517.41934285191 3649.00012638844 3868.86584641587 4113.15262385523 4357.43940129459 4577.30512132202 4708.88590485855 4823.01261141073 Inf
"66" 75.959595959596 3895.74458847995 339.866451508603 -Inf 3229.61858396966 3336.7140230369 3460.18820547301 3666.50815050189 3895.74458847995 4124.98102645802 4331.30097148689 4454.775153923 4561.87059299024 Inf 4024.33156441507 363.027456461011 -Inf 3312.81082435231 3427.20453597221 3559.09315925179 3779.47326599237 4024.33156441507 4269.18986283778 4489.56996957836 4621.45859285793 4735.85230447784 Inf
"67" 76.6666666666667 3860.98672200873 340.689094091675 -Inf 3193.24836766347 3300.60302992923 3424.37608011157 3631.1954200403 3860.98672200873 4090.77802397715 4297.59736390589 4421.37041408823 4528.72507635399 Inf 3915.95820865605 363.906274718692 -Inf 3202.71501645927 3317.38565281461 3449.59355257881 3670.50715632625 3915.95820865605 4161.40926098585 4382.32286473329 4514.53076449749 4629.20140085283 Inf
"68" 77.3737373737374 3830.39000862288 341.532523218778 -Inf 3160.99856356499 3268.61899908458 3392.69846880746 3600.02982235321 3830.39000862288 4060.75019489255 4268.0815484383 4392.16101816117 4499.78145368077 Inf 3888.63959464292 364.807778312454 -Inf 3173.62948787044 3288.58419734557 3421.11961522375 3642.58048737937 3888.63959464292 4134.69870190648 4356.1595740621 4488.69499194027 4603.64970141541 Inf
"69" 78.0808080808081 3814.75229711933 342.313642492566 -Inf 3143.82988641718 3251.69646071046 3376.0597126757 3583.86525390581 3814.75229711933 4045.63934033285 4253.44488156295 4377.80813352819 4485.67470782148 Inf 3941.52031592437 365.641871027608 -Inf 3224.87541747042 3340.09295819928 3472.93140368028 3694.89862167373 3941.52031592437 4188.14201017501 4410.10922816846 4542.94767364945 4658.16521437832 Inf
"70" 78.7878787878788 3809.07474262407 344.08186060271 -Inf 3134.68668810923 3243.11044624349 3368.11609549317 3576.99505441914 3809.07474262407 4041.15443082899 4250.03338975497 4375.03903900465 4483.46279713891 Inf 3976.33065759857 367.531688216038 -Inf 3255.98178551793 3371.79482721682 3505.31984717805 3728.43430102459 3976.33065759857 4224.22701417255 4447.34146801908 4580.86648798031 4696.67952967921 Inf
"71" 79.4949494949495 3809.78728909821 347.391168909219 -Inf 3128.91310948887 3238.37966494697 3364.58759272623 3575.47550636031 3809.78728909821 4044.09907183612 4254.98698547019 4381.19491324945 4490.66146870755 Inf 3920.15650206216 371.067241086095 -Inf 3192.87807369077 3309.80520471882 3444.61469832596 3669.87545131605 3920.15650206216 4170.43755280827 4395.69830579836 4530.5077994055 4647.43493043354 Inf
"72" 80.2020202020202 3802.74486323038 353.884937636605 -Inf 3109.14313079143 3220.65594003531 3349.22306737953 3564.05310004571 3802.74486323038 4041.43662641505 4256.26665908122 4384.83378642544 4496.34659566933 Inf 3798.75639376548 378.006533865709 -Inf 3057.87720146787 3176.99097552511 3314.32152850379 3543.79486116591 3798.75639376548 4053.71792636505 4283.19125902717 4420.52181200584 4539.63558606309 Inf
"73" 80.9090909090909 3733.79277371907 366.942753426084 -Inf 3014.59819261598 3130.22565486261 3263.53671360062 3486.29364762445 3733.79277371907 3981.29189981369 4204.04883383751 4337.35989257552 4452.98735482215 Inf 3672.44183422088 391.960498738681 -Inf 2904.21337333071 3027.72418624886 3170.12424343068 3408.0684953399 3672.44183422088 3936.81517310187 4174.75942501108 4317.15948219291 4440.67029511106 Inf
"74" 81.6161616161616 3516.67572408305 416.604949090264 -Inf 2700.14502808499 2831.42156256599 2982.77499936279 3235.6799560407 3516.67572408305 3797.67149212539 4050.5764488033 4201.9298856001 4333.20642008111 Inf 3531.09339918434 445.023420432814 -Inf 2658.8635228592 2799.09501200708 2960.77293802466 3230.92966350521 3531.09339918434 3831.25713486348 4101.41386034403 4263.09178636161 4403.32327550948 Inf
"75" 82.3232323232323 3091.83263391807 605.190388030015 -Inf 1905.68126958942 2096.38302917073 2316.24994468565 2683.63792027463 3091.83263391807 3500.0273475615 3867.41532315048 4087.2822386654 4277.98399824672 Inf 3284.31215195442 646.772368465421 -Inf 2016.66160356653 2220.46627587208 2455.44001059657 2848.07081871445 3284.31215195442 3720.55348519439 4113.18429331227 4348.15802803677 4551.96270034232 Inf
"76" 83.030303030303 2483.02748483214 969.488291297441 -Inf 582.865350455878 888.361152604557 1240.57824734274 1829.1175694169 2483.02748483214 3136.93740024738 3725.47672232153 4077.69381705972 4383.1896192084 Inf 2852.68706638211 1036.716986607 -Inf 820.759110471498 1147.43937083939 1524.08078916923 2153.43208506152 2852.68706638211 3551.9420477027 4181.29334359499 4557.93476192483 4884.61502229272 Inf
"77" 83.7373737373737 1795.71024060627 1413.50172052337 -Inf -974.702223704934 -529.293191098741 -15.7651022304412 842.317818228729 1795.71024060627 2749.10266298381 3607.18558344298 4120.71367231127 4566.12270491747 Inf 2252.53980759331 1512.12616848833 -Inf -711.173022724357 -234.686405052949 314.672149066134 1232.62620594466 2252.53980759331 3272.45340924196 4190.40746612048 4739.76602023956 5216.25263791097 Inf
"78" 84.4444444444444 1159.54219968299 1819.77052218293 -Inf -2407.1424839232 -1833.71394394898 -1172.58756195246 -67.8743652383689 1159.54219968299 2386.95876460435 3491.67196131844 4152.79834331496 4726.22688328918 Inf 1592.43244800855 1947.22885216596 -Inf -2224.065971894 -1610.47399198119 -903.041735958355 279.046545936527 1592.43244800855 2905.81835008057 4087.90663197545 4795.33888799828 5408.9308679111 Inf
"79" 85.1515151515152 665.096228933579 2114.87888249739 -Inf -3479.99021242563 -2813.56997150533 -2045.23011386817 -761.367900217055 665.096228933579 2091.56035808421 3375.42257173533 4143.76242937249 4810.18267029278 Inf 1000.88843683482 2263.35463264042 -Inf -3435.20512738228 -2721.99863974118 -1899.71723600813 -525.721063939957 1000.88843683482 2527.4979376096 3901.49410967777 4723.77551341082 5436.98200105192 Inf
"80" 85.8585858585859 337.552247363415 2287.08963903908 -Inf -4145.06107456789 -3424.37544057314 -2593.47106008795 -1205.0662719481 337.552247363415 1880.17076667493 3268.57555481478 4099.47993529997 4820.16556929471 Inf 557.952184733174 2447.87048895871 -Inf -4239.78581244435 -3468.43646733803 -2579.12007264229 -1093.11136987695 557.952184733174 2209.01573934329 3695.02444210863 4584.34083680438 5355.69018191069 Inf
"81" 86.5656565656566 150.944666420138 2367.58046248489 -Inf -4489.42777055093 -3743.37864439758 -2883.23178183018 -1445.96408829042 150.944666420138 1747.8534211307 3185.12111467046 4045.26797723785 4791.31710339121 Inf 275.774189838675 2534.13059093542 -Inf -4691.03050051595 -3892.49970383012 -2971.84483626907 -1433.4709194056 275.774189838675 1985.01929908295 3523.39321594642 4444.04808350747 5242.5788801933 Inf
"82" 87.2727272727273 59.1035239884747 2397.51224011372 -Inf -4639.93411912837 -3884.45317982313 -3013.43204074161 -1557.99390793788 59.1035239884747 1676.20095591483 3131.63908871856 4002.66022780008 4758.14116710532 Inf 120.897670583556 2566.21397058487 -Inf -4908.78928838631 -4100.1486864665 -3167.83786094191 -1609.98734938593 120.897670583556 1851.78269055304 3409.63320210902 4341.94402763361 5150.58462955343 Inf
"83" 87.979797979798 20.0487893225166 2406.32891207192 -Inf -4696.26921329589 -3938.01004933716 -3063.78579515848 -1602.99539747048 20.0487893225166 1643.09297611551 3103.88337380352 3978.1076279822 4736.36679194092 Inf 47.024933250514 2575.66606544165 -Inf -5001.1877912171 -4189.56873630701 -3253.82394523633 -1690.23542781775 47.024933250514 1784.28529431878 3347.87381173736 4283.61860280803 5095.23765771813 Inf
"84" 88.6868686868687 5.77230457099724 2408.38591824219 -Inf -4714.57735605713 -3955.67000814853 -3080.69843938786 -1618.65931179994 5.77230457099724 1630.20392094193 3092.24304852985 3967.21461729052 4726.12196519912 Inf 16.225650123761 2577.87165819123 -Inf -5036.30995669759 -4223.99589666749 -3287.44980920426 -1722.5223606472 16.225650123761 1754.97366089472 3319.90110945178 4256.447196915 5068.76125694511 Inf
"85" 89.3939393939394 1.34756921791383 2408.76724219316 -Inf -4719.74947262055 -3960.7219655854 -3085.61186104728 -1623.34124624946 1.34756921791383 1626.03638468528 3088.30699948311 3963.41710402123 4722.44461105638 Inf 4.96109962336096 2578.28058055079 -Inf -5048.37598029521 -4235.93306459416 -3299.23841479475 -1734.06272508775 4.96109962336096 1743.98492433447 3309.16061404147 4245.85526384088 5058.29817954194 Inf
"86" 90.1010101010101 0.222319070901871 2408.823651397 -Inf -4720.98528277548 -3961.94000061594 -3086.80940249778 -1624.50454382627 0.222319070901871 1624.94918196808 3087.25404063959 3962.38463875774 4721.42992091728 Inf 1.34097149436078 2578.34107917767 -Inf -5052.11468355401 -4239.65270410901 -3302.93607503374 -1737.72365892048 1.34097149436078 1740.4056019092 3305.61801802246 4242.33464709773 5054.79662654273 Inf
"87" 90.8080808080808 0.00790858129963584 2408.83033788676 -Inf -4721.21279854419 -3962.16540940247 -3087.0323820688 -1624.72346428468 0.00790858129963584 1624.73928144728 3087.0481992314 3962.18122656507 4721.22861570679 Inf 0.319001713551322 2578.34825109849 -Inf -5053.15071004133 -4240.68647064979 -3303.96723600091 -1738.75046608838 0.319001713551322 1739.38846951548 3304.60523942801 4241.32447407689 5053.78871346843 Inf
"88" 91.5151515151515 -0.01165496000099 2408.83097522059 -Inf -4721.23361123685 -3962.18602126464 -3087.05276238627 -1624.74345770112 -0.01165496000099 1624.72014778112 3087.02945246627 3962.16271134463 4721.21030131685 Inf 0.0662571583900381 2578.34893475845 -Inf -5053.40479454539 -4240.94033972552 -3304.22085670156 -1739.00367176517 0.0662571583900381 1739.13618608195 3304.35337101834 4241.0728540423 5053.53730886217 Inf
"89" 92.2222222222222 -0.00576943583318121 2408.83102421128 -Inf -4721.22782173267 -3962.18021632298 -3087.0469396462 -1624.73760522067 -0.00576943583318121 1624.726066349 3087.03540077453 3962.16867745131 4721.216282861 Inf 0.0118391660033179 2578.34898731389 -Inf -5053.45931554454 -4240.99484416391 -3304.27534204645 -1739.05812520566 0.0118391660033179 1739.08180353767 3304.29902037846 4241.01852249591 5053.48299387655 Inf
"90" 92.9292929292929 -0.00183156557225608 2408.83102725545 -Inf -4721.22388982887 -3962.17628345993 -3087.0430056772 -1624.73366940367 -0.00183156557225608 1624.73000627252 3087.03934254605 3962.17262032879 4721.22022669772 Inf 0.00176569624883994 2578.34899057977 -Inf -5053.4693954153 -4241.00492300555 -3304.28541970159 -1739.06820087822 0.00176569624883994 1739.07173227072 3304.28895109409 4241.00845439804 5053.47292680779 Inf
"91" 93.6363636363636 -0.000461472294931375 2408.83102740865 -Inf -4721.22252003587 -3962.17491361866 -3087.04163578026 -1624.73229941373 -0.000461472294931375 1624.73137646914 3087.04071283567 3962.17399067407 4721.22159709128 Inf 0.000203695143213942 2578.34899074414 -Inf -5053.47095773857 -4241.00648527703 -3304.28698191335 -1739.06976299019 0.000203695143213942 1739.07017038048 3304.28738930364 4241.00689266731 5053.47136512886 Inf
"92" 94.3434343434343 -9.81357954713831e-05 2408.83102741491 -Inf -4721.22215671163 -3962.17455029245 -3087.04127245178 -1624.73193608145 -9.81357954713831e-05 1624.73173980986 3087.04107618019 3962.17435402086 4721.22196044004 Inf 1.33110146623359e-05 2578.34899075085 -Inf -5053.47114813586 -4241.0066756722 -3304.28717230608 -1739.06995337885 1.33110146623359e-05 1739.06998000088 3304.28719892811 4241.00670229422 5053.47117475788 Inf
"93" 95.0505050505051 -1.80878898609185e-05 2408.83102741512 -Inf -4721.22207666413 -3962.17447024489 -3087.04119240414 -1624.73185603368 -1.80878898609185e-05 1624.7318198579 3087.04115622836 3962.1744340691 4721.22204048835 Inf -1.15448391585295e-06 2578.34899075108 -Inf -5053.47116260179 -4241.00669013806 -3304.28718677187 -1739.0699678445 -1.15448391585295e-06 1739.06996553553 3304.2871844629 4241.00668782909 5053.47116029282 Inf
"94" 95.7575757575758 -2.93000693758993e-06 2408.83102741512 -Inf -4721.22206150626 -3962.17445508701 -3087.04117724627 -1624.7318408758 -2.93000693758993e-06 1624.73183501579 3087.04117138625 3962.174449227 4721.22205564625 Inf -5.95302258647037e-07 2578.34899075108 -Inf -5053.47116204262 -4241.00668957889 -3304.28718621269 -1739.06996728532 -5.95302258647037e-07 1739.06996609471 3304.28718502209 4241.00668838828 5053.47116085201 Inf
"95" 96.4646464646465 -4.20572343450818e-07 2408.83102741512 -Inf -4721.22205899683 -3962.17445257758 -3087.04117473683 -1624.73183836637 -4.20572343450818e-07 1624.73183752522 3087.04117389569 3962.17445173643 4721.22205815568 Inf -1.28344744381716e-07 2578.34899075108 -Inf -5053.47116157566 -4241.00668911193 -3304.28718574574 -1739.06996681836 -1.28344744381716e-07 1739.06996656167 3304.28718548905 4241.00668885524 5053.47116131897 Inf
"96" 97.1717171717172 -5.37765644840478e-08 2408.83102741512 -Inf -4721.22205863003 -3962.17445221078 -3087.04117437004 -1624.73183799957 -5.37765644840478e-08 1624.73183789202 3087.04117426248 3962.17445210323 4721.22205852248 Inf -2.05616514483185e-08 2578.34899075108 -Inf -5053.47116146788 -4241.00668900415 -3304.28718563795 -1739.06996671058 -2.05616514483185e-08 1739.06996666946 3304.28718559683 4241.00668896302 5053.47116142676 Inf
"97" 97.8787878787879 -6.1472569901091e-09 2408.83102741512 -Inf -4721.2220585824 -3962.17445216315 -3087.04117432241 -1624.73183795194 -6.1472569901091e-09 1624.73183793965 3087.04117431011 3962.17445215086 4721.22205857011 Inf -2.71855951492943e-09 2578.34899075108 -Inf -5053.47116145004 -4241.00668898631 -3304.28718562011 -1739.06996669274 -2.71855951492943e-09 1739.0699666873 3304.28718561467 4241.00668898087 5053.4711614446 Inf
"98" 98.5858585858586 -6.29811733527734e-10 2408.83102741512 -Inf -4721.22205857688 -3962.17445215764 -3087.04117431689 -1624.73183794643 -6.29811733527734e-10 1624.73183794517 3087.04117431563 3962.17445215637 4721.22205857563 Inf -3.08355719658363e-10 2578.34899075108 -Inf -5053.47116144763 -4241.0066889839 -3304.2871856177 -1739.06996669033 -3.08355719658363e-10 1739.06996668971 3304.28718561708 4241.00668898328 5053.47116144701 Inf
"99" 99.2929292929293 -5.79420233228168e-11 2408.83102741512 -Inf -4721.22205857631 -3962.17445215706 -3087.04117431632 -1624.73183794585 -5.79420233228168e-11 1624.73183794574 3087.0411743162 3962.17445215695 4721.2220585762 Inf -3.05715195014705e-11 2578.34899075108 -Inf -5053.47116144735 -4241.00668898362 -3304.28718561742 -1739.06996669005 -3.05715195014705e-11 1739.06996668999 3304.28718561736 4241.00668898355 5053.47116144729 Inf
"100" 100 -4.79340388319537e-12 2408.83102741512 -Inf -4721.22205857626 -3962.17445215701 -3087.04117431626 -1624.7318379458 -4.79340388319537e-12 1624.73183794579 3087.04117431625 3962.174452157 4721.22205857625 Inf -2.67721312710382e-12 2578.34899075108 -Inf -5053.47116144732 -4241.00668898359 -3304.28718561739 -1739.06996669002 -2.67721312710382e-12 1739.06996669001 3304.28718561739 4241.00668898358 5053.47116144731 Inf
