"mid_age" "mean_left" "std_left" "min_left" "l.q2.5" "l.q5" "l.q10" "l.q25" "l.q50" "l.q75" "l.q90" "l.q95" "l.q97.5" "max_left" "mean_right" "std_right" "min_right" "r.q2.5" "r.q5" "r.q10" "r.q25" "r.q50" "r.q75" "r.q90" "r.q95" "r.q97.5" "max_right"
"1" 30 3.85667573987691e-09 2369.54083253984 -Inf -4644.21469167128 -3897.5478326089 -3036.68876355943 -1598.23100421535 3.85667573987691e-09 1598.23100422307 3036.68876356714 3897.54783261661 4644.21469167899 Inf 3.91668472106878e-09 2515.06976911174 -Inf -4929.44616606057 -4136.92163175554 -3223.19160005514 -1696.38878028998 3.91668472106878e-09 1696.38878029781 3223.19160006297 4136.92163176337 4929.4461660684 Inf
"2" 30.7070707070707 3.9530098579503e-08 2369.54083253984 -Inf -4644.2146916356 -3897.54783257323 -3036.68876352375 -1598.23100417968 3.9530098579503e-08 1598.23100425874 3036.68876360281 3897.54783265229 4644.21469171466 Inf 4.04425017747446e-08 2515.06976911174 -Inf -4929.44616602405 -4136.92163171901 -3223.19160001861 -1696.38878025346 4.04425017747446e-08 1696.38878033434 3223.1916000995 4136.9216317999 4929.44616610493 Inf
"3" 31.4141414141414 3.66350126646003e-07 2369.54083253984 -Inf -4644.21469130878 -3897.54783224641 -3036.68876319693 -1598.23100385286 3.66350126646003e-07 1598.23100458556 3036.68876392963 3897.54783297911 4644.21469204148 Inf 3.77667649850726e-07 2515.06976911174 -Inf -4929.44616568682 -4136.92163138179 -3223.19159968139 -1696.38877991623 3.77667649850726e-07 1696.38878067157 3223.19160043672 4136.92163213712 4929.44616644216 Inf
"4" 32.1212121212121 3.06956392022958e-06 2369.54083253984 -Inf -4644.21468860557 -3897.5478295432 -3036.68876049372 -1598.23100114965 3.06956392022958e-06 1598.23100728877 3036.68876663285 3897.54783568232 4644.2146947447 Inf 3.18917879395935e-06 2515.06976911174 -Inf -4929.44616287531 -4136.92162857028 -3223.19159686988 -1696.38877710472 3.18917879395935e-06 1696.38878348308 3223.19160324823 4136.92163494863 4929.44616925367 Inf
"5" 32.8282828282828 2.32498124590807e-05 2369.54083253984 -Inf -4644.21466842532 -3897.54780936295 -3036.68874031347 -1598.2309809694 2.32498124590807e-05 1598.23102746902 3036.6887868131 3897.54785586257 4644.21471492494 Inf 2.43488468225019e-05 2515.06976911174 -Inf -4929.44614171564 -4136.92160741061 -3223.19157571021 -1696.38875594505 2.43488468225019e-05 1696.38880464274 3223.1916244079 4136.9216561083 4929.44619041333 Inf
"6" 33.5353535353535 0.000159171751528794 2369.54083253983 -Inf -4644.21453250337 -3897.547673441 -3036.68860439153 -1598.23084504746 0.000159171751528794 1598.23116339096 3036.68892273503 3897.5479917845 4644.21485084688 Inf 0.000168045698449001 2515.06976911174 -Inf -4929.44599801878 -4136.92146371375 -3223.19143201335 -1696.3886122482 0.000168045698449001 1696.38894833959 3223.19176810475 4136.92179980515 4929.44633411018 Inf
"7" 34.2424242424242 0.000984796698725899 2369.5408325397 -Inf -4644.21370687816 -3897.54684781583 -3036.68777876641 -1598.23001942242 0.000984796698725899 1598.23198901581 3036.6897483598 3897.54881740923 4644.21567647156 Inf 0.00104816118783873 2515.0697691116 -Inf -4929.44511790301 -4136.92058359803 -3223.19055189768 -1696.38773213261 0.00104816118783873 1696.38982845499 3223.19264822005 4136.9226799204 4929.44721422539 Inf
"8" 34.9494949494949 0.00550526616482631 2369.54083253556 -Inf -4644.20918640059 -3897.54232733957 -3036.68325829164 -1598.22549895016 0.00550526616482631 1598.23650948249 3036.69426882397 3897.5533378719 4644.22019693292 Inf 0.00590694121244597 2515.06976910725 -Inf -4929.44025911446 -4136.91572481084 -3223.18569311208 -1696.38287334965 0.00590694121244597 1696.39468723208 3223.1975069945 4136.92753869326 4929.45207299688 Inf
"9" 35.6565656565657 0.0278011469169431 2369.54083243337 -Inf -4644.18689031955 -3897.52003129073 -3036.66096227993 -1598.20320300048 0.0278011469169431 1598.25880529432 3036.71656457376 3897.57563358456 4644.24249261338 Inf 0.0300669781188237 2515.06976899959 -Inf -4929.41609886654 -4136.89156459685 -3223.1615329372 -1696.35871324013 0.0300669781188237 1696.41884719637 3223.22166689344 4136.95169855309 4929.47623282278 Inf
"10" 36.3636363636364 0.126789419106835 2369.54083037854 -Inf -4644.08789801996 -3897.42103963864 -3036.56197137436 -1598.10421334233 0.126789419106835 1598.35779218054 3036.81555021258 3897.67461847685 4644.34147685818 Inf 0.138178514707385 2515.06976683425 -Inf -4929.30798308598 -4136.78344949861 -3223.05341862562 -1696.25060024305 0.138178514707385 1696.52695727246 3223.32977565504 4137.05980652802 4929.5843401154 Inf
"11" 37.0707070707071 0.522037152900568 2369.5407968218 -Inf -4643.69258451617 -3897.02573670892 -3036.16668063588 -1597.70894297486 0.522037152900568 1598.75301728066 3037.21075494168 3898.06981101472 4644.73665882197 Inf 0.573078221816666 2515.06973146228 -Inf -4928.87301405108 -4136.34849160979 -3222.61847358751 -1695.81567667791 0.573078221816666 1696.96183312154 3223.76463003114 4137.49464805342 4930.01917049472 Inf
"12" 37.7777777777778 1.93979720538896 2369.54035245343 -Inf -4642.27395351769 -3895.60724573551 -3034.74835110242 -1596.29088320046 1.93979720538896 1600.17047761124 3038.62794551319 3899.48684014629 4646.15354792847 Inf 2.14374160844464 2515.0692629022 -Inf -4927.30143230357 -4134.77705751041 -3221.04720971698 -1694.24469725231 2.14374160844464 1698.53218046919 3225.33469293387 4139.0645407273 4931.58891552046 Inf
"13" 38.4848484848485 6.50219794948512 2369.53559041557 -Inf -4637.70221935089 -3891.03701213617 -3030.17984756124 -1591.72527051064 6.50219794948512 1604.72966640961 3043.18424346021 3904.04140803514 4650.70661524986 Inf 7.22832855507941 2515.06423981562 -Inf -4922.20700028815 -4129.68420832159 -3215.95618542587 -1689.15672228526 7.22832855507941 1703.61337939542 3230.41284253603 4144.14086543175 4936.66365739831 Inf
"14" 39.1919191919192 19.6516257519405 2369.49439846067 -Inf -4624.47205680038 -3877.81982959729 -3016.9776301445 -1578.54805915681 19.6516257519405 1617.85131066069 3056.28088164838 3917.12308110117 4663.77530830426 Inf 21.9527200831155 2515.0207727541 -Inf -4907.39741488502 -4114.88831983977 -3201.1760886171 -1674.40301266976 21.9527200831155 1718.30845283599 3245.08152878333 4158.79376000599 4951.30285505125 Inf
"15" 39.8989898989899 53.5219018758098 2369.20773010949 -Inf -4590.03992103269 -3843.47802599626 -2982.73997374638 -1544.48442816837 53.5219018758098 1651.52823191999 3089.783777498 3950.52182974787 4697.08372478431 Inf 60.0009755284273 2514.71814155852 -Inf -4868.75601319578 -4076.34228037478 -3162.73999568931 -1636.15063558494 60.0009755284273 1756.15258664179 3282.74194674616 4196.34423143163 4988.75796425263 Inf
"16" 40.6060606060606 131.280849888376 2367.6091431432 -Inf -4509.14780014004 -3763.08963641419 -2902.93235410451 -1465.64724963224 131.280849888376 1728.20894940899 3165.49405388126 4025.65133619094 4771.70949991679 Inf 147.450127338583 2513.02974690848 -Inf -4777.99766867985 -3986.11596650078 -3073.12707907213 -1547.56267888904 147.450127338583 1842.46293356621 3368.0273337493 4281.01622117794 5072.89792335702 Inf
"17" 41.3131313131313 289.833348331468 2360.49849314001 -Inf -4336.65868378401 -3592.84115952336 -2735.26719101778 -1302.29869064476 289.833348331468 1881.9653873077 3314.93388768071 4172.50785618629 4916.32538044695 Inf 325.482763224455 2505.51577792595 -Inf -4585.23792420727 -3795.72395148119 -2885.46490447325 -1364.46194794116 325.482763224455 2015.42747439007 3536.43043092216 4446.6894779301 5236.20345065618 Inf
"18" 42.020202020202 575.632917286239 2335.36847502284 -Inf -4001.60518438875 -3265.70638912321 -2417.26220800279 -999.54918204772 575.632917286239 2150.8150166202 3568.52804257526 4416.97222369568 5152.87101896123 Inf 644.778634285224 2478.94571896455 -Inf -4213.86569451504 -3432.72422256943 -2532.11813275387 -1027.24484444882 644.778634285224 2316.80211301927 3821.67540132432 4722.28149113988 5503.42296308548 Inf
"19" 42.7272727272727 1028.17426911227 2264.89800482671 -Inf -3410.94424900471 -2697.2514288021 -1874.40931477225 -499.476220382905 1028.17426911227 2555.82475860744 3930.75785299678 4753.59996702663 5467.29278722924 Inf 1145.53779276801 2404.39385191139 -Inf -3566.98756162783 -2809.33815516825 -1935.81691233484 -476.201215780692 1145.53779276801 2767.27680131672 4226.89249787086 5100.41374070427 5858.06314716386 Inf
"20" 43.4343434343434 1652.01508651398 2107.67451068957 -Inf -2478.95104557065 -1814.80097682693 -1049.07848231869 230.410232304325 1652.01508651398 3073.61994072364 4353.10865534665 5118.83114985489 5782.98121859862 Inf 1825.25664970098 2237.96655491537 -Inf -2561.07719653832 -1855.87075514765 -1042.81289238726 315.77114712893 1825.25664970098 3334.74215227304 4693.32619178923 5506.38405454962 6211.59049594029 Inf
"21" 44.1414141414141 2390.87677156107 1827.17048512799 -Inf -1190.31157290436 -614.551227960381 49.2635758284118 1158.46900748144 2390.87677156107 3623.28453564071 4732.48996729374 5396.30477108253 5972.06511602651 Inf 2611.89111489652 1940.86907873241 -Inf -1192.14237812644 -580.554428694446 124.567308529894 1302.794814819 2611.89111489652 3920.98741497404 5099.21492126315 5804.33665848749 6415.92460791948 Inf
"22" 44.8484848484848 3127.25698888635 1426.37199367188 -Inf 331.619252732877 781.083841713159 1299.28772734718 2165.18369918792 3127.25698888635 4089.33027858478 4955.22625042551 5473.43013605953 5922.89472503982 Inf 3370.27813084475 1516.12205870665 -Inf 398.733499613003 876.479263679991 1427.28953295255 2347.66934220094 3370.27813084475 4392.88691948857 5313.26672873696 5864.07699800952 6341.8227620765 Inf
"23" 45.5555555555556 3723.2753911306 974.368965186266 -Inf 1813.54731171195 2120.58106475501 2474.57131837806 3066.0735112033 3723.2753911306 4380.4772710579 4971.97946388313 5325.96971750618 5633.00347054924 Inf 3956.15799040929 1036.86020835806 -Inf 1923.94932502479 2250.67471604987 2627.36816713711 3256.8064074856 3956.15799040929 4655.50957333297 5284.94781368146 5661.6412647687 5988.36665579379 Inf
"24" 46.2626262626263 4089.00699869298 597.806808837901 -Inf 2917.32718365788 3105.70230095968 3322.88674693355 3685.79243353439 4089.00699869298 4492.22156385158 4855.12725045242 5072.31169642629 5260.68681372809 Inf 4293.15464224822 637.388001252128 -Inf 3043.89711561608 3244.74467661331 3476.30905138422 3863.2429685057 4293.15464224822 4723.06631599075 5110.00023311223 5341.56460788314 5542.41216888036 Inf
"25" 46.969696969697 4233.68186546375 411.466193691739 -Inf 3427.22294497216 3556.88020440198 3706.36672076942 3956.15213526648 4233.68186546375 4511.21159566103 4760.99701015808 4910.48352652553 5040.14078595534 Inf 4415.377193696 439.43221003717 -Inf 3554.1058883763 3692.57552921705 3852.22215697214 4118.98467211991 4415.377193696 4711.76971527208 4978.53223041986 5138.17885817494 5276.64849901569 Inf
"26" 47.6767676767677 4256.05715564561 368.339133214186 -Inf 3534.12572044911 3650.1931964301 3784.01156282363 4007.61618569653 4256.05715564561 4504.49812559469 4728.10274846759 4861.92111486113 4977.98859084212 Inf 4434.33040948493 393.375551402498 -Inf 3663.32849633744 3787.28520700649 3930.19935573808 4169.00263208621 4434.33040948493 4699.65818688364 4938.46146323177 5081.37561196336 5205.33232263241 Inf
"27" 48.3838383838384 4273.53827917151 351.149806345132 -Inf 3585.29730555684 3695.94824660141 3823.52169510922 4036.69133400838 4273.53827917151 4510.38522433464 4723.5548632338 4851.12831174161 4961.77925278618 Inf 4453.16781375002 375.048637013259 -Inf 3718.0859927532 3836.26770287556 3972.52364583031 4200.20135225957 4453.16781375002 4706.13427524048 4933.81198166973 5070.06792462449 5188.24963474685 Inf
"28" 49.0909090909091 4342.24538246939 341.013507371859 -Inf 3673.87118977886 3781.32807802934 3905.21898822513 4112.23526706865 4342.24538246939 4572.25549787012 4779.27177671365 4903.16268690943 5010.61957515992 Inf 4502.76258831027 364.246444329283 -Inf 3788.85267592811 3903.63050325108 4035.96198733603 4257.0820950648 4502.76258831027 4748.44308155574 4969.56318928452 5101.89467336947 5216.67250069244 Inf
"29" 49.7979797979798 4431.89970694312 338.256075554822 -Inf 3768.92998130381 3875.5179742284 3998.40710376087 4203.74945103985 4431.89970694312 4660.0499628464 4865.39231012538 4988.28143965784 5094.86943258243 Inf 4552.06191415457 361.300981843733 -Inf 3843.9250021619 3957.77468374778 4089.03607523994 4308.3681051652 4552.06191415457 4795.75572314395 5015.08775306921 5146.34914456137 5260.19882614725 Inf
"30" 50.5050505050505 4473.74976381464 337.762786762086 -Inf 3811.74686644307 3918.17941895978 4040.88933565698 4245.93222614595 4473.74976381464 4701.56730148333 4906.6101919723 5029.32010866949 5135.75266118621 Inf 4568.34179909506 360.775810861301 -Inf 3861.23420331367 3974.91839808349 4105.98899387513 4325.00221255043 4568.34179909506 4811.68138563968 5030.69460431498 5161.76520010663 5275.44939487644 Inf
"31" 51.2121212121212 4435.04782047173 337.665789632365 -Inf 3773.23503398102 3879.6370216975 4002.31169913752 4207.29570637283 4435.04782047173 4662.79993457063 4867.78394180594 4990.45861924596 5096.86060696244 Inf 4556.66482563861 360.670465176791 -Inf 3849.76370360479 3963.41470285829 4094.44702634559 4313.39629367841 4556.66482563861 4799.93335759881 5018.88262493162 5149.91494841893 5263.56594767243 Inf
"32" 51.9191919191919 4350.22228076745 337.12706371195 -Inf 3689.46537767828 3795.69760727735 3918.17656447994 4122.83353178003 4350.22228076745 4577.61102975486 4782.26799705495 4904.74695425755 5010.97918385661 Inf 4542.90285786796 360.097297844368 -Inf 3837.1251231628 3950.59551145323 4081.41960206713 4300.02092139863 4542.90285786796 4785.78479433729 5004.38611366879 5135.21020428269 5248.68059257311 Inf
"33" 52.6262626262626 4282.85185432269 336.805813586609 -Inf 3622.72458990922 3728.85559026641 3851.21783663625 4055.67978525207 4282.85185432269 4510.02392339331 4714.48587200913 4836.84811837896 4942.97911873615 Inf 4534.88337545506 359.753510334649 -Inf 3829.77945188729 3943.14150917259 4073.84070107553 4292.23332013728 4534.88337545506 4777.53343077284 4995.9260498346 5126.62524173753 5239.98729902283 Inf
"34" 53.3333333333333 4263.6456786213 336.204689382023 -Inf 3604.69659599905 3710.63817589318 3832.78203260033 4036.87906166526 4263.6456786213 4490.41229557733 4694.50932464226 4816.65318134941 4922.59476124354 Inf 4516.46739074933 359.112041561287 -Inf 3812.62072287456 3925.7806467053 4056.24679168054 4274.24999954425 4516.46739074933 4758.68478195441 4976.68798981812 5107.15413479336 5220.31405862411 Inf
"35" 54.040404040404 4272.09899168529 335.571889438356 -Inf 3614.39017416205 3720.13235223965 3842.0463114228 4045.75919180518 4272.09899168529 4498.43879156539 4702.15167194777 4824.06563113092 4929.80780920852 Inf 4479.55768721982 358.437482855445 -Inf 3777.03313011396 3889.98049350969 4020.20156991656 4237.79527894774 4479.55768721982 4721.3200954919 4938.91380452308 5069.13488092995 5182.08224432568 Inf
"36" 54.7474747474747 4274.71189446129 335.588019681356 -Inf 3616.97146224271 3722.71872312695 3844.63854246063 4048.36121489761 4274.71189446129 4501.06257402496 4704.78524646194 4826.70506579563 4932.45232667986 Inf 4445.70380916591 358.453955859438 -Inf 3743.1469655655 3856.09951977541 3986.32658085859 4203.93029002148 4445.70380916591 4687.47732831034 4905.08103747323 5035.30809855641 5148.26065276632 Inf
"37" 55.4545454545455 4265.55863997364 335.532214792624 -Inf 3607.92758332714 3713.65725951293 3835.5568048155 4039.24560023542 4265.55863997364 4491.87167971185 4695.56047513177 4817.46002043435 4923.18969662014 Inf 4442.41406937398 358.394800775503 -Inf 3739.97316760759 3852.90708143785 3983.11265135709 4200.68044972734 4442.41406937398 4684.14768902063 4901.71548739088 5031.92105731012 5144.85497114038 Inf
"38" 56.1616161616162 4260.99326161011 335.496702939712 -Inf 3603.43180691634 3709.15029294947 3831.03693672267 4034.7041742527 4260.99326161011 4487.28234896753 4690.94958649755 4812.83623027076 4918.55471630388 Inf 4464.10184793698 358.356890046164 -Inf 3761.73524983472 3874.6572176015 4004.84901447463 4222.3937986887 4464.10184793698 4705.80989718526 4923.35468139934 5053.54647827246 5166.46844603924 Inf
"39" 56.8686868686869 4267.44995491675 335.611886760269 -Inf 3609.66274408309 3715.4175257311 3837.34601602376 4041.08317725299 4267.44995491675 4493.81673258052 4697.55389380975 4819.48238410241 4925.23716575042 Inf 4475.47680444997 358.479552345825 -Inf 3772.86979265811 3885.830412586 4016.06677292545 4233.68602073783 4475.47680444997 4717.26758816211 4934.88683597449 5065.12319631394 5178.08381624183 Inf
"40" 57.5757575757576 4272.61068507601 335.510896487823 -Inf 3615.02141153913 3720.74437010628 3842.63617042477 4046.31202431588 4272.61068507601 4498.90934583615 4702.58519972725 4824.47700004575 4930.19995861289 Inf 4459.15372750998 358.372037827871 -Inf 3756.75744030112 3869.68418129081 3999.88148138426 4217.43546123819 4459.15372750998 4700.87199378176 4918.42597363569 5048.62327372914 5161.55001471883 Inf
"41" 58.2828282828283 4266.24017493923 335.402859321525 -Inf 3608.86265035729 3714.55156529433 3836.4041154876 4040.01438414041 4266.24017493923 4492.46596573806 4696.07623439087 4817.92878458414 4923.61769952117 Inf 4441.12057326158 358.256666267475 -Inf 3738.95041015594 3851.84079637198 3981.99618173971 4199.48012392475 4441.12057326158 4682.76102259841 4900.24496478345 5030.40035015118 5143.29073636722 Inf
"42" 58.989898989899 4252.67549949738 335.389543092323 -Inf 3595.32407424508 3701.00879310037 3822.85650548012 4026.45869035866 4252.67549949738 4478.8923086361 4682.49449351463 4804.34220589438 4910.02692474967 Inf 4451.93243861843 358.242434881188 -Inf 3749.79016851736 3862.67607027618 3992.82628535193 4210.30158820578 4451.93243861843 4693.56328903108 4911.03859188492 5041.18880696068 5154.07470871949 Inf
"43" 59.6969696969697 4238.40728642356 335.320803080962 -Inf 3581.19058911783 3686.85364728356 3808.67638627548 4012.23684171794 4238.40728642356 4464.57773112919 4668.13818657164 4789.96092556356 4895.6239837293 Inf 4475.9699465959 358.169047227483 -Inf 3773.97151365301 3886.83429020202 4016.9578433919 4234.38859540347 4475.9699465959 4717.55129778833 4934.9820497999 5065.10560298978 5177.96837953879 Inf
"44" 60.4040404040404 4220.52062048886 335.171688291854 -Inf 3563.59618279934 3669.21225335055 3790.9808186322 3994.45075218008 4220.52062048886 4446.59048879763 4650.06042234551 4771.82898762716 4877.44505817838 Inf 4466.58272899117 358.009911480874 -Inf 3764.89619638029 3877.70882760728 4007.77456645238 4225.10871322872 4466.58272899117 4708.05674475363 4925.39089152997 5055.45663037507 5168.26926160206 Inf
"45" 61.1111111111111 4194.3143736352 335.002816963269 -Inf 3537.72091766773 3643.28377511421 3764.99098909407 3968.35840730666 4194.3143736352 4420.27033996374 4623.63775817633 4745.34497215619 4850.90782960267 Inf 4410.90984862876 357.829700765987 -Inf 3709.57652252869 3822.33236749287 3952.33263541376 4169.55738314638 4410.90984862876 4652.26231411115 4869.48706184377 4999.48732976466 5112.24317472884 Inf
"46" 61.8181818181818 4163.42839467482 334.763639566604 -Inf 3507.30371779073 3612.79120796222 3734.41152830083 3937.63375104881 4163.42839467482 4389.22303830083 4592.44526104881 4714.06558138742 4819.55307155891 Inf 4350.73224912199 357.574334296679 -Inf 3649.89943210461 3762.57480844934 3892.48230120551 4109.55202570569 4350.73224912199 4591.91247253828 4808.98219703846 4938.88968979464 5051.56506613936 Inf
"47" 62.5252525252525 4136.94431605748 334.53818050001 -Inf 3481.2615308239 3586.67797650829 3708.21638710325 3911.30174226098 4136.94431605748 4362.58688985399 4565.67224501171 4687.21065560667 4792.62710129106 Inf 4328.50958620563 357.333915684363 -Inf 3628.14798100961 3740.74759895944 3870.56774713816 4087.4915226791 4328.50958620563 4569.52764973217 4786.45142527311 4916.27157345183 5028.87119140166 Inf
"48" 63.2323232323232 4123.68496213704 334.601419828876 -Inf 3467.87823009648 3573.3146031484 3694.8759887219 3897.99973406141 4123.68496213704 4349.37019021267 4552.49393555218 4674.05532112568 4779.4916941776 Inf 4337.82953483273 357.40125346826 -Inf 3637.33595000547 3749.95678678846 3879.80139892288 4096.76605266116 4337.82953483273 4578.8930170043 4795.85767074258 4925.702282877 5038.32311965999 Inf
"49" 63.9393939393939 4130.85599443242 334.768590728366 -Inf 3474.72161344959 3580.21066378343 3701.83278288932 3905.05801129855 4130.85599443242 4356.65397756629 4559.87920597552 4681.50132508141 4786.99037541525 Inf 4344.44418845033 357.579652007489 -Inf 3643.60094891128 3756.27800092176 3886.18742561324 4103.26037829259 4344.44418845033 4585.62799860806 4802.70095128742 4932.61037597889 5045.28742798937 Inf
"50" 64.6464646464646 4156.08545527133 334.831709999293 -Inf 3499.82736279075 3605.33630266063 3726.98135312776 3930.24489883618 4156.08545527133 4381.92601170648 4585.1895574149 4706.83460788203 4812.3435477519 Inf 4335.05975021392 357.647044282013 -Inf 3634.08442424397 3746.78271225818 3876.71662070191 4093.83048465778 4335.05975021392 4576.28901577006 4793.40287972593 4923.33678816966 5036.03507618387 Inf
"51" 65.3535353535354 4177.19311688487 334.683164331134 -Inf 3521.22616856394 3626.6883001552 3748.27938367488 3951.45275298032 4177.19311688487 4402.93348078941 4606.10685009485 4727.69793361453 4833.16006520579 Inf 4321.56034467401 357.488345116057 -Inf 3620.89606335371 3733.54434361698 3863.42059632658 4080.43812007867 4321.56034467401 4562.68256926935 4779.70009302144 4909.57634573103 5022.22462599431 Inf
"52" 66.0606060606061 4165.67100913982 334.407590051836 -Inf 3510.24417648139 3615.61947176296 3737.11043857889 3940.11651726208 4165.67100913982 4391.22550101756 4594.23157970075 4715.72254651668 4821.09784179825 Inf 4310.2318766248 357.194538768438 -Inf 3610.14344516426 3722.69914400427 3852.46865626212 4069.30782139947 4310.2318766248 4551.15593185013 4767.99509698747 4897.76460924532 5010.32030808533 Inf
"53" 66.7676767676768 4119.72308618084 334.410873303416 -Inf 3464.28981846756 3569.66614833571 3691.15830796371 3894.16637978357 4119.72308618084 4345.27979257812 4548.28786439797 4669.78002402597 4775.15635389412 Inf 4292.23427780652 357.197856875902 -Inf 3592.13934297486 3704.6960873849 3834.46680511803 4051.30798455172 4292.23427780652 4533.16057106132 4750.00175049501 4879.77246822814 4992.32921263818 Inf
"54" 67.4747474747475 4070.29892237215 334.463118786082 -Inf 3414.76325539449 3520.15604835536 3641.66718887492 3844.70697693232 4070.29892237215 4295.89086781198 4498.93065586938 4620.44179638894 4725.83458934981 Inf 4260.72598552001 357.25356546156 -Inf 3560.52186386683 3673.09616262921 3802.88711940635 4019.76211739518 4260.72598552001 4501.68985364483 4718.56485163366 4848.3558084108 4960.93010717319 Inf
"55" 68.1818181818182 4043.80853295491 334.374935886605 -Inf 3388.44570128428 3493.81070690016 3615.28981039056 3818.27606597692 4043.80853295491 4269.3409999329 4472.32725551926 4593.80635900966 4699.17136462554 Inf 4219.01142791697 357.159611084372 -Inf 3518.99145345927 3631.53614622427 3761.29296918249 3978.11093105654 4219.01142791697 4459.9119247774 4676.72988665145 4806.48670960968 4919.03140237467 Inf
"56" 68.8888888888889 4033.02464731654 334.380563208591 -Inf 3377.65078629748 3483.01756514081 3604.49871304888 3807.48838476755 4033.02464731654 4258.56090986553 4461.55058158419 4583.03172949227 4688.3985083356 Inf 4175.10039232075 357.165525236492 -Inf 3475.06882633789 3587.61538271347 3717.37435429536 3934.19590642533 4175.10039232075 4416.00487821616 4632.82643034613 4762.58540192802 4875.1319583036 Inf
"57" 69.5959595959596 4017.56199311166 334.533687925848 -Inf 3361.88801316164 3467.30304318938 3588.83982162288 3791.92244951038 4017.56199311166 4243.20153671294 4446.28416460044 4567.82094303394 4673.23597306169 Inf 4141.45470125671 357.329048630847 -Inf 3441.10263531028 3553.70071960114 3683.51909956928 3900.43992050788 4141.45470125671 4382.46948200553 4599.39030294413 4729.20868291227 4841.80676720313 Inf
"58" 70.3030303030303 3996.32365062929 334.737292324459 -Inf 3340.25061339089 3445.72980127349 3567.34054960472 3770.54677794805 3996.32365062929 4222.10052331053 4425.30675165386 4546.91749998509 4652.39668786768 Inf 4130.68988046258 357.546111307241 -Inf 3429.91237948804 3542.57886247647 3672.4761017624 3889.52869316338 4130.68988046258 4371.85106776178 4588.90365916275 4718.80089844869 4831.46738143712 Inf
"59" 71.010101010101 3978.84573461965 334.659056953226 -Inf 3322.92603589119 3428.38057099797 3549.96289625756 3753.12163089441 3978.84573461965 4204.56983834489 4407.72857298174 4529.31089824132 4634.76543334811 Inf 4134.43931693887 357.462671550597 -Inf 3433.82535488223 3546.4655451391 3676.33247058944 3893.33440890028 4134.43931693887 4375.54422497745 4592.54616328829 4722.41308873863 4835.05327899551 Inf
"60" 71.7171717171717 3957.64954816773 334.368889264639 -Inf 3302.29856765837 3407.66166792105 3529.13857466122 3732.12115957428 3957.64954816773 4183.17793676117 4386.16052167423 4507.6374284144 4613.00052867708 Inf 4118.58659693401 357.153155743996 -Inf 3418.57927471095 3531.12193333133 3660.87641105109 3877.6904541345 4118.58659693401 4359.48273973352 4576.29678281692 4706.05126053668 4818.59391915706 Inf
"61" 72.4242424242424 3917.97258275055 334.28016948583 -Inf 3262.79548981237 3368.13063355383 3489.57530821547 3692.50403473855 3917.97258275055 4143.44113076255 4346.36985728563 4467.81453194727 4573.14967568872 Inf 4065.42274953578 357.058446573401 -Inf 3365.6010538761 3478.11386865587 3607.83393833872 3824.59048710109 4065.42274953578 4306.25501197048 4523.01156073285 4652.7316304157 4765.24444519547 Inf
"62" 73.1313131313131 3872.79126773898 334.52594807869 -Inf 3217.13245761063 3322.54504873236 3444.07901526344 3647.15694458527 3872.79126773898 4098.42559089268 4301.50352021451 4423.03748674559 4528.45007786733 Inf 4013.24506141035 357.320758496345 -Inf 3312.90924382898 3425.50471581259 3555.32008395778 3772.23587227228 4013.24506141035 4254.25425054843 4471.17003886293 4600.98540700812 4713.58087899172 Inf
"63" 73.8383838383838 3858.83929102996 334.864354469571 -Inf 3202.51721656335 3308.03644304393 3429.6933533144 3632.97671623421 3858.83929102996 4084.70186582572 4287.98522874552 4409.642139016 4515.16136549658 Inf 4019.90713313507 357.68173604009 -Inf 3318.86381256873 3431.57303231523 3561.51954434618 3778.65446834369 4019.90713313507 4261.15979792645 4478.29472192396 4608.24123395491 4720.95045370141 Inf
"64" 74.5454545454545 3888.06003400052 335.200618835815 -Inf 3231.07889348678 3336.70408035205 3458.48315615996 3661.97065233637 3888.06003400052 4114.14941566466 4317.63691184107 4439.41598764898 4545.04117451425 Inf 4081.43684918466 358.041031653706 -Inf 3379.68932215583 3492.51175967161 3622.58880453965 3839.9418431846 4081.43684918466 4322.93185518471 4540.28489382967 4670.3619386977 4783.18437621349 Inf
"65" 75.2525252525253 3924.32314235011 335.852206895358 -Inf 3266.06491270691 3371.89542171862 3493.91122081175 3697.79427121845 3924.32314235011 4150.85201348176 4354.73506388846 4476.75086298159 4582.5813719933 Inf 4121.33059170372 358.735899741198 -Inf 3418.2211482494 3531.26254589671 3661.59203777334 3879.36690430091 4121.33059170372 4363.29427910653 4581.0691456341 4711.39863751073 4824.44003515804 Inf
"66" 75.959595959596 3922.59143596802 336.283331136224 -Inf 3263.48821833986 3369.45457906528 3491.62700648384 3695.77177595484 3922.59143596802 4149.4110959812 4353.5558654522 4475.72829287076 4581.69465359617 Inf 4080.59066510052 359.196020688571 -Inf 3376.57940116081 3489.76578768438 3620.26244244969 3838.31663083485 4080.59066510052 4322.86469936618 4540.91888775134 4671.41554251665 4784.60192904022 Inf
"67" 76.6666666666667 3878.04147445144 336.553739081449 -Inf 3218.40826698951 3324.45983605923 3446.73050324172 3651.03942705083 3878.04147445144 4105.04352185204 4309.35244566116 4431.62311284364 4537.67468191337 Inf 3992.21893520149 359.485433240033 -Inf 3287.64043308425 3400.9180165004 3531.51981544225 3749.74969513629 3992.21893520149 4234.68817526669 4452.91805496074 4583.51985390258 4696.79743731874 Inf
"68" 77.3737373737374 3823.57481158159 337.523484594602 -Inf 3162.04093783971 3268.39808376486 3391.02106149131 3595.91868077207 3823.57481158159 4051.23094239112 4256.12856167187 4378.75153939832 4485.10868532347 Inf 3937.07582672138 360.519216112883 -Inf 3230.47114740551 3344.0744865124 3475.051860903 3693.90931070451 3937.07582672138 4180.24234273824 4399.09979253975 4530.07716693035 4643.68050603724 Inf
"69" 78.0808080808081 3789.92711585522 338.878976753329 -Inf 3125.73652630091 3232.5208018449 3355.63623266684 3561.35671947816 3789.92711585522 4018.49751223227 4224.2179990436 4347.33342986553 4454.11770540953 Inf 3940.34698728762 361.966964242844 -Inf 3230.90477377835 3344.96431331616 3476.46765758678 3696.20397999623 3940.34698728762 4184.48999457901 4404.22631698846 4535.72966125907 4649.78920079689 Inf
"70" 78.7878787878788 3782.96874227115 340.742491465336 -Inf 3115.12573099664 3222.49721932791 3346.28966888618 3553.1414243215 3782.96874227115 4012.79606022079 4219.64781565612 4343.44026521439 4450.81175354565 Inf 3946.12056118176 363.953800304285 -Inf 3232.78422054887 3347.46983270848 3479.69499861589 3700.6374533316 3946.12056118176 4191.60366903191 4412.54612374762 4544.77128965503 4659.45690181464 Inf
"71" 79.4949494949495 3790.03999591625 342.851243314101 -Inf 3118.06390696584 3226.09988484623 3350.65844829815 3558.79034645891 3790.03999591625 4021.2896453736 4229.42154353435 4353.98010698627 4462.01608486667 Inf 3894.17835128718 366.205123111574 -Inf 3176.42949903444 3291.8245263289 3424.86760245309 3647.17674927913 3894.17835128718 4141.17995329523 4363.48910012127 4496.53217624546 4611.92720353992 Inf
"72" 80.2020202020202 3783.50269903811 347.35263830567 -Inf 3102.70403802403 3212.15845208987 3338.35238162143 3549.21690479737 3783.50269903811 4017.78849327885 4228.65301645479 4354.84694598636 4464.30136005219 Inf 3786.61463123043 371.009084730143 -Inf 3059.45018722218 3176.35899258011 3311.14735786324 3536.37280635032 3786.61463123043 4036.85645611054 4262.08190459761 4396.87026988075 4513.77907523868 Inf
"73" 80.9090909090909 3710.89736837279 360.769757494474 -Inf 3003.80163697237 3117.4839242636 3248.5523208546 3467.56186476204 3710.89736837279 3954.23287198354 4173.24241589098 4304.31081248198 4417.99309977321 Inf 3658.49199456328 385.320680000917 -Inf 2903.277339263 3024.69587652437 3164.6836738714 3398.59714536408 3658.49199456328 3918.38684376248 4152.30031525517 4292.2881126022 4413.70664986356 Inf
"74" 81.6161616161616 3500.9518720638 412.510468455095 -Inf 2692.44621064607 2822.43253186999 2972.29843541164 3222.71778924226 3500.9518720638 3779.18595488535 4029.60530871597 4179.47121225762 4309.45753348154 Inf 3502.20557332009 440.527209665135 -Inf 2638.7881081665 2777.60279473158 2937.64723810874 3205.07448571848 3502.20557332009 3799.3366609217 4066.76390853144 4226.8083519086 4365.62303847368 Inf
"75" 82.3232323232323 3103.47191419058 596.92844065698 -Inf 1933.51366915525 2121.61200354546 2338.47733654853 2700.84979936692 3103.47191419058 3506.09402901425 3868.46649183263 4085.3318248357 4273.43015922592 Inf 3249.98702577833 636.597132435919 -Inf 2002.27957354245 2202.8779235842 2434.15497408387 2820.60878494608 3249.98702577833 3679.36526661057 4065.81907747278 4297.09612797245 4497.6944780142 Inf
"76" 83.030303030303 2534.0671226065 951.670932409386 -Inf 668.826369950456 968.707737768636 1314.45174929397 1892.17483313683 2534.0671226065 3175.95941207618 3753.68249591904 4099.42650744437 4399.30787526255 Inf 2837.09243892923 1013.09124984344 -Inf 851.470076183424 1170.70562219145 1538.76376165284 2153.77277489649 2837.09243892923 3520.41210296197 4135.42111620562 4503.47925566701 4822.71480167504 Inf
"77" 83.7373737373737 1879.41881453705 1386.66698405287 -Inf -838.398532757353 -401.445403556174 102.333570235083 944.126146858074 1879.41881453705 2814.71148221602 3656.50405883901 4160.28303263027 4597.23616183145 Inf 2272.2122105807 1474.35301202363 -Inf -617.466593483766 -152.882688653198 382.752799856418 1277.77621580004 2272.2122105807 3266.64820536136 4161.67162130498 4697.3071098146 5161.89101464517 Inf
"78" 84.4444444444444 1255.25138029861 1786.62623541895 -Inf -2246.47169495692 -1683.48726303691 -1034.40226874561 50.1902970771137 1255.25138029861 2460.3124635201 3544.90502934282 4193.99002363413 4756.97445555413 Inf 1643.88269930523 1898.151688717 -Inf -2076.42624777397 -1478.29899038499 -788.696569011169 363.598840948229 1643.88269930523 2924.16655766223 4076.46196762162 4766.06438899544 5364.19164638443 Inf
"79" 85.1515151515152 751.349869374704 2078.1370716845 -Inf -3321.72394606444 -2666.88143028785 -1911.88994825883 -650.332284978988 751.349869374704 2153.0320237284 3414.58968700824 4169.58116903726 4824.42368481385 Inf 1066.12141526922 2206.82558255068 -Inf -3259.17724669174 -2563.78364823857 -1762.03936493248 -422.359820631709 1066.12141526922 2554.60265117016 3894.28219547093 4696.02647877701 5391.42007723019 Inf
"80" 85.8585858585859 402.001958572535 2248.67107791067 -Inf -4005.31236720923 -3296.7328197497 -2479.78598171874 -1114.70363504058 402.001958572535 1918.70755218565 3283.78989886381 4100.73673689477 4809.3162843543 Inf 618.064308160756 2387.28134906926 -Inf -4060.92115697918 -3308.66407740942 -2441.35984213438 -992.132492620734 618.064308160756 2228.26110894225 3677.48845845589 4544.79269373093 5297.0497733007 Inf
"81" 86.5656565656566 191.971681104661 2328.53241491064 -Inf -4371.86798895427 -3638.12330703517 -2792.16268064542 -1378.59956575189 191.971681104661 1762.54292796122 3176.10604285474 4022.06666924449 4755.81135116359 Inf 320.222653619376 2471.73600686284 -Inf -4524.29089912263 -3745.42128213551 -2847.43449558865 -1346.9379482002 320.222653619376 1987.38325543895 3487.8798028274 4385.86658937426 5164.73620636138 Inf
"82" 87.2727272727273 81.7272367248527 2358.27629675928 -Inf -4540.40937051783 -3797.29208335334 -2940.52544337373 -1508.90595356965 81.7272367248527 1672.36042701936 3103.97991682343 3960.74655680304 4703.86384396753 Inf 148.420139672967 2503.17214325702 -Inf -4757.70710821474 -3968.93163904724 -3059.52403934571 -1539.94381393025 148.420139672967 1836.78409327619 3356.36431869164 4265.77191839317 5054.54738756067 Inf
"83" 87.979797979798 30.9764220372199 2367.04853486883 -Inf -4608.35345596398 -3862.47194571194 -3002.51833354398 -1565.57355294846 30.9764220372199 1627.5263970229 3064.47117761842 3924.42478978637 4670.30630003842 Inf 61.6310102280263 2512.43852758401 -Inf -4862.65801720749 -4070.96261436116 -3158.18851813184 -1632.98302462513 61.6310102280263 1756.24504508118 3281.45053858789 4194.22463481721 4985.92003766354 Inf
"84" 88.6868686868687 10.4318639748947 2369.09716839205 -Inf -4632.91326194935 -3886.38620605524 -3025.68832110522 -1587.49989332411 10.4318639748947 1608.36362127389 3046.55204905501 3907.24993400502 4653.77698989914 Inf 22.9650213754659 2514.60154790397 -Inf -4905.56344798498 -4113.18645503216 -3199.62652906174 -1673.10794851296 22.9650213754659 1719.03799126389 3245.55657181267 4159.11649778309 4951.49349073591 Inf
"85" 89.3939393939394 3.11153278432709 2369.47722186448 -Inf -4640.97848425808 -3894.33166957837 -3033.49571041837 -1595.07656668635 3.11153278432709 1601.29963225501 3039.71877598703 3900.55473514702 4647.20154982674 Inf 7.69073692969296 2515.0026596448 -Inf -4921.62389699656 -4129.12050957965 -3215.41485888693 -1688.65277871661 7.69073692969296 1704.03425257599 3230.79633274632 4144.50198343904 4937.00537085594 Inf
"86" 90.1010101010101 0.817718873157379 2369.53347398456 -Inf -4643.38255029866 -3896.71800999327 -3035.8616143221 -1597.40832207594 0.817718873157379 1599.04375982226 3037.49705206841 3898.35344773959 4645.01798804498 Inf 2.31803708377755 2515.06200803173 -Inf -4927.11291754341 -4134.59082883507 -3220.86361675104 -1694.0655084412 2.31803708377755 1698.70158260876 3225.49969091859 4139.22690300263 4931.74899171096 Inf
"87" 90.8080808080808 0.187676905815958 2369.54014447032 -Inf -4644.02566617785 -3897.35902393331 -3036.5002048609 -1598.04286321756 0.187676905815958 1598.41821702919 3036.87555867254 3897.73437774494 4644.40101998948 Inf 0.629618297011186 2515.06904358396 -Inf -4928.81512575914 -4136.29082007543 -3222.56105196077 -1695.75867263583 0.629618297011186 1697.01790922985 3223.82028855479 4137.55005666945 4930.07436235317 Inf
"88" 91.5151515151515 0.0370189849273672 2369.54078044763 -Inf -4644.17757059136 -3897.51072794378 -3036.65167781951 -1598.19395009862 0.0370189849273672 1598.26798806848 3036.72571578936 3897.58476591363 4644.25160856121 Inf 0.154286455569576 2515.06971419552 -Inf -4929.2917719751 -4136.76725497474 -3223.03724322551 -1696.2344567979 0.154286455569576 1696.54302970904 3223.34581613665 4137.07582788587 4929.60034488624 Inf
"89" 92.2222222222222 0.00607230966397375 2369.54082934203 -Inf -4644.20861309788 -3897.54175504317 -3036.68268715546 -1598.22492975266 0.00607230966397375 1598.23707437198 3036.69483177479 3897.5538996625 4644.22075771721 Inf 0.0341429637938006 2515.06976574121 -Inf -4929.41201649457 -4136.88748325163 -3223.15745277575 -1696.35463505671 0.0341429637938006 1696.4229209843 3223.22573870334 4136.95576917921 4929.48030242216 Inf
"90" 92.9292929292929 0.000761107571054416 2369.54083238046 -Inf -4644.21393025519 -3897.54707124304 -3036.68800225146 -1598.23024300414 0.000761107571054416 1598.23176521928 3036.6895244666 3897.54859345818 4644.21545247033 Inf 0.00682926180923049 2515.06976894379 -Inf -4929.43933647349 -4136.91480222138 -3223.184770582 -1696.3819509188 0.00682926180923049 1696.39560944242 3223.19842910562 4136.928460745 4929.4529949971 Inf
"91" 93.6363636363636 5.00101381493536e-05 2369.54083253338 -Inf -4644.21464165234 -3897.547782592 -3036.68871354487 -1598.23095420472 5.00101381493536e-05 1598.23105422499 3036.68881356515 3897.54788261228 4644.21474167262 Inf 0.00123559070374783 2515.06976910494 -Inf -4929.44493046045 -4136.92039615756 -3223.19036445963 -1696.38754469861 0.00123559070374783 1696.39001588001 3223.19283564104 4136.92286733897 4929.44740164186 Inf
"92" 94.3434343434343 -7.1248465742789e-06 2369.54083253962 -Inf -4644.21469879956 -3897.54783973726 -3036.68877068786 -1598.23101134391 -7.1248465742789e-06 1598.23099709422 3036.68875643816 3897.54782548756 4644.21468454987 Inf 0.000202344663042606 2515.06976911152 -Inf -4929.44596371939 -4136.92142941442 -3223.1913977141 -1696.38857794908 0.000202344663042606 1696.38898263841 3223.19180240343 4136.92183410375 4929.44636840871 Inf
"93" 95.0505050505051 -3.47018479670037e-06 2369.54083253983 -Inf -4644.21469514531 -3897.54783608294 -3036.68876703346 -1598.23100768939 -3.47018479670037e-06 1598.23100074902 3036.68876009309 3897.54782914256 4644.21468820494 Inf 3.00107373284793e-05 2515.06976911174 -Inf -4929.44613605374 -4136.92160174871 -3223.19157004831 -1696.38875028316 3.00107373284793e-05 1696.38881030463 3223.19163006978 4136.92166177018 4929.44619607521 Inf
"94" 95.7575757575758 -8.0939628259357e-07 2369.54083253984 -Inf -4644.21469248453 -3897.54783342216 -3036.68876437268 -1598.23100502861 -8.0939628259357e-07 1598.23100340981 3036.68876275389 3897.54783180336 4644.21469086574 Inf 4.03318848975846e-06 2515.06976911174 -Inf -4929.4461620313 -4136.92162772627 -3223.19159602587 -1696.38877626071 4.03318848975846e-06 1696.38878432709 3223.19160409224 4136.92163579264 4929.44617009768 Inf
"95" 96.4646464646465 -1.42564676712503e-07 2369.54083253984 -Inf -4644.2146918177 -3897.54783275533 -3036.68876370585 -1598.23100436177 -1.42564676712503e-07 1598.23100407664 3036.68876342072 3897.54783247019 4644.21469153257 Inf 4.9135714453729e-07 2515.06976911174 -Inf -4929.44616557313 -4136.9216312681 -3223.1915995677 -1696.38877980254 4.9135714453729e-07 1696.38878078525 3223.19160055041 4136.92163225081 4929.44616655585 Inf
"96" 97.1717171717172 -2.08277689611402e-08 2369.54083253984 -Inf -4644.21469169596 -3897.54783263359 -3036.68876358411 -1598.23100424004 -2.08277689611402e-08 1598.23100419838 3036.68876354246 3897.54783259193 4644.21469165431 Inf 5.42857946650031e-08 2515.06976911174 -Inf -4929.4461660102 -4136.92163170517 -3223.19160000477 -1696.38878023961 5.42857946650031e-08 1696.38878034818 3223.19160011334 4136.92163181374 4929.44616611877 Inf
"97" 97.8787878787879 -2.61586828531635e-09 2369.54083253984 -Inf -4644.21469167775 -3897.54783261538 -3036.6887635659 -1598.23100422183 -2.61586828531635e-09 1598.23100421659 3036.68876356067 3897.54783261014 4644.21469167252 Inf 5.44068769112122e-09 2515.06976911174 -Inf -4929.44616605905 -4136.92163175402 -3223.19160005361 -1696.38878028846 5.44068769112122e-09 1696.38878029934 3223.19160006449 4136.92163176489 4929.44616606993 Inf
"98" 98.5858585858586 -2.87453121475394e-10 2369.54083253984 -Inf -4644.21469167542 -3897.54783261305 -3036.68876356357 -1598.2310042195 -2.87453121475394e-10 1598.23100421892 3036.688763563 3897.54783261247 4644.21469167485 Inf 4.94783634850323e-10 2515.06976911174 -Inf -4929.44616606399 -4136.92163175896 -3223.19160005856 -1696.3887802934 4.94783634850323e-10 1696.38878029439 3223.19160005955 4136.92163175995 4929.44616606498 Inf
"99" 99.2929292929293 -2.79138352975571e-11 2369.54083253984 -Inf -4644.21469167516 -3897.54783261279 -3036.68876356331 -1598.23100421924 -2.79138352975571e-11 1598.23100421918 3036.68876356326 3897.54783261273 4644.2146916751 Inf 4.08379597380523e-11 2515.06976911174 -Inf -4929.44616606445 -4136.92163175942 -3223.19160005901 -1696.38878029386 4.08379597380523e-11 1696.38878029394 3223.19160005909 4136.92163175949 4929.44616606453 Inf
"100" 100 -2.4102509195788e-12 2369.54083253984 -Inf -4644.21469167514 -3897.54783261276 -3036.68876356329 -1598.23100421921 -2.4102509195788e-12 1598.23100421921 3036.68876356328 3897.54783261276 4644.21469167513 Inf 3.05965347720552e-12 2515.06976911174 -Inf -4929.44616606449 -4136.92163175945 -3223.19160005905 -1696.38878029389 3.05965347720552e-12 1696.3887802939 3223.19160005906 4136.92163175946 4929.44616606449 Inf
