"mid_age" "mean_left" "std_left" "min_left" "l.q2.5" "l.q5" "l.q10" "l.q25" "l.q50" "l.q75" "l.q90" "l.q95" "l.q97.5" "max_left" "mean_right" "std_right" "min_right" "r.q2.5" "r.q5" "r.q10" "r.q25" "r.q50" "r.q75" "r.q90" "r.q95" "r.q97.5" "max_right"
"1" 30 4.31775233214518e-09 2360.77278091015 -Inf -4627.02962626204 -3883.12567108406 -3025.45205326617 -1592.31704326148 4.31775233214518e-09 1592.31704327011 3025.4520532748 3883.12567109269 4627.02962627068 Inf 3.18347766637608e-09 2508.30969310314 -Inf -4916.19666055169 -4125.80229621505 -3214.52821406384 -1691.82917831236 3.18347766637608e-09 1691.82917831873 3214.52821407021 4125.80229622142 4916.19666055806 Inf
"2" 30.7070707070707 4.4291138873471e-08 2360.77278091015 -Inf -4627.02962622207 -3883.12567104408 -3025.45205322619 -1592.3170432215 4.4291138873471e-08 1592.31704331009 3025.45205331477 3883.12567113266 4627.02962631065 Inf 3.28279455323781e-08 2508.30969310314 -Inf -4916.19666052204 -4125.80229618541 -3214.5282140342 -1691.82917828272 3.28279455323781e-08 1691.82917834838 3214.52821409986 4125.80229625106 4916.1966605877 Inf
"3" 31.4141414141414 4.10783590040082e-07 2360.77278091015 -Inf -4627.02962585558 -3883.12567067759 -3025.4520528597 -1592.31704285501 4.10783590040082e-07 1592.31704367658 3025.45205368127 3883.12567149916 4627.02962667714 Inf 3.0622815871921e-07 2508.30969310314 -Inf -4916.19666024864 -4125.80229591201 -3214.5282137608 -1691.82917800932 3.0622815871921e-07 1691.82917862178 3214.52821437326 4125.80229652446 4916.1966608611 Inf
"4" 32.1212121212121 3.44425218671726e-06 2360.77278091015 -Inf -4627.02962282211 -3883.12566764412 -3025.45204982623 -1592.31703982154 3.44425218671726e-06 1592.31704671005 3025.45205671474 3883.12567453262 4627.02962971061 Inf 2.58391681183963e-06 2508.30969310314 -Inf -4916.19665797096 -4125.80229363432 -3214.52821148311 -1691.82917573163 2.58391681183963e-06 1691.82918089946 3214.52821665094 4125.80229880215 4916.19666313879 Inf
"5" 32.8282828282828 2.61036096336717e-05 2360.77278091015 -Inf -4627.02960016275 -3883.12564498476 -3025.45202716687 -1592.31701716219 2.61036096336717e-05 1592.31706936941 3025.45207937409 3883.12569719198 4627.02965236997 Inf 1.97200592190822e-05 2508.30969310314 -Inf -4916.19664083481 -4125.80227649818 -3214.52819434697 -1691.82915859549 1.97200592190822e-05 1691.82919803561 3214.52823378709 4125.80231593829 4916.19668027493 Inf
"6" 33.5353535353535 0.00017879506749078 2360.77278091015 -Inf -4627.02944747128 -3883.1254922933 -3025.45187447541 -1592.31686447073 0.00017879506749078 1592.31722206086 3025.45223206555 3883.12584988343 4627.02980506142 Inf 0.000136109386622561 2508.30969310314 -Inf -4916.19652444548 -4125.80216010884 -3214.52807795764 -1691.82904220616 0.000136109386622561 1691.82931442493 3214.52835017641 4125.80243232761 4916.19679666425 Inf
"7" 34.2424242424242 0.00110654789373408 2360.77278091 -Inf -4627.02851971817 -3883.12456454023 -3025.4509467224 -1592.3159367178 0.00110654789373408 1592.31814981359 3025.45315981818 3883.12677763602 4627.03073281396 Inf 0.000849491160387527 2508.30969310299 -Inf -4916.19581106341 -4125.80144672682 -3214.52736457567 -1691.82832882428 0.000849491160387527 1691.8300278066 3214.52906355799 4125.80314570914 4916.19751004573 Inf
"8" 34.9494949494949 0.00618638141123286 2360.77278090551 -Inf -4627.02343987585 -3883.11948469932 -3025.44586688312 -1592.31085688125 0.00618638141123286 1592.32322964408 3025.45823964594 3883.13185746214 4627.03581263867 Inf 0.00479341344330619 2508.3096930984 -Inf -4916.19186713213 -4125.79750279699 -3214.5234206475 -1691.8243848989 0.00479341344330619 1691.83397172579 3214.53300747439 4125.80708962387 4916.20145395902 Inf
"9" 35.6565656565657 0.0312338273011788 2360.77278079425 -Inf -4626.99839221189 -3883.09443707043 -3025.42081929465 -1592.28580936032 0.0312338273011788 1592.34827701492 3025.48328694925 3883.15690472503 4627.06085986649 Inf 0.0244483830613889 2508.30969298459 -Inf -4916.17221193945 -4125.77784764017 -3214.50376553203 -1691.80472985252 0.0244483830613889 1691.85362661865 3214.55266229816 4125.82674440629 4916.22110870557 Inf
"10" 36.3636363636364 0.142357448521395 2360.77277855493 -Inf -4626.88726420168 -3882.98330976585 -3025.30969280362 -1592.1746842287 0.142357448521395 1592.45939912574 3025.59440770066 3883.26802466289 4627.17197909873 Inf 0.112681811211406 2508.30969069091 -Inf -4916.08397401577 -4125.68961043926 -3214.41552916442 -1691.71649487731 0.112681811211406 1691.94185849973 3214.64089278684 4125.91497406168 4916.30933763819 Inf
"11" 37.0707070707071 0.585485389668496 2360.77274197539 -Inf -4626.44406456597 -3882.54012165673 -3024.86651798392 -1591.73153161503 0.585485389668496 1592.90250239437 3026.03748876325 3883.71109243606 4627.61503534531 Inf 0.469143172092046 2508.30965316945 -Inf -4915.72743911419 -4125.33308736107 -3214.05901971785 -1691.36000820859 0.469143172092046 1692.29829455278 3214.99730606204 4126.27137370525 4916.66572545837 Inf
"12" 37.7777777777778 2.17176550405283 2360.77225787077 -Inf -4624.85683562396 -3880.9530452611 -3023.27961746449 -1590.14492497704 2.17176550405283 1594.48845598515 3027.6231484726 3885.2965762692 4629.20036663206 Inf 1.7636788954538 2508.3091558169 -Inf -4914.43192859773 -4124.03773356556 -3212.76384661155 -1690.06513702603 1.7636788954538 1693.59249481694 3216.29120440246 4127.56509135646 4917.95928638864 Inf
"13" 38.4848484848485 7.26127770325838 2360.76707869945 -Inf -4619.7571724355 -3875.85501408317 -3018.18346789018 -1585.05191947987 7.26127770325838 1599.57447488638 3032.70602329669 3890.37756948968 4634.27972784202 Inf 5.98371936328642 2508.30382572854 -Inf -4910.20144134869 -4119.80892588256 -3208.53697536064 -1685.84150146823 5.98371936328642 1697.80894019481 3220.50441408721 4131.77636460913 4922.16888007526 Inf
"14" 39.1919191919192 21.8684949475091 2360.72241102329 -Inf -4605.0624081547 -3861.17432504978 -3003.51900671561 -1570.41457434588 21.8684949475091 1614.1515642409 3047.25599661063 3904.91131494479 4648.79939804972 Inf 18.310181643607 2508.25776924268 -Inf -4897.78471001482 -4107.40670742443 -3196.15148931876 -1673.48397456027 18.310181643607 1710.10433784748 3232.77185260597 4144.02707071164 4934.40507330204 Inf
"15" 39.8989898989899 59.2782105578932 2360.41293752849 -Inf -4567.04613564033 -3823.25557083902 -2965.71268486347 -1532.7961220353 59.2782105578932 1651.35254315108 3084.26910597926 3941.8119919548 4685.60255675612 Inf 50.4978858431833 2507.9380056163 -Inf -4864.97028062399 -4074.69303886424 -3163.5539915432 -1641.08059307222 50.4978858431833 1742.07636475858 3264.54976322956 4175.6888105506 4965.96605231035 Inf
"16" 40.6060606060606 144.503267861144 2358.69776920411 -Inf -4478.45941019387 -3735.20931269658 -2878.28955090894 -1446.41420127739 144.503267861144 1735.42073699968 3167.29608663123 4024.21584841886 4767.46594591616 Inf 125.419890136589 2506.16170449238 -Inf -4786.56679010199 -3996.84927922459 -3086.35556576355 -1564.96049187746 125.419890136589 1815.80027215064 3337.19534603673 4247.68905949776 5037.40657037517 Inf
"17" 41.3131313131313 316.517323265741 2351.12919812745 -Inf -4291.6112280646 -3550.7460657057 -2696.57598139212 -1269.29522225796 316.517323265741 1902.32986878944 3329.6106279236 4183.78071223718 4924.64587459608 Inf 280.291619986283 2498.30335114559 -Inf -4616.2929707148 -3829.05170837056 -2921.41295087967 -1404.78838324194 280.291619986283 1965.37162321451 3481.99619085224 4389.63494834312 5176.87621068736 Inf
"18" 42.020202020202 622.485698228244 2324.64145920344 -Inf -3933.72783877914 -3201.2092373043 -2356.66220314381 -945.46113888534 622.485698228244 2190.43253534183 3601.6335996003 4446.18063376079 5178.69923523563 Inf 563.209903984276 2470.72497289168 -Inf -4279.32205858712 -3500.77102887618 -2603.1515530552 -1103.26876578465 563.209903984276 2229.68857375321 3729.57136102375 4627.19083684473 5405.74186655567 Inf
"19" 42.7272727272727 1098.72341402508 2251.20491986599 -Inf -3313.55715073164 -2604.17916342749 -1786.31177539089 -419.69123001552 1098.72341402508 2617.13805806568 3983.75860344105 4801.62599147765 5511.0039787818 Inf 1017.01632192332 2394.03913481526 -Inf -3675.21415989403 -2920.82763204133 -2051.06827927422 -597.738536077871 1017.01632192332 2631.77117992451 4085.10092312086 4954.86027588797 5709.24680374067 Inf
"20" 43.4343434343434 1741.04305812039 2089.42417029536 -Inf -2354.15306408599 -1695.75386663 -936.661758408351 331.747871444221 1741.04305812039 3150.33824479656 4418.74787464913 5177.83998287078 5836.23918032677 Inf 1650.59566098166 2224.58866108492 -Inf -2709.51799516097 -2008.527066679 -1200.32942032449 150.13341067745 1650.59566098166 3151.05791128586 4501.52074228781 5309.71838864231 6010.70931712428 Inf
"21" 44.1414141414141 2481.25343327717 1804.70095181673 -Inf -1055.89543514877 -487.215472881349 168.436103136612 1264.00113910768 2481.25343327717 3698.50572744667 4794.07076341774 5449.7223394357 6018.40230170312 Inf 2411.18148912727 1925.46384561297 -Inf -1362.65830180813 -755.924700893148 -56.399716617555 1112.47586088819 2411.18148912727 3709.88711736635 4878.76269487209 5578.28767914768 6185.02128006267 Inf
"22" 44.8484848484848 3194.8091425455 1403.73533119198 -Inf 443.538449582803 885.869991754434 1395.84993124614 2248.0040496684 3194.8091425455 4141.61423542259 4993.76835384485 5503.74829333656 5946.07983550819 Inf 3182.43325932288 1502.95773103513 -Inf 236.690236207996 710.287784274999 1256.31542616746 2168.70367476173 3182.43325932288 4196.16284388404 5108.55109247831 5654.57873437077 6128.17628243777 Inf
"23" 45.5555555555556 3750.90782562756 958.283478870725 -Inf 1872.70672006119 2174.67176975937 2522.81813304526 3104.55544134701 3750.90782562756 4397.26020990811 4978.99751820987 5327.14388149575 5629.10893119393 Inf 3825.1757090793 1032.20697474387 -Inf 1802.08721399028 2127.34632290725 2502.34924463024 3128.96268453366 3825.1757090793 4521.38873362495 5148.00217352836 5523.00509525136 5848.26420416833 Inf
"24" 46.2626262626263 4081.16937893558 591.527037794351 -Inf 2921.79768897698 3108.19398537968 3323.09697758826 3682.19045497944 4081.16937893558 4480.14830289172 4839.24178028289 5054.14477249148 5240.54106889417 Inf 4245.50594471381 643.395240464077 -Inf 2984.47444557973 3187.21494987316 3420.96176703313 3811.54244969584 4245.50594471381 4679.46943973177 5070.05012239449 5303.79693955446 5506.53744384788 Inf
"25" 46.969696969697 4215.99907771903 406.814905402791 -Inf 3418.65651475549 3546.84810506933 3694.64479881321 3941.60659379786 4215.99907771903 4490.3915616402 4737.35335662486 4885.15005036873 5013.34164068257 Inf 4442.59027497755 446.019173332654 -Inf 3568.40875883122 3708.95402003143 3870.99370513017 4141.75491417374 4442.59027497755 4743.42563578135 5014.18684482492 5176.22652992366 5316.77179112388 Inf
"26" 47.6767676767677 4254.304215698 359.44353595165 -Inf 3549.80783075704 3663.07221190366 3793.65878947427 4011.86323492437 4254.304215698 4496.74519647162 4714.94964192172 4845.53621949233 4958.80060063896 Inf 4494.87343615003 394.245413632673 -Inf 3722.16662435989 3846.39743762734 3989.6276091003 4228.95894559298 4494.87343615003 4760.78792670708 5000.11926319976 5143.34943467272 5267.58024794017 Inf
"27" 48.3838383838384 4288.07547405786 343.974469980006 -Inf 3613.8979012958 3722.28781953254 3847.25445354761 4056.06821972722 4288.07547405786 4520.08272838851 4728.89649456811 4853.86312858318 4962.25304681993 Inf 4495.323302075 377.403370073974 -Inf 3755.62628908597 3874.54999998512 4011.66142231489 4240.76859727065 4495.323302075 4749.87800687936 4978.98518183511 5116.09660416489 5235.02031506403 Inf
"28" 49.0909090909091 4345.21300645233 337.037485477463 -Inf 3684.63167347656 3790.83567604612 3913.28208929147 4117.88467706592 4345.21300645233 4572.54133583874 4777.14392361319 4899.59033685854 5005.7943394281 Inf 4494.39392763919 369.857272369109 -Inf 3769.48699437552 3886.03285172849 4020.40276120651 4244.92898839075 4494.39392763919 4743.85886688764 4968.38509407188 5102.7550035499 5219.30086090287 Inf
"29" 49.7979797979798 4395.33180824963 335.099641174704 -Inf 3738.54858031491 3844.14194807328 3965.88433848875 4169.3105349829 4395.33180824963 4621.35308151635 4824.7792780105 4946.52166842597 5052.11503618434 Inf 4497.07409604737 367.733898652341 -Inf 3776.32889879428 3892.20565909606 4025.80414252564 4249.04135060672 4497.07409604737 4745.10684148802 4968.3440495691 5101.94253299868 5217.81929330046 Inf
"30" 50.5050505050505 4402.25658163964 334.640656861388 -Inf 3746.3729464285 3851.82168347577 3973.39732394406 4176.54488858775 4402.25658163964 4627.96827469153 4831.11583933523 4952.69147980352 5058.14021685079 Inf 4498.65511047245 367.234938104995 -Inf 3778.88785792186 3894.60739058715 4028.02460062131 4250.95890880673 4498.65511047245 4746.35131213816 4969.28562032358 5102.70283035775 5218.42236302303 Inf
"31" 51.2121212121212 4367.28839143918 334.273899980894 -Inf 3712.12358650488 3817.45675466039 3938.89915159797 4141.824072144 4367.28839143918 4592.75271073436 4795.67763128039 4917.12002821797 5022.45319637348 Inf 4506.55437412052 366.828274043389 -Inf 3787.58416848449 3903.1755570919 4036.44502523419 4259.13246319614 4506.55437412052 4753.97628504491 4976.66372300685 5109.93319114914 5225.52457975655 Inf
"32" 51.9191919191919 4325.18655785143 333.677722309075 -Inf 3671.19023968228 3776.33554607844 3897.56135043888 4100.12435428518 4325.18655785143 4550.24876141767 4752.81176526398 4874.03756962442 4979.18287602057 Inf 4526.110052586 366.185037738188 -Inf 3808.40056694171 3923.78926512698 4056.82504419362 4279.12199795643 4526.110052586 4773.09810721558 4995.39506097839 5128.43084004502 5243.81953823029 Inf
"33" 52.6262626262626 4305.45886354268 333.625665414586 -Inf 3651.56457501188 3756.6934777414 3877.90036972476 4080.43177181819 4305.45886354268 4530.48595526716 4733.0173573606 4854.22424934396 4959.35315207348 Inf 4541.70815132767 366.121815085304 -Inf 3824.12257980605 3939.49135587856 4072.50416602507 4294.76273972945 4541.70815132767 4788.6535629259 5010.91213663028 5143.92494677679 5259.2937228493 Inf
"34" 53.3333333333333 4304.35707745871 333.258599510463 -Inf 3651.18222487994 3756.19546134115 3877.26899752487 4079.5775679242 4304.35707745871 4529.13658699321 4731.44515739254 4852.51869357626 4957.53193003747 Inf 4529.15840582476 365.723164500414 -Inf 3812.35417509193 3927.59733223609 4060.46531180333 4282.48187995996 4529.15840582476 4775.83493168957 4997.8514998462 5130.71947941344 5245.96263655759 Inf
"35" 54.040404040404 4298.16171307861 332.814932973841 -Inf 3645.85643093277 3750.72986347297 3871.64221468936 4073.68145207555 4298.16171307861 4522.64197408166 4724.68121146785 4845.59356268424 4950.46699522445 Inf 4488.26865486814 365.240341721983 -Inf 3772.41073939195 3887.50175407774 4020.19432313429 4241.91778801855 4488.26865486814 4734.61952171773 4956.34298660199 5089.03555565854 5204.12657034433 Inf
"36" 54.7474747474747 4279.51249884463 332.813193112837 -Inf 3627.2106267637 3732.08351105568 3852.99523017698 4055.03341136 4279.51249884463 4503.99158632927 4706.02976751229 4826.94148663358 4931.81437092557 Inf 4451.59758684485 365.236042834408 -Inf 3735.74809703349 3850.83775709527 3983.5287643571 4205.24961955087 4451.59758684485 4697.94555413884 4919.6664093326 5052.35741659443 5167.44707665622 Inf
"37" 55.4545454545455 4268.52758627688 332.743998972283 -Inf 3616.36133221937 3721.21241272098 3842.09899346838 4044.09516953082 4268.52758627688 4492.96000302294 4694.95617908538 4815.84275983278 4920.69384033439 Inf 4451.6155741588 365.162129369859 -Inf 3735.91095207592 3850.97732123946 3983.64147558725 4205.31746073905 4451.6155741588 4697.91368757854 4919.58967273034 5052.25382707813 5167.32019624168 Inf
"38" 56.1616161616162 4282.10569358411 332.702760552696 -Inf 3630.02026534377 3734.85835119224 3855.72994993679 4057.70109172937 4282.10569358411 4506.51029543884 4708.48143723142 4829.35303597598 4934.19112182444 Inf 4482.43725000322 365.116342305103 -Inf 3766.82236891822 3881.87431010341 4014.52182991619 4236.17001948934 4482.43725000322 4728.70448051709 4950.35267009024 5083.00018990302 5198.05213108822 Inf
"39" 56.8686868686869 4304.41275020316 332.751757013017 -Inf 3652.23129066522 3757.08481580582 3877.97421506541 4079.97510073814 4304.41275020316 4528.85039966818 4730.85128534091 4851.74068460049 4956.5942097411 Inf 4504.79586026462 365.170009379944 -Inf 3789.07579364578 3904.14464588212 4036.81166305382 4258.49243185884 4504.79586026462 4751.0992886704 4972.78005747543 5105.44707464713 5220.51592688347 Inf
"40" 57.5757575757576 4303.86019882019 332.72239267299 -Inf 3651.73629233114 3756.58056446405 3877.45929559838 4079.44235530154 4303.86019882019 4528.27804233884 4730.26110204201 4851.13983317633 4955.98410530925 Inf 4491.90656697986 365.137715087559 -Inf 3776.24979601099 3891.30847198131 4023.96375657002 4245.62492074328 4491.90656697986 4738.18821321643 4959.8493773897 5092.5046619784 5207.56333794872 Inf
"41" 58.2828282828283 4274.75639542559 332.606378666909 -Inf 3622.85987221016 3727.66758712813 3848.5041701349 4050.41680216493 4274.75639542559 4499.09598868626 4701.00862071629 4821.84520372305 4926.65291864103 Inf 4459.33465550425 365.011204646023 -Inf 3743.92584044446 3858.94465166431 3991.55397474881 4213.13833926378 4459.33465550425 4705.53097174471 4927.11533625968 5059.72465934418 5174.74347056403 Inf
"42" 58.989898989899 4243.20831238697 332.590424717876 -Inf 3591.34305833705 3696.14574600044 3816.97653290463 4018.8794799014 4243.20831238697 4467.53714487254 4669.44009186931 4790.2708787735 4895.07356643689 Inf 4439.67865480615 364.994140060644 -Inf 3724.30328571912 3839.31671971136 3971.91984319682 4193.49384845361 4439.67865480615 4685.86346115868 4907.43746641547 5040.04058990093 5155.05402389318 Inf
"43" 59.6969696969697 4229.76578071545 332.646497850155 -Inf 3577.79062534576 3682.61098223391 3803.46214062265 4005.39912747689 4229.76578071545 4454.132433954 4656.06942080824 4776.92057919698 4881.74093608513 Inf 4437.61250256828 365.054167979489 -Inf 3722.11948092224 3837.15183033346 3969.77676208558 4191.38720799975 4437.61250256828 4683.8377971368 4905.44824305097 5038.07317480309 5153.10552421431 Inf
"44" 60.4040404040404 4225.09332465758 332.488652068268 -Inf 3573.42754133551 3678.19815938288 3798.99197207368 4000.83313678102 4225.09332465758 4449.35351253414 4651.19467724148 4771.98848993228 4876.75910797965 Inf 4428.73562144108 364.882371789554 -Inf 3713.57931414 3828.55752879238 3961.12004663455 4182.62620164179 4428.73562144108 4674.84504124037 4896.35119624761 5028.91371408978 5143.89192874216 Inf
"45" 61.1111111111111 4210.06374502627 332.291257678243 -Inf 3558.78484759939 3663.49326462994 3784.21536353193 3985.93669764253 4210.06374502627 4434.19079241001 4635.9121265206 4756.63422542259 4861.34264245314 Inf 4400.24534913835 364.66699425929 -Inf 3685.51117403966 3800.42152100146 3932.90579174291 4154.28119927564 4400.24534913835 4646.20949900105 4867.58490653378 5000.06917727523 5114.97952423703 Inf
"46" 61.8181818181818 4183.19867870159 332.15221214628 -Inf 3532.19230550957 3636.85690785283 3757.52849122642 3959.16541610397 4183.19867870159 4407.23194129921 4608.86886617676 4729.54044955035 4834.20505189361 Inf 4369.06872706107 364.514194472964 -Inf 3654.63403404043 3769.49623220692 3901.92499047101 4123.20763908807 4369.06872706107 4614.92981503406 4836.21246365112 4968.64122191521 5083.5034200817 Inf
"47" 62.5252525252525 4157.15006960696 332.002357440846 -Inf 3506.43740624051 3611.05478781394 3731.67192866415 3933.21788247217 4157.15006960696 4381.08225674175 4582.62821054977 4703.24535139997 4807.86273297341 Inf 4352.51250729786 364.351421313046 -Inf 3638.39684380831 3753.20775046617 3885.57737290573 4106.76120815284 4352.51250729786 4598.26380644288 4819.44764169 4951.81726412955 5066.62817078741 Inf
"48" 63.2323232323232 4141.19046291537 332.023059375738 -Inf 3490.43722450212 3595.06112946966 3715.68579137548 3917.24431253769 4141.19046291537 4365.13661329305 4566.69513445525 4687.31979636107 4791.94370132862 Inf 4343.28095476084 364.373266263343 -Inf 3629.12247595547 3743.94026618343 3876.31782493846 4097.51492142075 4343.28095476084 4589.04698810094 4810.24408458323 4942.62164333826 5057.43943356622 Inf
"49" 63.9393939393939 4138.30984110285 332.073304638094 -Inf 3487.45812378499 3592.09786155512 3712.74077766833 3914.32980081072 4138.30984110285 4362.28988139499 4563.87890453737 4684.52182065058 4789.16155842071 Inf 4327.71368442688 364.428257021329 -Inf 3613.44742571637 3728.28254410175 3860.68008111251 4081.91056038417 4327.71368442688 4573.51680846959 4794.74728774126 4927.14482475202 5041.97994313739 Inf
"50" 64.6464646464646 4147.30200775932 332.068848700122 -Inf 3496.4590239194 3601.09735757732 3721.73865483908 3923.32497295167 4147.30200775932 4371.27904256696 4572.86536067955 4693.50665794131 4798.14499159924 Inf 4310.20982225654 364.423619301346 -Inf 3595.95265331017 3710.78631030194 3843.18216241947 4064.40982630843 4310.20982225654 4556.00981820466 4777.23748209361 4909.63333421115 5024.46699120292 Inf
"51" 65.3535353535354 4155.87873672659 331.984978424251 -Inf 3505.20013560675 3609.81204087206 3730.4228678897 3931.95827156037 4155.87873672659 4379.79920189282 4581.33460556348 4701.94543258113 4806.55733784643 Inf 4301.36256901097 364.331174072819 -Inf 3587.28658938305 3702.09111592581 3834.45338250125 4055.62492642195 4301.36256901097 4547.10021159999 4768.2717555207 4900.63402209614 5015.43854863889 Inf
"52" 66.0606060606061 4143.85642308235 331.81494771532 -Inf 3493.51107602828 3598.06940285609 3718.61845736668 3920.05064188652 4143.85642308235 4367.66220427818 4569.09438879802 4689.64344330861 4794.20177013642 Inf 4295.55865043592 364.146509621548 -Inf 3581.84460648172 3696.5909433432 3828.88612094282 4049.94556212651 4295.55865043592 4541.17173874533 4762.23117992902 4894.52635752864 5009.27269439012 Inf
"53" 66.7676767676768 4106.92206442483 331.816566584114 -Inf 3456.57354444623 3561.13238139636 3681.68202404532 3883.11519131859 4106.92206442483 4330.72893753107 4532.16210480433 4652.71174745329 4757.27058440343 Inf 4279.20996692588 364.147488039255 -Inf 3565.49400530821 3680.24065047925 3812.53618354004 4033.59621868375 4279.20996692588 4524.82371516801 4745.88375031172 4878.17928337252 4992.92592854355 Inf
"54" 67.4747474747475 4067.01687284957 331.83197225761 -Inf 3416.63815830576 3521.20184974318 3641.75708930508 3843.19960877446 4067.01687284957 4290.83413692468 4492.27665639406 4612.83189595596 4717.39558739338 Inf 4251.33176800565 364.164335301848 -Inf 3537.58278636005 3652.33474027803 3784.63639398405 4005.70665645758 4251.33176800565 4496.95687955371 4718.02714202724 4850.32879573326 4965.08074965124 Inf
"55" 68.1818181818182 4045.56978624485 331.774752619559 -Inf 3395.30322013083 3499.84888106764 3620.38333261708 3821.79111622911 4045.56978624485 4269.34845626058 4470.75623987261 4591.29069142205 4695.83635235887 Inf 4219.34163865239 364.102246906616 -Inf 3505.71434802531 3620.44673724686 3752.72583411091 3973.75840509052 4219.34163865239 4464.92487221427 4685.95744319387 4818.23654005792 4932.96892927947 Inf
"56" 68.8888888888889 4036.77927176695 331.795421282358 -Inf 3386.47219581824 3491.02436966478 3611.56633018202 3812.98666095001 4036.77927176695 4260.57188258389 4461.99221335189 4582.53417386913 4687.08634771567 Inf 4185.22782646199 364.124504999516 -Inf 3471.55691077446 3586.29631375162 3718.58349702671 3939.62958004459 4185.22782646199 4430.82607287938 4651.87215589727 4784.15933917235 4898.89874214951 Inf
"57" 69.5959595959596 4022.02923035535 331.907544843751 -Inf 3371.50239626448 3476.08990140655 3596.67259664478 3798.16099334549 4022.02923035535 4245.8974673652 4447.38586406592 4567.96855930415 4672.55606444621 Inf 4153.12060031589 364.247452040455 -Inf 3439.20871285612 3553.98685771931 3686.31870790781 3907.43942737956 4153.12060031589 4398.80177325221 4619.92249272397 4752.25434291246 4867.03248777566 Inf
"58" 70.3030303030303 3999.10192863998 332.076593381688 -Inf 3348.24376550312 3452.88453959042 3573.52865051096 3775.119670124 3999.10192863998 4223.08418715596 4424.675206769 4545.31931768954 4649.96009177684 Inf 4137.11462626854 364.431360308883 -Inf 3422.84228522618 3537.67838148961 3670.07704593114 3891.30940909018 4137.11462626854 4382.91984344689 4604.15220660593 4736.55087104746 4851.38696731089 Inf
"59" 71.010101010101 3977.39490165697 332.02055981453 -Inf 3326.64656229367 3431.26967962359 3551.89343343367 3753.45043720771 3977.39490165697 4201.33936610624 4402.89636988028 4523.52012369036 4628.14324102028 Inf 4138.25939071536 364.370068127814 -Inf 3424.10718014044 3538.92396260277 3671.30035946857 3892.4955144849 4138.25939071536 4384.02326694582 4605.21842196215 4737.59481882795 4852.41160129028 Inf
"60" 71.7171717171717 3953.28432627581 331.752615716462 -Inf 3303.06114769459 3407.59983306395 3528.12624223086 3729.52058737432 3953.28432627581 4177.04806517731 4378.44241032076 4498.96881948767 4603.50750485704 Inf 4126.34884456233 364.07816314407 -Inf 3412.76875724245 3527.49355742098 3659.76390460444 3880.78185525144 4126.34884456233 4371.91583387322 4592.93378452021 4725.20413170368 4839.9289318822 Inf
"61" 72.4242424242424 3915.82958298747 331.697714468867 -Inf 3265.71400887425 3370.23539429185 3490.74185772233 3692.10287441476 3915.82958298747 4139.55629156019 4340.91730825262 4461.4237716831 4565.9451571007 Inf 4076.96487229144 364.018095093822 -Inf 3363.50251618667 3478.2083883004 3610.45691263739 3831.43839826476 4076.96487229144 4322.49134631813 4543.47283194549 4675.72135628248 4790.42722839621 Inf
"62" 73.1313131313131 3876.17131533923 331.975179608198 -Inf 3225.51191954595 3330.12073710282 3450.7280041904 3652.257459374 3876.17131533923 4100.08517130447 4301.61462648807 4422.22189357565 4526.83071113252 Inf 4021.56625360814 364.321127864431 -Inf 3307.50996418684 3422.31132506528 3554.6699418325 3775.8353870837 4021.56625360814 4267.29712013257 4488.46256538377 4620.821182151 4735.62254302943 Inf
"63" 73.8383838383838 3864.77697608258 332.247428348676 -Inf 3213.58398256312 3318.27858851796 3438.98476413417 3640.67949113239 3864.77697608258 4088.87446103277 4290.569188031 4411.2753636472 4515.96996960204 Inf 4020.69752251832 364.61779982572 -Inf 3306.05976673768 3420.95461202392 3553.42101032624 3774.76655379683 4020.69752251832 4266.62849123982 4487.9740347104 4620.44043301272 4735.33527829897 Inf
"64" 74.5454545454545 3890.23323533907 332.377081914358 -Inf 3238.78612550041 3343.52158663669 3464.27486566058 3666.04830038775 3890.23323533907 4114.41817029039 4316.19160501756 4436.94488404145 4541.68034517773 Inf 4077.60697358739 364.761358921898 -Inf 3362.68784714858 3477.62792939296 3610.14648301085 3831.57917572697 4077.60697358739 4323.6347714478 4545.06746416392 4677.58601778182 4792.5261000262 Inf
"65" 75.2525252525253 3920.84593753335 332.825637375689 -Inf 3268.51967514541 3373.39648075351 3494.31272090116 3696.35845652097 3920.84593753335 4145.33341854573 4347.37915416555 4468.29539431319 4573.17219992129 Inf 4117.93457868172 365.25014634354 -Inf 3402.0574465004 3517.15155072399 3649.84768181976 3871.57709871538 4117.93457868172 4364.29205864805 4586.02147554367 4718.71760663944 4833.81171086304 Inf
"66" 75.959595959596 3920.20549497451 333.295689006152 -Inf 3266.95794831999 3371.98287206545 3493.06988293941 3695.40096895532 3920.20549497451 4145.0100209937 4347.34110700961 4468.42811788357 4573.45304162903 Inf 4080.65892274723 365.762689106341 -Inf 3363.77722521028 3479.03283696714 3611.9151759052 3833.95573794085 4080.65892274723 4327.36210755361 4549.40266958926 4682.28500852732 4797.54062028418 Inf
"67" 76.6666666666667 3886.99514179491 333.661657080254 -Inf 3233.03031089566 3338.17055497182 3459.39052280151 3661.94377406084 3886.99514179491 4112.04650952898 4314.59976078832 4435.81972861801 4540.95997269416 Inf 3998.70408514285 366.166790898053 -Inf 3281.03036264806 3396.41331106501 3529.44246101701 3751.72833781992 3998.70408514285 4245.67983246578 4467.96570926869 4600.9948592207 4716.37780763764 Inf
"68" 77.3737373737374 3846.95512259556 334.604694873144 -Inf 3191.14197158618 3296.57937663848 3418.14195204231 3621.26768553614 3846.95512259556 4072.64255965498 4275.76829314881 4397.33086855264 4502.76827360494 Inf 3952.54522723226 367.190886960526 -Inf 3232.86431333831 3348.56996503171 3481.97117119428 3704.87873761197 3952.54522723226 4200.21171685254 4423.11928327023 4556.5204894328 4672.2261411262 Inf
"69" 78.0808080808081 3818.663953379 335.57765734837 -Inf 3160.94383095988 3266.68782656566 3388.60388124241 3592.32026310272 3818.663953379 4045.00764365529 4248.7240255156 4370.64008019235 4476.38407579813 Inf 3960.67986738197 368.259048000813 -Inf 3238.90539631937 3354.94763662014 3488.73690789056 3712.29291408845 3960.67986738197 4209.06682067548 4432.62282687338 4566.4120981438 4682.45433844457 Inf
"70" 78.7878787878788 3803.59007683156 336.788428667617 -Inf 3143.49688623319 3249.62240842234 3371.97833881527 3576.42973371061 3803.59007683156 4030.75041995251 4235.20181484785 4357.55774524078 4463.68326742992 Inf 3959.28942786957 369.578119198735 -Inf 3234.929624766 3351.38751806363 3485.6560106194 3710.01277457328 3959.28942786957 4208.56608116586 4432.92284511974 4567.19133767551 4683.64923097314 Inf
"71" 79.4949494949495 3798.11888339666 338.762450428322 -Inf 3134.15668124262 3240.90423813467 3363.97733470252 3569.62708283145 3798.11888339666 4026.61068396188 4232.26043209081 4355.33352865866 4462.08108555071 Inf 3891.65559108078 371.735193286757 -Inf 3163.0680004527 3280.20561013756 3415.25777215612 3640.92401342171 3891.65559108078 4142.38716873986 4368.05341000545 4503.10557202401 4620.24318170886 Inf
"72" 80.2020202020202 3787.66586733969 343.182018816157 -Inf 3115.04147031828 3223.18167898541 3347.86041385909 3556.19311319659 3787.66586733969 4019.13862148279 4227.47132082029 4352.15005569397 4460.2902643611 Inf 3775.27831419373 376.563916855075 -Inf 3037.22659928045 3155.88578977561 3292.6922370205 3521.28981198129 3775.27831419373 4029.26681640617 4257.86439136696 4394.67083861185 4513.33002910701 Inf
"73" 80.9090909090909 3722.07101649037 356.435786897041 -Inf 3023.46971137097 3135.78631963747 3265.28017577634 3481.65873162524 3722.07101649037 3962.4833013555 4178.86185720439 4308.35571334327 4420.67232160976 Inf 3656.25098018596 391.016727311444 -Inf 2889.87227730281 3013.08569806903 3155.14288114585 3392.51420545917 3656.25098018596 3919.98775491274 4157.35907922606 4299.41626230288 4422.6296830691 Inf
"74" 81.6161616161616 3518.56634915261 408.963265028422 -Inf 2717.013078697 2845.8816393807 2994.45883660521 3242.72481868422 3518.56634915261 3794.40787962101 4042.67386170002 4191.25105892453 4320.11961960823 Inf 3520.16264688243 448.303649438327 -Inf 2641.50363984544 2782.76876312821 2945.63840310538 3217.78643036078 3520.16264688243 3822.53886340408 4094.68689065947 4257.55653063664 4398.82165391942 Inf
"75" 82.3232323232323 3113.72962671883 592.184491006435 -Inf 1953.06935214303 2139.67281886248 2354.8146651783 2714.3072573099 3113.72962671883 3513.15199612775 3872.64458825936 4087.78643457517 4274.38990129462 Inf 3280.79359532631 644.688857092119 -Inf 2017.22665419147 2220.37479048314 2454.59158123075 2845.95756915205 3280.79359532631 3715.62962150058 4106.99560942188 4341.21240016949 4544.36053646116 Inf
"76" 83.030303030303 2521.57959085939 943.010377342192 -Inf 673.31321422117 970.465551435211 1313.0631654517 1885.52875701354 2521.57959085939 3157.63042470524 3730.09601626708 4072.69363028357 4369.84596749761 Inf 2861.34416956199 1017.31206360711 -Inf 867.449163853925 1188.01473199634 1557.60630179888 2175.17760990816 2861.34416956199 3547.51072921581 4165.08203732509 4534.67360712763 4855.23917527005 Inf
"77" 83.7373737373737 1839.89493798734 1374.94294958855 -Inf -854.943724003499 -421.684959494751 77.8346484076153 912.510011385491 1839.89493798734 2767.27986458919 3601.95522756706 4101.47483546943 4534.73359997818 Inf 2274.59609449804 1473.92748488286 -Inf -614.248691696077 -149.798874875 385.68201874719 1280.44711341226 2274.59609449804 3268.74507558382 4163.51017024889 4698.99106387107 5163.44088069215 Inf
"78" 84.4444444444444 1198.02339008394 1774.18428329284 -Inf -2279.31390710702 -1720.25006317057 -1075.68525573461 1.35427604394567 1198.02339008394 2394.69250412394 3471.7320359025 4116.29684333846 4675.36068727491 Inf 1623.11869788974 1894.3692446723 -Inf -2089.77679508831 -1492.84142499481 -804.613173339588 345.386059271583 1623.11869788974 2900.85133650791 4050.85056911908 4739.0788207743 5336.0141908678 Inf
"79" 85.1515151515152 691.934225073462 2066.60136990407 -Inf -3358.53003033966 -2707.32253367613 -1956.52199588372 -701.967216668016 691.934225073462 2085.83566681494 3340.39044603064 4091.19098382305 4742.39848048658 Inf 1032.40881594203 2201.22530531428 -Inf -3281.91350433215 -2588.28461124153 -1788.57492019988 -452.295090364697 1032.40881594203 2517.11272224875 3853.39255208394 4653.10224312559 5346.73113621621 Inf
"80" 85.8585858585859 352.847272956339 2238.4006856559 -Inf -4034.33745389899 -3328.99421341543 -2515.77863006209 -1156.93104635045 352.847272956339 1862.62559226312 3221.47317597476 4034.68875932811 4740.03199981166 Inf 583.986088673886 2380.90313859004 -Inf -4082.49831364097 -3332.25107425609 -2467.26405599623 -1021.90867451478 583.986088673886 2189.88085186255 3635.23623334401 4500.22325160386 5250.47049098874 Inf
"81" 86.5656565656566 158.071832085241 2319.14989174951 -Inf -4387.37843049377 -3656.59027880306 -2814.03834241894 -1406.17099906816 158.071832085241 1722.31466323864 3130.18200658942 3972.73394297354 4703.52209466425 Inf 293.765826333975 2465.08587838259 -Inf -4537.71371409418 -3760.93962147048 -2865.36884030912 -1368.90933198818 293.765826333975 1956.44098465614 3452.90049297707 4348.47127413843 5125.24536676213 Inf
"82" 87.2727272727273 61.7545459355881 2349.31585960438 -Inf -4542.81992719775 -3802.52616658929 -2949.01487189916 -1522.83492134066 61.7545459355881 1646.34401321184 3072.52396377034 3926.03525846046 4666.32901906893 Inf 131.540948773895 2496.44071840132 -Inf -4761.39294883199 -3974.73862135785 -3067.7765621826 -1552.28272775994 131.540948773895 1815.36462530773 3330.85845973039 4237.82051890564 5024.47484637978 Inf
"83" 87.979797979798 20.7703639871652 2358.23391920354 -Inf -4601.28318477251 -3858.17925121477 -3001.42800708851 -1569.83424308036 20.7703639871652 1611.37497105469 3042.96873506284 3899.71997918909 4642.82391274684 Inf 52.4931869409195 2505.68522076607 -Inf -4858.55960235488 -4068.99223643486 -3158.67163049381 -1637.5658116836 52.4931869409195 1742.55218556544 3263.65800437565 4173.97861031669 4963.54597623672 Inf
"84" 88.6868686868687 5.86233091363815 2360.3203209781 -Inf -4620.28049018146 -3876.51910981446 -3019.00987162258 -1586.14953276562 5.86233091363815 1597.87419459289 3030.73453344986 3888.24377164173 4632.00515200874 Inf 18.6897719572149 2507.84286863591 -Inf -4896.59192945478 -4106.34466634295 -3195.240182483 -1672.82453804005 18.6897719572149 1710.20408195448 3232.61972639743 4143.72421025738 4933.97147336921 Inf
"85" 89.3939393939394 1.30601937141729 2360.70786164802 -Inf -4625.59636747926 -3881.71286903318 -3024.06283651704 -1590.96723651748 1.30601937141729 1593.57927526031 3026.67487525988 3884.32490777601 4628.20840622209 Inf 5.94181239459064 2508.24282413272 -Inf -4910.12378738658 -4119.75049415513 -3208.50070563871 -1685.8422634858 5.94181239459064 1697.72588827499 3220.38433042789 4131.6341189443 4922.00741217576 Inf
"86" 90.1010101010101 0.184806694044889 2360.76526782132 -Inf -4626.8300941888 -3882.92850646292 -3025.25761816569 -1592.12716907034 0.184806694044889 1592.49678245843 3025.62723155378 3883.298119851 4627.19970757688 Inf 1.68746827215442 2508.30196554743 -Inf -4914.49404655183 -4124.10211724804 -3212.83084253375 -1690.13649788627 1.68746827215442 1693.51143443058 3216.20577907806 4127.47705379235 4917.86898309614 Inf
"87" 90.8080808080808 -0.00994763011142277 2360.77207826408 -Inf -4627.03819673548 -3883.13446296855 -3025.46110042342 -1592.32651696834 -0.00994763011142277 1592.30662170811 3025.4412051632 3883.11456770832 4627.01830147526 Inf 0.428093199006023 2508.30897130623 -Inf -4915.76715265992 -4125.37301576897 -3214.09919584806 -1691.40059827193 0.428093199006023 1692.25678466994 3214.95538224608 4126.22920216698 4916.62333905793 Inf
"88" 91.5151515151515 -0.0181175630709857 2360.77272771426 -Inf -4627.04763956741 -3883.143701152 -3025.47010266028 -1592.33512494879 -0.0181175630709857 1592.29888982264 3025.43386753414 3883.10746602585 4627.01140444127 Inf 0.0969532393747917 2508.30963851706 -Inf -4916.09960032874 -4125.70525319275 -3214.43119087277 -1691.73218825842 0.0969532393747917 1691.92609473717 3214.62509735152 4125.89915967149 4916.29350680749 Inf
"89" 92.2222222222222 -0.00770606884110929 2360.772777645 -Inf -4627.03732593562 -3883.13337178652 -3025.45975515487 -1592.32474713233 -0.00770606884110929 1592.30933499464 3025.44434301718 3883.11795964884 4627.02191379794 Inf 0.0195759402878994 2508.30968975585 -Inf -4916.17707805402 -4125.78271477215 -3214.50863383702 -1691.80960011755 0.0195759402878994 1691.84875199812 3214.54778571759 4125.82186665272 4916.21622993459 Inf
"90" 92.9292929292929 -0.00232889421790589 2360.77278074745 -Inf -4627.03195484169 -3883.12799971498 -3025.45438195619 -1592.31937205027 -0.00232889421790589 1592.31471426184 3025.44972416776 3883.12334192654 4627.02729705326 Inf 0.00351553833062759 2508.30969293649 -Inf -4916.19314468991 -4125.79878040579 -3214.52469831512 -1691.82566266481 0.00351553833062759 1691.83269374147 3214.53172939178 4125.80581148244 4916.20017576657 Inf
"91" 93.6363636363636 -0.00057286034591131 2360.77278090356 -Inf -4627.03019911379 -3883.12624393788 -3025.45262612239 -1592.3176161217 -0.00057286034591131 1592.31647040101 3025.45148040169 3883.12509821719 4627.0290533931 Inf 0.000559343694360255 2508.3096930964 -Inf -4916.19610119796 -4125.80173686345 -3214.52765471469 -1691.8286189673 0.000559343694360255 1691.82973765469 3214.52877340208 4125.80285555084 4916.19721988535 Inf
"92" 94.3434343434343 -0.00012012055170796 2360.77278090993 -Inf -4627.02974638649 -3883.12579120857 -3025.45217339076 -1592.3171633862 -0.00012012055170796 1592.3169231451 3025.45193314965 3883.12555096746 4627.02950614538 Inf 7.83432985389323e-05 2508.30969310292 -Inf -4916.19658221114 -4125.80221787457 -3214.52813572345 -1691.8290999721 7.83432985389323e-05 1691.8292566587 3214.52829241004 4125.80237456117 4916.19673889774 Inf
"93" 95.0505050505051 -2.19371469271874e-05 2360.77278091014 -Inf -4627.0296482035 -3883.12569302551 -3025.45207520762 -1592.31706520294 -2.19371469271874e-05 1592.31702132865 3025.45203133333 3883.12564915121 4627.0296043292 Inf 9.55412841868743e-06 2508.30969310314 -Inf -4916.19665100073 -4125.8022866641 -3214.52820451289 -1691.82916876142 9.55412841868743e-06 1691.82918786967 3214.52822362115 4125.80230577235 4916.19667010899 Inf
"94" 95.7575757575758 -3.53059547729872e-06 2360.77278091015 -Inf -4627.02962979696 -3883.12567461897 -3025.45205680108 -1592.31704679639 -3.53059547729872e-06 1592.3170397352 3025.45204973989 3883.12566755778 4627.02962273576 Inf 9.93872623204567e-07 2508.30969310314 -Inf -4916.196659561 -4125.80229522436 -3214.52821307316 -1691.82917732168 9.93872623204567e-07 1691.82917930942 3214.5282150609 4125.80229721211 4916.19666154875 Inf
"95" 96.4646464646465 -5.04351052659327e-07 2360.77278091015 -Inf -4627.02962677071 -3883.12567159273 -3025.45205377483 -1592.31704377015 -5.04351052659327e-07 1592.31704276145 3025.45205276613 3883.12567058402 4627.02962576201 Inf 8.4334402919319e-08 2508.30969310314 -Inf -4916.19666047054 -4125.8022961339 -3214.52821398269 -1691.82917823121 8.4334402919319e-08 1691.82917839988 3214.52821415136 4125.80229630257 4916.19666063921 Inf
"96" 97.1717171717172 -6.42500616526066e-08 2360.77278091015 -Inf -4627.02962633061 -3883.12567115262 -3025.45205333473 -1592.31704333005 -6.42500616526066e-08 1592.31704320155 3025.45205320623 3883.12567102412 4627.02962620211 Inf 5.12022633864831e-09 2508.30969310314 -Inf -4916.19666054975 -4125.80229621312 -3214.52821406191 -1691.82917831043 5.12022633864831e-09 1691.82917832067 3214.52821407215 4125.80229622336 4916.19666055999 Inf
"97" 97.8787878787879 -7.32281749962074e-09 2360.77278091015 -Inf -4627.02962627368 -3883.1256710957 -3025.45205327781 -1592.31704327312 -7.32281749962074e-09 1592.31704325847 3025.45205326316 3883.12567108105 4627.02962625904 Inf 8.08942763409952e-11 2508.30969310314 -Inf -4916.19666055479 -4125.80229621816 -3214.52821406695 -1691.82917831547 8.08942763409952e-11 1691.82917831563 3214.52821406711 4125.80229621832 4916.19666055495 Inf
"98" 98.5858585858586 -7.4844562963695e-10 2360.77278091015 -Inf -4627.02962626711 -3883.12567108912 -3025.45205327123 -1592.31704326654 -7.4844562963695e-10 1592.31704326505 3025.45205326973 3883.12567108762 4627.02962626561 Inf -3.27873848867531e-11 2508.30969310314 -Inf -4916.19666055491 -4125.80229621827 -3214.52821406706 -1691.82917831558 -3.27873848867531e-11 1691.82917831552 3214.528214067 4125.8022962182 4916.19666055484 Inf
"99" 99.2929292929293 -6.87182782426095e-11 2360.77278091015 -Inf -4627.02962626643 -3883.12567108844 -3025.45205327055 -1592.31704326586 -6.87182782426095e-11 1592.31704326573 3025.45205327041 3883.1256710883 4627.02962626629 Inf -6.06770356038395e-12 2508.30969310314 -Inf -4916.19666055488 -4125.80229621824 -3214.52821406703 -1691.82917831555 -6.06770356038395e-12 1691.82917831554 3214.52821406702 4125.80229621823 4916.19666055487 Inf
"100" 100 -5.67528292142736e-12 2360.77278091015 -Inf -4627.02962626637 -3883.12567108838 -3025.45205327049 -1592.3170432658 -5.67528292142736e-12 1592.31704326579 3025.45205327048 3883.12567108837 4627.02962626636 Inf -7.08403097485231e-13 2508.30969310314 -Inf -4916.19666055487 -4125.80229621824 -3214.52821406703 -1691.82917831555 -7.08403097485231e-13 1691.82917831555 3214.52821406703 4125.80229621823 4916.19666055487 Inf
