"mid_age" "mean_left" "std_left" "min_left" "l.q2.5" "l.q5" "l.q10" "l.q25" "l.q50" "l.q75" "l.q90" "l.q95" "l.q97.5" "max_left" "mean_right" "std_right" "min_right" "r.q2.5" "r.q5" "r.q10" "r.q25" "r.q50" "r.q75" "r.q90" "r.q95" "r.q97.5" "max_right"
"1" 30 5.22753974036603e-08 2325.46303192708 -Inf -4557.82378990411 -3825.04630235455 -2980.20078912996 -1568.50097944244 5.22753974036603e-08 1568.50097954699 2980.20078923452 3825.04630245909 4557.82379000866 Inf 3.58509234109644e-08 2406.09635263843 -Inf -4715.86219446865 -3957.67631239618 -3083.53654753908 -1622.88732780295 3.58509234109644e-08 1622.88732787465 3083.53654761078 3957.67631246788 4715.86219454035 Inf
"2" 30.7070707070707 4.76788491900878e-07 2325.46303192708 -Inf -4557.8237894796 -3825.04630193003 -2980.20078870545 -1568.50097901793 4.76788491900878e-07 1568.50097997151 2980.20078965903 3825.04630288361 4557.82379043318 Inf 3.32187661782495e-07 2406.09635263843 -Inf -4715.86219417232 -3957.67631209984 -3083.53654724274 -1622.88732750661 3.32187661782495e-07 1622.88732817098 3083.53654790712 3957.67631276421 4715.86219483669 Inf
"3" 31.4141414141414 3.92862872728701e-06 2325.46303192708 -Inf -4557.82378602776 -3825.04629847819 -2980.20078525361 -1568.50097556609 3.92862872728701e-06 1568.50098342335 2980.20079311087 3825.04630633545 4557.82379388502 Inf 2.78405092194557e-06 2406.09635263843 -Inf -4715.86219172045 -3957.67630964798 -3083.53654479088 -1622.88732505475 2.78405092194557e-06 1622.88733062285 3083.53655035898 3957.67631521608 4715.86219728855 Inf
"4" 32.1212121212121 2.92400337326334e-05 2325.46303192708 -Inf -4557.82376071635 -3825.04627316679 -2980.20075994221 -1568.50095025468 2.92400337326334e-05 1568.50100873475 2980.20081842227 3825.04633164685 4557.82381919642 Inf 2.1102696618518e-05 2406.09635263843 -Inf -4715.86217340181 -3957.67629132933 -3083.53652647223 -1622.8873067361 2.1102696618518e-05 1622.88734894149 3083.53656867763 3957.67633353472 4715.8622156072 Inf
"5" 32.8282828282828 0.000196546106538431 2325.46303192707 -Inf -4557.82359341027 -3825.0461058607 -2980.20059263613 -1568.50078294861 0.000196546106538431 1568.50117604082 2980.20098572834 3825.04649895291 4557.82398650248 Inf 0.000144647813776221 2406.09635263842 -Inf -4715.86204985668 -3957.6761677842 -3083.53640292711 -1622.88718319098 0.000144647813776221 1622.88747248661 3083.53669222274 3957.67645707983 4715.8623391523 Inf
"6" 33.5353535353535 0.00119294760153724 2325.46303192684 -Inf -4557.82259700832 -3825.04510945883 -2980.19959623434 -1568.49978654696 0.00119294760153724 1568.50217244216 2980.20198212954 3825.04749535403 4557.82498290353 Inf 0.000896462989381949 2406.0963526382 -Inf -4715.86129804107 -3957.67541596866 -3083.53565111165 -1622.88643137565 0.000896462989381949 1622.88822430163 3083.53744403763 3957.67720889464 4715.86309096705 Inf
"7" 34.2424242424242 0.00653674356131214 2325.46303192 -Inf -4557.81725319896 -3825.03976565162 -2980.19425242961 -1568.49444274638 0.00653674356131214 1568.50751623351 2980.20732591673 3825.05283913874 4557.83032668608 Inf 0.00502247674347958 2406.09635263159 -Inf -4715.85717201436 -3957.67128994404 -3083.53152508943 -1622.88230535744 0.00502247674347958 1622.89235031093 3083.54157004292 3957.68133489753 4715.86721696785 Inf
"8" 34.9494949494949 0.0323287879009435 2325.46303175445 -Inf -4557.79146083015 -3825.01397333498 -2980.16846017311 -1568.46865059038 0.0323287879009435 1568.53330816618 2980.23311774891 3825.07863091078 4557.85611840595 Inf 0.0254313608235483 2406.09635247141 -Inf -4715.83676281634 -3957.65088079649 -3083.51111600007 -1622.86189636532 0.0254313608235483 1622.91275908697 3083.56197872172 3957.70174351814 4715.88762553799 Inf
"9" 35.6565656565657 0.144278689011635 2325.46302850416 -Inf -4557.67950455858 -3824.90201808761 -2980.05650610658 -1568.35669849698 0.144278689011635 1568.64525587501 2980.34506348461 3825.19057546563 4557.96806193661 Inf 0.116350475246393 2406.09634932072 -Inf -4715.74583752666 -3957.55995649963 -3083.42019284787 -1622.77097512579 0.116350475246393 1623.00367607628 3083.65289379836 3957.79265745012 4715.97853847716 Inf
"10" 36.3636363636364 0.580884587402519 2325.46297682093 -Inf -4557.24279736292 -3824.46532717787 -2979.61983397347 -1567.92005773878 0.580884587402519 1569.08182691359 2980.78160314827 3825.62709635268 4558.40456653773 Inf 0.480807819545402 2406.09629911643 -Inf -4715.38128178377 -3957.19541657663 -3083.05567116418 -1622.40648391921 0.480807819545402 1623.3680995583 3084.01728680328 3958.15703221572 4716.34289742286 Inf
"11" 37.0707070707071 2.10929947118949 2325.46231246633 -Inf -4555.71308036805 -3822.93581952801 -2978.090567685 -1566.39119475463 2.10929947118949 1570.60979369701 2982.30916662738 3827.15441847039 4559.93167931043 Inf 1.79395858331066 2406.09565224223 -Inf -4714.06686316987 -3955.88120179949 -3081.74169139778 -1621.09289684543 1.79395858331066 1624.68081401205 3085.3296085644 3959.46911896611 4717.6547803365 Inf
"12" 37.7777777777778 6.90611596053302 2325.4554244798 -Inf -4550.90276367319 -3818.12767330905 -2973.28492388574 -1561.58973238897 6.90611596053302 1575.40196431004 2987.09715580681 3831.93990523011 4564.71499559425 Inf 6.04083852333613 2406.08892738195 -Inf -4709.80680274589 -3951.62326044864 -3077.48619320253 -1616.84148105607 6.04083852333613 1628.92315810274 3089.5678702492 3963.70493749531 4721.88847979256 Inf
"13" 38.4848484848485 20.3832302991486 2325.3979827828 -Inf -4537.31306567723 -3804.55607578678 -2959.7341950504 -1548.07387421449 20.3832302991486 1588.84033481279 3000.5006556487 3845.32253638507 4578.07952627553 Inf 18.3487806845294 2406.03267293234 -Inf -4697.3886038895 -3939.22278795198 -3065.10615806337 -1604.49559584522 18.3487806845294 1641.19315721427 3101.80371943243 3975.92034932103 4734.08616525855 Inf
"14" 39.1919191919192 54.2222608407199 2325.01397043378 -Inf -4502.72138476195 -3770.08540114012 -2925.40303288175 -1513.97583127956 54.2222608407199 1622.420352961 3033.84755456319 3878.52992282156 4611.16590644339 Inf 50.2463084851907 2405.65526539016 -Inf -4664.75137089867 -3906.70447998673 -3032.72496303618 -1572.34351052571 50.2463084851907 1672.83612749609 3133.21758000657 4007.19709695711 4765.24398786905 Inf
"15" 39.8989898989899 129.993621115859 2322.96405699535 -Inf -4422.93226797607 -3690.94223331084 -2847.00460283036 -1436.82182540141 129.993621115859 1696.80906763313 3106.99184506208 3950.92947554256 4682.91951020779 Inf 123.97792514159 2403.63240826112 -Inf -4587.05502712348 -3829.64555944481 -2956.40095065919 -1497.24749746966 123.97792514159 1745.20334775284 3204.35680094237 4077.60140972799 4835.01087740666 Inf
"16" 40.6060606060606 280.916182175459 2314.26171064731 -Inf -4254.95342149333 -3525.7055862977 -2684.92953618453 -1280.02962092741 280.916182175459 1841.86198527832 3246.76190053545 4087.53795064861 4816.78578584425 Inf 275.490707887381 2395.00495672843 -Inf -4418.63275009525 -3663.94188175413 -2793.83164389501 -1339.91558709475 275.490707887381 1890.89700286951 3344.81305966978 4214.92329752889 4969.61416587001 Inf
"17" 41.3131313131313 547.491844623109 2284.96521610919 -Inf -3930.95768487769 -3210.94147855205 -2380.80890529658 -993.693773197115 547.491844623109 2088.67746244333 3475.7925945428 4305.92516779826 5025.9413741239 Inf 551.12084689997 2365.80861364139 -Inf -4085.77883015179 -3340.2880319211 -2480.78488569105 -1044.59281392675 551.12084689997 2146.83450772669 3583.02657949099 4442.52972572104 5188.02052395173 Inf
"18" 42.020202020202 963.454658777975 2206.71963682103 -Inf -3361.63635336855 -2666.27613951213 -1864.57034650803 -524.955117814228 963.454658777975 2451.86443537018 3791.47966406398 4593.18545706808 5288.5456709245 Inf 992.631468581409 2287.38455959444 -Inf -3490.5598870167 -2769.7813205003 -1938.76979476939 -550.185971621819 992.631468581409 2535.44890878464 3924.03273193221 4755.04425766312 5475.82282417952 Inf
"19" 42.7272727272727 1534.14320726325 2040.12804007947 -Inf -2464.4342751428 -1821.56879890687 -1080.38607641204 158.097755142023 1534.14320726325 2910.18865938447 4148.67249093853 4889.85521343336 5532.72068966929 Inf 1610.94469859523 2119.400960477 -Inf -2543.00485273929 -1875.1596582098 -1105.1769203208 181.430474197762 1610.94469859523 3040.45892299269 4327.06631751126 5097.04905540025 5764.89424992974 Inf
"20" 43.4343434343434 2218.35016048196 1755.34986690516 -Inf -1222.07235891933 -668.943434665776 -31.2212095288551 1034.38466724637 2218.35016048196 3402.31565371754 4467.92153049277 5105.64375562969 5658.77267988324 Inf 2360.75280732786 1830.43636504288 -Inf -1226.83654414859 -650.047086616782 14.954218077396 1126.14224072027 2360.75280732786 3595.36337393546 4706.55139657833 5371.55270127251 5948.34215880431 Inf
"21" 44.1414141414141 2928.99972518371 1363.01718598887 -Inf 257.535130336386 687.035963212721 1182.22291661547 2009.65860389311 2928.99972518371 3848.34084647431 4675.77653375194 5170.96348715469 5600.46432003102 Inf 3137.37667283852 1429.76042528404 -Inf 335.097732761136 785.630051638392 1305.06496146205 2173.01792074845 3137.37667283852 4101.7354249286 4969.688384215 5489.12329403865 5939.65561291591 Inf
"22" 44.8484848484848 3559.3953842869 931.970393719546 -Inf 1732.76697793898 2026.44050196591 2365.0272671744 2930.79090623686 3559.3953842869 4187.99986233694 4753.7635013994 5092.35026660789 5386.02379063482 Inf 3809.8949423689 986.67638757354 -Inf 1876.04475832868 2186.95670764118 2545.41827318814 3144.39183219005 3809.8949423689 4475.39805254775 5074.37161154966 5432.83317709661 5743.74512640912 Inf
"23" 45.5555555555556 4023.35847313364 574.654311458876 -Inf 2897.05671911358 3078.13624468721 3286.90934063656 3635.76003014864 4023.35847313364 4410.95691611864 4759.80760563072 4968.58070158007 5149.6602271537 Inf 4278.07227444786 617.038795331097 -Inf 3068.69845853492 3263.13377397773 3487.30524028953 3861.88593152369 4278.07227444786 4694.25861737202 5068.83930860618 5293.01077491798 5487.44609036079 Inf
"24" 46.2626262626263 4286.11343050679 391.104818512183 -Inf 3519.56207204284 3642.80325125883 3784.89243805046 4022.31723916802 4286.11343050679 4549.90962184556 4787.33442296312 4929.42360975475 5052.66478897074 Inf 4516.12451568062 425.323174013247 -Inf 3682.5064128244 3816.53015027842 3971.05093616155 4229.24839428783 4516.12451568062 4803.00063707342 5061.1980951997 5215.71888108282 5349.74261853685 Inf
"25" 46.969696969697 4371.14481560801 350.972458553461 -Inf 3683.25143727776 3793.84649419628 3921.35551188579 4134.41748971259 4371.14481560801 4607.87214150344 4820.93411933024 4948.44313701975 5059.03819393827 Inf 4572.79370002788 382.195414362913 -Inf 3823.7044528202 3944.13818650882 4082.99056840712 4315.00681046815 4572.79370002788 4830.58058958761 5062.59683164864 5201.44921354694 5321.88294723555 Inf
"26" 47.6767676767677 4346.14064204654 343.277632040595 -Inf 3673.32884654878 3781.49918393326 3906.21265528848 4114.60339776358 4346.14064204654 4577.67788632951 4786.06862880461 4910.78210015983 5018.9524375443 Inf 4533.72721734025 373.83945252224 -Inf 3801.01535439649 3918.81603796149 4054.63268169804 4281.57633839509 4533.72721734025 4785.87809628542 5012.82175298247 5148.63839671901 5266.43908028402 Inf
"27" 48.3838383838384 4296.50135417421 337.072404788523 -Inf 3635.8515806064 3742.06658661256 3864.5256861156 4069.14947207041 4296.50135417421 4523.85323627802 4728.47702223283 4850.93612173587 4957.15112774203 Inf 4479.52169435607 367.189119302575 -Inf 3759.84424500804 3875.54933969411 4008.94990366291 4231.85639700296 4479.52169435607 4727.18699170918 4950.09348504923 5083.49404901803 5199.1991437041 Inf
"28" 49.0909090909091 4288.73977969745 334.331063902769 -Inf 3633.46293553506 3738.81411663443 3860.27728134266 4063.23690392288 4288.73977969745 4514.24265547202 4717.20227805223 4838.66544276046 4944.01662385983 Inf 4461.3427754687 364.219561589373 -Inf 3747.48555228856 3862.25490858174 3994.57662611187 4215.68041435575 4461.3427754687 4707.00513658164 4928.10892482553 5060.43064235565 5175.19999864884 Inf
"29" 49.7979797979798 4334.0097678893 333.579969146651 -Inf 3680.20504239788 3785.31954576007 3906.50983619509 4109.01349782916 4334.0097678893 4559.00603794944 4761.50969958351 4882.69999001853 4987.81449338072 Inf 4490.14251347718 363.40700985316 -Inf 3777.87786243559 3892.39117526062 4024.41769106998 4245.02821018182 4490.14251347718 4735.25681677254 4955.86733588438 5087.89385169374 5202.40716451877 Inf
"30" 50.5050505050505 4384.02855572224 333.221080718713 -Inf 3730.92723862405 3835.92865252537 3956.98855805471 4159.27435222821 4384.02855572224 4608.78275921627 4811.06855338977 4932.1284589191 5037.12987282043 Inf 4536.87657541776 363.016900461198 -Inf 3825.37652473445 3939.76691004948 4071.65169831256 4292.02539690873 4536.87657541776 4781.72775392679 5002.10145252296 5133.98624078604 5248.37662610107 Inf
"31" 51.2121212121212 4381.46166048459 332.87947845931 -Inf 3729.02987151186 3833.92364300308 3954.85944372739 4156.93786421316 4381.46166048459 4605.98545675601 4808.06387724178 4928.9996779661 5033.89344945731 Inf 4556.70906587975 362.648071913949 -Inf 3845.93190586552 3960.20606948513 4091.9568615767 4312.10665844542 4556.70906587975 4801.31147331408 5021.4612701828 5153.21206227437 5267.48622589398 Inf
"32" 51.9191919191919 4325.32088735375 332.58757374071 -Inf 3673.4612211164 3778.26301040736 3899.09276154567 4100.99397782306 4325.32088735375 4549.64779688445 4751.54901316184 4872.37876430015 4977.1805535911 Inf 4531.92317901783 362.331812533064 -Inf 3821.7658759999 3935.94038301292 4067.57627741947 4287.53408529431 4531.92317901783 4776.31227274135 4996.27008061619 5127.90597502274 5242.08048203575 Inf
"33" 52.6262626262626 4273.72176743661 332.361262519555 -Inf 3622.30566304202 3727.03613932315 3847.78367112829 4049.54750250494 4273.72176743661 4497.89603236828 4699.65986374493 4820.40739555007 4925.1378718312 Inf 4489.90058050059 362.08701463066 -Inf 3780.22307255486 3894.32044121331 4025.86740003729 4245.67660045311 4489.90058050059 4734.12456054806 4953.93376096388 5085.48071978786 5199.57808844631 Inf
"34" 53.3333333333333 4271.42908195798 332.24327580459 -Inf 3620.24422727537 3724.93752472056 3845.64219170894 4047.33439785621 4271.42908195798 4495.52376605974 4697.21597220702 4817.92063919539 4922.61393664058 Inf 4467.79790852826 361.959466011659 -Inf 3758.37039128206 3872.42756804956 4003.92818819733 4223.65995871694 4467.79790852826 4711.93585833957 4931.66762885919 5063.16824900695 5177.22542577446 Inf
"35" 54.040404040404 4293.62645180582 332.285431327238 -Inf 3642.35897381707 3747.06555490408 3867.78553708073 4069.50333423611 4293.62645180582 4517.74956937552 4719.4673665309 4840.18734870756 4944.89392979456 Inf 4466.56059323409 362.004785548643 -Inf 3757.04425132761 3871.11570875062 4002.63279357959 4222.3920758596 4466.56059323409 4710.72911060858 4930.48839288859 5062.00547771757 5176.07693514058 Inf
"36" 54.7474747474747 4285.48459955528 332.318460591401 -Inf 3634.15238539834 3738.86937434859 3859.601356125 4061.33920408544 4285.48459955528 4509.62999502513 4711.36784298557 4832.09982476198 4936.81681371222 Inf 4458.51528016821 362.039934742854 -Inf 3748.93004710698 3863.01258040515 3994.54243500884 4214.3230550225 4458.51528016821 4702.70750531392 4922.48812532758 5054.01797993127 5168.10051322943 Inf
"37" 55.4545454545455 4243.34725223705 332.219862148745 -Inf 3592.20828747665 3696.89420703637 3817.59036779531 4019.26836040617 4243.34725223705 4467.42614406793 4669.10413667878 4789.80029743773 4894.48621699745 Inf 4436.22786979844 361.933960125025 -Inf 3726.85034317143 3840.89948276988 3972.39083657645 4192.10712344623 4436.22786979844 4680.34861615064 4900.06490302042 5031.55625682699 5145.60539642544 Inf
"38" 56.1616161616162 4218.84504145024 332.16001290877 -Inf 3567.8233790447 3672.49043948901 3793.1648568957 3994.80651731828 4218.84504145024 4442.88356558221 4644.52522600479 4765.19964341148 4869.86670385579 Inf 4426.27637245071 361.869095930549 -Inf 3717.02597730876 3831.05467752769 3962.5224660387 4182.19937633283 4426.27637245071 4670.35336856859 4890.03027886271 5021.49806737372 5135.52676759265 Inf
"39" 56.8686868686869 4239.92893880698 332.169674453415 -Inf 3588.8883401219 3693.55844501899 3814.23637248477 4015.88389806219 4239.92893880698 4463.97397955178 4665.6215051292 4786.29943259497 4890.96953749207 Inf 4445.60500026554 361.879313330682 -Inf 3736.33457938732 3850.36649921486 3981.8379997284 4201.521112616 4445.60500026554 4689.68888791508 4909.37200080268 5040.84350131622 5154.87542114376 Inf
"40" 57.5757575757576 4268.28151508367 332.175832722855 -Inf 3617.22884641227 3721.90089184386 3842.58105662162 4044.23232064926 4268.28151508367 4492.33070951809 4693.98197354573 4814.66213832348 4919.33418375507 Inf 4469.36432913863 361.886195979585 -Inf 3760.08041851644 3874.11450713794 4005.58850813201 4225.27579921295 4469.36432913863 4713.45285906431 4933.14015014525 5064.61415113932 5178.64823976082 Inf
"41" 58.2828282828283 4255.69560007543 332.180154551925 -Inf 3604.63446077471 3709.3078680594 3829.98960296656 4031.64349061161 4255.69560007543 4479.74770953926 4681.4015971843 4802.08333209147 4906.75673937615 Inf 4461.54608620746 361.890566534486 -Inf 3752.25360945507 3866.28907528369 3997.76466410937 4217.4546083873 4461.54608620746 4705.63756402763 4925.32750830556 5056.80309713123 5170.83856295985 Inf
"42" 58.989898989899 4210.8779981914 332.142180693184 -Inf 3559.89128628616 3664.55272761464 3785.22066654065 3986.85150170607 4210.8779981914 4434.90449467673 4636.53532984215 4757.20326876815 4861.86471009663 Inf 4421.92490862088 361.849613039156 -Inf 3712.71269924438 3826.73526020244 3958.19597053884 4177.86105351355 4421.92490862088 4665.98876372821 4885.65384670292 5017.11455703932 5131.13711799738 Inf
"43" 59.6969696969697 4179.35981961521 332.083634092405 -Inf 3528.48785693892 3633.13084962709 3753.77751845235 3955.37281221202 4179.35981961521 4403.3468270184 4604.94212077807 4725.58878960333 4830.2317822915 Inf 4381.85130692048 361.78627345654 -Inf 3672.7632408447 3786.76584284423 3918.2035417797 4137.83017371241 4381.85130692048 4625.87244012855 4845.49907206126 4976.93677099673 5090.93937299626 Inf
"44" 60.4040404040404 4177.81485001235 332.053175069753 -Inf 3527.00258592346 3631.63598065812 3752.27158365766 3953.84838690774 4177.81485001235 4401.78131311697 4603.35811636705 4723.99371936659 4828.62711410124 Inf 4363.37456739357 361.753275694381 -Inf 3654.3511757432 3768.3433798061 3899.76909058655 4119.37569083786 4363.37456739357 4607.37344394929 4826.9800442006 4958.40575498105 5072.39795904395 Inf
"45" 61.1111111111111 4183.69327320982 332.042845295537 -Inf 3532.90125510637 3637.53139482217 3758.16324499344 3959.73377743204 4183.69327320982 4407.6527689876 4609.2233014262 4729.85515159747 4834.48529131328 Inf 4362.90858858877 361.741978951204 -Inf 3653.90733814816 3767.89598249028 3899.31758914065 4118.91733157053 4362.90858858877 4606.899845607 4826.49958803688 4957.92119468726 5071.90983902937 Inf
"46" 61.8181818181818 4179.99943948564 332.008116694648 -Inf 3529.27548818916 3633.89468456312 3754.5139177621 3956.0633677932 4179.99943948564 4403.93551117809 4605.48496120918 4726.10419440816 4830.72339078212 Inf 4368.6331467194 361.704297323243 -Inf 3659.70575091247 3773.68252138333 3905.09043822058 4124.66730557299 4368.6331467194 4612.5989878658 4832.17585521821 4963.58377205547 5077.56054252632 Inf
"47" 62.5252525252525 4173.96352615071 331.9517058624 -Inf 3523.35013805378 3627.95155879022 3748.55029781756 3950.06550298642 4173.96352615071 4397.86154931501 4599.37675448387 4719.97549351121 4824.57691424765 Inf 4372.32184007527 361.643415054966 -Inf 3663.51377132147 3777.47135715899 3908.85715534268 4128.39706339479 4372.32184007527 4616.24661675575 4835.78652480786 4967.17232299155 5081.12990882907 Inf
"48" 63.2323232323232 4170.2831487067 331.93593456563 -Inf 3519.70067178342 3624.29712282089 3744.8901321036 3946.39576312042 4170.2831487067 4394.17053429297 4595.67616530979 4716.2691745925 4820.86562562997 Inf 4364.86527041945 361.626272876989 -Inf 3656.0907997171 3770.0429838768 3901.42255427189 4120.95205596231 4364.86527041945 4608.77848487659 4828.30798656702 4959.68755696211 5073.6397411218 Inf
"49" 63.9393939393939 4158.05862319347 331.961478408386 -Inf 3507.42608125836 3612.03058142526 3732.6328708387 3934.15400854707 4158.05862319347 4381.96323783986 4583.48437554823 4704.08666496167 4808.69116512857 Inf 4339.63562857069 361.653849556106 -Inf 3630.80710857046 3744.76798242737 3876.15757148684 4095.70381392615 4339.63562857069 4583.56744321524 4803.11368565455 4934.50327471402 5048.46414857093 Inf
"50" 64.6464646464646 4133.34712318548 331.969464191206 -Inf 3482.69892940366 3587.30594597344 3707.91113663824 3909.43712221043 4133.34712318548 4357.25712416053 4558.78310973272 4679.38830039752 4783.9953169673 Inf 4304.38476085035 361.662340264129 -Inf 3595.53959936819 3709.50314873514 3840.89582248633 4060.44721931027 4304.38476085035 4548.32230239043 4767.87369921437 4899.26637296556 5013.22992233251 Inf
"51" 65.3535353535354 4110.13881544442 331.905293764157 -Inf 3459.61639338849 3564.20318919205 3684.78506660842 3886.27209676468 4110.13881544442 4334.00553412416 4535.49256428042 4656.07444169679 4760.66123750035 Inf 4276.357739877 361.592891312409 -Inf 3567.64869583897 3681.59036112192 3812.95780392578 4032.46704094302 4276.357739877 4520.24843881099 4739.75767582822 4871.12511863209 4985.06678391503 Inf
"52" 66.0606060606061 4097.52735303161 331.847229303646 -Inf 3447.11873522706 3551.68723431771 3672.24801679588 3873.69979823533 4097.52735303161 4321.35490782789 4522.80668926734 4643.36747174551 4747.93597083616 Inf 4262.07788079344 361.530383336198 -Inf 3553.49135013754 3667.41331850974 3798.758052037 4018.22934284872 4262.07788079344 4505.92641873817 4725.39770954989 4856.74244307715 4970.66441144935 Inf
"53" 66.7676767676768 4084.8674563993 331.86942297115 -Inf 3434.41533980576 3538.99083235092 3659.55967783424 3861.02493220178 4084.8674563993 4308.70998059683 4510.17523496436 4630.74408044769 4735.31957299285 Inf 4251.93736271857 361.55393625912 -Inf 3543.304669182 3657.23405932417 3788.58734967688 4008.07293856874 4251.93736271857 4495.80178686839 4715.28737576025 4846.64066611296 4960.57005625513 Inf
"54" 67.4747474747475 4061.65331035768 331.873678720852 -Inf 3411.192852648 3515.76968622396 3636.34007782993 3837.8079157006 4061.65331035768 4285.49870501477 4486.96654288544 4607.5369344914 4712.11376806737 Inf 4235.99087349052 361.558755019428 -Inf 3527.3487353573 3641.27964394075 3772.63468495901 3992.12319913626 4235.99087349052 4479.85854784478 4699.34706202202 4830.70210304028 4944.63301162374 Inf
"55" 68.1818181818182 4037.02835047345 331.854298583484 -Inf 3386.60587713502 3491.17660382897 3611.73995459108 3813.19602752038 4037.02835047345 4260.86067342652 4462.31674635582 4582.88009711793 4687.45082381188 Inf 4214.8334302408 361.53774905685 -Inf 3506.2324630377 3620.15675242477 3751.50416193353 3970.97992419299 4214.8334302408 4458.68693628861 4678.16269854808 4809.51010805683 4923.43439744391 Inf
"56" 68.8888888888889 4025.79572969999 331.856094531563 -Inf 3375.36973636801 3479.9410289838 3600.50503221755 3801.96219539835 4025.79572969999 4249.62926400164 4451.08642718244 4571.65043041619 4676.22172303198 Inf 4193.35011298939 361.539766471442 -Inf 3484.74519172634 3598.67011682165 3730.01825926128 3949.49524621612 4193.35011298939 4437.20497976266 4656.6819667175 4788.03010915713 4901.95503425244 Inf
"57" 69.5959595959596 4024.55601611677 331.882358683151 -Inf 3374.07854599359 3478.65811471558 3599.23165976975 3800.70476691409 4024.55601611677 4248.40726531946 4449.8803724638 4570.45391751796 4675.03348623995 Inf 4173.55601871527 361.56810533529 -Inf 3464.89555429971 3578.82940926454 3710.18784727183 3929.6820376688 4173.55601871527 4417.42999976174 4636.9241901587 4768.28262816599 4882.21648313082 Inf
"58" 70.3030303030303 4015.04288361129 331.907483499432 -Inf 3364.51616975308 3469.10365556491 3589.68632851662 3791.17468797754 4015.04288361129 4238.91107924503 4440.39943870595 4560.98211165766 4665.56959746949 Inf 4155.8074546441 361.595306655673 -Inf 3447.09367662027 3561.03610300289 3692.40442330595 3911.91512658584 4155.8074546441 4399.69978270236 4619.21048598226 4750.57880628532 4864.52123266794 Inf
"59" 71.010101010101 3987.38383634097 331.907839853163 -Inf 3336.85642404228 3441.44402214486 3562.02682456062 3763.51540035029 3987.38383634097 4211.25227233165 4412.74084812132 4533.32365053707 4637.91124863966 Inf 4138.84857205064 361.595696458015 -Inf 3430.13403002825 3544.07657924163 3675.44504116068 3894.95598107469 4138.84857205064 4382.74116302658 4602.25210294059 4733.62056485964 4847.56311407302 Inf
"60" 71.7171717171717 3950.01796033316 331.889129550492 -Inf 3299.52721955384 3404.10892184626 3524.68492677049 3726.16214424985 3950.01796033316 4173.87377641646 4375.35099389582 4495.92699882005 4600.50870111247 Inf 4117.85476237918 361.575487562742 -Inf 3409.1798290637 3523.11601024486 3654.4771302306 3873.97580209596 4117.85476237918 4361.7337226624 4581.23239452777 4712.5935145135 4826.52969569466 Inf
"61" 72.4242424242424 3917.30692498906 331.885043684608 -Inf 3266.82419235973 3371.40460715348 3491.97912767421 3693.45386478041 3917.30692498906 4141.15998519771 4342.63472230391 4463.20924282463 4567.78965761839 Inf 4090.88816706459 361.571166667349 -Inf 3382.22170254846 3496.15652217073 3627.51607236626 3847.01212118102 4090.88816706459 4334.76421294816 4554.26026176292 4685.61981195845 4799.55463158072 Inf
"62" 73.1313131313131 3894.72303451927 331.939007563973 -Inf 3244.13453462991 3348.73195400099 3469.32607971034 3670.83357622711 3894.72303451927 4118.61249281143 4320.1199893282 4440.71411503754 4545.31153440862 Inf 4066.49036901801 361.629620597833 -Inf 3357.70933690337 3471.66257596458 3603.04336259355 3822.57489655747 4066.49036901801 4310.40584147854 4529.93737544246 4661.31816207144 4775.27140113264 Inf
"63" 73.8383838383838 3877.99048344064 332.055495997417 -Inf 3227.17367041712 3331.80779650012 3452.44424269746 3654.02245489411 3877.99048344064 4101.95851198718 4303.53672418382 4424.17317038116 4528.80729646416 Inf 4053.8332557429 361.755628390597 -Inf 3344.80525289268 3458.79819831452 3590.22476383436 3809.8327923177 4053.8332557429 4297.8337191681 4517.44174765144 4648.86831317128 4762.86125859313 Inf
"64" 74.5454545454545 3861.82218202874 332.155257472815 -Inf 3210.80984010639 3315.47540206358 3436.14809181058 3637.78686538959 3861.82218202874 4085.8574986679 4287.4962722469 4408.1689619939 4512.83452395109 Inf 4045.57626526238 361.863490670063 -Inf 3336.33685622911 3450.3637901724 3581.82954228072 3801.50304983524 4045.57626526238 4289.64948068951 4509.32298824403 4640.78874035235 4754.81567429565 Inf
"65" 75.2525252525253 3845.06064794501 332.237336801654 -Inf 3193.88743349427 3298.57885949812 3419.28136883449 3620.96996963985 3845.06064794501 4069.15132625017 4270.83992705554 4391.54243639191 4496.23386239576 Inf 4024.84089910538 361.953019571879 -Inf 3315.42601664897 3429.48116207653 3560.97944021944 3780.70729735162 4024.84089910538 4268.97450085913 4488.70235799131 4620.20063613422 4734.25578156178 Inf
"66" 75.959595959596 3828.37382939943 332.378939594981 -Inf 3176.92307857365 3281.65912508434 3402.41307900743 3604.18764146157 3828.37382939943 4052.56001733729 4254.33457979143 4375.08853371452 4479.82458022521 Inf 3992.59297073179 362.105556648328 -Inf 3282.87912109924 3396.9823325395 3528.53602771673 3748.35648428345 3992.59297073179 4236.82945718013 4456.64991374685 4588.20360892407 4702.30682036434 Inf
"67" 76.6666666666667 3811.83988027557 332.560399634947 -Inf 3160.03347430683 3264.8267007556 3385.64657948527 3587.53129940069 3811.83988027557 4036.14846115046 4238.03318106588 4358.85305979555 4463.64628624432 Inf 3971.64309216502 362.303011092757 -Inf 3261.5422389328 3375.70767031366 3507.33310109758 3727.27342471778 3971.64309216502 4216.01275961226 4435.95308323247 4567.57851401638 4681.74394539724 Inf
"68" 77.3737373737374 3796.99356614721 332.835105877342 -Inf 3144.64874583705 3249.52853506809 3370.4482151419 3572.49969872752 3796.99356614721 4021.48743356691 4223.53891715252 4344.45859722634 4449.33838645738 Inf 3972.97605365625 362.59892470883 -Inf 3262.29522039399 3376.55389722023 3508.28683403086 3728.40679550802 3972.97605365625 4217.54531180448 4437.66527328164 4569.39821009227 4683.65688691851 Inf
"69" 78.0808080808081 3788.1893780585 333.001264646009 -Inf 3135.51889254603 3240.45104012608 3361.43108602307 3563.58343825243 3788.1893780585 4012.79531786456 4214.94767009392 4335.92771599091 4440.85986357097 Inf 3972.09633006286 362.779224079392 -Inf 3261.06211652787 3375.37760755323 3507.17604749686 3727.40546183723 3972.09633006286 4216.7871982885 4437.01661262887 4568.81505257249 4683.13054359786 Inf
"70" 78.7878787878788 3789.18655294817 333.390359421916 -Inf 3135.75345568835 3240.80821106238 3361.92961589354 3564.3181727039 3789.18655294817 4014.05493319244 4216.44349000281 4337.56489483397 4442.61965020799 Inf 3936.95397131473 363.202830555455 -Inf 3225.08950434303 3339.53847815655 3471.49081520615 3691.97738486287 3936.95397131473 4181.93055776659 4402.4171274233 4534.36946447291 4648.81843828642 Inf
"71" 79.4949494949495 3798.68824048189 334.839081099504 -Inf 3142.41570091038 3247.92696349028 3369.57469189331 3572.8427123152 3798.68824048189 4024.53376864858 4227.80178907048 4349.44951747351 4454.96078005341 Inf 3873.55494689724 364.764411694846 -Inf 3158.6298371334 3273.57088133816 3406.09054403476 3627.52508997277 3873.55494689724 4119.58480382172 4341.01934975973 4473.53901245633 4588.48005666108 Inf
"72" 80.2020202020202 3806.08183307182 337.328921774689 -Inf 3144.9292954497 3251.2251326151 3373.777425268 3578.5569328901 3806.08183307182 4033.60673325355 4238.38624087565 4360.93853352855 4467.23437069394 Inf 3820.23439603279 367.462652188992 -Inf 3100.02083207879 3215.81211981052 3349.31205884081 3572.38460355144 3820.23439603279 4068.08418851413 4291.15673322476 4424.65667225506 4540.44795998678 Inf
"73" 80.9090909090909 3782.95748080976 341.966229759917 -Inf 3112.71598655138 3220.47308749424 3344.71012369756 3552.3047639235 3782.95748080976 4013.61019769602 4221.20483792197 4345.44187412528 4453.19897506815 Inf 3784.82718195433 372.463354516524 -Inf 3054.81242154097 3172.17948237132 3307.49618686569 3533.60446700929 3784.82718195433 4036.04989689938 4262.15817704298 4397.47488153735 4514.84194236769 Inf
"74" 81.6161616161616 3676.32905035204 367.916780999414 -Inf 2955.22541028528 3071.15979870885 3204.82472367211 3428.1729526428 3676.32905035204 3924.48514806128 4147.83337703197 4281.49830199524 4397.4326904188 Inf 3698.90675653609 400.503982469205 -Inf 2913.93337523159 3040.13632836311 3185.64025079583 3428.7709254479 3698.90675653609 3969.04258762428 4212.17326227634 4357.67718470907 4483.88013784059 Inf
"75" 82.3232323232323 3422.61179814718 501.500951736978 -Inf 2439.68799453014 2597.71613876299 2779.91246832654 3084.35454648701 3422.61179814718 3760.86904980735 4065.31112796781 4247.50745753136 4405.53560176421 Inf 3452.42418143895 540.854630305985 -Inf 2392.3685851675 2562.79748112665 2759.29108323827 3087.62327695147 3452.42418143895 3817.22508592643 4145.55727963963 4342.05088175125 4512.47977771041 Inf
"76" 83.030303030303 2986.78837079735 812.772268793085 -Inf 1393.78399632999 1649.89695658746 1945.17879729433 2438.5818062528 2986.78837079735 3534.9949353419 4028.39794430036 4323.67978500723 4579.7927452647 Inf 2982.72611891687 863.377608141878 -Inf 1290.53710190045 1562.59632873601 1876.26319354649 2400.38677167636 2982.72611891687 3565.06546615737 4089.18904428724 4402.85590909772 4674.91513593328 Inf
"77" 83.7373737373737 2398.31072090467 1235.03062959704 -Inf -22.3048329093499 366.866110415823 815.555284049053 1565.29522006325 2398.31072090467 3231.32622174608 3981.06615776028 4429.75533139351 4818.92627471869 Inf 2333.13675124812 1297.85131860279 -Inf -210.605090501162 198.361302600574 669.873362048594 1457.74933957207 2333.13675124812 3208.52416292417 3996.40014044765 4467.91219989566 4876.8785929974 Inf
"78" 84.4444444444444 1748.56024930798 1651.48578441086 -Inf -1488.29240911718 -967.892133039018 -367.903943178409 634.65001512832 1748.56024930798 2862.47048348764 3865.02444179437 4465.01263165497 4985.41290773314 Inf 1630.72360058915 1723.77599027526 -Inf -1747.81525776522 -1204.63558906698 -578.384218396302 468.054363514387 1630.72360058915 2793.39283766391 3839.8314195746 4466.08279024527 5009.26245894352 Inf
"79" 85.1515151515152 1147.84133492236 1973.75012903238 -Inf -2720.63783246239 -2098.68872351249 -1381.62123293294 -183.432896558175 1147.84133492236 2479.11556640289 3677.30390277766 4394.3713933572 5016.32050230711 Inf 1010.88743491395 2051.49686898117 -Inf -3009.97254268584 -2363.52463070932 -1618.21158923872 -372.826175773205 1010.88743491395 2394.60104560111 3639.98645906662 4385.29950053722 5031.74741251374 Inf
"80" 85.8585858585859 675.222784103003 2173.02919735415 -Inf -3583.83618006511 -2899.09217263641 -2109.62618574033 -790.463136389189 675.222784103003 2140.90870459519 3460.07175394634 4249.53774084242 4934.28174827111 Inf 553.195365324976 2253.05840970518 -Inf -3862.71797276227 -3152.75593161211 -2334.21516689613 -966.469438614254 553.195365324976 2072.86016926421 3440.60589754608 4259.14666226206 4969.10870341222 Inf
"81" 86.5656565656566 355.096060731242 2271.42830406989 -Inf -4096.82160871064 -3381.07102357835 -2555.85643837184 -1176.95904866917 355.096060731242 1887.15117013165 3266.04855983433 4091.26314504083 4807.01373017312 Inf 266.155802321819 2352.07308985434 -Inf -4343.82274279852 -3602.66015038005 -2748.14714825633 -1320.29338849696 266.155802321819 1852.6049931406 3280.45875289997 4134.97175502368 4876.13434744216 Inf
"82" 87.2727272727273 166.785441189481 2309.97674316602 -Inf -4360.68578054105 -3632.7881829807 -2793.56887038655 -1391.27019526733 166.785441189481 1724.84107764629 3127.13975276551 3966.35906535966 4694.25666292001 Inf 111.992783669288 2390.67455450311 -Inf -4573.64324191315 -3820.31692816575 -2951.77993436182 -1500.49269939765 111.992783669288 1724.47826673622 3175.76550170039 4044.30249550433 4797.62880925173 Inf
"83" 87.979797979798 69.9506829115768 2321.89691822576 -Inf -4480.88365262545 -3749.22988443951 -2905.67994767383 -1496.14498944357 69.9506829115768 1636.04635526672 3045.58131349698 3889.13125026266 4620.78501844861 Inf 40.8620369160649 2402.55795944476 -Inf -4668.0650343657 -3910.99413663777 -3038.139877322 -1579.63868098144 40.8620369160649 1661.36275481357 3119.86395115413 3992.7182104699 4749.78910819783 Inf
"84" 88.6868686868687 26.2002300280919 2324.80427791848 -Inf -4530.33242579677 -3797.76251845841 -2953.15633192312 -1541.85642663992 26.2002300280919 1594.25688669611 3005.5567919793 3850.16297851459 4582.73288585295 Inf 12.7251312517244 2405.44483882417 -Inf -4701.8601196414 -3943.87953631991 -3069.97646777457 -1609.72275719724 12.7251312517244 1635.17301970069 3095.42673027802 3969.32979882336 4727.31038214485 Inf
"85" 89.3939393939394 8.76586358654886 2325.36530896128 -Inf -4548.86639287641 -3816.11969884554 -2971.30968857588 -1559.66920276938 8.76586358654886 1577.20092994248 2988.84141574898 3833.65142601864 4566.39812004951 Inf 3.27201739120374 2405.99998110222 -Inf -4712.40129237319 -3954.24577796995 -3080.14102509062 -1619.55030883421 3.27201739120374 1626.09434361661 3086.68505987303 3960.78981275236 4718.9453271556 Inf
"86" 90.1010101010101 2.62015611931713 2325.45136646617 -Inf -4555.18076995383 -3822.40695831182 -2977.56568317324 -1565.87295514159 2.62015611931713 1571.11326738022 2982.80599541187 3827.64727055045 4560.42108219247 Inf 0.636687321417025 2406.08487766058 -Inf -4715.20301663978 -3957.02075045167 -3082.88515447768 -1622.24290076244 0.636687321417025 1623.51627540527 3084.15852912052 3958.29412509451 4716.47639128261 Inf
"87" 90.8080808080808 0.699663685257969 2325.46190893995 -Inf -4557.12192525681 -3824.34479157212 -2979.49968633108 -1567.80055836615 0.699663685257969 1569.19988573667 2980.89901370159 3825.74411894263 4558.52125262733 Inf 0.0626545497732326 2406.09525046504 -Inf -4715.79737973459 -3957.61184496836 -3083.47248053313 -1622.82392988437 0.0626545497732326 1622.94923898392 3083.59778963268 3957.73715406791 4715.92268883414 Inf
"88" 91.5151515151515 0.166858137329535 2325.46294457488 -Inf -4557.65676061189 -3824.87930058791 -2980.03381909856 -1568.33406243922 0.166858137329535 1568.66777871388 2980.36753537322 3825.21301686257 4557.99047688655 Inf -0.0157500491768256 2406.09626707573 -Inf -4715.87777685387 -3957.69192174309 -3083.5521879711 -1622.90302017681 -0.0157500491768256 1622.87152007846 3083.52068787274 3957.66042164473 4715.84627675552 Inf
"89" 92.2222222222222 0.0355142311274361 2325.46302642719 -Inf -4557.78826494567 -3825.01077912918 -2980.16526790272 -1568.46546155397 0.0355142311274361 1568.53649001622 2980.23629636497 3825.08180759143 4557.85929340793 Inf -0.0113332744822638 2406.09634726074 -Inf -4715.87351723891 -3957.687636861 -3083.54787395763 -1622.89865748608 -0.0113332744822638 1622.87599093712 3083.52520740866 3957.66497031203 4715.85085068994 Inf
"90" 92.9292929292929 0.00673799573288713 2325.46303164636 -Inf -4557.81705141046 -3825.03956394935 -2980.19405082675 -1568.49424130964 0.00673799573288713 1568.50771730111 2980.20752681822 3825.05303994081 4557.83052740192 Inf -0.0040397713287267 2406.09635236438 -Inf -4715.86623373871 -3957.68035175259 -3083.54058699505 -1622.89136742528 -0.0040397713287267 1622.88328788263 3083.5325074524 3957.67227220993 4715.85815419605 Inf
"91" 93.6363636363636 0.00113734504433963 2325.46303191545 -Inf -4557.82265258855 -3825.04516504265 -2980.19965182229 -1568.49984214183 0.00113734504433963 1568.50211683192 2980.20192651238 3825.04743973273 4557.82492727864 Inf -0.00108977099553473 2406.09635262709 -Inf -4715.86328425328 -3957.67740218437 -3083.5376373314 -1622.88841760214 -0.00108977099553473 1622.88623806015 3083.53545778941 3957.67522264238 4715.86110471129 Inf
"92" 94.3434343434343 0.000170285196287632 2325.46303192669 -Inf -4557.82361967043 -3825.04613212098 -2980.20061889654 -1568.50080920926 0.000170285196287632 1568.50114977965 2980.20095946693 3825.04647269137 4557.82396024082 Inf -0.000243601124759646 2406.09635263805 -Inf -4715.86243810488 -3957.67655603253 -3083.53679117557 -1622.88757143966 -0.000243601124759646 1622.88708423741 3083.53630397332 3957.67606883027 4715.86195090263 Inf
"93" 95.0505050505051 2.25075564431242e-05 2325.46303192707 -Inf -4557.82376744881 -3825.04627989925 -2980.20076667467 -1568.50095698715 2.25075564431242e-05 1568.50100200227 2980.20081168978 3825.04632491436 4557.82381246392 Inf -4.67370450666693e-05 2406.09635263842 -Inf -4715.86224124153 -3957.67635916906 -3083.53659431196 -1622.88737457583 -4.67370450666693e-05 1622.88728110174 3083.53650083787 3957.67626569496 4715.86214776744 Inf
"94" 95.7575757575758 2.60618040249893e-06 2325.46303192708 -Inf -4557.82378735021 -3825.04629980064 -2980.20078657606 -1568.50097688854 2.60618040249893e-06 1568.5009821009 2980.20079178842 3825.046305013 4557.82379256257 Inf -7.83175096849615e-06 2406.09635263843 -Inf -4715.86220233625 -3957.67632026378 -3083.53655540668 -1622.88733567055 -7.83175096849615e-06 1622.88732000705 3083.53653974318 3957.67630460027 4715.86218667275 Inf
"95" 96.4646464646465 2.60858831525158e-07 2325.46303192708 -Inf -4557.82378969553 -3825.04630214596 -2980.20078892138 -1568.50097923386 2.60858831525158e-07 1568.50097975558 2980.2007894431 3825.04630266768 4557.82379021725 Inf -1.15773079844473e-06 2406.09635263843 -Inf -4715.86219566223 -3957.67631358976 -3083.53654873266 -1622.88732899653 -1.15773079844473e-06 1622.88732668107 3083.5365464172 3957.67631127429 4715.86219334677 Inf
"96" 97.1717171717172 2.19941855157477e-08 2325.46303192708 -Inf -4557.82378993439 -3825.04630238483 -2980.20078916025 -1568.50097947272 2.19941855157477e-08 1568.50097951671 2980.20078920423 3825.04630242881 4557.82378997838 Inf -1.5192612356306e-07 2406.09635263843 -Inf -4715.86219465643 -3957.67631258395 -3083.53654772686 -1622.88732799072 -1.5192612356306e-07 1622.88732768687 3083.53654742301 3957.6763122801 4715.86219435258 Inf
"97" 97.8787878787879 1.47060315104459e-09 2325.46303192708 -Inf -4557.82378995492 -3825.04630240535 -2980.20078918077 -1568.50097949325 1.47060315104459e-09 1568.50097949619 2980.20078918371 3825.04630240829 4557.82378995786 Inf -1.77731754389503e-08 2406.09635263843 -Inf -4715.86219452228 -3957.6763124498 -3083.5365475927 -1622.88732785657 -1.77731754389503e-08 1622.88732782102 3083.53654755716 3957.67631241425 4715.86219448673 Inf
"98" 98.5858585858586 6.32910175146849e-11 2325.46303192708 -Inf -4557.82378995633 -3825.04630240676 -2980.20078918218 -1568.50097949465 6.32910175146849e-11 1568.50097949478 2980.2007891823 3825.04630240688 4557.82378995645 Inf -1.85908661594901e-09 2406.09635263843 -Inf -4715.86219450636 -3957.67631243389 -3083.53654757679 -1622.88732784066 -1.85908661594901e-09 1622.88732783694 3083.53654757307 3957.67631243017 4715.86219450264 Inf
"99" 99.2929292929293 -8.23434350087593e-13 2325.46303192708 -Inf -4557.82378995639 -3825.04630240682 -2980.20078918224 -1568.50097949472 -8.23434350087593e-13 1568.50097949472 2980.20078918224 3825.04630240682 4557.82378995639 Inf -1.74255772110595e-10 2406.09635263843 -Inf -4715.86219450468 -3957.6763124322 -3083.53654757511 -1622.88732783897 -1.74255772110595e-10 1622.88732783862 3083.53654757476 3957.67631243185 4715.86219450433 Inf
"100" 100 -5.26084341639944e-13 2325.46303192708 -Inf -4557.82378995639 -3825.04630240682 -2980.20078918224 -1568.50097949472 -5.26084341639944e-13 1568.50097949472 2980.20078918224 3825.04630240682 4557.82378995639 Inf -1.46604815095267e-11 2406.09635263843 -Inf -4715.86219450452 -3957.67631243204 -3083.53654757495 -1622.88732783881 -1.46604815095267e-11 1622.88732783878 3083.53654757492 3957.67631243201 4715.86219450449 Inf
