"mid_age" "mean_left" "std_left" "min_left" "l.q2.5" "l.q5" "l.q10" "l.q25" "l.q50" "l.q75" "l.q90" "l.q95" "l.q97.5" "max_left" "mean_right" "std_right" "min_right" "r.q2.5" "r.q5" "r.q10" "r.q25" "r.q50" "r.q75" "r.q90" "r.q95" "r.q97.5" "max_right"
"1" 55.7817606266145 4261.66622028699 333.788661635848 -Inf 3607.4524650329 3712.63272955999 3833.89883840653 4036.52918928194 4261.66622028699 4486.80325129204 4689.43360216745 4810.69971101399 4915.87997554108 Inf 4472.56812123922 366.429570683521 -Inf 3754.37935982904 3869.84511287816 4002.96973126792 4225.41513164443 4472.56812123922 4719.72111083401 4942.16651121052 5075.29112960028 5190.7568826494 Inf
"2" 56.1525094308622 4262.55875442638 333.784537246109 -Inf 3608.35308282764 3713.5320477168 3834.79665816405 4037.42450527994 4262.55875442638 4487.69300357283 4690.32085068871 4811.58546113596 4916.76442602513 Inf 4485.05242067704 366.424335913373 -Inf 3766.87391922782 3882.33802274665 4015.46073933362 4237.90296188107 4485.05242067704 4732.20187947302 4954.64410202047 5087.76681860744 5203.23092212626 Inf
"3" 56.5181949956865 4269.61928658679 333.804874042255 -Inf 3615.37375560004 3720.55912882431 3841.83112767152 4044.47132047979 4269.61928658679 4494.76725269378 4697.40744550206 4818.67944434927 4923.86481757354 Inf 4495.84940585828 366.446106226903 -Inf 3777.62823537861 3893.09919894871 4026.22982473547 4248.68526320897 4495.84940585828 4743.01354850759 4965.46898698109 5098.59961276784 5214.07057633795 Inf
"4" 56.8794221060609 4279.52682519883 333.819470128357 -Inf 3625.25268640901 3730.44265901118 3851.71996064657 4054.36901418137 4279.52682519883 4504.6846362163 4707.3336897511 4828.61099138648 4933.80096398865 Inf 4501.52182535494 366.46235230233 -Inf 3783.26881315254 3898.74489602928 4031.88142404873 4254.34672489427 4501.52182535494 4748.69692581561 4971.16222666115 5104.2987546806 5219.77483755734 Inf
"5" 57.2363936510091 4287.14749230198 333.821942768593 -Inf 3632.86850722635 3738.05925898307 3859.33745893375 4061.98801351402 4287.14749230198 4512.30697108994 4714.95752567021 4836.23572562089 4941.42647737761 Inf 4499.84410758578 366.465421131162 -Inf 3781.5850805894 3897.06213048589 4030.19977341718 4252.66693723152 4499.84410758578 4747.02127794004 4969.48844175438 5102.62608468567 5218.10313458216 Inf
"6" 57.5889757490975 4287.84074354531 333.817159368783 -Inf 3633.57113376103 3738.76037821893 3860.0368403506 4062.6844911115 4287.84074354531 4512.99699597913 4715.64464674003 4836.92110887169 4942.1103533296 Inf 4490.46638615569 366.460000723427 -Inf 3772.21798296325 3887.69332483312 4020.8289985191 4243.29287181089 4490.46638615569 4737.63990050049 4960.10377379227 5093.23944747826 5208.71478934813 Inf
"7" 57.9370193873576 4279.42843563547 333.802436536129 -Inf 3625.18768207294 3730.37228721378 3851.64340050999 4054.28211360137 4279.42843563547 4504.57475766957 4707.21347076095 4828.48458405716 4933.669189198 Inf 4474.9147019406 366.443474393459 -Inf 3756.69868975969 3872.16882401182 4005.29849364806 4227.75233443597 4474.9147019406 4722.07706944523 4944.53091023314 5077.66057986938 5193.1307141215 Inf
"8" 58.2802515964932 4262.97387540355 333.77138916953 -Inf 3608.79397356137 3713.96879535542 3835.22862907934 4037.8484945 4262.97387540355 4488.09925630711 4690.71912172776 4811.97895545168 4917.15377724573 Inf 4455.9633480135 366.409570746529 -Inf 3737.81378575952 3853.27323662134 3986.39058899276 4208.82384817122 4455.9633480135 4703.10284785578 4925.53610703424 5058.65345940566 5174.11291026748 Inf
"9" 58.6182964970865 4242.17896053306 333.728361917365 -Inf 3588.08339055548 3693.24465401671 3814.48885585123 4017.08260107007 4242.17896053306 4467.27531999606 4669.8690652149 4791.11326704942 4896.27453051065 Inf 4436.67568401562 366.363104673043 -Inf 3718.61719359218 3834.06200251297 3967.16247366411 4189.56752506364 4436.67568401562 4683.78384296761 4906.18889436714 5039.28936551828 5154.73417443907 Inf
"10" 58.9507919428282 4221.806970138 333.688091547037 -Inf 3567.7903286359 3672.93890248634 3794.1684740123 3996.73777262703 4221.806970138 4446.87616764897 4649.44546626369 4770.67503778966 4875.8236116401 Inf 4419.5020722886 366.319555411947 -Inf 3701.52893684846 3816.96002294601 3950.04467256082 4172.42328686685 4419.5020722886 4666.58085771034 4888.95947201638 5022.04412163119 5137.47520772874 Inf
"11" 59.2774880181576 4205.92051685167 333.660574503833 -Inf 3551.95780776322 3657.09771070833 3778.31728523577 3980.8698793043 4205.92051685167 4430.97115439904 4633.52374846757 4754.74332299501 4859.88322594013 Inf 4405.76586026509 366.289385691631 -Inf 3687.85185639019 3803.27343569639 3936.34712458961 4158.70742401047 4405.76586026509 4652.82429651972 4875.18459594057 5008.2582848338 5123.67986413999 Inf
"12" 59.5981919125725 4196.67302312995 333.642065083869 -Inf 3542.74659183799 3647.88066227317 3769.09351229018 3971.63486999662 4196.67302312995 4421.71117626327 4624.25253396971 4745.46538398673 4850.5994544219 Inf 4395.6493006149 366.26874887503 -Inf 3677.7757441573 3793.19082058883 3926.25701208404 4148.60478368155 4395.6493006149 4642.69381754825 4865.04158914576 4998.10778064097 5113.52285707251 Inf
"13" 59.9127693330318 4193.9812588858 333.622648931371 -Inf 3540.09288255346 3645.22083475788 3766.42663084666 3968.95620174832 4193.9812588858 4419.00631602327 4621.53588692493 4742.74168301372 4847.86963521814 Inf 4388.54421192253 366.247382562271 -Inf 3670.71253266842 3786.1208763535 3919.17930542324 4141.51410634814 4388.54421192253 4635.57431749693 4857.90911842182 4990.96754749157 5106.37589117665 Inf
"14" 60.2211640261983 4195.99999646995 333.599022924397 -Inf 3542.15792626038 3647.27843366528 3768.47564637704 3970.99087483201 4195.99999646995 4421.00911810788 4623.52434656286 4744.72155927461 4849.84206667952 Inf 4383.5346502924 366.221873201446 -Inf 3665.75296846677 3781.15327388804 3914.20243535441 4136.52175052041 4383.5346502924 4630.54755006438 4852.86686523038 4985.91602669676 5101.31633211802 Inf
"15" 60.5233228848703 4200.03839647256 333.577037851567 -Inf 3546.23941621393 3651.35299589468 3772.54222138415 3975.0441035409 4200.03839647256 4425.03268940421 4627.53457156096 4748.72379705043 4853.83737673118 Inf 4379.79180256757 366.198264328271 -Inf 3662.05639328308 3777.44925930388 3910.48984361796 4132.79482673856 4379.79180256757 4626.78877839659 4849.09376151719 4982.13434583126 5097.52721185206 Inf
"16" 60.8193095370881 4203.50126137436 333.562963754823 -Inf 3549.72986583846 3654.83901062555 3776.02312296667 3978.5164612767 4203.50126137436 4428.48606147201 4630.97939978205 4752.16351212316 4857.27265691025 Inf 4376.75712042127 366.182960996799 -Inf 3659.05170511531 3774.43974889786 3907.47477348007 4129.77046653248 4376.75712042127 4623.74377431007 4846.03946736248 4979.07449194469 5094.46253572723 Inf
"17" 61.1091551272815 4204.54638920382 333.554979261966 -Inf 3550.79064298636 3655.89727177705 3777.07848333545 3979.56697456476 4204.54638920382 4429.52580384289 4632.01429507219 4753.19550663059 4858.30213542128 Inf 4374.12164954126 366.173909272427 -Inf 3656.43397528906 3771.81916677951 3904.85090285159 4127.14110094777 4374.12164954126 4621.10219813474 4843.39239623092 4976.42413230301 5091.80932379345 Inf
"18" 61.3929800509006 4202.34513047461 333.544014092823 -Inf 3548.61087559375 3653.71404914607 3774.89127703592 3977.37311172974 4202.34513047461 4427.31714921947 4629.79898391329 4750.97621180314 4856.07938535546 Inf 4371.68031322076 366.161540021278 -Inf 3654.01688225533 3769.39817606662 3902.42541836427 4124.70810756039 4371.68031322076 4618.65251888112 4840.93520807725 4973.96245037489 5089.34374418618 Inf
"19" 61.6710261825612 4196.98640626479 333.522056350796 -Inf 3543.29518776749 3648.39144220787 3769.56069280477 3972.02919779186 4196.98640626479 4421.94361473772 4624.41211972481 4745.58137032171 4850.67762476209 Inf 4369.17590882688 366.137478895988 -Inf 3651.55963680045 3766.93334870195 3899.95184954318 4122.21993214891 4369.17590882688 4616.13188550486 4838.39996811059 4971.41846895182 5086.79218085331 Inf
"20" 61.9435620319704 4189.17433510498 333.489206930466 -Inf 3535.54750028844 3640.63340353624 3761.79071987102 3964.23928322936 4189.17433510498 4414.1093869806 4616.55795033895 4737.71526667373 4842.80116992152 Inf 4366.21549039534 366.101911523197 -Inf 3648.66892913861 3764.03143339255 3897.03701253392 4119.28350354575 4366.21549039534 4613.14747724493 4835.39396825677 4968.39954739814 5083.76205165208 Inf
"21" 62.210908984899 4179.87620719413 333.45346705934 -Inf 3526.31942123781 3631.39406248203 3752.53839444796 3954.96526149526 4179.87620719413 4404.787152893 4607.2140199403 4728.35835190623 4833.43299315045 Inf 4362.28891609391 366.063324994171 -Inf 3644.81798304436 3760.16832828334 3893.15988885917 4115.38295546265 4362.28891609391 4609.19487672518 4831.41794332865 4964.40950390449 5079.75984914347 Inf
"22" 62.4734229870438 4170.03530839167 333.424476375736 -Inf 3516.53534313111 3621.60084911065 3742.73464870146 3945.14391661174 4170.03530839167 4394.9267001716 4597.33596808189 4718.4697676727 4823.53527365224 Inf 4356.87433550724 366.031914263351 -Inf 3639.46496635882 3754.80541375118 3887.78556274376 4109.98956109196 4356.87433550724 4603.75910992252 4825.96310827073 4958.9432572633 5074.28370465566 Inf
"23" 62.7315102537883 4160.40048156906 333.406961004601 -Inf 3506.93484580509 3611.99483250978 3733.12226873015 3935.52090372743 4160.40048156906 4385.28005941069 4587.67869440798 4708.80613062835 4813.86611733303 Inf 4349.58350351653 366.012694055829 -Inf 3632.21180528262 3747.54619618852 3880.51936244008 4102.71169293421 4349.58350351653 4596.45531409884 4818.64764459297 4951.62081084453 5066.95520175043 Inf
"24" 62.9856025580631 4151.4747713888 333.39871015992 -Inf 3498.02530698324 3603.08269376131 3724.2071324328 3926.60075865734 4151.4747713888 4376.34878412026 4578.74241034479 4699.86684901628 4804.92423579435 Inf 4340.29582183279 366.003372493661 -Inf 3622.94239352501 3738.27384711012 3871.24362681893 4093.43029854861 4340.29582183279 4587.16134511696 4809.34801684664 4942.31779655546 5057.64925014056 Inf
"25" 63.2360910528769 4143.54932194643 333.393635007204 -Inf 3490.10980465742 3595.1655922023 3716.28818706034 3918.67873235346 4143.54932194643 4368.4199115394 4570.81045683252 4691.93305169056 4796.98883923544 Inf 4329.24221710913 365.9975648758 -Inf 3611.9001715232 3727.22979506776 3860.19746485704 4082.38061100368 4329.24221710913 4576.10382321458 4798.28696936123 4931.2546391505 5046.58426269506 Inf
"26" 63.4833136418196 4136.77378315808 333.386825933035 -Inf 3483.3476114092 3588.40125334428 3709.52137445165 3911.90778621584 4136.77378315808 4361.63978010031 4564.0261918645 4685.14631297187 4790.19995490695 Inf 4317.0134252028 365.990108592954 -Inf 3599.6859936627 3715.01326765531 3847.97822856166 4070.1568482837 4317.0134252028 4563.8700021219 4786.04862184394 4919.01358275028 5034.34085674289 Inf
"27" 63.7275158759681 4131.22672959326 333.377762903731 -Inf 3477.81832105542 3582.86910713609 3703.98593562623 3906.3668455714 4131.22672959326 4356.08661361513 4558.4675235603 4679.58435205043 4784.63513813111 Inf 4304.49088547135 365.980434905616 -Inf 3587.18241401004 3702.50663972357 3835.46808615937 4057.64083335521 4304.49088547135 4551.34093758749 4773.51368478334 4906.47513121913 5021.79935693266 Inf
"28" 63.9688216010575 4126.95880021025 333.369721641465 -Inf 3473.56615225684 3578.61440445248 3699.72831153546 3902.10433993736 4126.95880021025 4351.81326048314 4554.18928888504 4675.30319596802 4780.35144816366 Inf 4292.71152897224 365.971939958681 -Inf 3575.41970730097 3690.74125616874 3823.6996163728 4045.86720661074 4292.71152897224 4539.55585133375 4761.72344157168 4894.68180177575 5010.00335064351 Inf
"29" 64.2072077080092 4123.9989865652 333.366262605246 -Inf 3470.6131181982 3575.66028041571 3696.7729308237 3899.14685937679 4123.9989865652 4348.85111375362 4551.22504230671 4672.3376927147 4777.38485493221 Inf 4282.69205746445 365.96829001643 -Inf 3565.40738954854 3680.72778828169 3813.68482245421 4035.85019695158 4282.69205746445 4529.53391797732 4751.69929247468 4884.6563266472 4999.97672538036 Inf
"30" 64.4425315691571 4122.32917454845 333.36757115432 -Inf 3468.94074147239 3573.98831602727 3695.10144183383 3897.4761647571 4122.32917454845 4347.18218433981 4549.55690726308 4670.67003306964 4775.71760762452 Inf 4275.24625842271 365.969579294159 -Inf 3557.95906356889 3673.27986856681 3806.23737113659 4028.40352830523 4275.24625842271 4522.0889885402 4744.25514570884 4877.21264827861 4992.53345327654 Inf
"31" 64.6745432004306 4121.8453383091 333.369290793637 -Inf 3468.45353480191 3573.50165123295 3694.61540178802 3896.99116863866 4121.8453383091 4346.69950797955 4549.07527483018 4670.18902538526 4775.23714181629 Inf 4270.83897773777 365.97112201669 -Inf 3553.54875920335 3668.87005032912 3801.82811337317 4023.99520706976 4270.83897773777 4517.68274840579 4739.84984210238 4872.80790514643 4988.1291962722 Inf
"32" 64.902936232828 4122.32630105208 333.364609043738 -Inf 3468.94367360608 3573.99031476923 3695.10236443492 3897.47528917396 4122.32630105208 4347.17731293021 4549.55023766925 4670.66228733493 4775.70892849808 Inf 4269.50840210147 365.965675327066 -Inf 3552.22885888254 3667.5484337 3800.50451795048 4022.66830516977 4269.50840210147 4516.34849903316 4738.51228625245 4871.46837050293 4986.78794532039 Inf
"33" 65.1274502953812 4123.42880744195 333.348122036955 -Inf 3470.07849393546 3575.11993987201 3696.22599977414 3898.58891588092 4123.42880744195 4348.26869900299 4550.63161510977 4671.7376750119 4776.77912094845 Inf 4270.87551242221 365.94753246228 -Inf 3553.63152856484 3668.94538637769 3801.894879288 4024.04765266686 4270.87551242221 4517.70337217757 4739.85614555643 4872.80563846674 4988.11949627958 Inf
"34" 65.3479299944334 4124.71519602909 333.318969023626 -Inf 3471.42202137876 3576.45428089886 3697.54974945115 3899.89496787673 4124.71519602909 4349.53542418145 4551.88064260703 4672.97611115933 4778.00837067942 Inf 4274.23387597283 365.915833542168 -Inf 3557.05202085722 3672.35589001202 3805.2938666393 4027.42739681418 4274.23387597283 4521.04035513148 4743.17388530635 4876.11186193363 4991.41573108843 Inf
"35" 65.5644187681252 4125.70627065243 333.281470209893 -Inf 3472.48659232648 3577.50703558197 3698.58888073794 3900.91133506558 4125.70627065243 4350.50120623929 4552.82366056693 4673.90550572289 4778.92594897838 Inf 4278.68798891557 365.875230226605 -Inf 3561.58571483613 3676.87678946563 3809.80001482467 4031.90889627709 4278.68798891557 4525.46708155405 4747.57596300647 4880.49918836551 4995.79026299502 Inf
"36" 65.7770858934147 4125.94288666335 333.243255835469 -Inf 3472.79810713496 3577.80650864526 3698.87447044022 3901.17372628035 4125.94288666335 4350.71204704634 4553.01130288647 4674.07926468144 4779.08766619173 Inf 4283.29691818081 365.833893578493 -Inf 3566.2756624429 3681.55371146645 3814.46191913602 4036.54570668779 4283.29691818081 4530.04812967383 4752.1319172256 4885.04012489517 5000.31817391871 Inf
"37" 65.9863147317408 4125.0426013725 333.212140284141 -Inf 3471.95880720408 3576.95740388187 3698.0140613329 3900.29442810995 4125.0426013725 4349.79077463506 4552.07114141211 4673.12779886314 4778.12639554093 Inf 4287.19745292574 365.800190904857 -Inf 3570.24225321435 3685.50968217635 3818.40564559511 4040.46897354065 4287.19745292574 4533.92593231084 4755.98926025638 4888.88522367514 5004.15265263714 Inf
"38" 66.1925476026611 4122.74100771648 333.193388961432 -Inf 3469.69396546523 3574.68665340702 3695.73649846385 3898.0054820289 4122.74100771648 4347.47653340407 4549.74551696912 4670.79536202595 4775.78804996774 Inf 4289.6841267497 365.779778462457 -Inf 3572.76893469025 3688.02993148023 3820.91847901659 4042.96941534778 4289.6841267497 4536.39883815163 4758.44977448282 4891.33832201918 5006.59931880916 Inf
"39" 66.3963974507463 4118.91363559217 333.188331100808 -Inf 3465.87650656558 3570.8676007231 3691.91560824874 3894.18152137974 4118.91363559217 4343.6457498046 4545.9116629356 4666.95967046124 4771.95076461876 Inf 4290.25433850916 365.774116473213 -Inf 3573.3502437447 3688.60945638323 3821.49594690722 4043.54344606095 4290.25433850916 4536.96523095737 4759.0127301111 4891.89922063509 5007.15843327362 Inf
"40" 66.5985109895636 4113.58169875191 333.194600240832 -Inf 3460.53228243666 3565.52535206513 3686.57563718227 3888.84535606879 4113.58169875191 4338.31804143503 4540.58776032156 4661.63804543869 4766.63111506716 Inf 4288.6164252849 365.780711671432 -Inf 3571.69940416947 3686.96069502326 3819.84958159636 4041.90108444309 4288.6164252849 4535.33176612671 4757.38326897344 4890.27215554655 5005.53344640034 Inf
"41" 66.7995287162422 4106.90487273464 333.207518131385 -Inf 3453.83013781915 3558.82727800873 3679.88225622213 3882.15981706674 4106.90487273464 4331.64992840253 4533.92748924715 4654.98246746055 4759.97960765013 Inf 4284.67909033611 365.794577251408 -Inf 3567.7348931833 3683.00055322495 3815.89447719184 4037.95439730273 4284.67909033611 4531.40378336949 4753.46370348038 4886.35762744727 5001.62328748893 Inf
"42" 67.0001050306344 4099.1608026203 333.221957088375 -Inf 3446.05776786914 3551.05945792362 3672.11968183986 3874.40600802392 4099.1608026203 4323.91559721669 4526.20192340075 4647.26214731698 4752.26383737147 Inf 4278.52614415047 365.810210244925 -Inf 3561.5513068934 3676.82189305323 3809.72149651889 4031.7909068232 4278.52614415047 4525.26138147775 4747.33079178206 4880.23039524772 4995.50098140755 Inf
"43" 67.2008471632313 4090.71769114119 333.233981403083 -Inf 3437.59108916626 3542.59656820685 3663.66116058141 3865.95478626778 4090.71769114119 4315.4805960146 4517.77422170097 4638.83881407553 4743.84429311612 Inf 4270.38453212714 365.823346582699 -Inf 3553.38394812113 3668.65867367706 3801.56304960132 4023.64043447468 4270.38453212714 4517.1286297796 4739.20601465296 4872.11039057722 4987.38511613314 Inf
"44" 67.4021856767121 4082.0027715242 333.241778768694 -Inf 3428.86088699349 3533.86882306475 3654.93624823831 3857.2346074076 4082.0027715242 4306.77093564079 4509.06929481009 4630.13671998364 4735.1446560549 Inf 4260.59448667226 365.831972840816 -Inf 3543.57699551103 3658.85443929023 3791.76194915185 4013.84457069712 4260.59448667226 4507.34440264741 4729.42702419268 4862.33453405429 4977.6119778335 Inf
"45" 67.6044641932777 4073.45346926073 333.245701800562 -Inf 3420.30389572886 3525.31306798809 3646.38191840721 3848.68265909935 4073.45346926073 4298.22427942211 4500.52502011425 4621.59387053337 4726.60304279261 Inf 4249.56890730944 365.836396877291 -Inf 3532.54274519605 3647.82158303497 3780.73070015816 4002.81600736705 4249.56890730944 4496.32180725184 4718.40711446073 4851.31623158391 4966.59506942283 Inf
"46" 67.8079765000522 4065.46561453271 333.24750787298 -Inf 3412.31250116394 3517.3222425353 3638.39174910425 3840.69358619399 4065.46561453271 4290.23764287142 4492.53947996116 4613.60898653012 4718.61872790147 Inf 4237.7512114328 365.838460492323 -Inf 3520.72100470827 3636.00049281366 3768.91035965244 3990.99691960321 4237.7512114328 4484.50550326238 4706.59206321316 4839.50193005194 4954.78141815733 Inf
"47" 68.012880146859 4058.34858324887 333.249221613001 -Inf 3405.19211101138 3510.20239239997 3631.27252157421 3833.57539901008 4058.34858324887 4283.12176748766 4485.42464492353 4606.49477409777 4711.50505548636 Inf 4225.58412218138 365.840335544223 -Inf 3508.55024042266 3623.83031937632 3756.74086742532 3978.82856564851 4225.58412218138 4472.33967871426 4694.42737693744 4827.33792498644 4942.61800394011 Inf
"48" 68.2194255141799 4052.27871303155 333.25217602633 -Inf 3399.11645025034 3504.12766260517 3625.19886512386 3827.50353607125 4052.27871303155 4277.05388999185 4479.35856093924 4600.42976345793 4705.44097581276 Inf 4213.46837063432 365.843491957453 -Inf 3496.42830241934 3611.70937599151 3744.62107077194 3966.71068513308 4213.46837063432 4460.22605613557 4682.3156704967 4815.22736527713 4930.5084388493 Inf
"49" 68.4278205121747 4047.28409100499 333.256666224306 -Inf 3394.11302759747 3499.12565486019 3620.19848867706 3822.50588545218 4047.28409100499 4272.0622965578 4474.36969333293 4595.4425271498 4700.45515441252 Inf 4201.75529125768 365.848305788585 -Inf 3484.70578810706 3599.98837856728 3732.90182222248 3954.99435887668 4201.75529125768 4448.51622363868 4670.60876029288 4803.52220394809 4918.8047944083 Inf
"50" 68.6383164223103 4043.24207450033 333.26233203263 -Inf 3390.05990631255 3495.07431893015 3616.14921114687 3818.46004741788 4043.24207450033 4268.02410158278 4470.33493785379 4591.40983007051 4696.42424268811 Inf 4190.73999429986 365.854443215257 -Inf 3473.67846201401 3588.96298644094 3721.8786598359 3943.97492228748 4190.73999429986 4437.50506631225 4659.60132876383 4792.51700215879 4907.80152658572 Inf
"51" 68.8511904777596 4039.90147730137 333.268991634464 -Inf 3386.70625653384 3491.72276766096 3612.80007932475 3815.11495838574 4039.90147730137 4264.687996217 4467.00287527799 4588.08018694178 4693.0966980689 Inf 4180.6711538603 365.861737528393 -Inf 3463.5953249834 3578.88214792395 3711.80047135792 3933.90116190847 4180.6711538603 4427.44114581213 4649.54183636268 4782.46015979664 4897.74698273719 Inf
"52" 69.0666503200039 4036.92318581642 333.277393656635 -Inf 3383.71149738803 3488.73065607937 3609.81102021513 3812.13099982295 4036.92318581642 4261.71537180988 4464.0353514177 4585.11571555347 4690.1348742448 Inf 4171.76784411842 365.870994163483 -Inf 3454.67387257012 3569.96361237227 3702.88529876084 3924.9916086611 4171.76784411842 4418.54407957574 4640.65038947599 4773.57207586456 4888.86181566671 Inf
"53" 69.2848241937423 4033.93175191778 333.28934784053 -Inf 3380.6966337195 3485.719559298 3606.80426641341 3809.13150294981 4033.93175191778 4258.73200088576 4461.05923742215 4582.14394453757 4687.16687011607 Inf 4164.22619475345 365.884141021584 -Inf 3447.10645583677 3562.40033835007 3695.3268010193 3917.44109187509 4164.22619475345 4411.0112976318 4633.1255884876 4766.05205115682 4881.34593367013 Inf
"54" 69.5057348350872 4030.57279149517 333.306945331995 -Inf 3377.3031828474 3482.33165357772 3603.42275389806 3805.76067319958 4030.57279149517 4255.38490979077 4457.72282909228 4578.81392941262 4683.84240014294 Inf 4158.21343379224 365.903401093403 -Inf 3441.05594582846 3556.35589738988 3689.2893572829 3911.41534019286 4158.21343379224 4405.01152739163 4627.13751030159 4760.07097019461 4875.37092175603 Inf
"55" 69.7291435180454 4026.56756849684 333.331041446087 -Inf 3373.25073233328 3478.28679599873 3599.38665048699 3801.73919761927 4026.56756849684 4251.39593937441 4453.74848650668 4574.84834099495 4679.8844046604 Inf 4153.84428445653 365.929662376863 -Inf 3436.63532532298 3551.94355208682 3684.88655275825 3907.02847789062 4153.84428445653 4400.66009102244 4622.80201615481 4755.74501682624 4871.05324359008 Inf
"56" 69.9545967594676 4021.7485823063 333.359727160064 -Inf 3368.37552317647 3473.42062600751 3594.5309020748 3796.90086320867 4021.7485823063 4246.59630140392 4448.9662625378 4570.07653860508 4675.12164143612 Inf 4151.12976009983 365.960827628928 -Inf 3433.85971819466 3549.17776545222 3682.13208852398 3904.29293289084 4151.12976009983 4397.96658730882 4620.12743167568 4753.08175474743 4868.399802005 Inf
"57" 70.1814967794591 4016.06647385047 333.387775083736 -Inf 3362.6384418004 3467.6923828227 3588.81284875847 3791.19983671581 4016.06647385047 4240.93311098512 4443.32009894246 4564.44056487823 4669.49450590053 Inf 4149.91911967194 365.991216907573 -Inf 3432.58951587511 3547.91713910914 3680.88250266847 3903.06179520599 4149.91911967194 4396.77644413789 4618.95573667541 4751.92110023474 4867.24872346877 Inf
"58" 70.4090826744818 4009.56763685939 333.407732858752 -Inf 3356.10048828908 3461.160718213 3582.28843484958 3784.68753841005 4009.56763685939 4234.44773530873 4436.8468388692 4557.97455550578 4663.0347854297 Inf 4149.85526989511 366.012759120305 -Inf 3432.48344413717 3547.81785554556 3680.79104543518 3902.98341542747 4149.85526989511 4396.72712436274 4618.91949435503 4751.89268424465 4867.22709565304 Inf
"59" 70.636520245475 4002.34673315677 333.412532908526 -Inf 3348.87017666178 3453.9319191311 3575.06137963566 3777.46339712306 4002.34673315677 4227.23006919048 4429.63208667788 4550.76154718243 4655.82328965175 Inf 4150.36550713952 366.017827738029 -Inf 3432.9837470734 3548.31975565573 3681.29478698462 3903.49023394119 4150.36550713952 4397.24078033786 4619.43622729443 4752.41125862332 4867.74726720565 Inf
"60" 70.8631284388902 3994.48882953835 333.398469741223 -Inf 3341.03983634478 3446.09714736442 3567.22149869131 3769.61497896683 3994.48882953835 4219.36268010986 4421.75616038538 4542.88051171227 4647.93782273191 Inf 4150.7073121976 366.002459782434 -Inf 3433.35567277096 3548.6868387513 3681.65628687025 3903.84240452779 4150.7073121976 4397.57221986741 4619.75833752495 4752.7277856439 4868.05895162424 Inf
"61" 71.0883768039355 3986.03296508928 333.367022568684 -Inf 3332.64560722131 3437.69300891117 3558.80593541544 3761.18032531332 3986.03296508928 4210.88560486524 4413.25999476312 4534.37292126739 4639.42032295725 Inf 4150.06398943996 365.968304794341 -Inf 3432.77929255988 3548.09969594971 3681.05673549107 3903.22211895954 4150.06398943996 4396.90585992038 4619.07124338885 4752.02828293021 4867.34868632005 Inf
"62" 71.3120423829962 3976.95787242219 333.324628810227 -Inf 3323.65360479397 3428.68764777144 3549.78517253587 3752.13382680178 3976.95787242219 4201.7819180426 4404.13057230851 4525.22809707295 4630.26214005042 Inf 4147.66761525522 365.922346929274 -Inf 3430.47299413547 3545.77891572601 3678.71925868025 3900.85674288373 4147.66761525522 4394.47848762671 4616.61597183019 4749.55631478443 4864.86223637497 Inf
"63" 71.5342341213316 3967.19955247283 333.280621485503 -Inf 3313.98153761612 3419.00171342976 3540.08325024241 3742.40518934188 3967.19955247283 4191.99391560378 4394.31585470326 4515.3973915159 4620.41756732954 Inf 4142.91806014234 365.87466131677 -Inf 3425.81690110568 3541.10779646581 3674.03081513873 3896.13935122771 4142.91806014234 4389.69676905696 4611.80530514595 4744.72832381887 4860.019219179 Inf
"64" 71.7554629999132 3956.68538607209 333.24442657259 -Inf 3303.53831194111 3408.5470823628 3529.61546948898 3731.91543603891 3956.68538607209 4181.45533610527 4383.75530265521 4504.82368978138 4609.83246020307 Inf 4135.47233040345 365.835404369153 -Inf 3418.44811357026 3533.72663865959 3666.63539520252 3888.72009989762 4135.47233040345 4382.22456090928 4604.30926560438 4737.21802214731 4852.49654723663 Inf
"65" 71.9766573541707 3945.37723007193 333.223294001791 -Inf 3292.27157501861 3397.27368634836 3518.334395968 3720.62153374114 3945.37723007193 4170.13292640271 4372.42006417585 4493.48077379549 4598.48288512524 Inf 4125.29480706111 365.812405360971 -Inf 3408.31566745564 3523.58694531928 3656.48734627512 3878.55808915056 4125.29480706111 4372.03152497166 4594.1022678471 4727.00266880295 4842.27394666658 Inf
"66" 72.1992144245289 3933.31208310188 333.22129831881 -Inf 3280.21033951534 3385.21182198471 3506.2718065686 3708.55773283881 3933.31208310188 4158.06643336495 4360.35235963516 4481.41234421905 4586.41382668842 Inf 4112.67245237461 365.810122295396 -Inf 3395.69778749544 3510.96834594146 3643.86791745488 3865.93727436839 4112.67245237461 4359.40763038083 4581.47698729434 4714.37655880775 4829.64711725378 Inf
"67" 72.4248167439807 3920.65424807536 333.239604910218 -Inf 3267.51662422898 3372.52387529491 3493.59051070121 3695.88755020403 3920.65424807536 4145.4209459467 4347.71798544952 4468.78462085581 4573.79187192175 Inf 4098.22703063293 365.82992829686 -Inf 3381.21354670421 3496.49034622644 3629.39711330102 3851.47849368173 4098.22703063293 4344.97556758413 4567.05694796484 4699.96371503941 4815.24051456164 Inf
"68" 72.6552910250585 3907.74690613676 333.277353985951 -Inf 3254.53529546149 3359.55444165217 3480.6347913755 3682.95474690076 3907.74690613676 4132.53906537275 4334.85902089801 4455.93937062134 4560.95851681203 Inf 4082.92448353515 365.87101289335 -Inf 3365.83047527699 3481.12022098111 3614.04191417429 3836.14823544473 4082.92448353515 4329.70073162557 4551.80705289601 4684.72874608919 4800.01849179331 Inf
"69" 72.8926522746491 3895.14828259802 333.332416417786 -Inf 3241.82875153945 3346.86524847273 3467.96560249104 3670.31898431613 3895.14828259802 4119.97758087991 4322.330962705 4443.43131672331 4548.46781365659 Inf 4068.05211497977 365.931108158205 -Inf 3350.84032216686 3466.14900451138 3599.09253043815 3821.23533324917 4068.05211497977 4314.86889671037 4537.01169952139 4669.95522544817 4785.26390779268 Inf
"70" 73.1390073390311 3883.65594303463 333.401190028562 -Inf 3230.20161817585 3335.25978638621 3456.38512599909 3658.78025765719 3883.65594303463 4108.53162841207 4310.92676007017 4432.05209968304 4537.1102678934 Inf 4055.15051282627 366.006193088305 -Inf 3337.79155625458 3453.12389863827 3586.09470307493 3808.28308707992 4055.15051282627 4302.01793857262 4524.20632257761 4657.17712701427 4772.50946939796 Inf
