"mid_age" "mean_left" "std_left" "min_left" "l.q2.5" "l.q5" "l.q10" "l.q25" "l.q50" "l.q75" "l.q90" "l.q95" "l.q97.5" "max_left" "mean_right" "std_right" "min_right" "r.q2.5" "r.q5" "r.q10" "r.q25" "r.q50" "r.q75" "r.q90" "r.q95" "r.q97.5" "max_right"
"1" 30 3.55563396399974e-09 2320.85169277446 -Inf -4548.78573129321 -3817.46132447298 -2974.29112026839 -1565.39067849804 3.55563396399974e-09 1565.39067850516 2974.2911202755 3817.46132448009 4548.78573130032 Inf 3.30199495725119e-09 2424.7691421932 -Inf -4752.46018951945 -3988.39031805319 -3107.46669025863 -1635.48193299776 3.30199495725119e-09 1635.48193300436 3107.46669026523 3988.39031805979 4752.46018952605 Inf
"2" 30.7070707070707 3.65874776737509e-08 2320.85169277446 -Inf -4548.78573126018 -3817.46132443995 -2974.29112023536 -1565.39067846501 3.65874776737509e-08 1565.39067853819 2974.29112030854 3817.46132451312 4548.78573133335 Inf 3.41250885495448e-08 2424.7691421932 -Inf -4752.46018948862 -3988.39031802237 -3107.46669022781 -1635.48193296693 3.41250885495448e-08 1635.48193303518 3107.46669029606 3988.39031809061 4752.46018955687 Inf
"3" 31.4141414141414 3.40399526936968e-07 2320.85169277446 -Inf -4548.78573095636 -3817.46132413614 -2974.29111993155 -1565.3906781612 3.40399526936968e-07 1565.390678842 2974.29112061235 3817.46132481693 4548.78573163716 Inf 3.18917905565934e-07 2424.7691421932 -Inf -4752.46018920383 -3988.39031773757 -3107.46668994301 -1635.48193268214 3.18917905565934e-07 1635.48193331998 3107.46669058085 3988.39031837541 4752.46018984167 Inf
"4" 32.1212121212121 2.8631141669961e-06 2320.85169277446 -Inf -4548.78572843365 -3817.46132161342 -2974.29111740883 -1565.39067563849 2.8631141669961e-06 1565.39068136471 2974.29112313506 3817.46132733965 4548.78573415988 Inf 2.69492636811507e-06 2424.7691421932 -Inf -4752.46018682782 -3988.39031536157 -3107.46668756701 -1635.48193030613 2.69492636811507e-06 1635.48193569598 3107.46669295686 3988.39032075142 4752.46019221767 Inf
"5" 32.8282828282828 2.17683654784064e-05 2320.85169277446 -Inf -4548.7857095284 -3817.46130270817 -2974.29109850358 -1565.39065673323 2.17683654784064e-05 1565.39070026997 2974.29114204031 3817.4613462449 4548.78575306513 Inf 2.05885236344138e-05 2424.7691421932 -Inf -4752.46016893422 -3988.39029746797 -3107.46666967341 -1635.48191241253 2.05885236344138e-05 1635.48195358958 3107.46671085046 3988.39033864501 4752.46021011127 Inf
"6" 33.5353535353535 0.000149583974067563 2320.85169277446 -Inf -4548.78558171278 -3817.46117489256 -2974.29097068797 -1565.39052891762 0.000149583974067563 1565.39082808557 2974.29126985592 3817.4614740605 4548.78588088073 Inf 0.000142184359439671 2424.76914219319 -Inf -4752.46004733838 -3988.39017587213 -3107.46654807757 -1635.48179081669 0.000142184359439671 1635.48207518541 3107.46683244629 3988.39046024084 4752.4603317071 Inf
"7" 34.2424242424242 0.000928837412150765 2320.85169277429 -Inf -4548.78480245902 -3817.46039563885 -2974.29019143432 -1565.38974966407 0.000928837412150765 1565.3916073389 2974.29204910914 3817.46225331367 4548.78666013384 Inf 0.000887469313787099 2424.76914219303 -Inf -4752.45930205311 -3988.38943058691 -3107.46580279241 -1635.48104553163 0.000887469313787099 1635.48282047026 3107.46757773103 3988.39120552553 4752.46107699174 Inf
"8" 34.9494949494949 0.00521074166968037 2320.85169276933 -Inf -4548.78052054504 -3817.45611372643 -2974.2859095237 -1565.38546775647 0.00521074166968037 1565.39588923981 2974.29633100704 3817.46653520977 4548.79094202838 Inf 0.00500544214980156 2424.76914218818 -Inf -4752.45518407076 -3988.38531260609 -3107.46168481335 -1635.47692755552 0.00500544214980156 1635.48693843982 3107.47169569765 3988.39532349039 4752.46519495506 Inf
"9" 35.6565656565657 0.02640332244542 2320.85169264724 -Inf -4548.75932772496 -3817.43492094483 -2974.26471678646 -1565.36427509334 0.02640332244542 1565.41708173823 2974.31752343135 3817.48772758972 4548.81213436985 Inf 0.0255043936873184 2424.7691420685 -Inf -4752.43468488465 -3988.36481345769 -3107.44118570843 -1635.45642852326 0.0255043936873184 1635.50743731064 3107.49219449581 3988.41582224506 4752.48569367203 Inf
"10" 36.3636363636364 0.120807079822789 2320.8516902063 -Inf -4548.66491918344 -3817.34051317247 -2974.1703099009 -1565.26986968958 0.120807079822789 1565.51148384922 2974.41192406054 3817.58212733211 4548.90653334308 Inf 0.117367198196007 2424.76913967017 -Inf -4752.34281737952 -3988.27294670829 -3107.34931983035 -1635.36456410111 0.117367198196007 1635.5992984975 3107.58405422674 3988.50768110468 4752.57755177591 Inf
"11" 37.0707070707071 0.498948300646937 2320.8516506125 -Inf -4548.28670036018 -3816.96230682563 -2973.79211793857 -1564.89170176314 0.498948300646937 1565.88959836443 2974.79001453986 3817.96020342692 4549.28459696147 Inf 0.487629010374902 2424.76910066824 -Inf -4751.97247912495 -3987.90262074364 -3106.97900803518 -1634.99427598252 0.487629010374902 1635.96953400327 3107.95426605593 3988.87787876438 4752.9477371457 Inf
"12" 37.7777777777778 1.85942803384078 2320.85113044934 -Inf -4546.92520112593 -3815.60097150018 -2972.43097158946 -1563.53087118523 1.85942803384078 1567.24972725291 2976.14982765715 3819.31982756786 4550.64405719361 Inf 1.82838523189512 2424.76858684759 -Inf -4750.63071583347 -3986.56101936236 -3105.63759332601 -1633.65317319424 1.82838523189512 1637.30994365803 3109.2943637898 3990.21778982615 4754.28748629726 Inf
"13" 38.4848484848485 6.24986358607766 2320.84560794146 -Inf -4542.52394165715 -3811.20145223082 -2968.03345865861 -1559.13671075803 6.24986358607766 1571.63643793018 2980.53318583076 3823.70117940298 4555.0236688293 Inf 6.18407434196828 2424.76311494411 -Inf -4746.26430198964 -3982.196329772 -3101.27489168946 -1629.29379334136 6.18407434196828 1641.66194202529 3113.64304037339 3994.56447845593 4758.63245067358 Inf
"14" 39.1919191919192 18.93702160143 2320.79835654096 -Inf -4529.7441725986 -3798.43657257799 -2955.28574553697 -1546.41768215736 18.93702160143 1584.29172536022 2993.15978873983 3836.31061578084 4567.61821580146 Inf 18.8569465022687 2424.71613874378 -Inf -4733.49935816857 -3969.44618863821 -3088.54181710609 -1616.58923621543 18.8569465022687 1654.30312921997 3126.25571011062 4007.16008164275 4771.21325117311 Inf
"15" 39.8989898989899 51.6970502379729 2320.47366680393 -Inf -4496.34776377134 -3765.14247684986 -2922.10961025963 -1513.4386536212 51.6970502379729 1616.83275409714 3025.50371073558 3868.53657732581 4599.74186424728 Inf 51.8068950738504 2424.39214262568 -Inf -4699.91438887438 -3935.96331387665 -3055.17665080212 -1583.42075558309 51.8068950738504 1687.03454573079 3158.79044094982 4039.57710402435 4803.52817902208 Inf
"16" 40.6060606060606 127.082971591333 2318.68935585002 -Inf -4417.46465721109 -3686.82162515235 -2844.43700240987 -1436.84923281826 127.082971591333 1691.01517600093 3098.60294559253 3940.98756833502 4671.63060039376 Inf 128.153512124149 2422.60436841367 -Inf -4620.06379875604 -3856.67606992955 -2976.53890891157 -1505.86830315112 128.153512124149 1762.17532739942 3232.84593315987 4112.98309417785 4876.37082300434 Inf
"17" 41.3131313131313 281.155032887907 2310.88341528676 -Inf -4248.09323354505 -3519.90993420852 -2680.36122576389 -1277.51214462113 281.155032887907 1839.82221039694 3242.6712915397 4082.21999998433 4810.40329932086 Inf 285.23690540878 2414.74822565746 -Inf -4447.58264861184 -3686.67047173853 -2809.38746357858 -1343.48602210135 285.23690540878 1913.95983291891 3379.86127439614 4257.14428255608 5018.0564594294 Inf
"18" 42.020202020202 559.589459421256 2283.80018888559 -Inf -3916.57665868027 -3196.92756449966 -2367.21824803612 -980.810359477948 559.589459421256 2099.98927832046 3486.39716687864 4316.10648334217 5035.75557752278 Inf 570.900721036259 2387.35875442703 -Inf -4108.23645581713 -3355.9549850174 -2488.62262821631 -1039.34828886566 570.900721036259 2181.14973093818 3630.42407028883 4497.75642708991 5250.03789788965 Inf
"19" 42.7272727272727 1001.9013212439 2209.34129585114 -Inf -3328.32804818139 -2632.14172241051 -1829.48347527647 -488.276737492622 1001.9013212439 2492.07937998043 3833.28611776427 4635.94436489832 5332.13069066919 Inf 1027.23140353884 2311.67392514792 -Inf -3503.56623375143 -2775.13383656987 -1935.29793426311 -531.96896476898 1027.23140353884 2586.43177184666 3989.76074134079 4829.59664364755 5558.02904082911 Inf
"20" 43.4343434343434 1614.5679368963 2046.59576410424 -Inf -2396.68605166024 -1751.78252859408 -1008.25006862844 234.160071213272 1614.5679368963 2994.97580257933 4237.38594242104 4980.91840238668 5625.82192545284 Inf 1662.19085211923 2145.38921405381 -Inf -2542.69474024694 -1866.66037783975 -1087.23605385393 215.147817058707 1662.19085211923 3109.23388717976 4411.6177580924 5191.04208207821 5867.0764444854 Inf
"21" 44.1414141414141 2345.97436113721 1762.20698509547 -Inf -1107.88786295481 -552.598189736287 87.6152405744851 1157.38381196638 2345.97436113721 3534.56491030804 4604.33348169994 5244.54691201071 5799.83658522924 Inf 2422.68986397517 1853.3162906855 -Inf -1209.74331772978 -625.744158647129 47.5694701978509 1172.64702203638 2422.68986397517 3672.73270591396 4797.81025775248 5471.12388659746 6055.12304568011 Inf
"22" 44.8484848484848 3085.26794889315 1364.19798708481 -Inf 411.489026424878 841.361941956797 1336.97788283182 2165.13038936632 3085.26794889315 4005.40550841999 4833.55801495449 5329.17395582951 5759.04687136143 Inf 3193.08701546488 1442.49563777231 -Inf 365.847517575016 820.392833813417 1344.45447258652 2220.1384930849 3193.08701546488 4166.03553784486 5041.71955834324 5565.78119711634 6020.32651335474 Inf
"23" 45.5555555555556 3699.50830036872 924.436233896625 -Inf 1887.64657592749 2178.9460081585 2514.79559757235 3075.98553589558 3699.50830036872 4323.03106484187 4884.2210031651 5220.07059257895 5511.37002480995 Inf 3835.05536248607 986.429253310481 -Inf 1901.68955270079 2212.52362744729 2570.89540860703 3169.71894183458 3835.05536248607 4500.39178313756 5099.21531636511 5457.58709752485 5768.42117227135 Inf
"24" 46.2626262626263 4096.07173935593 565.075746289536 -Inf 2988.54362809134 3166.60484856927 3371.89803204729 3714.93394039923 4096.07173935593 4477.20953831262 4820.24544666457 5025.53863014258 5203.59985062051 Inf 4254.05200112335 612.105112382159 -Inf 3054.34802610147 3247.22868694601 3469.60773607214 3841.19337677896 4254.05200112335 4666.91062546773 5038.49626617456 5260.87531530068 5453.75597614522 Inf
"25" 46.969696969697 4270.30229579315 390.040043233243 -Inf 3505.83785852755 3628.74351602464 3770.44586776251 4007.22428446629 4270.30229579315 4533.38030712001 4770.1587238238 4911.86107556166 5034.76673305875 Inf 4447.22987218933 428.004825173218 -Inf 3608.35582964046 3743.22458315043 3898.71961842795 4158.54500457553 4447.22987218933 4735.91473980313 4995.74012595071 5151.23516122823 5286.1039147382 Inf
"26" 47.6767676767677 4301.18868646 352.171053633666 -Inf 3610.94610494049 3721.91885158335 3849.86332133629 4063.65292046834 4301.18868646 4538.72445245166 4752.51405158372 4880.45852133666 4991.43126797951 Inf 4493.02402788289 386.785841262809 -Inf 3734.93770927776 3856.81793402828 3997.33802748205 4232.14094243016 4493.02402788289 4753.90711333562 4988.71002828373 5129.2301217375 5251.11034648802 Inf
"27" 48.3838383838384 4295.32171180243 342.149651120634 -Inf 3624.72071828304 3732.53561719648 3856.83929075824 4064.5452790884 4295.32171180243 4526.09814451646 4733.80413284662 4858.10780640839 4965.92270532182 Inf 4489.5673654007 375.890447075504 -Inf 3752.83562700005 3871.28260019215 4007.84437447783 4236.03311165165 4489.5673654007 4743.10161914975 4971.29035632357 5107.85213060926 5226.29910380135 Inf
"28" 49.0909090909091 4319.97262089278 337.406580032187 -Inf 3658.66787588286 3764.98818396954 3887.56869002748 4092.39534101235 4319.97262089278 4547.5499007732 4752.37655175808 4874.95705781601 4981.27736590269 Inf 4494.33118959375 370.754590738559 -Inf 3767.66554464329 3884.49415630853 4019.19006339991 4244.26101830245 4494.33118959375 4744.40136088506 4969.4723157876 5104.16822287898 5220.99683454422 Inf
"29" 49.7979797979798 4373.20170068351 336.340114236163 -Inf 3713.98719022454 3819.97144389288 3942.1645007287 4146.34374105144 4373.20170068351 4600.05966031558 4804.23890063831 4926.43195747413 5032.41621114248 Inf 4511.59310602439 369.581724957252 -Inf 3787.22623576399 3903.68526527347 4037.95506780875 4262.31402068094 4511.59310602439 4760.87219136784 4985.23114424003 5119.50094677531 5235.95997628479 Inf
"30" 50.5050505050505 4408.47971749358 336.018773093231 -Inf 3749.89502410151 3855.77801984739 3977.85433278357 4181.83849916873 4408.47971749358 4635.12093581843 4839.10510220358 4961.18141513976 5067.06441088565 Inf 4523.46582988897 369.234713371648 -Inf 3799.77908983857 3916.12877240323 4050.27250491412 4274.42080030321 4523.46582988897 4772.51085947474 4996.65915486382 5130.80288737471 5247.15256993937 Inf
"31" 51.2121212121212 4389.73808466429 335.694308904169 -Inf 3731.78932939705 3837.57008311629 3959.52851754373 4163.31571410927 4389.73808466429 4616.1604552193 4819.94765178484 4941.90608621228 5047.68683993152 Inf 4521.94358838393 368.875178177099 -Inf 3798.96152436602 3915.19791366696 4049.21102630053 4273.14106160173 4521.94358838393 4770.74611516614 4994.67615046734 5128.6892631009 5244.92565240184 Inf
"32" 51.9191919191919 4329.35012745851 335.170154806173 -Inf 3672.42869534569 3778.04428267968 3899.81229084283 4103.28129347011 4329.35012745851 4555.4189614469 4758.88796407418 4880.65597223733 4986.27155957132 Inf 4512.50196795814 368.308973822112 -Inf 3790.6296440839 3906.68761652807 4040.49502595229 4264.08134020989 4512.50196795814 4760.9225957064 4984.508909964 5118.31631938822 5234.37429183239 Inf
"33" 52.6262626262626 4275.01550099337 334.860524007397 -Inf 3618.70093409466 3724.21895355693 3845.87447221261 4049.15550980509 4275.01550099337 4500.87549218165 4704.15652977414 4825.81204842981 4931.33006789208 Inf 4499.72356061748 367.96805229692 -Inf 3778.51943065417 3894.46997519462 4028.15352712597 4251.53288094359 4499.72356061748 4747.91424029137 4971.293594109 5104.97714604034 5220.92769058079 Inf
"34" 53.3333333333333 4259.91645938398 334.645817589537 -Inf 3604.02270933152 3709.47307257768 3831.05058794915 4034.20128547384 4259.91645938398 4485.63163329411 4688.7823308188 4810.35984619027 4915.81020943643 Inf 4481.98560126196 367.735328700748 -Inf 3761.2376011655 3877.11481209035 4010.71381505946 4233.95189126832 4481.98560126196 4730.01931125561 4953.25738746447 5086.85639043358 5202.73360135843 Inf
"35" 54.040404040404 4272.26279691338 334.633156749284 -Inf 3616.39386165184 3721.8402353361 3843.41315099821 4046.55616261023 4272.26279691338 4497.96943121654 4701.11244282856 4822.68535849066 4928.13173217493 Inf 4461.75140853018 367.721129335781 -Inf 3741.03123867765 3856.90397523553 3990.49781954608 4213.72727586267 4461.75140853018 4709.77554119769 4933.00499751428 5066.59884182483 5182.4715783827 Inf
"36" 54.7474747474747 4279.81483916035 334.706353203325 -Inf 3623.80244148509 3729.27188013016 3850.8713882149 4054.0588345992 4279.81483916035 4505.5708437215 4708.75829010579 4830.35779819054 4935.82723683561 Inf 4452.35359282506 367.799371144589 -Inf 3731.48007184518 3847.37746320741 3980.99973292839 4204.27668685947 4452.35359282506 4700.43049879065 4923.70745272173 5057.32972244271 5173.22711380493 Inf
"37" 55.4545454545455 4274.51949505555 334.575915651502 -Inf 3618.76275028409 3724.19108670556 3845.74320655885 4048.85146928614 4274.51949505555 4500.18752082495 4703.29578355225 4824.84790340553 4930.276239827 Inf 4465.54385711873 367.659053550647 -Inf 3744.94535356938 3860.79852940441 3994.36982145426 4217.56159393203 4465.54385711873 4713.52612030544 4936.71789278321 5070.28918483306 5186.14236066809 Inf
"38" 56.1616161616162 4275.05787042909 334.507895661876 -Inf 3619.43444238753 3724.84134500575 3846.36875305658 4049.43572344549 4275.05787042909 4500.68001741269 4703.7469878016 4825.27439585243 4930.68129847065 Inf 4492.54944951721 367.583951011551 -Inf 3772.09814423963 3887.9276544867 4021.47166162928 4244.61784222334 4492.54944951721 4740.48105681108 4963.62723740513 5097.17124454771 5213.00075479478 Inf
"39" 56.8686868686869 4287.64526334289 334.505821869572 -Inf 3632.02589985956 3737.43214900434 3858.95880364216 4062.02451511095 4287.64526334289 4513.26601157483 4716.33172304363 4837.85837768144 4943.26462682622 Inf 4506.43555257999 367.581732462636 -Inf 3785.98859557838 3901.81740673771 4035.3606078769 4258.50544167462 4506.43555257999 4754.36566348535 4977.51049728307 5111.05369842226 5226.88250958159 Inf
"40" 57.5757575757576 4289.19835922196 334.486002711368 -Inf 3633.61784057491 3739.01784449767 3860.53729879445 4063.59097880908 4289.19835922196 4514.80573963484 4717.85941964947 4839.37887394625 4944.77887786901 Inf 4489.31611375549 367.560342713054 -Inf 3768.9110798927 3884.73315092039 4018.26858111946 4241.40043001697 4489.31611375549 4737.231797494 4960.36364639151 5093.89907659058 5209.72114761827 Inf
"41" 58.2828282828283 4261.34781291236 334.455072790309 -Inf 3605.82791579663 3711.2181733809 3832.7263907736 4035.76129441421 4261.34781291236 4486.9343314105 4689.96923505111 4811.47745244381 4916.86771002808 Inf 4452.05010991375 367.525913302209 -Inf 3731.71255645623 3847.52377841996 3981.0467003431 4204.15764845996 4452.05010991375 4699.94257136755 4923.05351948441 5056.57644140754 5172.38766337127 Inf
"42" 58.989898989899 4221.68784460777 334.376043124404 -Inf 3566.32284279092 3671.68819730891 3793.16770306108 3996.15463080924 4221.68784460777 4447.2210584063 4650.20798615446 4771.68749190663 4877.05284642461 Inf 4419.52095140722 367.440407129857 -Inf 3699.35098696797 3815.13526505115 3948.62712240561 4171.68616299026 4419.52095140722 4667.35573982419 4890.41478040884 5023.9066377633 5139.69091584648 Inf
"43" 59.6969696969697 4201.63996066291 334.313031074564 -Inf 3546.39846019435 3651.74395896278 3773.20057230734 3976.14924784614 4201.63996066291 4427.13067347969 4630.07934901848 4751.53596236305 4856.88146113148 Inf 4401.17031550783 367.370962717645 -Inf 3681.13645961544 3796.89885504506 3930.36548310141 4153.38236663512 4401.17031550783 4648.95826438055 4871.97514791426 5005.44177597061 5121.20417140023 Inf
"44" 60.4040404040404 4204.38965437721 334.250826383494 -Inf 3549.27007286281 3654.59597028879 3776.02998454086 3978.94089798697 4204.38965437721 4429.83841076744 4632.74932421355 4754.18333846562 4859.50923589161 Inf 4387.39021326693 367.303477774153 -Inf 3667.48862543329 3783.22975565823 3916.67186629549 4139.64778229689 4387.39021326693 4635.13264423698 4858.10856023838 4991.55067087564 5107.29180110058 Inf
"45" 61.1111111111111 4205.49355257542 334.233270348224 -Inf 3550.40838025786 3655.72874559529 3777.15638170356 3980.05663755103 4205.49355257542 4430.93046759981 4633.83072344728 4755.25835955555 4860.57872489298 Inf 4371.94316611922 367.284094625833 -Inf 3652.07956855819 3767.81459095234 3901.24965965186 4124.21380888405 4371.94316611922 4619.6725233544 4842.63667258659 4976.07174128611 5091.80676368026 Inf
"46" 61.8181818181818 4189.54806582304 334.190553283556 -Inf 3534.54661741376 3639.85352216167 3761.26563907229 3964.13996302093 4189.54806582304 4414.95616862516 4617.8304925738 4739.24260948442 4844.54951423233 Inf 4360.59775447075 367.236905641318 -Inf 3640.82664561984 3756.5467982762 3889.96472312037 4112.90022572196 4360.59775447075 4608.29528321955 4831.23078582114 4964.64871066531 5080.36886332167 Inf
"47" 62.5252525252525 4165.58456962081 334.093881374347 -Inf 3510.77259467189 3616.04903709992 3737.42603290664 3940.24167103059 4165.58456962081 4390.92746821103 4593.74310633498 4715.1201021417 4820.39654456973 Inf 4353.30762362584 367.132310663841 -Inf 3633.74151716374 3749.42871085934 3882.80863613259 4105.68064311727 4353.30762362584 4600.9346041344 4823.80661111909 4957.18653639233 5072.87373008794 Inf
"48" 63.2323232323232 4147.16143247848 334.072086473729 -Inf 3492.39217474982 3597.66174937892 3719.03082705332 3921.83323432533 4147.16143247848 4372.48963063163 4575.29203790364 4696.66111557804 4801.93069020714 Inf 4336.36740213088 367.10767503885 -Inf 3616.8495806065 3732.5290113615 3865.8999864614 4088.75703809886 4336.36740213088 4583.9777661629 4806.83481780036 4940.20579290025 5055.88522365526 Inf
"49" 63.9393939393939 4136.49128382201 334.060009269717 -Inf 3481.74569697825 3587.01146595527 3708.37615595656 3911.17123161918 4136.49128382201 4361.81133602484 4564.60641168746 4685.97110168874 4791.23687066577 Inf 4304.63282749889 367.094968076675 -Inf 3585.13991116273 3700.81533782234 3834.18169645668 4057.03103418261 4304.63282749889 4552.23462081516 4775.0839585411 4908.45031717544 5024.12574383505 Inf
"50" 64.6464646464646 4130.9334694705 334.064653267919 -Inf 3476.17878055752 3581.44601290648 3702.81239008189 3905.61028493848 4130.9334694705 4356.25665400252 4559.05454885912 4680.42092603453 4785.68815838349 Inf 4277.22451548878 367.099707916491 -Inf 3557.72230923729 3673.39922946952 3806.76731009744 4029.61952519913 4277.22451548878 4524.82950577843 4747.68172088013 4881.04980150805 4996.72672174028 Inf
"51" 65.3535353535354 4128.63975705587 334.001432675917 -Inf 3474.0089782263 3579.2562891119 3700.59969811591 3903.35921416516 4128.63975705587 4353.92029994659 4556.67981599583 4678.02322499984 4783.27053588545 Inf 4274.4141094432 367.03019464074 -Inf 3555.04814670863 3670.70316258768 3804.04598889922 4026.85600514555 4274.4141094432 4521.97221374086 4744.78222998718 4878.12505629873 4993.78007217778 Inf
"52" 66.0606060606061 4123.06729763882 333.867266334724 -Inf 3468.69948000592 3573.90451368777 3695.19917978346 3897.87724857006 4123.06729763882 4348.25734670757 4550.93541549418 4672.23008158986 4777.43511527172 Inf 4287.08656441493 366.884718058354 -Inf 3568.00573054242 3683.61490524357 3816.90487961285 4039.62658258099 4287.08656441493 4534.54654624886 4757.268249217 4890.55822358628 5006.16739828743 Inf
"53" 66.7676767676768 4105.33242754298 333.873012112988 -Inf 3450.95334839162 3556.16019262772 3677.45694617649 3880.13850300568 4105.33242754298 4330.52635208029 4533.20790890948 4654.50466245825 4759.71150669435 Inf 4285.7088589129 366.890329664298 -Inf 3566.61702649485 3682.22796947116 3815.51998254844 4038.24509210827 4285.7088589129 4533.17262571753 4755.89773527735 4889.18974835464 5004.80069133095 Inf
"54" 67.4747474747475 4077.30383071484 333.921272342315 -Inf 3422.83016325211 3528.05221478633 3649.3665013759 3852.07735514751 4077.30383071484 4302.53030628216 4505.24116005378 4626.55544664335 4731.77749817757 Inf 4255.8523048358 366.94308217831 -Inf 3536.65707939019 3652.28464523005 3785.59582340442 4008.35295700117 4255.8523048358 4503.35165267043 4726.10878626717 4859.41996444154 4975.04753028141 Inf
"55" 68.1818181818182 4052.06311482098 333.922113060998 -Inf 3397.58779957992 3502.8101160333 3624.1247080577 3826.83607219752 4052.06311482098 4277.29015744444 4480.00152158427 4601.31611360867 4706.53843006205 Inf 4210.95507308892 366.94412857075 -Inf 3491.75779675181 3607.38569232077 3740.69725065167 3963.45501947331 4210.95507308892 4458.45512670452 4681.21289552616 4814.52445385706 4930.15234942602 Inf
"56" 68.8888888888889 4037.26941981994 333.92874709339 -Inf 3382.78110211431 3488.00550902002 3609.32251120206 3812.03790260963 4037.26941981994 4262.50093703025 4465.21632843782 4586.53333061987 4691.75773752557 Inf 4172.91872936411 366.951368362689 -Inf 3453.70726329555 3569.33744019793 3702.65162876017 3925.41379258305 4172.91872936411 4420.42366614517 4643.18582996804 4776.50001853028 4892.13019543267 Inf
"57" 69.5959595959596 4026.77265935389 333.981240404866 -Inf 3372.18145664834 3477.4224047402 3598.75847785051 3801.50573594304 4026.77265935389 4252.03958276475 4454.78684085728 4576.12291396759 4681.36386205944 Inf 4153.10060367318 367.008883727938 -Inf 3433.77640956018 3549.42471014987 3682.75979416287 3905.55687336778 4153.10060367318 4400.64433397858 4623.4414131835 4756.77649719649 4872.42479778619 Inf
"58" 70.3030303030303 4011.14354671824 334.079386326237 -Inf 3356.35998154157 3461.63185642981 3583.00358615567 3785.8104248894 4011.14354671824 4236.47666854708 4439.28350728081 4560.65523700667 4665.92711189491 Inf 4149.58014124387 367.115557448089 -Inf 3430.04687048127 3545.72878506507 3679.1026238605 3901.96446060762 4149.58014124387 4397.19582188013 4620.05765862725 4753.43149742267 4869.11341200647 Inf
"59" 71.010101010101 3987.24913579295 334.055879402811 -Inf 3332.51164333959 3437.77611095277 3559.1393005649 3761.93186914302 3987.24913579295 4212.56640244289 4415.358971021 4536.72216063313 4641.98662824632 Inf 4149.14018964971 367.089670050724 -Inf 3429.6576572536 3545.33141445035 3678.69584830095 3901.54196979763 4149.14018964971 4396.73840950178 4619.58453099846 4752.94896484906 4868.62272204582 Inf
"60" 71.7171717171717 3955.16102015535 333.91041725066 -Inf 3300.70862828131 3405.92725926372 3527.23760217612 3729.94186623608 3955.16102015535 4180.38017407462 4383.08443813458 4504.39478104698 4609.61341202938 Inf 4133.17165118819 366.931712372624 -Inf 3413.99871015224 3529.62269324857 3662.92974074909 3885.67997217096 4133.17165118819 4380.66333020542 4603.41356162729 4736.72060912782 4852.34459222414 Inf
"61" 72.4242424242424 3916.60681251803 333.896790967771 -Inf 3262.1811276677 3367.39546486724 3488.70085732297 3691.39684938691 3916.60681251803 4141.81677564916 4344.5127677131 4465.81816016883 4571.03249736836 Inf 4096.21809980408 366.91666130918 -Inf 3377.07465831041 3492.69389866075 3625.9954780789 3848.73657257487 4096.21809980408 4343.69962703329 4566.44072152926 4699.74230094741 4815.36154129776 Inf
"62" 73.1313131313131 3881.82420015057 334.073058465252 -Inf 3227.05303735353 3332.32291826723 3453.69234906815 3656.4953463991 3881.82420015057 4107.15305390204 4309.95605123298 4431.32548203391 4536.59536294761 Inf 4059.13009374491 367.10912704561 -Inf 3339.60942633957 3455.28931463695 3588.66081725389 3811.51875034921 4059.13009374491 4306.7414371406 4529.59937023592 4662.97087285287 4778.65076115024 Inf
"63" 73.8383838383838 3867.27149371726 334.263804169101 -Inf 3212.12647621047 3317.45646307111 3438.89519217945 3641.81398394365 3867.27149371726 4092.72900349087 4295.64779525506 4417.0865243634 4522.41651122404 Inf 4048.17211618919 367.316615349528 -Inf 3328.24477918096 3443.99004919198 3577.43693273746 3800.42082405922 4048.17211618919 4295.92340831916 4518.90729964092 4652.3541831864 4768.09945319742 Inf
"64" 74.5454545454545 3876.16537881956 334.314541022406 -Inf 3220.92091890761 3326.26689347624 3447.72405538797 3650.67364755844 3876.16537881956 4101.65711008068 4304.60670225115 4426.06386416288 4531.40983873151 Inf 4058.19828243135 367.373055066924 -Inf 3338.16032560973 3453.92338036027 3587.39076857143 3810.40892229049 4058.19828243135 4305.98764257221 4529.00579629127 4662.47318450242 4778.23623925297 Inf
"65" 75.2525252525253 3886.56132208945 334.492854509006 -Inf 3230.96737416581 3336.36953716096 3457.89148072995 3660.9493202093 3886.56132208945 4112.17332396961 4315.23116344895 4436.75310701794 4542.1552700131 Inf 4054.24605703496 367.568103275126 -Inf 3333.82581275002 3449.6503292112 3583.18857883847 3806.32513887688 4054.24605703496 4302.16697519305 4525.30353523146 4658.84178485873 4774.66630131991 Inf
"66" 75.959595959596 3870.3724891686 334.822223988377 -Inf 3214.13298892778 3319.63893965736 3441.28054383717 3644.53833095058 3870.3724891686 4096.20664738662 4299.46443450003 4421.10603867984 4526.61198940942 Inf 4018.15667747001 367.925437535406 -Inf 3297.03607090447 3412.97318709219 3546.64125699283 3769.99474101597 4018.15667747001 4266.31861392405 4489.67209794719 4623.34016784783 4739.27728403555 Inf
"67" 76.6666666666667 3825.52149285604 335.052653801894 -Inf 3168.83035847976 3274.40892003028 3396.13423983635 3599.53191209067 3825.52149285604 4051.51107362142 4254.90874587573 4376.6340656818 4482.21262723232 Inf 3976.20027649692 368.180536294227 -Inf 3254.57968555159 3370.59718600042 3504.357933806 3727.86627854476 3976.20027649692 4224.53427444907 4448.04261918783 4581.80336699341 4697.82086744224 Inf
"68" 77.3737373737374 3781.88094433863 335.445451111437 -Inf 3124.41994138242 3230.12227743361 3351.99030131195 3555.62642581406 3781.88094433863 4008.13546286319 4211.7715873653 4333.63961124365 4439.34194729483 Inf 3964.3372809781 368.605561416309 -Inf 3241.88365610097 3358.035086368 3491.95024667658 3715.71660793753 3964.3372809781 4212.95795401867 4436.72431527962 4570.6394755882 4686.79090585523 Inf
"69" 78.0808080808081 3773.05155075437 335.883001254726 -Inf 3114.73296527589 3220.57317790919 3342.60016465656 3546.50190914296 3773.05155075437 3999.60119236578 4203.50293685218 4325.52992359955 4431.37013623286 Inf 3978.42029609849 369.086362895539 -Inf 3255.02431763835 3371.32725343144 3505.41708990855 3729.4753273883 3978.42029609849 4227.36526480868 4451.42350228843 4585.51333876555 4701.81627455863 Inf
"70" 78.7878787878788 3806.48898790265 336.627460074774 -Inf 3146.71128994889 3252.78608926719 3375.08353943852 3579.43721644767 3806.48898790265 4033.54075935762 4237.89443636678 4360.1918865381 4466.2666858564 Inf 3980.56537209369 369.897252699729 -Inf 3255.58007882191 3372.13853439116 3506.52296880571 3731.07346652204 3980.56537209369 4230.05727766535 4454.60777538168 4588.99220979623 4705.55066536547 Inf
"71" 79.4949494949495 3859.40227090901 338.335858704874 -Inf 3196.27617316902 3302.88930659056 3425.8074215059 3631.19820208878 3859.40227090901 4087.60633972924 4292.99712031212 4415.91523522746 4522.52836864899 Inf 3949.86498226159 371.762890231691 -Inf 3221.22310661896 3338.36944389803 3473.43166827378 3699.11472329704 3949.86498226159 4200.61524122614 4426.2982962494 4561.36052062515 4678.50685790422 Inf
"72" 80.2020202020202 3891.13455673491 342.557131665815 -Inf 3219.73491602257 3327.6782162763 3452.12992836012 3660.08328256975 3891.13455673491 4122.18583090007 4330.13918510971 4454.59089719352 4562.53419744725 Inf 3899.08238671788 376.359556662344 -Inf 3161.43121042222 3280.02600490397 3416.75820766958 3645.23172336079 3899.08238671788 4152.93305007497 4381.40656576618 4518.13876853178 4636.73356301353 Inf
"73" 80.9090909090909 3850.37692418667 350.101034192337 -Inf 3164.19150621947 3274.51196829594 3401.7043957187 3614.23736509089 3850.37692418667 4086.51648328245 4299.04945265465 4426.2418800774 4536.56234215388 Inf 3828.66386972667 384.517412688052 -Inf 3075.02358942956 3196.18900884073 3335.88497751714 3569.31081609666 3828.66386972667 4088.01692335668 4321.4427619362 4461.13873061261 4582.30415002378 Inf
"74" 81.6161616161616 3679.47952528863 374.915821009369 -Inf 2944.658018876 3062.79787729988 3199.00556792663 3426.60264683146 3679.47952528863 3932.35640374579 4159.95348265062 4296.16117327738 4414.30103170126 Inf 3682.47115112349 411.731708297837 -Inf 2875.49183156658 3005.23275739886 3154.81573577004 3404.76233404587 3682.47115112349 3960.1799682011 4210.12656647693 4359.70954484811 4489.4504706804 Inf
"75" 82.3232323232323 3333.76749618048 509.447400113235 -Inf 2335.26893994098 2495.80109236323 2680.88438300274 2990.15044654006 3333.76749618048 3677.3845458209 3986.65060935822 4171.73389999773 4332.26605241999 Inf 3373.6466333563 554.193143367826 -Inf 2287.44803187632 2462.0800314561 2663.41954285918 2999.84903852576 3373.6466333563 3747.44422818685 4083.87372385342 4285.21323525651 4459.84523483628 Inf
"76" 83.030303030303 2813.51242445399 829.485130422563 -Inf 1187.75144311426 1449.13079917612 1750.48445696499 2254.03320604391 2813.51242445399 3372.99164286407 3876.540391943 4177.89404973186 4439.27340579373 Inf 2861.82437977066 888.520478374544 -Inf 1120.35624263026 1400.33824829564 1723.13956969133 2262.52642426771 2861.82437977066 3461.12233527361 4000.50918985 4323.31051124569 4603.29251691107 Inf
"77" 83.7373737373737 2180.12371956234 1257.51954488239 -Inf -284.56929826235 111.688135200171 568.547578115376 1331.93967586792 2180.12371956234 3028.30776325676 3791.69986100931 4248.55930392451 4644.81673738703 Inf 2201.7093724821 1333.05607001764 -Inf -411.03251412499 9.02726078389833 493.329278992252 1302.57671681853 2201.7093724821 3100.84202814567 3910.08946597194 4394.39148418029 4814.45125908918 Inf
"78" 84.4444444444444 1535.51149861568 1671.62034577876 -Inf -1740.80417493509 -1214.05929002439 -606.756172513301 408.020709168672 1535.51149861568 2663.00228806268 3677.77916974465 4285.08228725574 4811.82717216644 Inf 1517.09004895111 1760.7618734192 -Inf -1933.93980830179 -1379.10550474033 -739.417086480507 329.47421279381 1517.09004895111 2704.70588510841 3773.59718438273 4413.28560264254 4968.11990620401 Inf
"79" 85.1515151515152 976.894069225182 1986.27682943735 -Inf -2916.13697979843 -2290.24057780451 -1568.62211114522 -362.82929328228 976.894069225182 2316.61743173264 3522.41024959558 4244.02871625487 4869.92511824879 Inf 929.926828293519 2083.97940459166 -Inf -3154.59774922935 -2497.91425384124 -1740.80024022362 -475.695919723287 929.926828293519 2335.54957631032 3600.65389681066 4357.76791042827 5014.45140581639 Inf
"80" 85.8585858585859 559.463763609617 2177.64055440007 -Inf -3708.63329428836 -3022.43620049196 -2231.29489807521 -909.332469944545 559.463763609617 2028.25999716378 3350.22242529444 4141.36372771119 4827.5608215076 Inf 505.215127296388 2279.50727273162 -Inf -3962.5370297547 -3244.24067791847 -2416.09098674312 -1032.28916365851 505.215127296388 2042.71941825129 3426.52124133589 4254.67093251124 4972.96728434748 Inf
"81" 86.5656565656566 287.964929745743 2270.69623684189 -Inf -4162.517914295 -3446.99801112871 -2622.04938745522 -1243.59640781293 287.964929745743 1819.52626730441 3197.97924694671 4022.92787062019 4738.44777378649 Inf 242.671043520942 2374.10428733614 -Inf -4410.48785520003 -3662.38300426496 -2799.86602268084 -1358.63796418386 242.671043520942 1843.98005122574 3285.20810972273 4147.72509130684 4895.82994224191 Inf
"82" 87.2727272727273 133.153878186767 2306.64071595548 -Inf -4387.77885035965 -3660.93246952654 -2822.92514249489 -1422.65164211015 133.153878186767 1688.95939848369 3089.23289886843 3927.24022590007 4654.08660673319 Inf 102.785134987353 2410.46934834412 -Inf -4621.64797360486 -3862.08411529183 -2986.35563208033 -1523.05173363259 102.785134987353 1728.62200360729 3191.92590205504 4067.65438526653 4827.21824357957 Inf
"83" 87.979797979798 55.3221040499425 2317.61368106055 -Inf -4487.11724090603 -3756.81316511485 -2914.81933724079 -1507.88456873961 55.3221040499425 1618.52877683949 3025.46354534067 3867.45737321473 4597.76144900591 Inf 38.237839766446 2421.52232437895 -Inf -4707.85870377601 -3944.81193823223 -3065.0678860426 -1595.05414789815 38.237839766446 1671.52982743104 3141.54356557549 4021.28761776512 4784.3343833089 Inf
"84" 88.6868686868687 20.663749590723 2320.25928985108 -Inf -4526.96089331188 -3795.82315878868 -2952.86817578734 -1544.32735921107 20.663749590723 1585.65485839252 2994.19567496878 3837.15065797012 4568.28839249333 Inf 12.4094887386527 2424.17697121463 -Inf -4738.89006699341 -3975.00679473596 -3094.29830387862 -1622.673031007 12.4094887386527 1647.4920084843 3119.11728135593 3999.82577221327 4763.70904447071 Inf
"85" 89.3939393939394 6.94376547618218 2320.7645808977 -Inf -4541.67122967951 -3810.37427271392 -2967.23571643373 -1558.38815695743 6.94376547618218 1572.27568790979 2981.1232473861 3824.26180366628 4555.55876063188 Inf 3.46979524886681 2424.68230050563 -Inf -4748.82018769388 -3984.77768094285 -3103.8856029124 -1631.95356392403 3.46979524886681 1638.89315442177 3110.82519341014 3991.71727144058 4755.75977819162 Inf
"86" 90.1010101010101 2.1008719308534 2320.84137720732 -Inf -4546.66464122583 -3815.34348494765 -2972.17702840987 -1563.28284882644 2.1008719308534 1567.48459268815 2976.37877227158 3819.54522880936 4550.86638508753 Inf 0.815291238008579 2424.7588829041 -Inf -4751.62479044761 -3987.55815178961 -3106.63825121592 -1634.65972197771 0.815291238008579 1636.29030445373 3108.26883369194 3989.18873426562 4753.25537292363 Inf
"87" 90.8080808080808 0.572767347331764 2320.85070706998 -Inf -4548.21103200415 -3816.88693578962 -2973.7170896935 -1564.8172463067 0.572767347331764 1565.96278100136 2974.86262438816 3818.03247048428 4549.35656669882 Inf 0.151722895909176 2424.76816388395 -Inf -4752.30654917596 -3988.23698598508 -3107.31371361228 -1635.32955024559 0.151722895909176 1635.63299603741 3107.6171594041 3988.54043177689 4752.60999496778 Inf
"88" 91.5151515151515 0.140828462995652 2320.85161662768 -Inf -4548.64475358882 -3817.32037076323 -2974.15019422293 -1565.24979867838 0.140828462995652 1565.53145560437 2974.43185114892 3817.60202768922 4548.92641051481 Inf 0.018207899926858 2424.76906675355 -Inf -4752.44183376384 -3988.37198606939 -3107.44838568221 -1635.46367421786 0.018207899926858 1635.50009001772 3107.48480148206 3988.40840186924 4752.47824956369 Inf
"89" 92.2222222222222 0.0312534467463729 2320.85168801096 -Inf -4548.75446851371 -3817.43006319452 -2974.25986072052 -1565.35942184192 0.0312534467463729 1565.42192873541 2974.32236761402 3817.49257008801 4548.81697540721 Inf -0.000613137352131068 2424.76913748135 -Inf -4752.46079342506 -3988.39092344355 -3107.46729736081 -1635.48254296032 -0.000613137352131068 1635.48131668562 3107.46607108611 3988.38969716885 4752.45956715035 Inf
"90" 92.9292929292929 0.00626566439325423 2320.8516925328 -Inf -4548.77946515873 -3817.45505841466 -2974.28485429786 -1565.38441267421 0.00626566439325423 1565.396944003 2974.29738562665 3817.46758974344 4548.79199648752 Inf -0.00114420870948974 2424.76914195449 -Inf -4752.4613332636 -3988.39146187257 -3107.46783416473 -1635.48307704876 -0.00114420870948974 1635.48078863134 3107.46554574731 3988.38917345514 4752.45904484618 Inf
"91" 93.6363636363636 0.0011357244042701 2320.85169276451 -Inf -4548.78459555285 -3817.46018873576 -2974.28998453479 -1565.38954277048 0.0011357244042701 1565.39181421929 2974.2922559836 3817.46246018457 4548.78686700166 Inf -0.000409149309637751 2424.76914218338 -Inf -4752.46059865281 -3988.39072718965 -3107.46709939865 -1635.48234214374 -0.000409149309637751 1635.48152384512 3107.46628110004 3988.38990889103 4752.45978035419 Inf
"92" 94.3434343434343 0.000186295582393552 2320.85169277413 -Inf -4548.78554500053 -3817.46113818041 -2974.29093397594 -1565.39049220579 0.000186295582393552 1565.39086479696 2974.2913065671 3817.46151077157 4548.78591759169 Inf -0.000102966955009658 2424.76914219287 -Inf -4752.46029248906 -3988.39042102291 -3107.46679322847 -1635.48203596779 -0.000102966955009658 1635.48183003388 3107.46658729455 3988.39021508899 4752.46008655515 Inf
"93" 95.0505050505051 2.76794815188104e-05 2320.85169277445 -Inf -4548.78570361726 -3817.46129679704 -2974.29109259245 -1565.39065082211 2.76794815188104e-05 1565.39070618108 2974.29114795142 3817.461352156 4548.78575897623 Inf -2.10253771412384e-05 2424.76914219319 -Inf -4752.46021054811 -3988.39033908185 -3107.4667112873 -1635.48195402643 -2.10253771412384e-05 1635.48191197567 3107.46666923654 3988.3902970311 4752.46016849735 Inf
"94" 95.7575757575758 3.72869140142496e-06 2320.85169277446 -Inf -4548.78572756807 -3817.46132074785 -2974.29111654326 -1565.39067477291 3.72869140142496e-06 1565.39068223029 2974.29112400064 3817.46132820523 4548.78573502545 Inf -3.65349878901237e-06 2424.7691421932 -Inf -4752.46019317625 -3988.39032170999 -3107.46669391543 -1635.48193665456 -3.65349878901237e-06 1635.48192934756 3107.46668660843 3988.39031440299 4752.46018586925 Inf
"95" 96.4646464646465 4.5585621793525e-07 2320.85169277446 -Inf -4548.78573084091 -3817.46132402068 -2974.29111981609 -1565.39067804574 4.5585621793525e-07 1565.39067895746 2974.2911207278 3817.46132493239 4548.78573175262 Inf -5.5222642343496e-07 2424.7691421932 -Inf -4752.46019007497 -3988.39031860872 -3107.46669081416 -1635.48193355328 -5.5222642343496e-07 1635.48193244883 3107.4666897097 3988.39031750426 4752.46018897052 Inf
"96" 97.1717171717172 5.06300227867059e-08 2320.85169277446 -Inf -4548.78573124613 -3817.46132442591 -2974.29112022132 -1565.39067845097 5.06300227867059e-08 1565.39067855223 2974.29112032258 3817.46132452717 4548.78573134739 Inf -7.3478622254304e-08 2424.7691421932 -Inf -4752.46018959623 -3988.39031812997 -3107.46669033541 -1635.48193307454 -7.3478622254304e-08 1635.48193292758 3107.46669018845 3988.39031798301 4752.46018944927 Inf
"97" 97.8787878787879 5.11361709480706e-09 2320.85169277446 -Inf -4548.78573129165 -3817.46132447142 -2974.29112026683 -1565.39067849649 5.11361709480706e-09 1565.39067850671 2974.29112027706 3817.46132448165 4548.78573130188 Inf -8.66945684901045e-09 2424.7691421932 -Inf -4752.46018953142 -3988.39031806516 -3107.4666902706 -1635.48193300973 -8.66945684901045e-09 1635.48193299239 3107.46669025326 3988.39031804782 4752.46018951408 Inf
"98" 98.5858585858586 4.70110008496627e-10 2320.85169277446 -Inf -4548.78573129629 -3817.46132447607 -2974.29112027148 -1565.39067850113 4.70110008496627e-10 1565.39067850207 2974.29112027242 3817.46132447701 4548.78573129723 Inf -9.11318835133792e-10 2424.7691421932 -Inf -4752.46018952366 -3988.3903180574 -3107.46669026284 -1635.48193300197 -9.11318835133792e-10 1635.48193300015 3107.46669026102 3988.39031805558 4752.46018952184 Inf
"99" 99.2929292929293 3.9372738212189e-11 2320.85169277446 -Inf -4548.78573129672 -3817.4613244765 -2974.29112027191 -1565.39067850156 3.9372738212189e-11 1565.39067850164 2974.29112027199 3817.46132447658 4548.7857312968 Inf -8.56287287185722e-11 2424.7691421932 -Inf -4752.46018952283 -3988.39031805658 -3107.46669026202 -1635.48193300114 -8.56287287185722e-11 1635.48193300097 3107.46669026185 3988.3903180564 4752.46018952266 Inf
"100" 100 3.00630394873464e-12 2320.85169277446 -Inf -4548.78573129676 -3817.46132447654 -2974.29112027195 -1565.3906785016 3.00630394873464e-12 1565.3906785016 2974.29112027195 3817.46132447654 4548.78573129677 Inf -7.20882417729767e-12 2424.7691421932 -Inf -4752.46018952276 -3988.3903180565 -3107.46669026194 -1635.48193300106 -7.20882417729767e-12 1635.48193300105 3107.46669026192 3988.39031805648 4752.46018952274 Inf
