"mid_age" "mean_left" "std_left" "min_left" "l.q2.5" "l.q5" "l.q10" "l.q25" "l.q50" "l.q75" "l.q90" "l.q95" "l.q97.5" "max_left" "mean_right" "std_right" "min_right" "r.q2.5" "r.q5" "r.q10" "r.q25" "r.q50" "r.q75" "r.q90" "r.q95" "r.q97.5" "max_right"
"1" 30 5.26583011169244e-08 2327.89137067808 -Inf -4562.58324639796 -3829.04056415622 -2983.3128304576 -1570.13886903961 5.26583011169244e-08 1570.13886914493 2983.31283056292 3829.04056426153 4562.58324650328 Inf 3.33245161108211e-08 2403.96980615979 -Inf -4711.69423996161 -3954.17845471044 -3080.81126857271 -1621.45299400232 3.33245161108211e-08 1621.45299406897 3080.81126863936 3954.17845477709 4711.69424002825 Inf
"2" 30.7070707070707 4.8030540089635e-07 2327.89137067808 -Inf -4562.58324597031 -3829.04056372857 -2983.31283002996 -1570.13886861197 4.8030540089635e-07 1570.13886957258 2983.31283099057 3829.04056468918 4562.58324693092 Inf 3.08964002909854e-07 2403.96980615979 -Inf -4711.69423968597 -3954.1784544348 -3080.81126829707 -1621.45299372668 3.08964002909854e-07 1621.45299434461 3080.811268915 3954.17845505273 4711.69424030389 Inf
"3" 31.4141414141414 3.95778498326621e-06 2327.89137067808 -Inf -4562.58324249283 -3829.04056025109 -2983.31282655248 -1570.13886513449 3.95778498326621e-06 1570.13887305006 2983.31283446805 3829.04056816666 4562.5832504084 Inf 2.59136387524888e-06 2403.96980615979 -Inf -4711.69423740357 -3954.1784521524 -3080.81126601467 -1621.45299144428 2.59136387524888e-06 1621.45299662701 3080.8112711974 3954.17845733513 4711.69424258629 Inf
"4" 32.1212121212121 2.94580905373647e-05 2327.89137067808 -Inf -4562.58321699253 -3829.04053475079 -2983.31280105217 -1570.13883963418 2.94580905373647e-05 1570.13889855036 2983.31285996835 3829.04059366696 4562.58327590871 Inf 1.96604808242015e-05 2403.96980615979 -Inf -4711.69422033445 -3954.17843508328 -3080.81124894555 -1621.45297437516 1.96604808242015e-05 1621.45301369612 3080.81128826652 3954.17847440424 4711.69425965541 Inf
"5" 32.8282828282828 0.000198016339863656 2327.89137067807 -Inf -4562.58304843427 -3829.04036619253 -2983.31263249391 -1570.13867107593 0.000198016339863656 1570.13906710861 2983.31302852659 3829.0407622252 4562.58344446695 Inf 0.000134916527129669 2403.96980615979 -Inf -4711.69410507839 -3954.17831982723 -3080.8111336895 -1621.45285911911 0.000134916527129669 1621.45312895216 3080.81140352255 3954.17858966028 4711.69437491144 Inf
"6" 33.5353535353535 0.00120187695834428 2327.89137067784 -Inf -4562.5820445732 -3829.03936233153 -2983.311628633 -1570.13766721516 0.00120187695834428 1570.14007096907 2983.31403238692 3829.04176608544 4562.58444832711 Inf 0.000837319001698285 2403.96980615957 -Inf -4711.69340267548 -3954.17761742439 -3080.81043128674 -1621.45215671649 0.000837319001698285 1621.45383135449 3080.81210592474 3954.17929206239 4711.69507731349 Inf
"7" 34.2424242424242 0.00658554307260557 2327.89137067099 -Inf -4562.57666089366 -3829.03397865415 -2983.30624495811 -1570.13228354442 0.00658554307260557 1570.14545463057 2983.31941604425 3829.04714974029 4562.5898319798 Inf 0.00469902960708691 2403.96980615297 -Inf -4711.68954095195 -3954.17375570294 -3080.80656956768 -1621.44829500143 0.00469902960708691 1621.45769306065 3080.8159676269 3954.18315376215 4711.69893901117 Inf
"8" 34.9494949494949 0.0325684462268472 2327.89137050518 -Inf -4562.55067766552 -3829.00799547826 -2983.28026184246 -1570.10630052943 0.0325684462268472 1570.17143742188 2983.34539873491 3829.07313237071 4562.61581455797 Inf 0.0238417477587949 2403.96980599308 -Inf -4711.67039792041 -3954.15461272178 -3080.78742664462 -1621.42915217543 0.0238417477587949 1621.47683567095 3080.83511014014 3954.2022962173 4711.71808141593 Inf
"9" 35.6565656565657 0.145334552278331 2327.89136724957 -Inf -4562.43790517859 -3828.8952240172 -2983.16749156417 -1569.9935322275 0.145334552278331 1570.28420133206 2983.45816066873 3829.18589312176 4562.72857428314 Inf 0.109341118782887 2403.96980284769 -Inf -4711.58489238453 -3954.06910817705 -3080.70192324261 -1621.34365068288 0.109341118782887 1621.56233292044 3080.92060548018 3954.28779041461 4711.8035746221 Inf
"10" 36.3636363636364 0.585048450323242 2327.89131547945 -Inf -4561.99808981296 -3828.45542496488 -2982.72771132004 -1569.55378341104 0.585048450323242 1570.72388031168 2983.89780822069 3829.62552186553 4563.16818671361 Inf 0.453133009523073 2403.96975272366 -Inf -4711.24100225251 -3953.72523383963 -3080.35806711535 -1620.999824984 0.453133009523073 1621.90609100304 3081.2643331344 3954.63149985867 4712.14726827156 Inf
"11" 37.0707070707071 2.12395463314474 2327.89064998301 -Inf -4560.4578792811 -3826.91542413784 -2981.18795226922 -1568.01442835769 2.12395463314474 1572.26233762398 2985.43586153551 3831.16333340412 4564.70578854739 Inf 1.69637190310366 2403.96910683034 -Inf -4709.99649743129 -3952.48093254608 -3079.11400047618 -1619.75615044199 1.69637190310366 1623.1488942482 3082.50674428239 3955.87367635228 4713.3892412375 Inf
"12" 37.7777777777778 6.95197167774361 2327.88374998411 -Inf -4555.61633848715 -3822.07605760501 -2976.35109252022 -1563.18175733455 6.95197167774361 1577.08570069004 2990.25503587571 3835.98000096049 4569.52028184264 Inf 5.73453853823856 2403.96239164986 -Inf -4705.94516928425 -3948.43172042196 -3075.06722799098 -1615.71345448645 5.73453853823856 1627.18253156293 3086.53630506745 3959.90079749844 4717.41424636073 Inf
"13" 38.4848484848485 20.5101066697564 2327.82620765056 -Inf -4541.94542259379 -3808.42327389695 -2962.71921406057 -1549.58481062836 20.5101066697564 1590.60502396787 3003.73942740008 3849.44348723647 4582.9656359333 Inf 17.4967718140722 2403.90621436109 -Inf -4694.07283054569 -3936.57708372895 -3063.23300062278 -1603.91333020515 17.4967718140722 1638.90687383329 3098.22654425092 3971.5706273571 4729.06637417383 Inf
"14" 39.1919191919192 54.5303406967673 2327.44152829883 -Inf -4507.17123089181 -3773.77029864305 -2928.20599360812 -1515.3051143215 54.5303406967673 1624.36579571504 3037.26667500166 3882.83098003658 4616.23191228534 Inf 48.1584632567015 2403.52930388494 -Inf -4662.67240814442 -3905.2954297226 -3032.08827896937 -1572.99741650962 48.1584632567015 1669.31434302302 3128.40520548278 4001.612356236 4758.98933465782 Inf
"15" 39.8989898989899 130.642800029159 2325.38814477062 -Inf -4427.03421379766 -3694.28032396674 -2849.46201740048 -1437.8076688461 130.642800029159 1699.09326890442 3110.7476174588 3955.56592402506 4688.31981385598 Inf 119.508139915504 2401.50903513861 -Inf -4587.36307750371 -3830.62270668897 -2958.14952373588 -1500.28508928877 119.508139915504 1739.30136911978 3197.16580356689 4069.63898651998 4826.37935733471 Inf
"16" 40.6060606060606 282.082268731109 2316.67174719344 -Inf -4258.51091976952 -3528.50365709603 -2686.85203573759 -1280.48907931972 282.082268731109 1844.65361678193 3251.01657319981 4092.66819455824 4822.67545723174 Inf 267.232916616238 2392.89247298472 -Inf -4422.7501493108 -3668.72494647756 -2799.38217831722 -1346.74852973331 267.232916616238 1881.21436296579 3333.8480115497 4203.19077971003 4957.21598254327 Inf
"17" 41.3131313131313 549.221658290178 2287.33128557529 -Inf -3933.8652821491 -3213.10350282792 -2382.11133165798 -993.559849133183 549.221658290178 2092.00316571354 3480.55464823834 4311.54681940827 5032.30859872945 Inf 538.210788783084 2363.73308529325 -Inf -4094.62092745743 -3349.78414970671 -2491.03504720405 -1056.10294944657 538.210788783084 2132.52452701274 3567.45662477022 4426.20572727288 5171.0425050236 Inf
"18" 42.020202020202 965.434396957299 2208.97968888701 -Inf -3364.08623584173 -2668.01385617063 -1865.48698159207 -524.499761588316 965.434396957299 2455.36855550291 3796.35577550667 4598.88265008522 5294.95502975632 Inf 976.139752085563 2285.41000045495 -Inf -3503.1815387138 -2783.02517623392 -1952.73101190876 -565.34586821692 976.139752085563 2517.62537238805 3905.01051607988 4735.30468040504 5455.46104288492 Inf
"19" 42.7272727272727 1535.5487713557 2042.1901960464 -Inf -2467.07046247604 -1823.55517953597 -1081.6232715274 158.112416171471 1535.5487713557 2912.98512653992 4152.7208142388 4894.65272224735 5538.16800518743 Inf 1595.00551089182 2117.64793570943 -Inf -2555.50817503426 -1888.21537676614 -1118.8695163889 166.673683731915 1595.00551089182 3023.33733805172 4308.88053817253 5078.22639854977 5745.51919681789 Inf
"20" 43.4343434343434 2218.07974188101 1757.12192923687 -Inf -1225.8159558688 -672.128636420231 -33.7626173852555 1032.91901076597 2218.07974188101 3403.24047299604 4469.92210114727 5108.28812018224 5661.97543963081 Inf 2351.79871625632 1829.07132615053 -Inf -1233.11520815363 -656.755888515314 7.7494947353739 1118.10885439024 2351.79871625632 3585.48857812241 4695.84793777727 5360.35332102796 5936.71264066628 Inf
"21" 44.1414141414141 2926.43121529314 1364.44519710039 -Inf 252.167770097712 682.11858406604 1177.82433684932 2006.12691514465 2926.43121529314 3846.73551544163 4675.03809373696 5170.74384652023 5600.69466048856 Inf 3140.50150281075 1428.92893174847 -Inf 339.85226011646 790.122566768389 1309.25539327653 2176.70358458777 3140.50150281075 4104.29942103373 4971.74761234498 5490.88043885311 5941.15074550504 Inf
"22" 44.8484848484848 3555.23574242056 933.051999238447 -Inf 1726.48742821011 2020.50177733887 2359.48149206201 2925.90173253426 3555.23574242056 4184.56975230685 4750.98999277911 5089.96970750224 5383.98405663101 Inf 3824.11266762172 986.399804266165 -Inf 1890.80457690268 2201.6293719503 2559.99045421153 3158.79611004877 3824.11266762172 4489.42922519467 5088.23488103191 5446.59596329315 5757.42075834076 Inf
"23" 45.5555555555556 4019.62020121725 575.439555335315 -Inf 2891.77939748029 3073.10636153262 3282.16473820099 3631.49211928619 4019.62020121725 4407.74828314831 4757.07566423351 4966.13404090188 5147.46100495421 Inf 4294.97061322068 617.166262472065 -Inf 3085.34696630224 3279.82244796142 3504.04022334829 3878.69829501645 4294.97061322068 4711.24293142491 5085.90100309306 5310.11877847994 5504.59426013912 Inf
"24" 46.2626262626263 4284.68250778842 391.728620444845 -Inf 3516.90852000296 3640.34626566902 3782.6620809887 4020.46556843992 4284.68250778842 4548.89944713692 4786.70293458814 4929.01874990782 5052.45649557388 Inf 4525.00047241213 425.620531452979 -Inf 3690.7995596835 3824.91699754669 3979.54581400064 4237.92378647409 4525.00047241213 4812.07715835018 5070.45513082362 5225.08394727758 5359.20138514077 Inf
"25" 46.969696969697 4371.96557956698 351.55972300591 -Inf 3682.92118406052 3793.70129409065 3921.42366616633 4134.84214981772 4371.96557956698 4609.08900931624 4822.50749296763 4950.2298650433 5061.00997507344 Inf 4568.96586442732 382.505047653988 -Inf 3819.26974712072 3939.80104946641 4078.76592177764 4310.97013038644 4568.96586442732 4826.9615984682 5059.165807077 5198.13067938822 5318.66198173391 Inf
"26" 47.6767676767677 4347.12667579515 343.796440781539 -Inf 3673.29803385028 3781.63185324263 3906.53380888291 4115.23950033411 4347.12667579515 4579.0138512562 4787.7195427074 4912.62149834767 5020.95531774003 Inf 4521.7870684489 374.0811714093 -Inf 3788.60144519212 3906.47829688206 4042.38275758855 4269.47315259198 4521.7870684489 4774.10098430582 5001.19137930925 5137.09584001574 5254.97269170568 Inf
"27" 48.3838383838384 4295.87998906817 337.534401985393 -Inf 3634.32471763353 3740.6853037416 3863.31224777863 4068.21649459046 4295.87998906817 4523.54348354588 4728.44773035771 4851.07467439474 4957.4352605028 Inf 4467.56692321771 367.379054447023 -Inf 3747.51720782717 3863.28215304452 3996.75172084283 4219.77351655647 4467.56692321771 4715.36032987896 4938.38212559259 5071.8516933909 5187.61663860826 Inf
"28" 49.0909090909091 4287.46146915188 334.813858731116 -Inf 3631.23836451401 3736.74167926438 3858.38024432899 4061.63295321414 4287.46146915188 4513.28998508961 4716.54269397477 4838.18125903937 4943.68457378975 Inf 4452.79446912071 364.434772043613 -Inf 3738.51544120116 3853.35261253754 3985.75251646933 4206.98695076225 4452.79446912071 4698.60198747917 4919.83642177209 5052.23632570388 5167.07349704026 Inf
"29" 49.7979797979798 4335.03707914818 334.071167992702 -Inf 3680.26962160925 3785.53890681547 3906.90765080382 4109.70950050107 4335.03707914818 4560.36465779529 4763.16650749254 4884.53525148089 4989.8045366871 Inf 4483.02950342598 363.63201229374 -Inf 3770.32385570443 3884.90806912896 4017.01632878881 4237.76343829068 4483.02950342598 4728.29556856129 4949.04267806316 5081.150937723 5195.73515114754 Inf
"30" 50.5050505050505 4388.80320532329 333.712304183224 -Inf 3734.7391079263 3839.89531142918 3961.13367945578 4163.71767663739 4388.80320532329 4613.88873400919 4816.4727311908 4937.7110992174 5042.86730272029 Inf 4530.37596979976 363.24254512631 -Inf 3818.43366369953 3932.89515198567 4064.86191742074 4285.37259627693 4530.37596979976 4775.3793433226 4995.89002217879 5127.85678761386 5242.3182759 Inf
"31" 51.2121212121212 4387.69555907613 333.397207043245 -Inf 3734.24904072513 3839.30595385556 3960.42984644166 4162.82256018146 4387.69555907613 4612.5685579708 4814.9612717106 4936.0851642967 5041.14207742713 Inf 4554.45490156826 362.902488430301 -Inf 3843.1790943449 3957.53342724396 4089.37664938037 4309.68089280137 4554.45490156826 4799.22891033515 5019.53315375614 5151.37637589255 5265.73070879161 Inf
"32" 51.9191919191919 4328.99622269117 333.107065971369 -Inf 3676.11837039148 3781.083857065 3902.10234080159 4104.31892097559 4328.99622269117 4553.67352440675 4755.89010458075 4876.90858831734 4981.87407499086 Inf 4536.61137429023 362.588412102265 -Inf 3825.95114535822 3940.20650955325 4071.93562711224 4292.04920678738 4536.61137429023 4781.17354179308 5001.28712146822 5133.01623902722 5247.27160322224 Inf
"33" 52.6262626262626 4272.97562965157 332.870714872675 -Inf 3620.56101699303 3725.45202698732 3846.38464388255 4048.45774432951 4272.97562965157 4497.49351497363 4699.5666154206 4820.49923231582 4925.39024231012 Inf 4497.36100601245 362.333210089334 -Inf 3787.20096383457 3901.37591123204 4033.01231337366 4252.97096965155 4497.36100601245 4741.75104237335 4961.70969865124 5093.34610079286 5207.52104819033 Inf
"34" 53.3333333333333 4267.78738179193 332.770037895768 -Inf 3615.57009238219 3720.42937801829 3841.32541876027 4043.33740205887 4267.78738179193 4492.23736152498 4694.24934482358 4815.14538556556 4920.00467120166 Inf 4470.22996765996 362.224318479243 -Inf 3760.28334911608 3874.42398363935 4006.02082523456 4225.91337757395 4470.22996765996 4714.54655774597 4934.43911008536 5066.03595168057 5180.17658620384 Inf
"35" 54.040404040404 4289.67601458244 332.817547101087 -Inf 3637.36560884135 3742.23986512013 3863.15316605433 4065.19399037736 4289.67601458244 4514.15803878753 4716.19886311056 4837.11216404476 4941.98642032354 Inf 4461.20746283673 362.275441524405 -Inf 3751.16064496555 3865.31738888986 3996.93280359277 4216.85639078076 4461.20746283673 4705.5585348927 4925.48212208069 5057.09753678359 5171.25428070791 Inf
"36" 54.7474747474747 4282.27515158746 332.847730705935 -Inf 3629.90558706794 3734.78935451324 3855.7136212133 4057.77276885028 4282.27515158746 4506.77753432464 4708.83668196162 4829.76094866169 4934.64471610698 Inf 4450.01381100899 362.307559714349 -Inf 3739.90404264227 3854.07090734091 3985.69799064843 4205.64107556311 4450.01381100899 4694.38654645488 4914.32963136956 5045.95671467708 5160.12357937571 Inf
"37" 55.4545454545455 4240.3010672338 332.75959829436 -Inf 3588.10423906684 3692.96023507641 3813.85248308967 4015.85812890489 4240.3010672338 4464.74400556271 4666.74965137793 4787.64189939119 4892.49789540076 Inf 4430.07552267229 362.212894474694 -Inf 3720.15129476588 3834.288329467 3965.8810206978 4185.76663796025 4430.07552267229 4674.38440738433 4894.27002464677 5025.86271587758 5139.9997505787 Inf
"38" 56.1616161616162 4215.47742812526 332.703097983982 -Inf 3563.39133853176 3668.22953070832 3789.10125204235 3991.07259867658 4215.47742812526 4439.88225757394 4641.85360420817 4762.7253255422 4867.56351771877 Inf 4422.83915908227 362.151763812338 -Inf 3713.03474507243 3827.15251686868 3958.72299920383 4178.57150637542 4422.83915908227 4667.10681178913 4886.95531896071 5018.52580129587 5132.64357309211 Inf
"39" 56.8686868686869 4237.03345565535 332.70737949414 -Inf 3584.93897445614 3689.7785157809 3810.65179259639 4012.62573837196 4237.03345565535 4461.44117293875 4663.41511871431 4784.28839552981 4889.12793685457 Inf 4441.80913572739 362.156126804983 -Inf 3731.9961704091 3846.11531702951 3977.68738444889 4197.53854022671 4441.80913572739 4686.07973122806 4905.93088700588 5037.50295442526 5151.62210104567 Inf
"40" 57.5757575757576 4267.41703372954 332.708124521174 -Inf 3615.32109230417 3720.16086839467 3841.03441588002 4043.00881393305 4267.41703372954 4491.82525352604 4693.79965157906 4814.67319906442 4919.51297515491 Inf 4464.14166303765 362.157195170835 -Inf 3754.32660376077 3868.44608703433 4000.01854259323 4219.87034693516 4464.14166303765 4708.41297914014 4928.26478348208 5059.83723904097 5173.95672231453 Inf
"41" 58.2828282828283 4257.63883568496 332.71579559171 -Inf 3605.52785923762 3710.37005256189 3831.24638696299 4033.22544183002 4257.63883568496 4482.05222953991 4684.03128440694 4804.90761880803 4909.7498121323 Inf 4457.49960245903 362.165155660221 -Inf 3747.66894090966 3861.79093261587 3993.36628023697 4213.22291708804 4457.49960245903 4701.77628783002 4921.63292468109 5053.20827230219 5167.33026400841 Inf
"42" 58.989898989899 4214.65327023498 332.680621325175 -Inf 3562.61123408323 3667.4423436318 3788.30589914935 3990.26360106229 4214.65327023498 4439.04293940768 4641.00064132061 4761.86419683816 4866.69530638673 Inf 4422.05620817997 362.12722011187 -Inf 3712.2998989391 3826.40993676111 3957.97150231929 4177.80510994751 4422.05620817997 4666.30730641243 4886.14091404065 5017.70247959883 5131.81251742084 Inf
"43" 59.6969696969697 4182.98332363288 332.612963265687 -Inf 3531.07389484099 3635.88368463424 3756.72265983931 3958.63928912783 4182.98332363288 4407.32735813794 4609.24398742645 4730.08296263153 4834.89275242477 Inf 4386.0114242114 362.054148137596 -Inf 3676.39833340839 3790.48534549445 3922.02036385375 4141.80961227662 4386.0114242114 4630.21323614619 4850.00248456906 4981.53750292835 5095.62451501442 Inf
"44" 60.4040404040404 4180.00166173139 332.581682851143 -Inf 3528.15354142543 3632.95347443606 3753.78108540205 3955.67872554533 4180.00166173139 4404.32459791745 4606.22223806073 4727.04984902672 4831.84978203735 Inf 4368.20402759329 362.02031754889 -Inf 3658.65724352571 3772.73359524288 3904.25632287956 4124.02503404383 4368.20402759329 4612.38302114275 4832.15173230702 4963.67445994371 5077.75081166087 Inf
"45" 61.1111111111111 4184.43641725045 332.580434728922 -Inf 3532.59074321909 3637.39028293349 3758.2174404541 3960.11432291004 4184.43641725045 4408.75851159087 4610.65539404681 4731.48255156742 4836.28209128182 Inf 4364.7746545834 362.018765526196 -Inf 3655.2309124244 3769.30677508314 3900.82893886678 4120.59670785734 4364.7746545834 4608.95260130946 4828.72037030002 4960.24253408366 5074.31839674239 Inf
"46" 61.8181818181818 4179.44915283917 332.54979549497 -Inf 3527.66353060287 3632.4534155773 3753.26944180105 3955.14772434801 4179.44915283917 4403.75058133033 4605.62886387728 4726.44489010104 4831.23477507547 Inf 4366.4031318583 361.985634838592 -Inf 3656.9243246538 3770.98974748972 3902.49987482625 4122.24753144145 4366.4031318583 4610.55873227516 4830.30638889036 4961.81651622689 5075.88193906281 Inf
"47" 62.5252525252525 4171.66178060993 332.498655613983 -Inf 3519.97639069854 3624.75016096679 3745.54760796636 3947.39484544433 4171.66178060993 4395.92871577554 4597.77595325351 4718.57340025308 4823.34717052133 Inf 4367.50570218195 361.930447430533 -Inf 3658.13506030963 3772.18309302166 3903.67317065909 4123.38732510617 4367.50570218195 4611.62407925772 4831.3382337048 4962.82831134223 5076.87634405426 Inf
"48" 63.2323232323232 4166.30056705535 332.48466575864 -Inf 3514.64259675658 3619.4119586765 3740.20432313279 3942.04306790378 4166.30056705535 4390.55806620692 4592.39681097791 4713.18917543419 4817.95853735412 Inf 4359.7329432876 361.915293581061 -Inf 3650.39200241448 3764.43525999159 3895.91983220426 4115.62478732797 4359.7329432876 4603.84109924723 4823.54605437095 4955.03062658362 5069.07388416072 Inf
"49" 63.9393939393939 4154.3137428518 332.509122342931 -Inf 3502.60783852863 3607.38490697158 3728.18615655536 3930.0397479848 4154.3137428518 4378.5877377188 4580.44132914825 4701.24257873202 4806.01964717497 Inf 4335.96490929043 361.941634364908 -Inf 3626.57234142964 3740.62389926056 3872.11804113431 4091.83898674208 4335.96490929043 4580.09083183878 4799.81177744655 4931.30591932029 5045.35747715121 Inf
"50" 64.6464646464646 4132.58468141795 332.514135341522 -Inf 3480.86895179809 3585.64759988882 3706.45067070531 3908.30730533478 4132.58468141795 4356.86205750112 4558.71869213059 4679.52176294709 4784.30041103781 Inf 4303.67082625031 361.946927771862 -Inf 3594.26788350254 3708.32110934082 3839.81717432022 4059.54133335323 4303.67082625031 4547.80031914739 4767.5244781804 4899.0205431598 5013.07376899808 Inf
"51" 65.3535353535354 4113.33332862941 332.453795495209 -Inf 3461.73586293515 3566.49549731533 3687.27664654128 3889.0966511541 4113.33332862941 4337.57000610471 4539.39001071754 4660.17115994348 4764.93079432366 Inf 4279.39486575072 361.881716767352 -Inf 3570.11973422319 3684.15241139852 3815.62478508555 4035.30935700778 4279.39486575072 4523.48037449366 4743.16494641589 4874.63732010292 4988.66999727825 Inf
"52" 66.0606060606061 4102.93278996137 332.400024499241 -Inf 3451.44071348263 3556.18340406504 3676.94501817731 3878.73238047171 4102.93278996137 4327.13319945104 4528.92056174544 4649.68217585771 4754.42486644012 Inf 4267.26704557308 361.823823097999 -Inf 3558.10538355241 3672.11981783289 3803.57115863051 4023.22058551672 4267.26704557308 4511.31350562944 4730.96293251565 4862.41427331327 4976.42870759375 Inf
"53" 66.7676767676768 4089.84713782132 332.411549967067 -Inf 3438.33247184073 3543.07879421743 3663.84459555592 3865.63895452174 4089.84713782132 4314.0553211209 4515.84968008672 4636.61548142521 4741.36180380191 Inf 4255.58370980085 361.835910948446 -Inf 3546.39835602865 3660.416599316 3791.87233165461 4011.52909661326 4255.58370980085 4499.63832298843 4719.29508794708 4850.75082028569 4964.76906357304 Inf
"54" 67.4747474747475 4064.88361887839 332.410805008362 -Inf 3413.37041299004 3518.11650062253 3638.88203131598 3840.67593804582 4064.88361887839 4289.09129971096 4490.8852064408 4611.65073713425 4716.39682476675 Inf 4236.14920417233 361.835265898392 -Inf 3526.96511467501 3640.98315470042 3772.438652691 3992.0950260644 4236.14920417233 4480.20338228027 4699.85975565367 4831.31525364425 4945.33329366966 Inf
"55" 68.1818181818182 4038.51972746739 332.393652783687 -Inf 3387.04013932166 3491.7808221105 3612.54012136537 3814.32361563456 4038.51972746739 4262.71583930023 4464.49933356942 4585.25863282429 4689.99931561313 Inf 4213.69259247632 361.816687504539 -Inf 3504.54491596184 3618.55710174291 3750.00585016472 3969.65094530461 4213.69259247632 4457.73423964803 4677.37933478792 4808.82808320973 4922.8402689908 Inf
"56" 68.8888888888889 4025.27803689483 332.395872861477 -Inf 3373.79409747658 3478.53547983492 3599.29558564864 3801.08042764228 4025.27803689483 4249.47564614737 4451.26048814102 4572.02059395473 4676.76197631308 Inf 4193.5285130926 361.819162913246 -Inf 3484.37598486621 3598.3889506742 3729.83859841709 3949.48519628309 4193.5285130926 4437.57182990211 4657.21842776811 4788.668075511 4902.68104131899 Inf
"57" 69.5959595959596 4020.98747078372 332.421383427547 -Inf 3369.45353157475 3474.20295257669 3594.97232643164 3796.77265491584 4020.98747078372 4245.2022866516 4447.00261513579 4567.77198899074 4672.52140999269 Inf 4173.3494584817 361.846656441142 -Inf 3464.14304393083 3578.16467323423 3709.62430943248 3929.28759756943 4173.3494584817 4417.41131939398 4637.07460753093 4768.53424372918 4882.55587303258 Inf
"58" 70.3030303030303 4008.5313468904 332.446739511508 -Inf 3356.94771067008 3461.70512163671 3582.48370740923 3784.29942860378 4008.5313468904 4232.76326517702 4434.57898637158 4555.3575721441 4660.11498311073 Inf 4151.7865100388 361.874102577225 -Inf 3442.52630204968 3556.55657991484 3688.02618735091 3907.70613698905 4151.7865100388 4395.86688308854 4615.54683272669 4747.01644016276 4861.04671802791 Inf
"59" 71.010101010101 3981.10229996947 332.449927748929 -Inf 3329.51241491862 3434.27083053189 3555.05057459764 3756.86823124939 3981.10229996947 4205.33636868955 4407.1540253413 4527.93376940705 4632.69218502031 Inf 4132.84750919631 361.877519632832 -Inf 3423.58060390127 3537.61195851604 3669.08280737545 3888.76483137758 4132.84750919631 4376.93018701503 4596.61221101716 4728.08305987657 4842.11441449134 Inf
"60" 71.7171717171717 3948.39027717491 332.429784687756 -Inf 3296.8398717985 3401.59194012456 3522.36436617466 3724.16979474313 3948.39027717491 4172.61075960669 4374.41618817516 4495.18861422526 4599.94068255132 Inf 4116.51090179906 361.855801987 -Inf 3407.28656230768 3521.31107346731 3652.77403226122 3872.44287230984 4116.51090179906 4360.57893128827 4580.2477713369 4711.71073013081 4825.73524129044 Inf
"61" 72.4242424242424 3921.00036008885 332.425512458003 -Inf 3269.45832812889 3374.2090502311 3494.97992417133 3696.78275923225 3921.00036008885 4145.21796094545 4347.02079600637 4467.7916699466 4572.54239204881 Inf 4096.30765047044 361.85129863472 -Inf 3387.09213738735 3501.11522949402 3632.57655221077 3852.24265844618 4096.30765047044 4340.3726424947 4560.03874873012 4691.50007144686 4805.52316355354 Inf
"62" 73.1313131313131 3898.69245565987 332.484276213603 -Inf 3247.03524885534 3351.80448802559 3472.59671095936 3674.43521925243 3898.69245565987 4122.94969206731 4324.78820036038 4445.58042329415 4550.3496624644 Inf 4071.9012630496 361.914848616423 -Inf 3362.56119429115 3476.60431165529 3608.08872221139 3827.79340721406 4071.9012630496 4316.00911888515 4535.71380388782 4667.19821444392 4781.24133180806 Inf
"63" 73.8383838383838 3876.88882528311 332.595300906284 -Inf 3225.01401407953 3329.81823828039 3450.65079671388 3652.55670385844 3876.88882528311 4101.22094670778 4303.12685385233 4423.95941228582 4528.76363648668 Inf 4052.50657201769 362.034832575732 -Inf 3342.93133902027 3457.01226457273 3588.54026554859 3808.31778823141 4052.50657201769 4296.69535580398 4516.4728784868 4648.00087946266 4762.08180501512 Inf
"64" 74.5454545454545 3857.01079584534 332.68241286276 -Inf 3204.96524834445 3309.79692242506 3430.66112881192 3632.61991829891 3857.01079584534 4081.40167339178 4283.36046287877 4404.22466926562 4509.05634334624 Inf 4040.80907503628 362.128965542263 -Inf 3331.0493448147 3445.1599326399 3576.72213231655 3796.55679952891 4040.80907503628 4285.06135054365 4504.89601775601 4636.45821743266 4750.56880525786 Inf
"65" 75.2525252525253 3843.09540042014 332.757599916097 -Inf 3190.9024890026 3295.75785530248 3416.6493773008 3618.65380997688 3843.09540042014 4067.53699086339 4269.54142353948 4390.4329455378 4495.28831183768 Inf 4025.34522169762 362.210880662854 -Inf 3315.42494078989 3429.56134091804 3561.15330052685 3781.03769528103 4025.34522169762 4269.65274811421 4489.53714286839 4621.12910247721 4735.26550260535 Inf
"66" 75.959595959596 3831.78212520506 332.891718628851 -Inf 3179.32634594087 3284.22397443628 3405.16422203942 3607.25007306474 3831.78212520506 4056.31417734537 4258.40002837069 4379.34027597383 4484.23790446924 Inf 3999.03720751597 362.355256843181 -Inf 3288.83395449457 3403.01584905253 3534.66026082527 3754.63230084558 3999.03720751597 4243.44211418636 4463.41415420666 4595.05856597941 4709.24046053736 Inf
"67" 76.6666666666667 3815.27914059193 333.073840078583 -Inf 3162.46640984546 3267.42142669602 3388.42783939727 3590.62424940048 3815.27914059193 4039.93403178339 4242.13044178659 4363.13685448785 4468.09187133841 Inf 3974.57020577323 362.553205267043 -Inf 3263.97898097027 3378.22325112686 3509.93957797004 3730.03178491988 3974.57020577323 4219.10862662659 4439.20083357642 4570.91716041961 4685.16143057619 Inf
"68" 77.3737373737374 3795.17319168242 333.357257809937 -Inf 3141.80497238991 3246.84929710314 3367.95867605044 3570.32713813614 3795.17319168242 4020.01924522869 4222.3877073144 4343.49708626169 4448.54141097493 Inf 3966.1470697579 362.858186967599 -Inf 3254.9580918059 3369.29846485521 3501.1255921789 3721.40294187352 3966.1470697579 4210.89119764228 4431.1685473369 4562.99567466059 4677.33604770989 Inf
"69" 78.0808080808081 3783.76449720721 333.542076945014 -Inf 3130.0340390663 3235.13660220328 3356.31312632333 3558.79378504869 3783.76449720721 4008.73520936574 4211.21586809109 4332.39239221115 4437.49495534813 Inf 3961.56879612357 363.058650833504 -Inf 3249.9869162142 3364.39045750398 3496.29041376339 3716.68945741636 3961.56879612357 4206.44813483079 4426.84717848376 4558.74713474317 4673.15067603294 Inf
"70" 78.7878787878788 3787.62865329666 333.927426450154 -Inf 3133.14292400421 3238.36691476155 3359.68343715118 3562.39802684667 3787.62865329666 4012.85927974664 4215.57386944213 4336.89039183176 4442.11438258911 Inf 3931.59991515163 363.477403347632 -Inf 3219.19729539613 3333.73278994038 3465.78487985139 3686.43813216577 3931.59991515163 4176.7616981375 4397.41495045188 4529.46704036289 4644.00253490713 Inf
"71" 79.4949494949495 3797.30780776082 335.21219961779 -Inf 3140.3039693315 3245.93280542112 3367.71608855099 3571.21061497794 3797.30780776082 4023.4050005437 4226.89952697065 4348.68281010052 4454.31164619014 Inf 3870.65642688999 364.861060667831 -Inf 3155.54188861996 3270.51338791715 3403.06816338487 3624.56138122387 3870.65642688999 4116.75147255611 4338.24469039511 4470.79946586283 4585.77096516002 Inf
"72" 80.2020202020202 3795.62165432758 337.517004206188 -Inf 3134.1004819136 3240.45558580124 3363.07620918922 3567.96989447362 3795.62165432758 4023.27341418154 4228.16709946595 4350.78772285393 4457.14282674156 Inf 3808.71625459102 367.357121396372 -Inf 3088.70952718982 3204.46756107574 3337.92916055154 3560.93764154763 3808.71625459102 4056.49486763441 4279.5033486305 4412.96494810629 4528.72298199222 Inf
"73" 80.9090909090909 3763.48882492774 342.304912885922 -Inf 3092.58352394021 3200.44734744402 3324.80742792518 3532.60766974442 3763.48882492774 3994.36998011106 4202.1702219303 4326.53030241146 4434.39412591527 Inf 3764.52272577363 372.514044032425 -Inf 3034.40861573471 3151.79164935653 3287.12676945652 3513.26582126967 3764.52272577363 4015.77963027759 4241.91868209073 4377.25380219072 4494.63683581255 Inf
"74" 81.6161616161616 3667.55946076178 368.47271578769 -Inf 2945.36620853225 3061.47577776574 3195.3426749836 3419.02839073607 3667.55946076178 3916.09053078749 4139.77624653997 4273.64314375782 4389.75271299132 Inf 3691.12436692996 400.759274355927 -Inf 2905.65062272194 3031.93402097117 3177.53069147261 3420.81634408087 3691.12436692996 3961.43238977905 4204.71804238732 4350.31471288875 4476.59811113798 Inf
"75" 82.3232323232323 3453.15087830188 501.728364068647 -Inf 2469.78135470513 2627.88115891914 2810.16010785157 3114.74023935493 3453.15087830188 3791.56151724883 4096.14164875218 4278.42059768462 4436.52040189863 Inf 3486.63559503593 540.532516689863 -Inf 2427.211329851 2597.5387244734 2793.91530204427 3122.05195288092 3486.63559503593 3851.21923719093 4179.35588802758 4375.73246559845 4546.05986022085 Inf
"76" 83.030303030303 3071.52161696162 812.714167264863 -Inf 1478.63111939703 1734.72577126117 2029.98650356306 2523.35424130233 3071.52161696162 3619.68899262092 4113.05673036018 4408.31746266208 4664.41211452622 Inf 3072.34181593343 862.131420228157 -Inf 1382.59528234587 1654.26182246232 1967.47594463484 2490.84300966755 3072.34181593343 3653.84062219931 4177.20768723201 4490.42180940454 4762.08834952098 Inf
"77" 83.7373737373737 2525.97276956246 1235.22981782786 -Inf 104.966813989879 494.200523589695 942.962062717792 1692.822918301 2525.97276956246 3359.12262082393 4108.98347640713 4557.74501553523 4946.97872513504 Inf 2464.25891422628 1295.98325192508 -Inf -75.82158411398 332.556161828946 803.38954880211 1590.13149437703 2464.25891422628 3338.38633407554 4125.12827965046 4595.96166662362 5004.33941256655 Inf
"78" 84.4444444444444 1889.47069649444 1652.29099488893 -Inf -1348.96014546772 -828.306139227874 -228.025414740715 775.017356100569 1889.47069649444 3003.92403688831 4006.96680772959 4607.24753221675 5127.90153845659 Inf 1772.08069496918 1721.61683253359 -Inf -1602.22629197459 -1059.72699624441 -434.260052032181 610.86778766023 1772.08069496918 2933.29360227814 3978.42144197055 4603.88838618277 5146.38768191295 Inf
"79" 85.1515151515152 1272.23525739482 1975.20781275529 -Inf -2599.10091758769 -1976.69247739861 -1259.09540731766 -60.0221668158481 1272.23525739482 2604.49268160549 3803.56592210729 4521.16299218825 5143.57143237733 Inf 1133.05188924956 2049.26264768235 -Inf -2883.42909507103 -2237.68520936692 -1493.18386509982 -249.154762071863 1133.05188924956 2515.25854057099 3759.28764359895 4503.78898786605 5149.53287357016 Inf
"80" 85.8585858585859 766.702186218353 2174.98362448533 -Inf -3496.18738473728 -2810.8275170764 -2020.65148277469 -700.301975341324 766.702186218353 2233.70634777803 3554.05585521139 4344.2318895131 5029.59175717398 Inf 641.261036795267 2250.84772129998 -Inf -3770.31943163673 -3061.05400130046 -2243.31638423921 -876.912680473774 641.261036795267 2159.43475406431 3525.83845782975 4343.57607489099 5052.84150522727 Inf
"81" 86.5656565656566 412.451472310584 2273.6700091451 -Inf -4043.85985834266 -3327.40288872252 -2501.37388744112 -1121.11564418601 412.451472310584 1946.01858880718 3326.27683206229 4152.30583334368 4868.76280296383 Inf 320.326458616756 2349.90391562407 -Inf -4285.40058313606 -3544.92151998496 -2691.19658333065 -1264.65964641731 320.326458616756 1905.31256365083 3331.84950056416 4185.57443721847 4926.05350036957 Inf
"82" 87.2727272727273 197.899754542142 2312.34645283964 -Inf -4334.2160128025 -3605.57169517951 -2765.491462176 -1361.75422680046 197.899754542142 1757.55373588474 3161.29097126028 4001.37120426379 4730.01552188678 Inf 140.840334740803 2388.5323212183 -Inf -4540.59699075691 -3787.94571690593 -2920.18700087038 -1470.20023393299 140.840334740803 1751.8809034146 3201.86767035199 4069.62638638753 4822.27766023852 Inf
"83" 87.979797979798 84.7033094895311 2324.31065298873 -Inf -4470.86185925116 -3738.44749824093 -2894.02064666017 -1483.02040222293 84.7033094895311 1652.42702120199 3063.42726563923 3907.85411721999 4640.26847823022 Inf 54.2942050788212 2400.42706574312 -Inf -4650.45639129286 -3894.05696024124 -3021.97685899991 -1564.76924685817 54.2942050788212 1673.35765701581 3130.56526915755 4002.64537039887 4759.0448014505 Inf
"84" 88.6868686868687 32.3585363073001 2327.22973360175 -Inf -4528.92792530287 -3795.59373175685 -2950.10637217197 -1537.33406535864 32.3585363073001 1602.05113797324 3014.82344478657 3860.31080437145 4593.64499791747 Inf 18.2327752702254 2403.31736718864 -Inf -4692.18270783913 -3934.87251286547 -3061.7423591509 -1602.78015536674 18.2327752702254 1639.24570590719 3098.20790969135 3971.33806340592 4728.64825837958 Inf
"85" 89.3939393939394 11.0414606276969 2327.79319536811 -Inf -4551.34936575121 -3817.8376195665 -2972.14555316038 -1559.03119022428 11.0414606276969 1581.11411147967 2994.22847441577 3839.92054082189 4573.43228700661 Inf 5.27125787948772 2403.8732813008 -Inf -4706.2337968682 -3948.74842759987 -3075.41630914239 -1616.11663112812 5.27125787948772 1626.6591468871 3085.95882490136 3959.29094335884 4716.77631262718 Inf
"86" 90.1010101010101 3.36760863827207 2327.87964859896 -Inf -4559.19266295945 -3825.65367446625 -2979.93019942314 -1566.76335403178 3.36760863827207 1573.49857130833 2986.66541669969 3832.38889174279 4565.92788023599 Inf 1.28174169596992 2403.95831118747 -Inf -4710.3899685672 -3952.87780550087 -3079.51479551028 -1620.16349909866 1.28174169596992 1622.7269824906 3082.07827890222 3955.44128889281 4712.95345195914 Inf
"87" 90.8080808080808 0.918615933935502 2327.89024201686 -Inf -4561.66241838134 -3828.12009179244 -2982.39276813877 -1569.21949188791 0.918615933935502 1571.05672375578 2984.23000000664 3829.95732366031 4563.49965024921 Inf 0.248231902288406 2403.96870191876 -Inf -4711.44384381998 -3953.9284065266 -3080.56162156192 -1621.20401733409 0.248231902288406 1621.70048113867 3081.05808536649 3954.42487033118 4711.94030762456 Inf
"88" 91.5151515151515 0.224207940748617 2327.89128286914 -Inf -4562.35886640752 -3828.81621183528 -2983.08851003783 -1569.9146019253 0.224207940748617 1570.36301780679 2983.53692591933 3829.26462771678 4562.80728228901 Inf 0.0319734484852352 2403.96972042656 -Inf -4711.66209851239 -3954.14634027666 -3080.77918528599 -1621.42096276097 0.0319734484852352 1621.48490965794 3080.84313218296 3954.21028717363 4711.72604540936 Inf
"89" 92.2222222222222 0.048974619332229 2327.89136514858 -Inf -4562.53426099366 -3828.99158049432 -2983.26384880459 -1570.08989074335 0.048974619332229 1570.18783998201 2983.36179804325 3829.08952973299 4562.63221023233 Inf -0.000341029036401866 2403.96980077084 -Inf -4711.6945704618 -3954.17878690875 -3080.81160272884 -1621.45333142988 -0.000341029036401866 1621.45264937181 3080.81092067077 3954.17810485068 4711.69388840373 Inf
"90" 92.9292929292929 0.00957389212938651 2327.89137039581 -Inf -4562.57367200526 -3829.03098985246 -2983.30325625639 -1570.12929500976 0.00957389212938651 1570.14844279402 2983.32240404065 3829.05013763671 4562.59281978951 Inf -0.00176837598877997 2403.96980588515 -Inf -4711.69600783262 -3954.180222668 -3080.81303663005 -1621.45476222639 -0.00176837598877997 1621.45122547441 3080.80949987807 3954.17668591602 4711.69247108064 Inf
"91" 93.6363636363636 0.00167446121075803 2327.89137066638 -Inf -4562.58157196648 -3829.03888972843 -2983.31115603406 -1570.13719462317 0.00167446121075803 1570.14054354559 2983.31450495648 3829.04223865085 4562.5849208889 Inf -0.000668142511080841 2403.96980614843 -Inf -4711.69490811517 -3954.17912286759 -3080.81193673398 -1621.45366217049 -0.000668142511080841 1621.45232588547 3080.81060044896 3954.17778658256 4711.69357183015 Inf
"92" 94.3434343434343 0.000261850281122895 2327.89137067769 -Inf -4562.58298459957 -3829.04030235795 -2983.31256865948 -1570.13860724173 0.000261850281122895 1570.13913094229 2983.31309236004 3829.04082605851 4562.58350830013 Inf -0.000173216606198948 2403.96980615941 -Inf -4711.69441321079 -3954.17862795974 -3080.81144182215 -1621.45316725199 -0.000173216606198948 1621.45282081878 3080.81109538894 3954.17828152653 4711.69406677757 Inf
"93" 95.0505050505051 3.65724005666734e-05 2327.89137067807 -Inf -4562.5832098782 -3829.04052763646 -2983.31279393785 -1570.13883251986 3.65724005666734e-05 1570.13890566467 2983.31286708265 3829.04060078126 4562.583283023 Inf -3.61607381803838e-05 2403.96980615978 -Inf -4711.69427615565 -3954.17849090449 -3080.81130476676 -1621.45303019637 -3.61607381803838e-05 1621.4529578749 3080.81123244528 3954.17841858301 4711.69420383417 Inf
"94" 95.7575757575758 4.55458339538377e-06 2327.89137067808 -Inf -4562.58324189603 -3829.04055965429 -2983.31282595568 -1570.13886453769 4.55458339538377e-06 1570.13887364686 2983.31283506484 3829.04056876346 4562.5832510052 Inf -6.40010225998284e-06 2403.96980615979 -Inf -4711.69424639503 -3954.17846114387 -3080.81127500614 -1621.45300043574 -6.40010225998284e-06 1621.45298763554 3080.81126220593 3954.17844834366 4711.69423359483 Inf
"95" 96.4646464646465 5.04474125880819e-07 2327.89137067808 -Inf -4562.58324594614 -3829.0405637044 -2983.31283000579 -1570.1388685878 5.04474125880819e-07 1570.13886959675 2983.31283101474 3829.04056471335 4562.58324695509 Inf -9.83040684485401e-07 2403.96980615979 -Inf -4711.69424097797 -3954.17845572681 -3080.81126958907 -1621.45299501868 -9.83040684485401e-07 1621.4529930526 3080.81126762299 3954.17845376072 4711.69423901189 Inf
"96" 97.1717171717172 4.95055237827031e-08 2327.89137067808 -Inf -4562.58324640111 -3829.04056415937 -2983.31283046076 -1570.13886904277 4.95055237827031e-08 1570.13886914178 2983.31283055977 3829.04056425838 4562.58324650012 Inf -1.3270091734308e-07 2403.96980615979 -Inf -4711.69424012763 -3954.17845487647 -3080.81126873873 -1621.45299416834 -1.3270091734308e-07 1621.45299390294 3080.81126847333 3954.17845461106 4711.69423986223 Inf
"97" 97.8787878787879 4.27838336778359e-09 2327.89137067808 -Inf -4562.58324644634 -3829.0405642046 -2983.31283050598 -1570.13886908799 4.27838336778359e-09 1570.13886909655 2983.31283051454 3829.04056421315 4562.5832464549 Inf -1.58639785586787e-08 2403.96980615979 -Inf -4711.69424001079 -3954.17845475963 -3080.8112686219 -1621.45299405151 -1.58639785586787e-08 1621.45299401978 3080.81126859017 3954.1784547279 4711.69423997907 Inf
"98" 98.5858585858586 3.22404592476372e-10 2327.89137067808 -Inf -4562.5832464503 -3829.04056420855 -2983.31283050994 -1570.13886909195 3.22404592476372e-10 1570.1388690926 2983.31283051058 3829.0405642092 4562.58324645094 Inf -1.68793367518436e-09 2403.96980615979 -Inf -4711.69423999662 -3954.17845474545 -3080.81126860772 -1621.45299403733 -1.68793367518436e-09 1621.45299403395 3080.81126860435 3954.17845474207 4711.69423999324 Inf
"99" 99.2929292929293 2.08085836983243e-11 2327.89137067808 -Inf -4562.5832464506 -3829.04056420886 -2983.31283051024 -1570.13886909225 2.08085836983243e-11 1570.13886909229 2983.31283051028 3829.04056420889 4562.58324645064 Inf -1.604002070501e-10 2403.96980615979 -Inf -4711.69423999509 -3954.17845474393 -3080.81126860619 -1621.4529940358 -1.604002070501e-10 1621.45299403548 3080.81126860587 3954.1784547436 4711.69423999477 Inf
"100" 100 1.10833597506008e-12 2327.89137067808 -Inf -4562.58324645062 -3829.04056420888 -2983.31283051026 -1570.13886909227 1.10833597506008e-12 1570.13886909227 2983.31283051026 3829.04056420887 4562.58324645062 Inf -1.36472661560393e-11 2403.96980615979 -Inf -4711.69423999494 -3954.17845474378 -3080.81126860605 -1621.45299403566 -1.36472661560393e-11 1621.45299403563 3080.81126860602 3954.17845474375 4711.69423999492 Inf
