"mid_age" "mean_left" "std_left" "min_left" "l.q2.5" "l.q5" "l.q10" "l.q25" "l.q50" "l.q75" "l.q90" "l.q95" "l.q97.5" "max_left" "mean_right" "std_right" "min_right" "r.q2.5" "r.q5" "r.q10" "r.q25" "r.q50" "r.q75" "r.q90" "r.q95" "r.q97.5" "max_right"
"1" 55.743573751761 4279.70233892385 329.615721023117 -Inf 3633.66739698034 3737.53272469875 3857.28279561856 4057.37991359026 4279.70233892385 4502.02476425743 4702.12188222913 4821.87195314895 4925.73728086736 Inf 4472.72067372104 363.164033639686 -Inf 3760.93224730696 3875.36899581047 4007.3072378606 4227.7702553912 4472.72067372104 4717.67109205087 4938.13410958147 5070.0723516316 5184.50910013511 Inf
"2" 56.1190886667987 4281.84771191281 329.63819851925 -Inf 3635.76871488642 3739.64112549668 3859.39936253717 4059.51012573848 4281.84771191281 4504.18529808715 4704.29606128846 4824.05429832895 4927.92670893921 Inf 4489.54699147869 363.1873743214 -Inf 3777.71281816908 3892.15692156315 4024.10364333107 4244.58083009828 4489.54699147869 4734.5131528591 4954.99033962631 5086.93706139422 5201.3811647883 Inf
"3" 56.4895317261789 4288.58304907706 329.636862250555 -Inf 3642.50667108918 3746.37866062733 3866.13641219865 4066.24636420226 4288.58304907706 4510.91973395186 4711.02968595547 4830.78743752679 4934.65942706494 Inf 4504.5706640243 363.18576000642 -Inf 3792.73965471391 3907.18324942062 4039.12938470457 4259.6055914828 4504.5706640243 4749.53573656581 4970.01194334404 5101.95807862799 5216.40167333469 Inf
"4" 56.8556531914737 4296.14766076123 329.589035772918 -Inf 3650.16502094703 3754.02193986671 3873.76231598011 4073.84323435539 4296.14766076123 4518.45208716707 4718.53300554235 4838.27338165575 4942.13030057543 Inf 4512.28459564792 363.134294771288 -Inf 3800.55445634484 3914.9818338229 4046.90927168084 4267.35423588 4512.28459564792 4757.21495541584 4977.659919615 5109.58735747294 5224.014734951 Inf
"5" 57.2177638308669 4299.4204610972 329.523277299943 -Inf 3653.56670552171 3757.40290326545 3877.11938919007 4077.16038810737 4299.4204610972 4521.68053408703 4721.72153300433 4841.43801892895 4945.27421667269 Inf 4509.23860705456 363.062839726274 -Inf 3797.64851706623 3912.0533783195 4043.95485641229 4264.35644298211 4509.23860705456 4754.12077112702 4974.52235769684 5106.42383578962 5220.8286970429 Inf
"6" 57.5759134110335 4294.25081058117 329.477353464096 -Inf 3648.48706406997 3752.30879073738 3872.00859243777 4072.02171274791 4294.25081058117 4516.47990841443 4716.49302872457 4836.19283042496 4940.01455709237 Inf 4495.11616542769 363.012197315447 -Inf 3783.62533274066 3898.01423604575 4029.89731564629 4250.26815914226 4495.11616542769 4739.96417171311 4960.33501520908 5092.21809480962 5206.60699811471 Inf
"7" 57.9300639078768 4279.35445655953 329.460302191748 -Inf 3633.62412992803 3737.44048356291 3857.1340905009 4057.1368596347 4279.35445655953 4501.57205348437 4701.57482261816 4821.26842955616 4925.08478319104 Inf 4472.78032573919 362.993027476661 -Inf 3761.32706524577 3875.7099279361 4007.5860430947 4227.94524931353 4472.78032573919 4717.61540216484 4937.97460838367 5069.85072354227 5184.2335862326 Inf
"8" 58.2799742270567 4256.94033559259 329.458916461573 -Inf 3611.21272494232 3715.02864191927 3834.72174541864 4034.72367332855 4256.94033559259 4479.15699785663 4679.15892576655 4798.85202926591 4902.66794624287 Inf 4447.2597436706 362.991564109751 -Inf 3735.80935132362 3850.19175289188 3982.06733640626 4202.42565427093 4447.2597436706 4692.09383307027 4912.45215093493 5044.32773444931 5158.71013601757 Inf
"9" 58.6252731367725 4231.85192542676 329.461227072865 -Inf 3586.11978606157 3689.93643113607 3809.63037408528 4009.63370467909 4231.85192542676 4454.07014617443 4654.07347676824 4773.76741971744 4877.58406479195 Inf 4424.02660693199 362.994427650869 -Inf 3712.57060214756 3826.95390604728 3958.83052989205 4179.19058610318 4424.02660693199 4668.86262776079 4889.22268397193 5021.0993078167 5135.48261171642 Inf
"10" 58.9655910082856 4209.67478754728 329.461564609002 -Inf 3563.94198662342 3667.75873805906 3787.45280363584 3987.45633913495 4209.67478754728 4431.89323595962 4631.89677145873 4751.59083703551 4855.40758847115 Inf 4407.21702568074 362.994780678658 -Inf 3695.76032897456 3810.143744117 3942.02049621749 4162.38076673831 4407.21702568074 4652.05328462317 4872.41355514399 5004.29030724449 5118.67372238693 Inf
"11" 59.3005805856222 4194.71505933259 329.451819619475 -Inf 3549.00135823723 3652.81503892573 3772.50556412773 3972.5031838158 4194.71505933259 4416.92693484937 4616.92455453744 4736.61507973944 4840.42876042795 Inf 4398.48466462106 362.98368909478 -Inf 3687.04970701981 3801.42962708928 3933.30234959449 4153.65588683827 4398.48466462106 4643.31344240385 4863.66697964763 4995.53970215283 5109.91962222231 Inf
"12" 59.6298103444848 4188.68019157308 329.422165598962 -Inf 3543.02461128993 3646.82894768942 3766.50869952464 3966.48831738919 4188.68019157308 4410.87206575698 4610.85168362153 4730.53143545674 4834.33577185624 Inf 4396.84613968812 362.950906095282 -Inf 3685.47543558519 3799.84502539197 3931.70583776588 4152.03947370247 4396.84613968812 4641.65280567377 4861.98644161036 4993.84725398427 5108.21684379105 Inf
"13" 59.9528220575422 4190.45313000381 329.373136475776 -Inf 3544.8936450363 3648.68253185125 3768.34447130495 3968.29432546097 4190.45313000381 4412.61193454666 4612.56178870268 4732.22372815638 4836.01261497133 Inf 4399.4398357774 362.897384452623 -Inf 3688.17403216647 3802.5267567493 3934.3681246001 4154.66926959114 4399.4398357774 4644.21040196366 4864.5115469547 4996.3529148055 5110.70563938833 Inf
"14" 60.2691535180208 4196.8781734162 329.32032327474 -Inf 3551.42220042062 3655.19444524891 3774.8371975578 3974.75499083613 4196.8781734162 4419.00135599627 4618.9191492746 4738.56190158349 4842.33414641178 Inf 4402.7969996174 362.839995960888 -Inf 3691.6436753834 3805.97831625808 3937.79883475153 4158.06514138059 4402.7969996174 4647.52885785421 4867.79516448327 4999.61568297673 5113.9503238514 Inf
"15" 60.5783872924681 4204.07846723764 329.282082958602 -Inf 3558.69744388445 3662.45763879304 3782.08649831625 3981.98107735884 4204.07846723764 4426.17585711643 4626.07043615902 4745.69929568223 4849.45949059083 Inf 4404.06892684756 362.798344758086 -Inf 3692.99723747097 3807.31875362023 3939.12414014585 4159.36516192013 4404.06892684756 4648.77269177499 4869.01371354928 5000.81910007489 5115.14061622416 Inf
"16" 60.8802087485504 4208.72431661941 329.262716982768 -Inf 3563.38124988137 3667.1353423704 3786.75716619467 3986.63998889282 4208.72431661941 4430.808644346 4630.69146704414 4750.31329086841 4854.06738335744 Inf 4401.77350953264 362.776882513245 -Inf 3690.74388538296 3805.05863855658 3936.8562278044 4157.08422066937 4401.77350953264 4646.46279839591 4866.69079126088 4998.4883805087 5112.80313368232 Inf
"17" 61.1743096447837 4208.83104459864 329.248867812314 -Inf 3563.51512173591 3667.26485020789 3786.88164259998 3986.75605799557 4208.83104459864 4430.90603120171 4630.7804465973 4750.39723898939 4854.14696746136 Inf 4395.90814471258 362.761180242525 -Inf 3684.90929644799 3799.21910167347 3931.01098625397 4151.22944686997 4395.90814471258 4640.5868425552 4860.8053031712 4992.5971877517 5106.90699297718 Inf
"18" 61.460676187119 4203.95889235479 329.221847285032 -Inf 3558.69592875238 3662.43714277634 3782.04411855517 3981.90213082042 4203.95889235479 4426.01565388917 4625.87366615441 4745.48064193324 4849.2218559572 Inf 4387.54673743751 362.73119851422 -Inf 3676.60665228059 3790.90700995294 3922.68800210975 4142.88826196333 4387.54673743751 4632.2052129117 4852.40547276528 4984.18646492208 5098.48682259443 Inf
"19" 61.7395818403276 4194.91744328578 329.173218885713 -Inf 3549.74978959466 3653.47568030632 3773.06498928744 3972.89348110832 4194.91744328578 4416.94140546325 4616.76989728412 4736.35920626524 4840.0850969769 Inf 4378.20630332001 362.677970683544 -Inf 3667.37054279419 3781.65412782578 3913.41578220197 4133.58372947204 4378.20630332001 4622.82887716797 4842.99682443804 4974.75847881423 5089.04206384583 Inf
"20" 62.0114255184299 4183.24750226539 329.110503804289 -Inf 3538.20276787515 3641.90889641508 3761.47542087783 3961.26584076752 4183.24750226539 4405.22916376325 4605.01958365294 4724.5861081157 4828.29223665562 Inf 4369.27700371393 362.609661411891 -Inf 3658.57512690036 3772.83718697293 3904.57402444992 4124.70050376953 4369.27700371393 4613.85350365832 4833.97998297793 4965.71682045492 5079.97888052749 Inf
"21" 62.276797706378 4170.69857682501 329.050666324824 -Inf 3525.77112173945 3629.45839486983 3749.00318025294 3948.75727509373 4170.69857682501 4392.6398785563 4592.39397339708 4711.9387587802 4815.62603191057 Inf 4361.66178235569 362.544534525302 -Inf 3651.08755189426 3765.32908981031 3897.04226655515 4117.12920982876 4361.66178235569 4606.19435488261 4826.28129815623 4957.99447490106 5072.23601281712 Inf
"22" 62.5364349013134 4158.84127768051 329.008574455299 -Inf 3513.99632114326 3617.67033068958 3737.19982400973 3936.92836648379 4158.84127768051 4380.75418887723 4580.4827313513 4700.01222467144 4803.68623421776 Inf 4355.66714672005 362.498574220299 -Inf 3645.18299680114 3759.41005214905 3891.10653142034 4111.16557394776 4355.66714672005 4600.16871949233 4820.22776201976 4951.92424129104 5066.15129663895 Inf
"23" 62.791187958867 4148.85277870323 328.989099116468 -Inf 3504.04599312867 3607.71386579401 3727.23628368341 3926.95300342293 4148.85277870323 4370.75255398353 4570.46927372305 4689.99169161245 4793.65956427778 Inf 4351.08693268339 362.477036922782 -Inf 3640.64499509194 3754.86526381433 3886.55391854103 4106.59988659753 4351.08693268339 4595.57397876925 4815.61994682575 4947.30860155245 5061.52887027484 Inf
"24" 63.0418821654649 4141.45310360163 328.986815985713 -Inf 3496.65079288113 3600.31794610831 3719.83953453161 3919.55486826962 4141.45310360163 4363.35133893364 4563.06667267165 4682.58826109494 4786.25541432213 Inf 4347.3938128631 362.47415058807 -Inf 3636.95753238374 3751.17689159216 3882.86449770751 4102.90871358042 4347.3938128631 4591.87891214579 4811.92312801869 4943.61073413404 5057.83009334247 Inf
"25" 63.2893266861244 4136.92928830399 328.991612749228 -Inf 3492.11757609975 3595.78624083681 3715.30957193417 3915.02781760416 4136.92928830399 4358.83075900382 4558.54900467381 4678.07233577117 4781.74100050822 Inf 4343.95564191251 362.479114598423 -Inf 3633.50963215163 3747.73055557113 3879.41996512168 4099.46719445572 4343.95564191251 4588.44408936929 4808.49131870334 4940.18072825388 5054.40165167338 Inf
"26" 63.5341736746804 4135.2101194691 328.995581139287 -Inf 3490.39062936327 3594.06054458114 3713.58531740279 3913.30597213085 4135.2101194691 4357.11426680735 4556.83492153541 4676.35969435706 4780.02960957493 Inf 4340.22867116026 362.483453165864 -Inf 3629.77415796345 3743.99644851049 3875.68743427153 4095.7372973842 4340.22867116026 4584.72004493631 4804.76990804898 4936.46089381002 5050.68318435706 Inf
"27" 63.7769876398474 4135.94962039065 328.996844133686 -Inf 3491.12765486129 3594.79796806177 3714.3231997319 3914.04462117563 4135.94962039065 4357.85461960568 4557.57604104941 4677.10127271954 4780.77158592002 Inf 4335.88958709567 362.485086266808 -Inf 3625.43187307983 3739.65467823389 3871.34625730387 4091.39711180976 4335.88958709567 4580.38206238157 4800.43291688746 4932.12449595744 5046.3473011115 Inf
"28" 64.018042023971 4138.60694304713 328.998518638344 -Inf 3493.78169554895 3597.45253640319 3716.97837642431 3916.70081439588 4138.60694304713 4360.51307169839 4560.23550966996 4679.76134969108 4783.43219054532 Inf 4330.89758186201 362.487219563977 -Inf 3620.43568666055 3734.65916403865 3866.35151813988 4086.40366768903 4330.89758186201 4575.39149603499 4795.44364558413 4927.13599968537 5041.35947706347 Inf
"29" 64.2573485681197 4142.51189268613 329.004159408391 -Inf 3497.67558948181 3601.34820780112 3720.87609712562 3920.60195939329 4142.51189268613 4364.42182597896 4564.14768824664 4683.67557757114 4787.34819589045 Inf 4325.4749244972 362.493503425702 -Inf 3615.00071315307 3729.22617064108 3860.92080768224 4080.97677192389 4325.4749244972 4569.9730770705 4790.02904131215 4921.72367835331 5035.94913584132 Inf
"30" 64.494709099546 4146.92527197895 329.013136425306 -Inf 3502.07137414479 3605.74682121511 3725.27797190836 3925.00928378022 4146.92527197895 4368.84126017769 4568.57257204954 4688.1037227428 4791.77916981311 Inf 4320.01645813198 362.503139440337 -Inf 3609.52336054622 3723.75185444225 3855.44999226739 4075.51180616558 4320.01645813198 4564.52111009839 4784.58292399658 4916.28106182172 5030.50955571774 Inf
"31" 64.7297225362024 4151.09581995996 329.01931811456 -Inf 3506.2298062375 3609.90720122213 3729.44059773583 3929.17566227519 4151.09581995996 4373.01597764474 4572.75104218409 4692.2844386978 4795.96183368243 Inf 4314.95562355848 362.509511164774 -Inf 3604.4500376223 3718.68053931469 3850.38099200045 4070.44667392924 4314.95562355848 4559.46457318771 4779.5302551165 4911.23070780226 5025.46120949465 Inf
"32" 64.9618697325325 4154.31922827032 329.014051100121 -Inf 3509.46353770646 3613.13927300029 3732.67075599679 3932.4026231328 4154.31922827032 4376.23583340784 4575.96770054385 4695.49918354035 4799.17491883418 Inf 4310.62443502206 362.503374663131 -Inf 3600.1308764081 3714.35944442526 3846.05766770733 4066.11962440029 4310.62443502206 4555.12924564383 4775.1912023368 4906.88942561886 5021.11799363603 Inf
"33" 65.1906739327695 4155.9976821806 328.991331588117 -Inf 3511.18652104202 3614.8550971823 3734.37832613325 3934.09640112106 4155.9976821806 4377.89896324015 4577.61703822796 4697.14026717891 4800.80884331919 Inf 4307.15077943153 362.478363649849 -Inf 3596.70624150281 3710.92692829064 3842.61606502002 4062.66283848186 4307.15077943153 4551.6387203812 4771.68549384304 4903.37463057242 5017.59531736025 Inf
"34" 65.4157495537229 4155.6897266362 328.951614169776 -Inf 3510.95641020712 3614.6124709775 3734.1212705085 3933.81523456823 4155.6897266362 4377.56421870417 4577.2581827639 4696.7669822949 4800.42304306528 Inf 4304.424974715 362.435031716992 -Inf 3594.06536581407 3708.27239826104 3839.94579240989 4059.9662607099 4304.424974715 4548.88368872011 4768.90415702012 4900.57755116897 5014.78458361594 Inf
"35" 65.6368583995187 4153.14536889212 328.901946885342 -Inf 3508.50939855175 3612.14980864637 3731.64056395055 3931.30437689842 4153.14536889212 4374.98636088582 4574.6501738337 4694.14092913788 4797.7813392325 Inf 4302.13395517091 362.380982942007 -Inf 3591.88027992235 3706.07028104051 3837.72403915799 4057.71169651055 4302.13395517091 4546.55621383127 4766.54387118383 4898.19762930131 5012.38763041947 Inf
"36" 65.8539290739743 4148.32023668895 328.852738383091 -Inf 3503.78071324072 3607.4056172266 3726.87849498047 3926.51243532564 4148.32023668895 4370.12803805226 4569.76197839743 4689.2348561513 4792.85976013718 Inf 4299.84243357501 362.327419131311 -Inf 3589.69374146629 3703.8668640729 3835.50116234754 4055.45630315594 4299.84243357501 4544.22856399407 4764.18370480247 4895.81800307711 5009.99112568372 Inf
"37" 66.0670826310538 4141.36650632742 328.81336349077 -Inf 3496.90415625003 3600.51665279951 3719.97522557384 3919.5852629254 4141.36650632742 4363.14774972944 4562.757787081 4682.21635985532 4785.82885640481 Inf 4297.08941251891 362.28444726634 -Inf 3587.02494371788 3701.18452544476 3832.80321195227 4052.73226618231 4297.08941251891 4541.44655885551 4761.37561308555 4892.99429959306 5007.15388131993 Inf
"38" 66.2765170762146 4132.60887158805 328.788975086339 -Inf 3488.19432190499 3591.79913341563 3711.24884583235 3910.84407791484 4132.60887158805 4354.37366526126 4553.96889734375 4673.41860976047 4777.02342127111 Inf 4293.47513193073 362.257665100651 -Inf 3583.46315520988 3697.61429759895 3829.22325409046 4049.13604989037 4293.47513193073 4537.81421397108 4757.727009771 4889.3359662625 5003.48710865158 Inf
"39" 66.4826394767346 4122.49814981518 328.779612664787 -Inf 3478.10195014117 3581.70381145581 3701.15012248548 3900.73967099934 4122.49814981518 4344.25662863102 4543.84617714489 4663.29248817456 4766.89434948919 Inf 4288.71754088292 362.247186396428 -Inf 3578.72610204495 3692.87394248579 3824.47909204245 4044.38552662116 4288.71754088292 4533.04955514468 4752.95598972339 4884.56113928005 4998.70897972089 Inf
"40" 66.6859385691838 4111.56622813861 328.781457916128 -Inf 3467.16641183843 3570.76885461087 3690.21583602416 3889.80650471966 4111.56622813861 4333.32595155756 4532.91662025306 4652.36360166635 4755.96604443879 Inf 4282.68053323887 362.248959057183 -Inf 3572.68562004966 3686.83401907426 3818.43981264223 4038.3473233356 4282.68053323887 4527.01374314214 4746.9212538355 4878.52704740347 4992.67544642807 Inf
"41" 66.886926890327 4100.37955115523 328.789087361082 -Inf 3455.96478141772 3559.56962830729 3679.01938151366 3878.61468175386 4100.37955115523 4322.14442055661 4521.73972079681 4641.18947400317 4744.79432089275 Inf 4275.3756914057 362.257158637124 -Inf 3565.36470733512 3679.51569013229 3811.12446262455 4031.0369509698 4275.3756914057 4519.71443184159 4739.62692018684 4871.23569267911 4985.38667547627 Inf
"42" 67.0861378719841 4089.49135704567 328.797615372901 -Inf 3445.05987271213 3548.66740686655 3668.12025831719 3867.72073558773 4089.49135704567 4311.2619785036 4510.86245577414 4630.31530722478 4733.92284137921 Inf 4266.94309196055 362.266483238051 -Inf 3556.91383200798 3671.06775308348 3802.67991322249 4022.5980621769 4266.94309196055 4511.28812174419 4731.20627069861 4862.81843083761 4976.97235191311 Inf
"43" 67.2840799368688 4079.3995977153 328.803982163575 -Inf 3434.95563470134 3538.56517509746 3658.02033961627 3857.62468192231 4079.3995977153 4301.17451350829 4500.77885581433 4620.23402033315 4723.84356072926 Inf 4257.62098106118 362.273553409779 -Inf 3547.57786382666 3661.73401278651 3793.34874153347 4013.27118251917 4257.62098106118 4501.97077960319 4721.89322058889 4853.50794933585 4967.66409829569 Inf
"44" 67.481168411743 4070.5100673922 328.807176619738 -Inf 3426.05984335921 3529.67039036155 3649.12671543287 3848.73299697127 4070.5100673922 4292.28713781312 4491.89341935152 4611.34974442285 4714.96029142519 Inf 4247.71070861031 362.277183571663 -Inf 3537.66047638924 3651.8177692507 3783.43381684296 4003.35846156132 4247.71070861031 4492.0629556593 4711.98760037766 4843.60364796992 4957.76094083137 Inf
"45" 67.6777190397318 4063.10131480338 328.807638026938 -Inf 3418.6501864289 3522.26087882543 3641.71737152694 3841.32393316803 4063.10131480338 4284.87869643873 4484.48525807983 4603.94175078134 4707.55244317786 Inf 4237.53681497954 362.277773671414 -Inf 3527.48542618422 3641.64290499221 3773.25916696893 3993.18416991432 4237.53681497954 4481.88946004477 4701.81446299016 4833.43072496687 4947.58820377487 Inf
"46" 67.8740924590607 4057.29471332674 328.806326287886 -Inf 3412.84615591355 3516.45643496752 3635.91245111153 3835.51821644593 4057.29471332674 4279.07121020754 4478.67697554194 4598.13299168595 4701.74327073992 Inf 4227.40071269842 362.276332736285 -Inf 3517.35214808405 3631.50917283846 3763.12491132047 3983.04903952917 4227.40071269842 4471.75238586767 4691.67651407636 4823.29225255837 4937.44927731278 Inf
"47" 68.0705362334906 4053.05034924751 328.803992923174 -Inf 3408.60636514512 3512.2159089317 3631.6710773595 3831.27542619728 4053.05034924751 4274.82527229773 4474.42962113551 4593.88478956331 4697.49433334989 Inf 4217.55710587132 362.273698035682 -Inf 3507.51370517524 3621.66989970821 3753.28468099806 3973.20720978062 4217.55710587132 4461.90700196202 4681.82953074458 4813.44431203443 4927.6005065674 Inf
"48" 68.2674743975283 4050.16647012339 328.800996057758 -Inf 3405.72835976929 3509.33695921253 3628.79103887295 3828.39356842817 4050.16647012339 4271.93937181861 4471.54190137383 4590.99598103425 4694.60458047749 Inf 4208.17943979103 362.270319765534 -Inf 3498.14266038277 3612.29779038782 3743.91134434517 3963.83182230892 4208.17943979103 4452.52705727314 4672.44753523689 4804.06108919424 4918.21621919928 Inf
"49" 68.4653666198075 4048.30762447914 328.797687161287 -Inf 3403.87599944295 3507.48355621864 3626.93643375015 3826.53695460068 4048.30762447914 4270.07829435761 4469.67881520813 4589.13169273964 4692.73924951533 Inf 4199.36206033572 362.266650624939 -Inf 3489.33247231088 3603.48644613172 3735.09866708273 3955.01691765133 4199.36206033572 4443.7072030201 4663.62545358871 4795.23767453971 4909.39164836055 Inf
"50" 68.664729387881 4047.03838593114 328.795088523249 -Inf 3402.61185413192 3506.21859204985 3625.6705254908 3825.2694688074 4047.03838593114 4268.80730305489 4468.40624637149 4587.85817981244 4691.46491773037 Inf 4191.1273245593 362.263851961761 -Inf 3481.1032218135 3595.25631374659 3726.86751793749 3946.78406954455 4191.1273245593 4435.47057957406 4655.38713118112 4786.99833537202 4901.15142730511 Inf
"51" 68.8661859480557 4045.86578210149 328.795429421466 -Inf 3401.43858215404 3505.04542749253 3624.4974847825 3824.09663504539 4045.86578210149 4267.63492915759 4467.23407942048 4586.68613671045 4690.29298204894 Inf 4183.44295297656 362.264358647114 -Inf 3473.41785714572 3587.57110874061 3719.18249701134 3939.09935620772 4183.44295297656 4427.7865497454 4647.70340894178 4779.31479721251 4893.4680488074 Inf
"52" 69.0702767473363 4044.28819687753 328.802125634544 -Inf 3399.84787259361 3503.45682797819 3622.91131801618 3822.51453329434 4044.28819687753 4266.06186046071 4465.66507573887 4585.11956577686 4688.72852116144 Inf 4176.25572724734 362.271859178331 -Inf 3466.21593064544 3580.37154573541 3711.98565896459 3931.90707144707 4176.25572724734 4420.6043830476 4640.52579553008 4772.13990875927 4886.29552384923 Inf
"53" 69.2774181549673 4041.84801987465 328.818942255784 -Inf 3397.37473561876 3500.98899009488 3620.44958964603 3820.0630136528 4041.84801987465 4263.63302609649 4463.24645010327 4582.70704965442 4686.32130413054 Inf 4169.52019173489 362.290402085825 -Inf 3459.44405170214 3573.60550985431 3705.22635976002 3925.15902893358 4169.52019173489 4413.8813545362 4633.81402370976 4765.43487361547 4879.59633176764 Inf
"54" 69.487868360214 4038.18650236472 328.848404150749 -Inf 3393.65547385578 3497.27901208015 3616.75031519848 3816.3816243967 4038.18650236472 4259.99138033273 4459.62268953095 4579.09399264928 4682.71753087366 Inf 4163.2236039729 362.322689528367 -Inf 3453.08418171561 3567.25581397536 3698.88839397549 3918.84066362254 4163.2236039729 4407.60654432326 4627.55881397031 4759.19139397045 4873.36302623019 Inf
"55" 69.7016111024556 4033.09434279776 328.88992029866 -Inf 3388.48194413414 3492.11856452673 3611.60495054717 3811.26146261351 4033.09434279776 4254.92722298201 4454.58373504835 4574.07012106879 4677.70674146138 Inf 4157.40133277796 362.368051496374 -Inf 3447.17300269711 3561.35892898281 3693.00798907943 3912.98779624513 4157.40133277796 4401.81486931079 4621.79467647648 4753.44373657311 4867.62966285881 Inf
"56" 69.9183084569472 4026.54417919523 328.938493065627 -Inf 3381.83657965773 3485.48850583229 3604.9925384391 3804.67853717752 4026.54417919523 4248.40982121294 4448.09581995137 4567.59985255818 4671.25177873274 Inf 4152.1284040623 362.421041429129 -Inf 3441.79621562171 3555.99883958407 3687.6671510325 3907.67912636297 4152.1284040623 4396.57768176164 4616.58965709211 4748.25796854054 4862.4605925029 Inf
"57" 70.1373945756524 4018.68555681269 328.984993369829 -Inf 3373.88681835368 3477.55339725572 3597.07432351891 3796.78855081642 4018.68555681269 4240.58256280897 4440.29679010648 4559.81771636966 4663.48429527171 Inf 4147.48108369689 362.471724581814 -Inf 3437.04955810242 3551.26815285114 3682.95487759342 3902.99762073056 4147.48108369689 4391.96454666322 4612.00728980037 4743.69401454264 4857.91260929137 Inf
"58" 70.3580990388266 4009.79965185809 329.01836753175 -Inf 3364.9355012437 3468.61259668984 3588.14564785485 3787.88013533168 4009.79965185809 4231.7191683845 4431.45365586133 4550.98670702634 4654.66380247248 Inf 4143.47886718371 362.508070617479 -Inf 3432.97610466835 3547.20615242937 3678.90608176133 3898.97088918887 4143.47886718371 4387.98684517856 4608.0516526061 4739.75158193806 4853.98162969908 Inf
"59" 70.5794383574625 4000.22341950869 329.029206449721 -Inf 3355.33802500545 3459.0185359069 3578.55552487315 3778.2965922432 4000.22341950869 4222.15024677418 4421.89131414423 4541.42830311048 4645.10881401194 Inf 4140.02197258775 362.519837788008 -Inf 3429.49614684195 3543.72990256029 3675.43410692956 3895.50605775699 4140.02197258775 4384.53788741851 4604.60983824595 4736.31404261522 4850.54779833355 Inf
"60" 70.8005286691522 3990.2502972335 329.013219858615 -Inf 3345.39623587306 3449.07170923408 3568.60289023883 3768.33425275986 3990.2502972335 4212.16634170715 4411.89770422818 4531.42888523293 4635.10435859395 Inf 4136.84600225299 362.502361338896 -Inf 3426.35442971803 3540.58267842623 3672.28053356551 3892.34187510803 4136.84600225299 4381.35012939795 4601.41147094047 4733.10932607974 4847.33757478795 Inf
"61" 71.0206064737734 3980.06301748392 328.972919218377 -Inf 3335.2879439269 3438.95071813876 3558.46725783783 3758.17415537904 3980.06301748392 4201.9518795888 4401.65877713001 4521.17531682908 4624.83809104094 Inf 4133.52734630796 362.458386782884 -Inf 3423.12196231902 3537.33635418915 3669.01823328158 3889.0528795503 4133.52734630796 4378.00181306562 4598.03645933433 4729.71833842676 4843.9327302969 Inf
"62" 71.2392071197479 3969.702545503 328.916877807297 -Inf 3325.03731109334 3428.68242607611 3548.17860581502 3747.85148275548 3969.702545503 4191.55360825052 4391.22648519098 4510.72266492989 4614.36777991266 Inf 4129.53611037535 362.397257999935 -Inf 3419.2505365994 3533.44566615688 3665.10533703646 3885.10287435523 4129.53611037535 4373.96934639547 4593.96688371423 4725.62655459381 4839.82168415129 Inf
"63" 71.4562552291528 3959.08653314179 328.857118309888 -Inf 3314.53842519478 3418.16470934096 3537.63917833126 3737.27577756275 3959.08653314179 4180.89728872083 4380.53388795231 4500.00835694261 4603.63464108879 Inf 4124.32526395344 362.332067866681 -Inf 3414.16746049082 3528.3420479621 3659.97803513188 3879.93599801001 4124.32526395344 4368.71452989686 4588.67249277499 4720.30847994477 4834.48306741605 Inf
"64" 71.6721028730642 3948.06249318759 328.805982938829 -Inf 3303.61460872619 3407.22477958731 3526.6806709919 3726.2862278922 3948.06249318759 4169.83875848298 4369.44431538328 4488.90020678787 4592.51037764899 Inf 4117.42971148907 362.276256319213 -Inf 3407.38129664941 3521.53829732401 3653.15400804355 3873.07808986236 4117.42971148907 4361.78133311579 4581.7054149346 4713.32112565413 4827.47812632873 Inf
"65" 71.8875886039844 3936.47269052281 328.773683566095 -Inf 3292.0881116687 3395.68810466293 3515.13226163882 3714.71821082327 3936.47269052281 4158.22717022236 4357.81311940681 4477.2572763827 4580.85726937693 Inf 4108.55183466098 362.240959810405 -Inf 3398.57259970736 3512.71847808645 3644.32136551157 3864.22402016767 4108.55183466098 4352.87964915429 4572.78230381038 4704.3851912355 4818.53106961459 Inf
"66" 72.1041314099836 3924.21515141025 328.767096746843 -Inf 3279.84348248465 3383.4413999039 3502.88316387478 3702.46511445278 3924.21515141025 4145.96518836772 4345.54713894572 4464.9889029166 4568.58682033586 Inf 4097.62259745336 362.233713625437 -Inf 3387.6575647613 3501.80115979246 3633.40141466364 3853.29967043754 4097.62259745336 4341.94552446918 4561.84378024307 4693.44403511426 4807.58763014541 Inf
"67" 72.3234697144253 3911.32045135343 328.789607082369 -Inf 3266.90466298092 3370.50967364005 3489.95961566223 3689.55523140538 3911.32045135343 4133.08567130149 4332.68128704464 4452.13122906682 4555.73623972595 Inf 4084.86834477644 362.258277715785 -Inf 3374.855167352 3489.00650278244 3620.61568183829 3840.52884953346 4084.86834477644 4329.20784001943 4549.1210077146 4680.73018677045 4794.88152220089 Inf
"68" 72.5475358804396 3898.02429056013 328.841193348891 -Inf 3253.50739496314 3357.12866098916 3476.59734440831 3676.22427620406 3898.02429056013 4119.82430491621 4319.45123671196 4438.91992013111 4542.54118615713 Inf 4070.88192660111 362.314699075277 -Inf 3360.7581653441 3474.92727972931 3606.55695678137 3826.50437572946 4070.88192660111 4315.25947747276 4535.20689642086 4666.83657347291 4781.00568785812 Inf
"69" 72.7784286040001 3884.83660416806 328.918222949436 -Inf 3240.16873332825 3343.81427217925 3463.31094061106 3662.98463413596 3884.83660416806 4106.68857420017 4306.36226772506 4425.85893615688 4529.50447500787 Inf 4056.69011878724 362.399034193442 -Inf 3346.40106373599 3460.59675299044 3592.25706916478 3812.2556847428 4056.69011878724 4301.12455283167 4521.12316840969 4652.78348458403 4766.97917383848 Inf
"70" 73.0184758662348 3872.59769748941 329.012694939683 -Inf 3227.74466495116 3331.41997290479 3450.95096320541 3650.6820070682 3872.59769748941 4094.51338791061 4294.2444317734 4413.77542207402 4517.45073002765 Inf 4043.79115147419 362.502477027798 -Inf 3333.29935219315 3447.52763735613 3579.22553452542 3799.28694629825 4043.79115147419 4288.29535665013 4508.35676842296 4640.05466559226 4754.28295075524 Inf
