"mid_age" "mean_left" "std_left" "min_left" "l.q2.5" "l.q5" "l.q10" "l.q25" "l.q50" "l.q75" "l.q90" "l.q95" "l.q97.5" "max_left" "mean_right" "std_right" "min_right" "r.q2.5" "r.q5" "r.q10" "r.q25" "r.q50" "r.q75" "r.q90" "r.q95" "r.q97.5" "max_right"
"1" 30 5.14312668945318e-11 2431.05415314652 -Inf -4764.77858463365 -3998.72824111845 -3115.52125588858 -1639.72110846889 5.14312668945318e-11 1639.721108469 3115.52125588868 3998.72824111855 4764.77858463376 Inf 2.27128657091993e-11 2604.96235370995 -Inf -5105.63239435416 -4284.78177557183 -3338.39358258171 -1757.020407224 2.27128657091993e-11 1757.02040722404 3338.39358258175 4284.78177557187 5105.63239435421 Inf
"2" 30.7070707070707 6.37319804622761e-10 2431.05415314652 -Inf -4764.77858463307 -3998.72824111786 -3115.52125588799 -1639.72110846831 6.37319804622761e-10 1639.72110846958 3115.52125588927 3998.72824111913 4764.77858463434 Inf 2.79723605051467e-10 2604.96235370995 -Inf -5105.63239435391 -4284.78177557157 -3338.39358258145 -1757.02040722374 2.79723605051467e-10 1757.0204072243 3338.39358258201 4284.78177557213 5105.63239435447 Inf
"3" 31.4141414141414 7.13898853589615e-09 2431.05415314652 -Inf -4764.77858462657 -3998.72824111136 -3115.52125588149 -1639.72110846181 7.13898853589615e-09 1639.72110847608 3115.52125589577 3998.72824112564 4764.77858464085 Inf 3.11530503797766e-09 2604.96235370995 -Inf -5105.63239435107 -4284.78177556874 -3338.39358257862 -1757.0204072209 3.11530503797766e-09 1757.02040722713 3338.39358258485 4284.78177557496 5105.6323943573 Inf
"4" 32.1212121212121 7.22786673941977e-08 2431.05415314652 -Inf -4764.77858456143 -3998.72824104622 -3115.52125581635 -1639.72110839667 7.22786673941977e-08 1639.72110854122 3115.52125596091 3998.72824119078 4764.77858470598 Inf 3.13766089233432e-08 2604.96235370995 -Inf -5105.63239432281 -4284.78177554048 -3338.39358255035 -1757.02040719264 3.13766089233432e-08 1757.0204072554 3338.39358261311 4284.78177560323 5105.63239438556 Inf
"5" 32.8282828282828 6.61324006733851e-07 2431.05415314652 -Inf -4764.77858397238 -3998.72824045718 -3115.52125522731 -1639.72110780762 6.61324006733851e-07 1639.72110913027 3115.52125654996 3998.72824177982 4764.77858529503 Inf 2.85807138188248e-07 2604.96235370995 -Inf -5105.63239406838 -4284.78177528605 -3338.39358229592 -1757.02040693821 2.85807138188248e-07 1757.02040750983 3338.39358286754 4284.78177585766 5105.63239463999 Inf
"6" 33.5353535353535 5.46733258208364e-06 2431.05415314652 -Inf -4764.77857916637 -3998.72823565117 -3115.5212504213 -1639.72110300161 5.46733258208364e-06 1639.72111393628 3115.52126135596 3998.72824658583 4764.77859010104 Inf 2.35471687896691e-06 2604.96235370995 -Inf -5105.63239199947 -4284.78177321714 -3338.39358022701 -1757.0204048693 2.35471687896691e-06 1757.02040957874 3338.39358493645 4284.78177792657 5105.6323967089 Inf
"7" 34.2424242424242 4.08326964135245e-05 2431.05415314652 -Inf -4764.77854380101 -3998.7282002858 -3115.52121505593 -1639.72106763625 4.08326964135245e-05 1639.72114930164 3115.52129672133 3998.72828195119 4764.7786254664 Inf 1.75489137463313e-05 2604.96235370995 -Inf -5105.63237680527 -4284.78175802294 -3338.39356503282 -1757.02038967511 1.75489137463313e-05 1757.02042477293 3338.39360013064 4284.78179312076 5105.6324119031 Inf
"8" 34.9494949494949 0.000275430485536229 2431.05415314652 -Inf -4764.77830920321 -3998.727965688 -3115.52098045814 -1639.72083303846 0.000275430485536229 1639.72138389943 3115.52153131911 3998.72851654897 4764.77886006418 Inf 0.000118322260003446 2604.96235370994 -Inf -5105.63227603191 -4284.78165724958 -3338.39346425946 -1757.02028890175 0.000118322260003446 1757.02052554627 3338.39370090398 4284.7818938941 5105.63251267643 Inf
"9" 35.6565656565657 0.00167753043580929 2431.05415314629 -Inf -4764.77690710282 -3998.72656358769 -3115.5195783579 -1639.71943093836 0.00167753043580929 1639.72278599923 3115.52293341877 3998.72991864856 4764.78026216369 Inf 0.000721868355552338 2604.96235370969 -Inf -5105.63167248533 -4284.78105370307 -3338.39286071305 -1757.01968535549 0.000721868355552338 1757.0211290922 3338.39430444976 4284.78249743978 5105.63311622204 Inf
"10" 36.3636363636364 0.00922244891362716 2431.05415313972 -Inf -4764.76936217146 -3998.7190186584 -3115.512033431 -1639.71188601544 0.00922244891362716 1639.73033091327 3115.53047832883 3998.73746355622 4764.78780706929 Inf 0.00398572340038615 2604.96235370234 -Inf -5105.62840861587 -4284.77778983593 -3338.38959684858 -1757.01642149548 0.00398572340038615 1757.02439294229 3338.39756829538 4284.78576128273 5105.63638006267 Inf
"11" 37.0707070707071 0.0457487093943314 2431.054152982 -Inf -4764.73283560186 -3998.68249213849 -3115.47550696839 -1639.67535964858 0.0457487093943314 1639.76685706737 3115.56700438718 3998.77398955728 4764.82433302064 Inf 0.0199207791662841 2604.96235352605 -Inf -5105.61247321458 -4284.7618544902 -3338.37366156689 -1757.00048632081 0.0199207791662841 1757.04032787915 3338.41350312522 4284.80169604853 5105.65231477291 Inf
"12" 37.7777777777778 0.204681988303391 2431.05414990641 -Inf -4764.57389629489 -3998.52355380068 -3115.31656974795 -1639.51642429522 0.204681988303391 1639.92578827182 3115.72593372456 3998.93291777728 4764.9832602715 Inf 0.0901477414459189 2604.96235009329 -Inf -5105.54223952423 -4284.69162188154 -3338.30343020536 -1756.93025704318 0.0901477414459189 1757.11055252607 3338.48372568825 4284.87191736443 5105.72253500712 Inf
"13" 38.4848484848485 0.825520148003271 2431.0541012355 -Inf -4763.95296274197 -3997.90263558447 -3114.69566921398 -1638.89555330749 0.825520148003271 1640.5465936035 3116.34670950998 3999.55367588047 4765.60400303798 Inf 0.369448224565447 2604.96229585516 -Inf -5105.26283273632 -4284.41223218463 -3338.02406021327 -1756.65091997699 0.369448224565447 1757.38981642612 3338.7629566624 4285.15112863376 5106.00172918545 Inf
"14" 39.1919191919192 2.9996115709868 2431.05347721215 -Inf -4761.77764825569 -3995.72751773441 -3112.52077807289 -1636.72104098715 2.9996115709868 1642.72026412913 3118.52000121486 4001.72674087638 4767.77687139766 Inf 1.37150247903208 2604.96160164585 -Inf -5104.2594178566 -4283.40903605745 -3337.02111629377 -1755.64839748546 1.37150247903208 1758.39140244352 3339.76412125184 4286.15204101552 5107.00242281466 Inf
"15" 39.8989898989899 9.81278757040231 2431.0470081537 -Inf -4754.95179313471 -3988.90370108074 -3105.69931164149 -1629.90350167412 9.81278757040231 1649.52907681493 3125.3248867823 4008.52927622154 4774.57736827551 Inf 4.61274889274705 2604.95441861905 -Inf -5101.00409296906 -4280.15597461606 -3333.77066446082 -1752.40230619379 4.61274889274705 1761.62780397929 3342.99616224631 4289.38147240155 5110.22959075455 Inf
"16" 40.6060606060606 28.8779743131957 2430.99292190849 -Inf -4735.78059929924 -3969.74955038134 -3086.56481058647 -1610.8018343133 28.8779743131957 1668.5577829397 3144.32075921287 4027.50549900773 4793.53654792563 Inf 14.0568027644149 2604.89448914386 -Inf -5091.4425794844 -4270.61334552976 -3324.2498078764 -1742.91783050537 14.0568027644149 1771.0314360342 3352.36341340523 4298.72695105859 5119.55618501323 Inf
"17" 41.3131313131313 76.38404574161 2430.62937054955 -Inf -4687.56198030076 -3921.64549018159 -3038.59282934485 -1563.05055121961 76.38404574161 1715.81864270283 3191.36092082807 4074.4135816648 4840.33007178398 Inf 38.8124289958726 2604.49260354593 -Inf -5065.89927195511 -4245.19667631494 -3298.97914452775 -1717.89113655736 38.8124289958726 1795.51599454911 3376.60400251949 4322.82153430668 5143.52412994685 Inf
"18" 42.020202020202 181.419048916356 2428.67218499004 -Inf -4578.69096391832 -3813.39120324067 -2931.04959195225 -1456.69544644575 181.419048916356 1819.53354427846 3293.88768978497 4176.22930107338 4941.52906175103 Inf 97.0823765356563 2602.33470130198 -Inf -5003.39991373503 -4183.37729544259 -3237.94373398894 -1658.16570607211 97.0823765356563 1852.33045914343 3432.10848706026 4377.5420485139 5197.56466680634 Inf
"19" 42.7272727272727 386.532513799831 2420.26722593208 -Inf -4357.1040819897 -3594.45281096632 -2715.16473862971 -1245.91292282686 386.532513799831 2018.97795042652 3488.22976622937 4367.51783856598 5130.16910958936 Inf 219.909240174703 2593.09480774765 -Inf -4862.4631915085 -4045.35215937804 -3103.27547029987 -1529.10662893776 219.909240174703 1968.92510928717 3543.09395064927 4485.17063972745 5302.2816718579 Inf
"20" 43.4343434343434 738.156884890507 2391.56210547902 -Inf -3949.21870863915 -3195.61271838636 -2326.75327548327 -874.927242212452 738.156884890507 2351.24101199347 3803.06704526429 4671.92648816737 5425.53247842017 Inf 450.864113697006 2561.63952309043 -Inf -4569.85709293461 -3762.65794680054 -2832.00902748047 -1276.93548832467 450.864113697006 2178.66371571868 3733.73725487448 4664.38617419455 5471.58532032862 Inf
"21" 44.1414141414141 1262.96730635805 2313.59960103317 -Inf -3271.6045863132 -2542.56538871484 -1702.02988438937 -297.531910596568 1262.96730635805 2823.46652331267 4227.96449710547 5068.50000143094 5797.5391990293 Inf 836.081876291125 2476.5024674937 -Inf -4017.7737676211 -3237.40218952016 -2337.68373800049 -834.293654368679 836.081876291125 2506.45740695093 4009.84749058274 4909.5659421024 5689.93752020335 Inf
"22" 44.8484848484848 1937.17099038821 2144.50659060798 -Inf -2265.98469181221 -1590.22845319466 -811.124788126157 490.723275795187 1937.17099038821 3383.61870498124 4685.46676890258 5464.57043397108 6140.32667258863 Inf 1401.36717416571 2292.51424240032 -Inf -3091.87817498404 -2369.48319228436 -1536.60804221571 -144.910184511842 1401.36717416571 2947.64453284326 4339.34239054713 5172.21754061578 5894.61252331546 Inf
"23" 45.5555555555556 2670.6069772247 1849.70538696436 -Inf -954.748963235167 -371.887637315303 300.114142764243 1422.99965283476 2670.6069772247 3918.21430161463 5041.09981168515 5713.10159176469 6295.96291768456 Inf 2122.22626868252 1972.92915824419 -Inf -1744.64382552502 -1122.95341297376 -406.184182773919 791.505773583826 2122.22626868252 3452.94676378121 4650.63672013895 5367.40595033879 5989.09636289005 Inf
"24" 46.2626262626263 3330.43066397441 1435.27796174353 -Inf 517.337551153027 969.608502917042 1491.04794511032 2362.35039009607 3330.43066397441 4298.51093785275 5169.8133828385 5691.25282503178 6143.5237767958 Inf 2905.5679763945 1525.34504733778 -Inf -84.0533803840922 396.598642928488 950.759642983066 1876.73837645281 2905.5679763945 3934.39757633619 4860.37630980594 5414.53730986052 5895.1893331731 Inf
"25" 46.969696969697 3805.14163948781 971.262240340383 -Inf 1901.50262887697 2207.55742074292 2560.41899482524 3150.03521362574 3805.14163948781 4460.24806534988 5049.86428415039 5402.7258582327 5708.78065009865 Inf 3606.76645657694 1026.05916436157 -Inf 1595.727448421 1919.04931861002 2291.81872814799 2914.70006712031 3606.76645657694 4298.83284603358 4921.71418500589 5294.48359454386 5617.80546473288 Inf
"26" 47.6767676767677 4069.20983778599 583.955036735911 -Inf 2924.67899719284 3108.68927763434 3320.84134624943 3675.33815093224 4069.20983778599 4463.08152463974 4817.57832932255 5029.73039793763 5213.74067837914 Inf 4089.67109414612 610.728398796699 -Inf 2892.66542816878 3085.11227230311 3306.99115854567 3677.74104900409 4089.67109414612 4501.60113928816 4872.35102974658 5094.22991598914 5286.67676012347 Inf
"27" 48.3838383838384 4192.31916523316 400.474859869842 -Inf 3407.40286317454 3533.59663947336 3679.08998160571 3922.20297703974 4192.31916523316 4462.43535342658 4705.54834886061 4851.04169099295 4977.23546729177 Inf 4302.26067087509 415.148116882346 -Inf 3488.58531353607 3619.40278509909 3770.22695175163 4022.24752122475 4302.26067087509 4582.27382052544 4834.29438999856 4985.11855665109 5115.93602821412 Inf
"28" 49.0909090909091 4277.05659140489 380.810708986264 -Inf 3530.68131686465 3650.67871554687 3789.02803112739 4020.20367142875 4277.05659140489 4533.90951138103 4765.08515168238 4903.4344672629 5023.43186594513 Inf 4313.87703347851 394.857214585845 -Inf 3539.97111385445 3664.39471193902 3807.84715195944 4047.54988944938 4313.87703347851 4580.20417750763 4819.90691499758 4963.35935501799 5087.78295310256 Inf
"29" 49.7979797979798 4377.10398259784 382.850948483402 -Inf 3626.72991212337 3747.37021140311 3886.4607501987 4118.87494199294 4377.10398259784 4635.33302320274 4867.74721499698 5006.83775379257 5127.47805307231 Inf 4274.41281304275 396.89611930378 -Inf 3496.51071360363 3621.57679168297 3765.76996999042 4006.71044867975 4274.41281304275 4542.11517740576 4783.05565609509 4927.24883440254 5052.31491248188 Inf
"30" 50.5050505050505 4470.59324214107 376.097327030966 -Inf 3733.4560264786 3851.96818968743 3988.6051238874 4216.91944998254 4470.59324214107 4724.2670342996 4952.58136039475 5089.21829459471 5207.73045780355 Inf 4313.05054924471 389.837754744839 -Inf 3548.98259013087 3671.82450443004 3813.45336434307 4050.10897942986 4313.05054924471 4575.99211905956 4812.64773414635 4954.27659405938 5077.11850835855 Inf
"31" 51.2121212121212 4506.30344754335 366.547285657906 -Inf 3787.88396902294 3903.38681527973 4036.55419976234 4259.0710604049 4506.30344754335 4753.53583468181 4976.05269532437 5109.22007980698 5224.72292606376 Inf 4449.61987462963 379.89986293117 -Inf 3705.02982555284 3824.74020720893 3962.75861054001 4193.38131098166 4449.61987462963 4705.8584382776 4936.48113871925 5074.49954205033 5194.20992370643 Inf
"32" 51.9191919191919 4465.15608156371 359.921158254531 -Inf 3759.72357411089 3873.13845899217 4003.89855772999 4222.39294944233 4465.15608156371 4707.91921368509 4926.41360539743 5057.17370413525 5170.58858901653 Inf 4591.09857355479 372.948372755008 -Inf 3860.13319486215 3977.65308996306 4113.14600258329 4339.54871877923 4591.09857355479 4842.64842833035 5069.05114452628 5204.54405714651 5322.06395224742 Inf
"33" 52.6262626262626 4374.48235113631 358.146782004803 -Inf 3672.52755722798 3785.38331777471 3915.49878196329 4132.91601760836 4374.48235113631 4616.04868466426 4833.46592030932 4963.58138449791 5076.43714504464 Inf 4620.67416706383 371.129703831172 -Inf 3893.27331396172 4010.2201276477 4145.05231409889 4370.3509858364 4620.67416706383 4870.99734829126 5096.29602002877 5231.12820647996 5348.07502016594 Inf
"34" 53.3333333333333 4277.54407632772 356.054897386647 -Inf 3579.68930093079 3691.88588696746 3821.24136516204 4037.38869753331 4277.54407632772 4517.69945512213 4733.8467874934 4863.20226568798 4975.39885172465 Inf 4508.13659070756 368.946325758758 -Inf 3785.01507999201 3901.27388863284 4035.31284932949 4259.28607561077 4508.13659070756 4756.98710580434 4980.96033208562 5114.99929278227 5231.2581014231 Inf
"35" 54.040404040404 4206.80398462052 354.591898221038 -Inf 3511.81663489759 3623.55221474404 3752.37618232592 3967.63538376786 4206.80398462052 4445.97258547318 4661.23178691512 4790.055754497 4901.79133434345 Inf 4346.18503650858 367.406169195632 -Inf 3626.08217718731 3741.8556665428 3875.33508518517 4098.37334122732 4346.18503650858 4593.99673178984 4817.03498783199 4950.51440647436 5066.28789582985 Inf
"36" 54.7474747474747 4183.08645849271 355.492319386516 -Inf 3486.33431571453 3598.35362759641 3727.50472004384 3943.31053279307 4183.08645849271 4422.86238419235 4638.66819694158 4767.81928938901 4879.83860127089 Inf 4275.10249425801 368.367786583806 -Inf 3553.11489948901 3669.19140444355 3803.02018066533 4026.64219790481 4275.10249425801 4523.5627906112 4747.18480785068 4881.01358407247 4997.090089027 Inf
"37" 55.4545454545455 4216.55756441199 354.785635425481 -Inf 3521.19049674589 3632.9871251921 3761.88147789973 3977.2582898007 4216.55756441199 4455.85683902328 4671.23365092425 4800.12800363187 4911.92463207809 Inf 4357.74603975202 367.621729813156 -Inf 3637.22068938392 3753.06210412268 3886.61983638176 4109.7889510437 4357.74603975202 4605.70312846035 4828.87224312229 4962.42997538137 5078.27139012013 Inf
"38" 56.1616161616162 4291.81258701169 353.926284230729 -Inf 3598.12981673737 3709.65565472132 3838.23780336842 4053.09293597308 4291.81258701169 4530.5322380503 4745.38737065496 4873.96951930206 4985.495357286 Inf 4520.96338151604 366.714907652196 -Inf 3802.2153699238 3917.77103560715 4050.99931750582 4273.61793506053 4520.96338151604 4768.30882797155 4990.92744552625 5124.15572742493 5239.71139310827 Inf
"39" 56.8686868686869 4361.41539900064 355.367443979891 -Inf 3664.908007522 3776.88796986984 3905.99369482463 4121.72370048282 4361.41539900064 4601.10709751846 4816.83710317665 4945.94282813144 5057.92279047928 Inf 4625.15949699443 368.233400789209 -Inf 3903.43529354288 4019.46945214162 4153.24940572721 4376.78984248226 4625.15949699443 4873.5291515066 5097.06958826165 5230.84954184724 5346.88370044598 Inf
"40" 57.5757575757576 4375.59334911736 355.743196128443 -Inf 3678.34949696045 3790.44786270218 3919.69009918712 4135.64820962673 4375.59334911736 4615.53848860799 4831.49659904761 4960.73883553254 5072.83720127428 Inf 4597.17673680945 368.619172628057 -Inf 3874.69643444751 3990.85215374834 4124.77225903821 4348.54688314607 4597.17673680945 4845.80659047284 5069.58121458069 5203.50131987056 5319.65703917139 Inf
"41" 58.2828282828283 4326.9162209885 354.543992621504 -Inf 3632.02276451532 3743.74324881116 3872.54981218998 4087.7799319717 4326.9162209885 4566.0525100053 4781.28262978702 4910.08919316584 5021.80967746168 Inf 4490.52315517559 367.362229774652 -Inf 3770.50641553694 3886.26605912577 4019.72951448593 4242.74109658341 4490.52315517559 4738.30521376777 4961.31679586525 5094.78025122541 5210.53989481424 Inf
"42" 58.989898989899 4258.04701166051 354.368015386092 -Inf 3563.49846423084 3675.16349627711 3803.90612676354 4019.02941748527 4258.04701166051 4497.06460583576 4712.18789655749 4840.93052704392 4952.59555909019 Inf 4412.11088384789 367.180800465889 -Inf 3692.44973912017 3808.15221245463 3941.54975417292 4164.45119746486 4412.11088384789 4659.77057023093 4882.67201352287 5016.06955524116 5131.77202857562 Inf
"43" 59.6969696969697 4218.14815045547 355.230356761933 -Inf 3521.90944498676 3633.84620973234 3762.90213061824 3978.54891586105 4218.14815045547 4457.74738504989 4673.39417029269 4802.4500911786 4914.38685592417 Inf 4404.58348373979 368.081801336014 -Inf 3683.15640975657 3799.14279779741 3932.86767498914 4156.31608150494 4404.58348373979 4652.85088597464 4876.29929249043 5010.02416968216 5126.010557723 Inf
"44" 60.4040404040404 4214.38206484683 355.239574568913 -Inf 3518.12529280843 3630.06496218045 3759.12423191464 3974.77661293608 4214.38206484683 4453.98751675758 4669.63989777902 4798.6991675132 4910.63883688523 Inf 4420.71239876949 368.096681737182 -Inf 3699.25615973592 3815.24723674529 3948.97752001744 4172.43495985658 4420.71239876949 4668.98983768241 4892.44727752155 5026.1775607937 5142.16863780307 Inf
"45" 61.1111111111111 4211.10184427602 353.948858011768 -Inf 3517.37483020387 3628.90778142003 3757.49813116831 3972.36696745347 4211.10184427602 4449.83672109856 4664.70555738372 4793.295907132 4904.82885834816 Inf 4405.99374160574 366.744893703472 -Inf 3687.18695843296 3802.75207303165 3935.99124892457 4158.628069866 4405.99374160574 4653.35941334548 4875.99623428691 5009.23541017983 5124.80052477851 Inf
"46" 61.8181818181818 4174.79807963336 352.899592354505 -Inf 3483.12758845966 3594.32990519935 3722.53905457139 3936.77092174187 4174.79807963336 4412.82523752484 4627.05710469532 4755.26625406736 4866.46857080705 Inf 4369.95159360973 365.652954490747 -Inf 3653.2849719672 3768.5060052101 3901.34847733611 4123.32242367681 4369.95159360973 4616.58076354265 4838.55470988336 4971.39718200936 5086.61821525226 Inf
"47" 62.5252525252525 4114.99862288561 352.374589706461 -Inf 3424.35711799387 3535.3940009614 3663.41241578916 3877.32557389905 4114.99862288561 4352.67167187217 4566.58482998206 4694.60324480982 4805.64012777735 Inf 4356.21022015685 365.108152196317 -Inf 3640.6113913901 3755.66075178719 3888.30529611656 4109.9485137874 4356.21022015685 4602.4719265263 4824.11514419714 4956.75968852651 5071.8090489236 Inf
"48" 63.2323232323232 4079.39528722626 352.225006960118 -Inf 3389.04695913006 3500.03670702491 3628.00077813257 3841.82313026892 4079.39528722626 4316.96744418361 4530.78979631996 4658.75386742762 4769.74361532247 Inf 4369.92677427112 364.949250938368 -Inf 3654.63938624705 3769.63867521192 3902.22549038672 4123.77224517145 4369.92677427112 4616.08130337078 4837.62805815551 4970.21487333031 5085.21416229519 Inf
"49" 63.9393939393939 4107.57122888141 352.70717191667 -Inf 3416.27787483576 3527.41955790248 3655.5588005328 3869.67385660297 4107.57122888141 4345.46860115985 4559.58365723003 4687.72289986034 4798.86458292706 Inf 4374.01105993172 365.455757196839 -Inf 3657.7309378831 3772.8898322162 3905.66066215882 4127.5148975523 4374.01105993172 4620.50722231114 4842.36145770462 4975.13228764724 5090.29118198034 Inf
"50" 64.6464646464646 4186.22951092737 352.874727726005 -Inf 3494.60775353003 3605.80223516774 3734.00235116899 3948.21912397295 4186.22951092737 4424.2398978818 4638.45667068576 4766.65678668701 4877.85126832472 Inf 4352.62032919643 365.629990032788 -Inf 3635.99871706443 3751.21251396877 3884.04664305985 4106.00664855502 4352.62032919643 4599.23400983784 4821.19401533301 4954.02814442409 5069.24194132843 Inf
"51" 65.3535353535354 4251.08490441754 352.287065486824 -Inf 3560.61494384407 3671.62424702345 3799.61086412179 4013.47088962002 4251.08490441754 4488.69891921506 4702.5589447133 4830.54556181164 4941.55486499102 Inf 4338.12091425092 365.016644637589 -Inf 3622.70143700359 3737.72196242113 3870.33326186578 4091.9209287919 4338.12091425092 4584.32089970994 4805.90856663606 4938.51986608072 5053.54039149825 Inf
"52" 66.0606060606061 4240.70119190191 351.63187274028 -Inf 3551.51538551459 3662.31823067332 3790.06681489622 4003.52909789634 4240.70119190191 4477.87328590748 4691.3355689076 4819.0841531305 4929.88699828923 Inf 4357.63959625595 364.333835410854 -Inf 3643.55840050134 3758.36376565927 3890.72699910431 4111.90015862171 4357.63959625595 4603.3790338902 4824.5521934076 4956.91542685264 5071.72079201057 Inf
"53" 66.7676767676768 4152.58165925548 351.365053357493 -Inf 3463.91880924879 3574.63757685641 3702.28922504752 3915.58953218875 4152.58165925548 4389.5737863222 4602.87409346343 4730.52574165455 4841.24450926216 Inf 4379.35421967775 364.056239924458 -Inf 3665.81710107874 3780.53499302369 3912.79737545628 4133.80201735378 4379.35421967775 4624.90642200172 4845.91106389922 4978.17344633181 5092.89133827676 Inf
"54" 67.4747474747475 4042.29955321525 351.562160847684 -Inf 3353.25037962672 3464.03125784605 3591.75451559466 3805.17447916671 4042.29955321525 4279.4246272638 4492.84459083585 4620.56784858446 4731.34872680379 Inf 4341.12842203689 364.26119758889 -Inf 3627.18959379724 3741.97207002512 3874.3089139997 4095.43797786903 4341.12842203689 4586.81886620475 4807.94793007408 4940.28477404866 5055.06725027654 Inf
"55" 68.1818181818182 3968.06941077533 352.071612138129 -Inf 3278.02173100564 3388.96314260328 3516.8714850559 3730.60071705315 3968.06941077533 4205.53810449751 4419.26733649476 4547.17567894738 4658.11709054502 Inf 4228.94767933052 364.792989516109 -Inf 3513.96655806625 3628.91660743847 3761.44665251645 3982.89854695851 4228.94767933052 4474.99681170252 4696.44870614458 4828.97875122256 4943.92880059479 Inf
"56" 68.8888888888889 3945.41810101499 352.195728778214 -Inf 3255.12715710086 3366.10767913733 3494.06111342115 3707.86569189125 3945.41810101499 4182.97051013874 4396.77508860883 4524.72852289265 4635.70904492913 Inf 4105.52788259582 364.92363976927 -Inf 3390.29069154079 3505.28191016101 3637.85942074528 3859.3906279672 4105.52788259582 4351.66513722444 4573.19634444637 4705.77385503064 4820.76507365086 Inf
"57" 69.5959595959596 3954.52946545689 352.131762595444 -Inf 3264.36389295721 3375.32425858696 3503.25445382472 3717.02020086779 3954.52946545689 4192.038730046 4405.80447708906 4533.73467232682 4644.69503795657 Inf 4051.06518419664 364.851625565216 -Inf 3335.96913838792 3450.93766458655 3583.48901226204 3804.97650241052 4051.06518419664 4297.15386598275 4518.64135613123 4651.19270380672 4766.16123000535 Inf
"58" 70.3030303030303 3970.45835476262 352.763526936601 -Inf 3279.05454690755 3390.21398802476 3518.37370454998 3732.52297160086 3970.45835476262 4208.39373792437 4422.54300497525 4550.70272150048 4661.86216261768 Inf 4079.90161092073 365.51515195491 -Inf 3363.50507728542 3478.68268752198 3611.47509570264 3833.36538738578 4079.90161092073 4326.43783445568 4548.32812613882 4681.12053431949 4796.29814455604 Inf
"59" 71.010101010101 3972.58696898892 352.797137957406 -Inf 3281.1172847436 3392.28731704159 3520.45924451996 3734.62891553814 3972.58696898892 4210.54502243971 4424.71469345789 4552.88662093626 4664.05665323425 Inf 4123.86595437401 365.553358203269 -Inf 3407.39453786793 3522.58418728907 3655.39047587852 3877.30396111615 4123.86595437401 4370.42794763187 4592.3414328695 4725.14772145895 4840.33737088009 Inf
"60" 71.7171717171717 3943.37738317928 351.645003488402 -Inf 3254.16584099855 3364.97282379202 3492.72617844278 3706.19643261869 3943.37738317928 4180.55833373987 4394.02858791578 4521.78194256654 4632.58892536001 Inf 4105.5559196609 364.34617885001 -Inf 3391.45053121009 3506.25978591355 3638.62750375548 3859.80815650346 4105.5559196609 4351.30368281834 4572.48433556632 4704.85205340825 4819.66130811171 Inf
"61" 72.4242424242424 3885.39697863474 351.14237621256 -Inf 3197.17056781231 3307.81916754515 3435.38991667048 3648.55504501987 3885.39697863474 4122.23891224961 4335.404040599 4462.97478972433 4573.62338945717 Inf 4028.28854698285 363.82395149505 -Inf 3315.20670533951 3429.8514007944 3562.02939236175 3782.89302082361 4028.28854698285 4273.6840731421 4494.54770160396 4626.7256931713 4741.3703886262 Inf
"62" 73.1313131313131 3836.74234760754 351.807573295002 -Inf 3147.2121744609 3258.07038468426 3385.88280128088 3599.4517453787 3836.74234760754 4074.03294983637 4287.60189393419 4415.41431053082 4526.27252075417 Inf 3978.483784476 364.516686159786 -Inf 3264.04420783893 3378.90719116174 3511.3368546608 3732.62101588578 3978.483784476 4224.34655306622 4445.6307142912 4578.06037779025 4692.92336111307 Inf
"63" 73.8383838383838 3843.35889906667 352.789719847033 -Inf 3151.90375405051 3263.07144882508 3391.24068128866 3605.4058490553 3843.35889906667 4081.31194907804 4295.47711684468 4423.64634930825 4534.81404408283 Inf 4023.30649391917 365.541762810288 -Inf 3306.85780396572 3422.04379955843 3554.84587551771 3776.75232163503 4023.30649391917 4269.86066620332 4491.76711232063 4624.56918827991 4739.75518387262 Inf
"64" 74.5454545454545 3905.62169413498 353.653998471211 -Inf 3212.47259414283 3323.91263206372 3452.39585873309 3667.08569705029 3905.62169413498 4144.15769121967 4358.84752953687 4487.33075620624 4598.77079412714 Inf 4117.31429467211 366.43847288851 -Inf 3399.10808526077 3514.57664348688 3647.70449606607 3870.1553006313 4117.31429467211 4364.47328871291 4586.92409327815 4720.05194585733 4835.52050408344 Inf
"65" 75.2525252525253 3966.5151548991 354.628756907972 -Inf 3271.45556347726 3383.20275787773 3512.04011629655 3727.32169323989 3966.5151548991 4205.7086165583 4420.99019350164 4549.82755192047 4661.57474632093 Inf 4142.01608296729 367.455761286837 -Inf 3421.81602493334 3537.60514127042 3671.10257682176 3894.17093832882 4142.01608296729 4389.86122760576 4612.92958911282 4746.42702466416 4862.21614100124 Inf
"66" 75.959595959596 3963.75068313622 355.154651197822 -Inf 3267.6603578466 3379.5732669848 3508.6016838832 3724.20251116882 3963.75068313622 4203.29885510362 4418.89968238924 4547.92809928764 4659.84100842584 Inf 4045.54859980266 368.006322344358 -Inf 3324.26946192468 3440.23206575347 3573.92952127194 3797.33210737404 4045.54859980266 4293.76509223129 4517.16767833339 4650.86513385185 4766.82773768064 Inf
"67" 76.6666666666667 3888.43392869271 355.91575186433 -Inf 3190.85187350812 3303.0046133495 3432.30953968899 3648.37240212688 3888.43392869271 4128.49545525853 4344.55831769642 4473.86324403591 4586.01598387729 Inf 3911.69567245624 368.785655788441 -Inf 3188.88906909591 3305.09724896494 3439.07783793017 3662.95352760759 3911.69567245624 4160.43781730488 4384.31350698231 4518.29409594753 4634.50227581657 Inf
"68" 77.3737373737374 3788.99136710873 358.970532222696 -Inf 3085.42205244107 3198.53738521352 3328.95211955435 3546.86942250208 3788.99136710873 4031.11331171537 4249.0306146631 4379.44534900393 4492.56068177639 Inf 3864.47382373394 371.987878878243 -Inf 3135.39097844713 3252.60821197908 3387.75217519391 3613.57181223338 3864.47382373394 4115.37583523449 4341.19547227397 4476.3394354888 4593.55666902074 Inf
"69" 78.0808080808081 3726.11752340146 361.313063625706 -Inf 3017.95693155125 3131.81042023177 3263.07620106022 3482.41556537398 3726.11752340146 3969.81948142894 4189.1588457427 4320.42462657115 4434.27811525167 Inf 3922.57689924523 374.427254609243 -Inf 3188.7129653809 3306.69887147173 3442.72906491818 3670.02955381723 3922.57689924523 4175.12424467322 4402.42473357227 4538.45492701872 4656.44083310955 Inf
"70" 78.7878787878788 3727.48212750992 362.492261795874 -Inf 3017.01034971554 3131.23541595313 3262.92960190761 3482.98481240321 3727.48212750992 3971.97944261663 4192.03465311222 4323.7288390667 4437.95390530429 Inf 3982.06236645973 375.629938810179 -Inf 3245.8412148768 3364.20609921625 3500.67323031212 3728.70382286548 3982.06236645973 4235.42091005398 4463.45150260734 4599.91863370321 4718.28351804266 Inf
"71" 79.4949494949495 3771.09877163906 372.611508730946 -Inf 3040.79363430127 3158.2073800591 3293.57790928498 3519.77612819494 3771.09877163906 4022.42141508318 4248.61963399314 4383.99016321902 4501.40390897685 Inf 3939.7182444906 386.178408346472 -Inf 3182.82247252451 3304.51128887156 3444.81070069466 3679.24486631387 3939.7182444906 4200.19162266733 4434.62578828654 4574.92520010964 4696.61401645669 Inf
"72" 80.2020202020202 3793.07051560381 395.396251098922 -Inf 3018.10810382777 3142.70155790073 3286.34983099752 3526.37979697163 3793.07051560381 4059.76123423599 4299.7912002101 4443.43947330689 4568.03292737985 Inf 3797.49738178675 410.117926721977 -Inf 2993.68101599743 3122.91342254028 3271.91011073829 3520.8770438411 3797.49738178675 4074.11771973239 4323.0846528352 4472.08134103321 4601.31374757606 Inf
"73" 80.9090909090909 3710.41342143451 414.112145781528 -Inf 2898.76853014211 3029.2595564811 3179.70735269716 3431.09902367316 3710.41342143451 3989.72781919585 4241.11949017186 4391.56728638791 4522.0583127269 Inf 3628.84347186849 429.730128190619 -Inf 2786.5878975431 2922.00031190383 3078.12215332412 3338.99490505347 3628.84347186849 3918.69203868351 4179.56479041286 4335.68663183315 4471.09904619388 Inf
"74" 81.6161616161616 3455.67374590858 448.311751317152 -Inf 2576.99885948089 2718.2665357496 2881.13911915604 3153.29206475271 3455.67374590858 3758.05542706446 4030.20837266112 4193.08095606756 4334.34863233628 Inf 3466.47201561225 464.833393852507 -Inf 2555.41530484981 2701.88912180579 2870.76405200316 3152.94665590987 3466.47201561225 3779.99737531462 4062.17997922134 4231.05490941871 4377.52872637468 Inf
"75" 82.3232323232323 3012.05440363841 632.630308167839 -Inf 1772.12178410097 1971.47014672911 2201.30604179495 2585.35174511581 3012.05440363841 3438.757062161 3822.80276548187 4052.63866054771 4251.98702317585 Inf 3252.761135891 661.084591314071 -Inf 1957.05914618104 2165.37374814632 2405.54714293504 2806.86635503709 3252.761135891 3698.6559167449 4099.97512884696 4340.14852363568 4548.46312560096 Inf
"76" 83.030303030303 2427.3915980101 1015.6070958971 -Inf 436.838267608476 756.866582766111 1125.83873428497 1742.3750216011 2427.3915980101 3112.4081744191 3728.94446173523 4097.91661325409 4417.94492841173 Inf 2900.55670894677 1072.54202150123 -Inf 798.412974898578 1136.38207482261 1526.0388021795 2177.13810878961 2900.55670894677 3623.97530910394 4275.07461571405 4664.73134307093 5002.70044299497 Inf
"77" 83.7373737373737 1794.86505435568 1474.04183301225 -Inf -1094.20385005374 -629.71800095272 -94.1955644194047 800.638946628673 1794.86505435568 2789.09116208269 3683.92567313077 4219.44810966408 4683.9339587651 Inf 2385.56461422933 1566.74059669728 -Inf -685.190528414136 -191.494338740309 377.705749729646 1328.81414054092 2385.56461422933 3442.31508791774 4393.42347872901 4962.62356719897 5456.31975687279 Inf
"78" 84.4444444444444 1212.37842276048 1879.57220519786 -Inf -2471.51540576986 -1879.2427360764 -1196.39027936496 -55.3737643989214 1212.37842276048 2480.13060991989 3621.14712488592 4303.99958159736 4896.27225129082 Inf 1776.01327878676 2005.30065913531 -Inf -2154.30379129288 -1522.41278352014 -793.88292031572 423.458538138544 1776.01327878676 3128.56801943497 4345.90947788923 5074.43934109365 5706.3303488664 Inf
"79" 85.1515151515152 746.416616686642 2163.72694074423 -Inf -3494.41025955108 -2812.59748952912 -2026.51103163515 -712.995027068464 746.416616686642 2205.82826044175 3519.34426500844 4305.4307229024 4987.24349292436 Inf 1186.10309280576 2313.57213082474 -Inf -3348.41495924632 -2619.38441779516 -1778.85889345305 -374.377595774839 1186.10309280576 2746.58378138635 4151.06507906456 4991.59060340667 5720.62114485783 Inf
"80" 85.8585858585859 418.415664010515 2323.64924002206 -Inf -4135.85315913659 -3403.6472162028 -2559.46065731628 -1148.86193143528 418.415664010515 1985.69325945631 3396.29198533731 4240.47854422383 4972.68448715762 Inf 708.398326939371 2487.60126871254 -Inf -4167.21056763335 -3383.34164231153 -2479.59097342992 -969.463231382006 708.398326939371 2386.25988526075 3896.38762730866 4800.13829619027 5584.00722151209 Inf
"81" 86.5656565656566 213.461245575105 2395.76001443727 -Inf -4482.14209832311 -3727.21330347735 -2856.82875159614 -1402.45432809245 213.461245575105 1829.37681924266 3283.75124274635 4154.13579462756 4909.06458947332 Inf 378.352490212936 2566.30443137576 -Inf -4651.51176864909 -3842.84266159711 -2910.49897148071 -1352.5935446328 378.352490212936 2109.29852505867 3667.20395190658 4599.54764202298 5408.21674907496 Inf
"82" 87.2727272727273 99.0845709547325 2421.65484707264 -Inf -4647.2717122945 -3884.18318747732 -3004.39098951988 -1534.29680190843 99.0845709547325 1732.46594381789 3202.56013142935 4082.35232938678 4845.44085420397 Inf 180.950112985056 2594.64439058648 -Inf -4904.45944525332 -4086.86012352041 -3144.22046780256 -1569.11093386928 180.950112985056 1931.0111598394 3506.12069377268 4448.76034949052 5266.35967122343 Inf
"83" 87.979797979798 41.8373870473503 2429.03419278959 -Inf -4718.98214803657 -3953.56831495175 -3071.09518548352 -1596.52127886504 41.8373870473503 1680.19605295974 3154.76995957822 4037.24308904645 4802.65692213127 Inf 77.6348113360577 2602.74056352922 -Inf -5023.6429542827 -4203.49244459871 -3257.91143256126 -1677.88702118398 77.6348113360577 1833.15664385609 3413.18105523337 4358.76206727082 5178.91257695482 Inf
"84" 88.6868686868687 16.0641880466005 2430.70407573195 -Inf -4748.02825746275 -3982.08822696683 -3099.00842558333 -1623.42079679444 16.0641880466005 1655.54917288764 3131.13680167653 4014.21660306003 4780.15663355595 Inf 29.9371136724152 2604.5766274462 -Inf -5074.93927109693 -4254.2101986555 -3307.96214081214 -1726.82312514032 29.9371136724152 1786.69735248516 3367.83636815697 4314.08442600033 5134.81349844176 Inf
"85" 89.3939393939394 5.60680533319528 2431.00516891647 -Inf -4759.07577197379 -3993.04086389684 -3109.85167473872 -1634.08126377466 5.60680533319528 1645.29487444105 3121.06528540511 4004.25447456322 4770.28938264019 Inf 10.3940333444877 2604.90829998235 -Inf -5095.13241765038 -4274.29883175748 -3327.93027659802 -1746.58991519431 10.3940333444877 1767.37798188328 3348.71834328699 4295.08689844645 5115.92048433935 Inf
"86" 90.1010101010101 1.77800461207038 2431.04861015689 -Inf -4762.98971596159 -3996.94111909983 -3113.73614764952 -1637.93936516718 1.77800461207038 1641.49537439132 3117.29215687366 4000.49712832396 4766.54572518573 Inf 3.25428087067105 2604.95622910024 -Inf -5102.36610946906 -4281.51742061468 -3335.1314527079 -1753.76199536687 3.25428087067105 1760.27055710822 3341.64001444924 4288.02598235602 5108.8746712104 Inf
"87" 90.8080808080808 0.512029275428556 2431.0536450519 -Inf -4764.26555951111 -3998.21537610179 -3115.00857546374 -1639.2087364889 0.512029275428556 1640.23279503976 3116.0326340146 3999.23943465264 4765.28961806197 Inf 0.920026386674618 2604.96179167088 -Inf -5104.71126639118 -4283.86082471318 -3337.47283591301 -1756.10000174775 0.920026386674618 1757.9400545211 3339.31288868636 4285.70087748652 5106.55131916453 Inf
"88" 91.5151515151515 0.133839509707917 2431.0541153632 -Inf -4764.64467107004 -3998.59433946075 -3115.38736795764 -1639.58724347477 0.133839509707917 1639.85492249419 3115.65504697706 3998.86201848016 4764.91235008946 Inf 0.235126086848046 2604.96231187465 -Inf -5105.39718627166 -4284.54658067206 -3338.15840288079 -1756.78525291969 0.235126086848046 1757.25550509339 3338.62865505449 4285.01683284575 5105.86743844535 Inf
"89" 92.2222222222222 0.0317391170350804 2431.05415086424 -Inf -4764.74684104348 -3998.69649824744 -3115.48951384673 -1639.68936781253 0.0317391170350804 1639.7528460466 3115.5529920808 3998.75997648151 4764.81031927755 Inf 0.0543685519209682 2604.96235118079 -Inf -5105.57802084521 -4284.72740285984 -3338.33921078857 -1756.96603696621 0.0543685519209682 1757.07477407005 3338.44794789241 4284.83613996368 5105.68675794905 Inf
"90" 92.9292929292929 0.00682554042457417 2431.05415303442 -Inf -4764.77175887355 -3998.72141539368 -3115.51443020454 -1639.71428285291 0.00682554042457417 1639.72793393376 3115.52808128538 3998.73506647452 4764.7854099544 Inf 0.0113828554200341 2604.96235358562 -Inf -5105.6210112551 -4284.77039251194 -3338.38219956698 -1757.00902428474 0.0113828554200341 1757.03178999558 3338.40496527782 4284.79315822277 5105.64377696594 Inf
"91" 93.6363636363636 0.0013305860800135 2431.05415314204 -Inf -4764.77725403884 -3998.72691052505 -3115.51992529681 -1639.71977787984 0.0013305860800135 1639.722439052 3115.52258646897 3998.7295716972 4764.779915211 Inf 0.00215898483820127 2604.96235370497 -Inf -5105.6302353596 -4284.77961657883 -3338.39142359052 -1757.01824823583 0.00215898483820127 1757.0225662055 3338.3957415602 4284.78393454851 5105.63455332928 Inf
"92" 94.3434343434343 0.000235053769716156 2431.05415314638 -Inf -4764.77834957965 -3998.72800606449 -3115.52102083467 -1639.72087341508 0.000235053769716156 1639.72134352262 3115.52149094221 3998.72847617203 4764.77881968719 Inf 0.000371123930809419 2604.96235370979 -Inf -5105.63202322994 -4284.78140444766 -3338.39321145759 -1757.02003609998 0.000371123930809419 1757.02077834784 3338.39395370545 4284.78214669551 5105.6327654778 Inf
"93" 95.0505050505051 3.76171901768912e-05 2431.05415314652 -Inf -4764.77854701651 -3998.7282035013 -3115.52121827144 -1639.72107085175 3.76171901768912e-05 1639.72114608613 3115.52129350582 3998.72827873568 4764.77862225089 Inf 5.78338416077875e-05 2604.96235370994 -Inf -5105.63233652034 -4284.781717738 -3338.39352474788 -1757.02034939018 5.78338416077875e-05 1757.02046505786 3338.39364041557 4284.78183340568 5105.63245218802 Inf
"94" 95.7575757575758 5.45252003656687e-06 2431.05415314652 -Inf -4764.77857918119 -3998.72823566598 -3115.52125043611 -1639.72110301643 5.45252003656687e-06 1639.72111392147 3115.52126134115 3998.72824657102 4764.77859008623 Inf 8.17178035621986e-06 2604.96235370995 -Inf -5105.63238618241 -4284.78176740007 -3338.39357440995 -1757.02039905224 8.17178035621986e-06 1757.0204153958 3338.39359075351 4284.78178374363 5105.63240252597 Inf
"95" 96.4646464646465 7.15673530346071e-07 2431.05415314652 -Inf -4764.77858391803 -3998.72824040283 -3115.52125517296 -1639.72110775327 7.15673530346071e-07 1639.72110918462 3115.5212566043 3998.72824183417 4764.77858534938 Inf 1.04704112318279e-06 2604.96235370995 -Inf -5105.63239330715 -4284.78177452481 -3338.39358153469 -1757.02040617698 1.04704112318279e-06 1757.02040827106 3338.39358362877 4284.78177661889 5105.63239540123 Inf
"96" 97.1717171717172 8.50491621073404e-08 2431.05415314652 -Inf -4764.77858454866 -3998.72824103345 -3115.52125580358 -1639.7211083839 8.50491621073404e-08 1639.72110855399 3115.52125597368 3998.72824120355 4764.77858471876 Inf 1.21656199727809e-07 2604.96235370995 -Inf -5105.63239423253 -4284.7817754502 -3338.39358246008 -1757.02040710236 1.21656199727809e-07 1757.02040734568 3338.39358270339 4284.78177569351 5105.63239447584 Inf
"97" 97.8787878787879 9.14969087170697e-09 2431.05415314652 -Inf -4764.77858462456 -3998.72824110935 -3115.52125587948 -1639.7211084598 9.14969087170697e-09 1639.7211084781 3115.52125589778 3998.72824112765 4764.77858464286 Inf 1.28178709182628e-08 2604.96235370995 -Inf -5105.63239434137 -4284.78177555903 -3338.39358256891 -1757.0204072112 1.28178709182628e-08 1757.02040723684 3338.39358259455 4284.78177558467 5105.632394367 Inf
"98" 98.5858585858586 8.91002786058666e-10 2431.05415314652 -Inf -4764.77858463282 -3998.72824111761 -3115.52125588774 -1639.72110846805 8.91002786058666e-10 1639.72110846984 3115.52125588952 3998.72824111939 4764.7785846346 Inf 1.22455612445037e-09 2604.96235370995 -Inf -5105.63239435296 -4284.78177557063 -3338.39358258051 -1757.0204072228 1.22455612445037e-09 1757.02040722524 3338.39358258296 4284.78177557307 5105.63239435541 Inf
"99" 99.2929292929293 7.85329721152933e-11 2431.05415314652 -Inf -4764.77858463363 -3998.72824111842 -3115.52125588855 -1639.72110846887 7.85329721152933e-11 1639.72110846902 3115.52125588871 3998.72824111858 4764.77858463378 Inf 1.06066899927304e-10 2604.96235370995 -Inf -5105.63239435408 -4284.78177557175 -3338.39358258163 -1757.02040722391 1.06066899927304e-10 1757.02040722413 3338.39358258184 4284.78177557196 5105.63239435429 Inf
"100" 100 6.26465037354843e-12 2431.05415314652 -Inf -4764.7785846337 -3998.72824111849 -3115.52125588862 -1639.72110846894 6.26465037354843e-12 1639.72110846895 3115.52125588864 3998.7282411185 4764.77858463371 Inf 8.32852316756511e-12 2604.96235370995 -Inf -5105.63239435418 -4284.78177557184 -3338.39358258172 -1757.02040722401 8.32852316756511e-12 1757.02040722403 3338.39358258174 4284.78177557186 5105.63239435419 Inf
