"mid_age" "mean_left" "std_left" "min_left" "l.q2.5" "l.q5" "l.q10" "l.q25" "l.q50" "l.q75" "l.q90" "l.q95" "l.q97.5" "max_left" "mean_right" "std_right" "min_right" "r.q2.5" "r.q5" "r.q10" "r.q25" "r.q50" "r.q75" "r.q90" "r.q95" "r.q97.5" "max_right"
"1" 30 5.48141763572386e-08 2327.39053964366 -Inf -4561.601635606 -3828.21677041061 -2982.67098965921 -1569.80106363816 5.48141763572386e-08 1569.80106374779 2982.67098976884 3828.21677052023 4561.60163571563 Inf 3.82367404731552e-08 2402.53507059035 -Inf -4708.88220991324 -3951.81852470041 -3078.97258095263 -1620.48527956157 3.82367404731552e-08 1620.48527963805 3078.97258102911 3951.81852477688 4708.88220998972 Inf
"2" 30.7070707070707 5.0040241627807e-07 2327.39053964366 -Inf -4561.60163516041 -3828.21676996502 -2982.67098921362 -1569.80106319257 5.0040241627807e-07 1569.80106419338 2982.67099021443 3828.21677096582 4561.60163616122 Inf 3.53534367843933e-07 2402.53507059035 -Inf -4708.88220959794 -3951.81852438511 -3078.97258063734 -1620.48527924628 3.53534367843933e-07 1620.48527995334 3078.9725813444 3951.81852509218 4708.88221030501 Inf
"3" 31.4141414141414 4.12699609342509e-06 2327.39053964366 -Inf -4561.60163153382 -3828.21676633842 -2982.67098558703 -1569.80105956598 4.12699609342509e-06 1569.80106781997 2982.67099384102 3828.21677459241 4561.60163978781 Inf 2.95586423256897e-06 2402.53507059035 -Inf -4708.88220699561 -3951.81852178278 -3078.97257803501 -1620.48527664395 2.95586423256897e-06 1620.48528255567 3078.97258394673 3951.81852769451 4708.88221290734 Inf
"4" 32.1212121212121 3.07442072215809e-05 2327.39053964366 -Inf -4561.60160491661 -3828.21673972121 -2982.67095896982 -1569.80103294877 3.07442072215809e-05 1569.80109443718 2982.67102045823 3828.21680120962 4561.60166640502 Inf 2.23453447226074e-05 2402.53507059035 -Inf -4708.88218760613 -3951.8185023933 -3078.97255864552 -1620.48525725447 2.23453447226074e-05 1620.48530194515 3078.97260333621 3951.81854708399 4708.88223229682 Inf
"5" 32.8282828282828 0.000206834888687111 2327.39053964365 -Inf -4561.60142882591 -3828.21656363052 -2982.67078287913 -1569.80085685808 0.000206834888687111 1569.80127052786 2982.67119654891 3828.2169773003 4561.60184249569 Inf 0.000152713250441301 2402.53507059034 -Inf -4708.88205723822 -3951.81837202539 -3078.97242827761 -1620.48512688656 0.000152713250441301 1620.48543231306 3078.97273370411 3951.81867745188 4708.88236266472 Inf
"6" 33.5353535353535 0.0012563804635811 2327.39053964343 -Inf -4561.60037927989 -3828.21551408457 -2982.66973333326 -1569.79980731235 0.0012563804635811 1569.80232007328 2982.67224609419 3828.21802684549 4561.60289204082 Inf 0.000943362926088652 2402.53507059012 -Inf -4708.88126658811 -3951.81758137535 -3078.97163762765 -1620.48433623673 0.000943362926088652 1620.48622296258 3078.9735243535 3951.8194681012 4708.88315331396 Inf
"7" 34.2424242424242 0.00688888099351035 2327.39053963661 -Inf -4561.594746766 -3828.20988157282 -2982.66410082399 -1569.79417480723 0.00688888099351035 1569.80795256921 2982.67787858598 3828.22365933481 4561.60852452798 Inf 0.00526628992594973 2402.53507058351 -Inf -4708.87694364816 -3951.81325843748 -3078.96731469218 -1620.48001330527 0.00526628992594973 1620.49054588513 3078.97784727204 3951.82379101733 4708.88747622801 Inf
"8" 34.9494949494949 0.0340867828022506 2327.39053947156 -Inf -4561.5675485407 -3828.18268339953 -2982.63690271066 -1569.76697679409 0.0340867828022506 1569.8351503597 2982.70507627627 3828.25085696513 4561.6357221063 Inf 0.0265613538361397 2402.5350704233 -Inf -4708.85564827024 -3951.79196311005 -3078.94601942296 -1620.4587181333 0.0265613538361397 1620.51184084098 3078.99914213063 3951.84508581772 4708.90877097791 Inf
"9" 35.6565656565657 0.152159305846958 2327.39053623067 -Inf -4561.44946966562 -3828.0646055457 -2982.51882603425 -1569.6489020851 0.152159305846958 1569.95322069679 2982.82314464595 3828.36892415739 4561.75378827732 Inf 0.121002108388992 2402.53506727207 -Inf -4708.76120133939 -3951.69751717218 -3078.85157462994 -1620.36427525328 0.121002108388992 1620.60627947006 3079.09357884672 3951.93952138896 4709.00320555617 Inf
"10" 36.3636363636364 0.612544005197399 2327.39048468981 -Inf -4560.98898394805 -3827.60413606918 -2982.05837528264 -1569.18848262197 0.612544005197399 1570.41357063237 2983.28346329303 3828.82922407958 4562.21407195845 Inf 0.497727072544788 2402.5350170603 -Inf -4708.38437796197 -3951.32070961701 -3078.47478531681 -1619.9875164218 0.497727072544788 1620.98297056689 3079.4702394619 3952.3161637621 4709.37983210706 Inf
"11" 37.0707070707071 2.22300763487485 2327.38982205834 -Inf -4559.37722158456 -3825.99258250773 -2980.44706245656 -1567.57757205416 2.22300763487485 1572.02358732391 2984.89307772631 3830.43859777748 4563.82323685431 Inf 1.84791926296412 2402.53437010129 -Inf -4707.03291775519 -3949.96945327371 -3077.12376401505 -1618.63688786415 1.84791926296412 1622.33272639008 3080.81960254098 3953.66529179964 4710.72875628111 Inf
"12" 37.7777777777778 7.27010091375245 2327.38295062475 -Inf -4554.31666054331 -3820.93418672638 -2975.3911630812 -1562.52584406375 7.27010091375245 1577.06604589126 2989.93136490871 3835.47438855388 4568.85686237082 Inf 6.1899324725571 2402.52764444522 -Inf -4702.67772250193 -3945.61637734434 -3072.7731315304 -1614.29033826848 6.1899324725571 1626.67020321359 3085.15299647551 3957.99624228945 4715.05758744704 Inf
"13" 38.4848484848485 21.4175146680358 2327.32563389253 -Inf -4540.05690805817 -3806.69249533723 -2961.17029497902 -1548.33977076107 21.4175146680358 1591.17480009715 3004.00532431509 3849.5275246733 4582.89193739425 Inf 18.6982572153125 2402.47138361979 -Inf -4690.0591285676 -3933.01551177883 -3060.19270563874 -1601.74406617564 18.6982572153125 1639.14058060626 3097.58922006936 3970.41202620945 4727.45564299822 Inf
"14" 39.1919191919192 56.8174086324178 2326.94235220122 -Inf -4503.90579578289 -3770.66215909275 -2925.27920576309 -1512.68135722446 56.8174086324178 1626.3161744893 3038.91402302792 3884.29697635758 4617.54061304772 Inf 50.9121766989419 2402.09393156993 -Inf -4657.10541666034 -3900.18073892198 -3027.49506188969 -1569.27555915318 50.9121766989419 1671.09991255107 3129.31941528757 4002.00509231986 4758.92977005822 Inf
"15" 39.8989898989899 135.702066818923 2324.89567307418 -Inf -4421.00972021948 -3688.41101332093 -2843.77162273716 -1432.41623494483 135.702066818923 1703.82036858268 3115.17575637501 3959.81514695877 4692.41385385733 Inf 124.896499148819 2400.07080766565 -Inf -4579.15584422181 -3822.86867378037 -2950.91800183299 -1493.92666036649 124.896499148819 1743.71965866413 3200.71100013063 4072.66167207801 4828.94884251945 Inf
"16" 40.6060606060606 291.812055252233 2316.2037524195 -Inf -4247.86388034652 -3518.00408767359 -2676.52248978126 -1270.44363512042 291.812055252233 1854.06774562489 3260.14660028572 4101.62819817806 4831.48799085098 Inf 275.951684037518 2391.44204947937 -Inf -4411.1886040567 -3657.62044469289 -2788.80461838196 -1337.05146652423 275.951684037518 1888.95483459927 3340.707986457 4209.52381276792 4963.09197213174 Inf
"17" 41.3131313131313 565.262473921965 2286.92981021312 -Inf -3917.03758926678 -3196.40231899053 -2365.55600464728 -977.248242484656 565.262473921965 2107.77319032859 3496.08095249121 4326.92726683446 5047.56253711071 Inf 549.059509489558 2362.24080690369 -Inf -4080.84739485252 -3336.48084947875 -2478.27389479121 -1044.2477022619 549.059509489558 2142.36672124102 3576.39291377033 4434.59986845787 5178.96641383163 Inf
"18" 42.020202020202 987.600082438064 2208.70876590033 -Inf -3341.38955106449 -2645.4025420326 -1842.97409433359 -502.151341329945 987.600082438064 2477.35150620607 3818.17425920972 4620.60270690873 5316.58971594062 Inf 984.155961706647 2283.80386942128 -Inf -3492.01737011227 -2772.36711615675 -1942.65646254701 -556.246339676154 984.155961706647 2524.55826308945 3910.9683859603 4740.67903957004 5460.32929352556 Inf
"19" 42.7272727272727 1560.19075460336 2042.09529668069 -Inf -2442.24247988943 -1798.75710072242 -1056.85966984904 182.818408068611 1560.19075460336 2937.56310113812 4177.24117905577 4919.13860992914 5562.62398909616 Inf 1591.07746098236 2115.80206873978 -Inf -2555.81839216295 -1889.1072456957 -1120.43199259361 163.990652173714 1591.07746098236 3018.16426979102 4302.58691455834 5071.26216766043 5737.97331412768 Inf
"20" 43.4343434343434 2238.15233502686 1757.17645142145 -Inf -1205.85022424108 -652.145724287433 -13.7598972304068 1052.95482925717 2238.15233502686 3423.34984079656 4490.06456728413 5128.45039434116 5682.15489429481 Inf 2326.20147457329 1826.85733228882 -Inf -1254.37310160571 -678.711434364862 -15.0103996480761 1094.00492887393 2326.20147457329 3558.39802027266 4667.41334879466 5331.11438351144 5906.7760507523 Inf
"21" 44.1414141414141 2934.76401409812 1364.59683107587 -Inf 260.20337177192 690.201967176482 1185.96280889563 2014.35743838739 2934.76401409812 3855.17058980884 4683.5652193006 5179.32606101975 5609.32465642431 Inf 3090.60388820932 1426.38894501215 -Inf 294.93292803942 744.402858562598 1262.61290265349 2128.51916500562 3090.60388820932 4052.68861141301 4918.59487376515 5436.80491785603 5886.27484837921 Inf
"22" 44.8484848484848 3549.88203310627 933.465288019879 -Inf 1720.323687769 2014.46826847347 2353.59813186285 2920.26926417303 3549.88203310627 4179.49480203951 4746.16593434969 5085.29579773907 5379.44037844354 Inf 3761.41926460697 984.006468829415 -Inf 1832.80202514689 2142.8726554092 2500.36423397262 3097.71698725489 3761.41926460697 4425.12154195905 5022.47429524132 5379.96587380475 5690.03650406706 Inf
"23" 45.5555555555556 4006.80879213806 576.710207617262 -Inf 2876.47755569161 3058.20491543887 3267.72492270061 3617.82366826676 4006.80879213806 4395.79391600936 4745.89266157552 4955.41266883725 5137.14002858451 Inf 4243.29433164345 615.851016734934 -Inf 3036.24851900061 3230.30955310524 3454.04949700456 3827.9091332079 4243.29433164345 4658.679530079 5032.53916628234 5256.27911018166 5450.34014428629 Inf
"24" 46.2626262626263 4275.20448718428 393.958672638179 -Inf 3503.05967741624 3627.20013562638 3770.32613350494 4009.48340048897 4275.20448718428 4540.92557387958 4780.08284086361 4923.20883874217 5047.34929695231 Inf 4506.39662896233 425.597340435851 -Inf 3672.24116979204 3806.35129992553 3960.97169103515 4219.33558512764 4506.39662896233 4793.45767279703 5051.82156688952 5206.44195799914 5340.55208813263 Inf
"25" 46.969696969697 4372.75400714319 353.426773180912 -Inf 3680.05026053639 3791.41869741481 3919.81937266781 4134.37127118779 4372.75400714319 4611.13674309859 4825.68864161856 4954.08931687157 5065.45775374998 Inf 4586.46156632239 382.28243327696 -Inf 3837.20176517721 3957.66291942695 4096.5469154761 4328.61598339706 4586.46156632239 4844.30714924772 5076.37621716868 5215.26021321783 5335.72136746757 Inf
"26" 47.6767676767677 4355.95395576845 345.177353001461 -Inf 3679.41877560671 3788.18773474248 3913.59137863888 4123.13536916915 4355.95395576845 4588.77254236775 4798.31653289801 4923.72017679441 5032.48913593018 Inf 4555.52947203897 373.386372522404 -Inf 3823.705629577 3941.36354294124 4077.01558177987 4303.68419090971 4555.52947203897 4807.37475316823 5034.04336229808 5169.6954011367 5287.35331450094 Inf
"27" 48.3838383838384 4305.07734997056 339.105878101864 -Inf 3640.44204194508 3747.29781645415 3870.49568100374 4076.35391095961 4305.07734997056 4533.80078898151 4739.65901893738 4862.85688348698 4969.71265799604 Inf 4491.20625674675 366.914421769916 -Inf 3772.06720466938 3887.6857393177 4020.98650510663 4243.72624006382 4491.20625674675 4738.68627342968 4961.42600838688 5094.7267741758 5210.34530882413 Inf
"28" 49.0909090909091 4292.68258737662 336.670046979033 -Inf 3632.8214206243 3738.90963951723 3861.22256159866 4065.60209149123 4292.68258737662 4519.76308326201 4724.14261315457 4846.455535236 4952.54375412893 Inf 4455.84521609123 364.290719962024 -Inf 3741.8485250635 3856.64030409693 3988.98787361053 4210.1348593853 4455.84521609123 4701.55557279717 4922.70255857193 5055.05012808553 5169.84190711896 Inf
"29" 49.7979797979798 4339.02236996748 336.00675986508 -Inf 3680.46122206993 3786.34043232319 3908.41238082882 4112.38925444189 4339.02236996748 4565.65548549308 4769.63235910615 4891.70430761177 4997.58351786504 Inf 4476.50562499486 363.577823040794 -Inf 3763.90618625743 3878.47332408709 4010.56189667964 4231.27610995524 4476.50562499486 4721.73514003448 4942.44935331009 5074.53792590263 5189.1050637323 Inf
"30" 50.5050505050505 4396.2687398418 335.671162052041 -Inf 3738.36535157109 3844.13881147748 3966.08883660583 4169.86198160129 4396.2687398418 4622.67549808231 4826.44864307777 4948.39866820612 5054.17212811251 Inf 4530.43638085702 363.215604050538 -Inf 3818.546878295 3932.99987716912 4064.95685485582 4285.45117881365 4530.43638085702 4775.42158290039 4995.91590685821 5127.87288454492 5242.32588341903 Inf
"31" 51.2121212121212 4398.25722574869 335.396823430795 -Inf 3740.89153129519 3846.57854426054 3968.42890160226 4172.03550609629 4398.25722574869 4624.47894540108 4828.08554989511 4949.93590723683 5055.62292020218 Inf 4563.5229898249 362.921103806803 -Inf 3852.21069713404 3966.57089593105 4098.42088107212 4318.73642517737 4563.5229898249 4808.30955447244 5028.62509857769 5160.47508371875 5274.83528251576 Inf
"32" 51.9191919191919 4336.62248278126 335.139656974705 -Inf 3679.76082531973 3785.36680247114 3907.12373070924 4110.57421926759 4336.62248278126 4562.67074629493 4766.12123485327 4887.87816309137 4993.48414024279 Inf 4543.19750000378 362.643987999088 -Inf 3832.42834431559 3946.70122105134 4078.45052944821 4298.59784712817 4543.19750000378 4787.7971528794 5007.94447055935 5139.69377895623 5253.96665569197 Inf
"33" 52.6262626262626 4271.96864747 334.900986170256 -Inf 3615.57477618935 3721.10554569823 3842.77576434107 4046.0813649676 4271.96864747 4497.85592997239 4701.16153059892 4822.83174924177 4928.36251875065 Inf 4492.34260642872 362.387696532897 -Inf 3782.07577278381 3896.26788942399 4027.92408660288 4247.91581952011 4492.34260642872 4736.76939333733 4956.76112625456 5088.41732343344 5202.60944007363 Inf
"34" 53.3333333333333 4258.3942595165 334.79802802065 -Inf 3602.20218250099 3707.70050883053 3829.33332256539 4032.57642123071 4258.3942595165 4484.21209780228 4687.4551964676 4809.08801020246 4914.586336532 Inf 4458.36363542433 362.27693798406 -Inf 3748.31388454612 3862.47110002037 3994.08705839015 4214.01155402166 4458.36363542433 4702.715716827 4922.64021245851 5054.25617082828 5168.41338630254 Inf
"35" 54.040404040404 4278.03262431463 334.849109687465 -Inf 3621.7404290719 3727.25485176373 3848.90622357344 4052.18033196815 4278.03262431463 4503.88491666111 4707.15902505582 4828.81039686553 4934.32481955736 Inf 4454.80692267393 362.331601097674 -Inf 3744.65003406176 3858.82447444929 3990.46029204093 4210.41797156142 4454.80692267393 4699.19587378645 4919.15355330694 5050.78937089857 5164.96381128611 Inf
"36" 54.7474747474747 4275.22231368415 334.882309387883 -Inf 3618.8650482243 3724.3899324856 3846.05336581491 4049.34762848003 4275.22231368415 4501.09699888827 4704.39126155338 4826.05469488269 4931.579579144 Inf 4454.32074532198 362.367020503634 -Inf 3744.09443594977 3858.28003735898 3989.92872289381 4209.90790418318 4454.32074532198 4698.73358646077 4918.71276775014 5050.36145328498 5164.54705469419 Inf
"37" 55.4545454545455 4239.76718324431 334.812802599226 -Inf 3583.54614858691 3689.04913053919 3810.6873119089 4013.93937965671 4239.76718324431 4465.59498683191 4668.84705457973 4790.48523594944 4895.98821790171 Inf 4438.29448001735 362.292643276448 -Inf 3728.21394733169 3842.37611170625 3973.99777584112 4193.93180555594 4438.29448001735 4682.65715447876 4902.59118419357 5034.21284832845 5148.375012703 Inf
"38" 56.1616161616162 4217.60220784946 334.761914488351 -Inf 3561.48091205661 3666.96785863807 3788.5875522522 3991.80872777105 4217.60220784946 4443.39568792786 4646.61686344671 4768.23655706084 4873.7235036423 Inf 4425.31379487546 362.237931859959 -Inf 3715.34049459567 3829.48541883621 3961.08720620069 4180.98802270369 4425.31379487546 4669.63956704723 4889.54038355023 5021.14217091472 5135.28709515526 Inf
"39" 56.8686868686869 4237.26391982888 334.757195682497 -Inf 3581.15187272556 3686.63733236242 3808.25531162465 4011.47362253665 4237.26391982888 4463.05421712111 4666.2725280331 4787.89050729534 4893.3759669322 Inf 4437.14774229684 362.232621760529 -Inf 3727.18484962068 3841.32810059389 3972.92795878831 4192.82555173271 4437.14774229684 4681.46993286097 4901.36752580537 5032.96738399979 5147.110634973 Inf
"40" 57.5757575757576 4266.3262804018 334.753762146096 -Inf 3610.22096290616 3715.70534060014 3837.32207245152 4040.53829899468 4266.3262804018 4492.11426180891 4695.33048835207 4816.94722020345 4922.43159789743 Inf 4459.58399070293 362.229184340769 -Inf 3749.6278352457 3863.77000305234 3995.36861242507 4215.26411864319 4459.58399070293 4703.90386276267 4923.79936898079 5055.39797835352 5169.54014616016 Inf
"41" 58.2828282828283 4260.29178002898 334.770712914546 -Inf 3604.15323963767 3709.64295869436 3831.26584879486 4034.49236550228 4260.29178002898 4486.09119455568 4689.3177112631 4810.9406013636 4916.43032042029 Inf 4459.66059007912 362.247115674944 -Inf 3749.66928985272 3863.81710800848 3995.42223187188 4215.32862351828 4459.66059007912 4703.99255663997 4923.89894828636 5055.50407214976 5169.65189030553 Inf
"42" 58.989898989899 4223.40626701789 334.745566265917 -Inf 3567.31701315223 3672.79880823947 3794.41256251069 3997.62381364795 4223.40626701789 4449.18872038784 4652.39997152509 4774.01372579631 4879.49552088356 Inf 4429.71912844365 362.220080970504 -Inf 3719.78081526428 3833.92011450466 3965.51541660421 4185.40539651385 4429.71912844365 4674.03286037345 4893.92284028309 5025.51814238264 5139.65744162302 Inf
"43" 59.6969696969697 4192.41961911456 334.675552797628 -Inf 3536.46758912517 3641.92732224339 3763.51564047725 3966.68438911135 4192.41961911456 4418.15484911777 4621.32359775186 4742.91191598573 4848.37164910394 Inf 4392.40850855271 362.144929004456 -Inf 3682.61749052016 3796.73310859765 3928.30110783301 4148.14546585372 4392.40850855271 4636.6715512517 4856.51590927241 4988.08390850777 5102.19952658526 Inf
"44" 60.4040404040404 4181.4856082324 334.633572270019 -Inf 3525.61585856519 3631.06236318434 3752.63542980598 3955.77869366478 4181.4856082324 4407.19252280003 4610.33578665883 4731.90885328047 4837.35535789962 Inf 4368.54334047728 362.099677559139 -Inf 3658.8410136478 3772.94237252617 3904.49393181817 4124.31081941433 4368.54334047728 4612.77586154022 4832.59274913639 4964.14430842839 5078.24566730676 Inf
"45" 61.1111111111111 4176.2299333177 334.615284525425 -Inf 3520.39602697124 3625.83676893265 3747.40319157899 3950.53535364635 4176.2299333177 4401.92451298904 4605.05667505641 4726.62309770274 4832.06383966415 Inf 4360.39508040095 362.079948334731 -Inf 3650.73142214075 3764.82656413616 3896.37095576026 4116.17586649764 4360.39508040095 4604.61429430425 4824.41920504163 4955.96359666573 5070.05873866114 Inf
"46" 61.8181818181818 4170.14483329105 334.591542361856 -Inf 3514.35746073011 3619.79072128987 3741.34851835923 3944.46626746568 4170.14483329105 4395.82339911642 4598.94114822287 4720.49894529224 4825.932205852 Inf 4362.62898551385 362.054374000757 -Inf 3653.01545202717 3767.10253528506 3898.6376357009 4118.42702123668 4362.62898551385 4606.83094979101 4826.62033532679 4958.15543574264 5072.24251900052 Inf
"47" 62.5252525252525 4171.41281188167 334.561804849197 -Inf 3515.68372377452 3621.10761373603 3742.65460710575 3945.75430370378 4171.41281188167 4397.07132005955 4600.17101665758 4721.7180100273 4827.14189998881 Inf 4368.57415627605 362.02240503307 -Inf 3659.02328081466 3773.10029031971 3904.62377634369 4124.39375473991 4368.57415627605 4612.75455781219 4832.5245362084 4964.04802223239 5078.12503173744 Inf
"48" 63.2323232323232 4175.49207649072 334.545839865317 -Inf 3519.79427917699 3625.21313840672 3746.75433166489 3949.84433653082 4175.49207649072 4401.13981645061 4604.22982131655 4725.77101457471 4831.18987380444 Inf 4365.29875406504 362.005240731117 -Inf 3655.7815200173 3769.85312087302 3901.37037107073 4121.12992967464 4365.29875406504 4609.46757845544 4829.22713705935 4960.74438725706 5074.81598811278 Inf
"49" 63.9393939393939 4163.61551886124 334.555906020713 -Inf 3507.89799224548 3613.32002342503 3734.8648737382 3937.96098938271 4163.61551886124 4389.27004833978 4592.36616398428 4713.91101429745 4819.33304547701 Inf 4341.94915926259 362.016028341652 -Inf 3632.41078188672 3746.48578203025 3878.00695138911 4097.77305873945 4341.94915926259 4586.12525978573 4805.89136713607 4937.41253649492 5051.48753663846 Inf
"50" 64.6464646464646 4134.29198258609 334.563706914733 -Inf 3478.559166499 3583.98365582106 3705.53134021511 3908.6321914845 4134.29198258609 4359.95177368768 4563.05262495707 4684.60030935112 4790.02479867318 Inf 4306.82988676207 362.024304738466 -Inf 3597.27528794652 3711.35289606842 3842.87707225929 4062.64820389411 4306.82988676207 4551.01156963003 4770.78270126485 4902.30687745572 5016.38448557762 Inf
"51" 65.3535353535354 4109.27235688573 334.518372472493 -Inf 3453.62839467269 3559.03859864245 3680.56981294017 3883.64314340076 4109.27235688573 4334.9015703707 4537.97490083129 4659.50611512901 4764.91631909877 Inf 4280.47427730933 361.975518799072 -Inf 3571.01529717794 3685.07753234503 3816.58398450356 4036.32550005744 4280.47427730933 4524.62305456121 4744.3645701151 4875.87102227362 4989.93325744071 Inf
"52" 66.0606060606061 4099.63514475881 334.468866764773 -Inf 3444.08821194993 3549.48281615843 3670.99604493049 3874.03932236627 4099.63514475881 4325.23096715135 4528.27424458714 4649.7874733592 4755.18207756769 Inf 4268.37991111394 361.922505915273 -Inf 3559.02483432552 3673.07036458384 3804.5575570524 4024.26689050881 4268.37991111394 4512.49293171907 4732.20226517548 4863.68945764404 4977.73498790236 Inf
"53" 66.7676767676768 4089.66713475434 334.475754833704 -Inf 3434.10670157843 3539.50347628879 3661.0192075105 3864.06666642991 4089.66713475434 4315.26760307877 4518.31506199819 4639.83079321989 4745.22756793025 Inf 4255.94642698053 361.929597958963 -Inf 3546.57745004191 3660.62521507665 3792.1149840993 4011.82862286462 4255.94642698053 4500.06423109644 4719.77786986177 4851.26763888442 4965.31540391916 Inf
"54" 67.4747474747475 4065.78676767636 334.470535493448 -Inf 3410.23656421938 3515.63169426156 3637.14552928619 3840.18981974344 4065.78676767636 4291.38371560929 4494.42800606653 4615.94184109116 4721.33697113335 Inf 4234.01925461206 361.924112388395 -Inf 3524.66102919418 3638.70706566882 3770.19484177237 3989.90515045727 4234.01925461206 4478.13335876685 4697.84366745175 4829.33144355531 4943.37748002994 Inf
"55" 68.1818181818182 4040.38795492664 334.452499638891 -Inf 3384.87310109502 3490.26254785263 3611.76983041412 3814.80317199275 4040.38795492664 4265.97273786053 4469.00607943917 4590.51336200066 4695.90280875826 Inf 4212.175783192 361.904703389791 -Inf 3502.85559871236 3616.89551921051 3748.37624398486 3968.07477020784 4212.175783192 4456.27679617617 4675.97532239914 4807.4560471735 4921.49596767164 Inf
"56" 68.8888888888889 4031.05457230381 334.457614593569 -Inf 3375.52969334523 3480.92075187804 3602.42989271311 3805.46633938541 4031.05457230381 4256.6428052222 4459.67925189451 4581.18839272958 4686.57945126238 Inf 4199.17051268822 361.910229783063 -Inf 3489.8394966768 3603.88115859871 3735.36389112313 3955.06577220844 4199.17051268822 4443.27525316801 4662.97713425331 4794.45986677773 4908.50152869964 Inf
"57" 69.5959595959596 4031.02710952309 334.476388389092 -Inf 3375.46543460143 3480.86240895166 3602.37837034534 3805.42621387204 4031.02710952309 4256.62800517413 4459.67584870083 4581.19181009451 4686.58878444474 Inf 4186.64823056186 361.930356621574 -Inf 3477.27776667183 3591.32577076902 3722.81581541536 3942.52991473579 4186.64823056186 4430.76654638792 4650.48064570835 4781.97069035469 4896.01869445188 Inf
"58" 70.3030303030303 4018.10410810713 334.491743406503 -Inf 3362.51233790437 3467.91415077962 3589.43569068278 3792.49285565423 4018.10410810713 4243.71536056003 4446.77252553148 4568.29406543464 4673.69587830989 Inf 4163.75876647757 361.946934089638 -Inf 3454.35581134719 3568.40903917627 3699.90510645093 3919.62926931922 4163.75876647757 4407.88826363593 4627.61242650422 4759.10849377888 4873.16172160796 Inf
"59" 71.010101010101 3985.42398931656 334.495153250309 -Inf 3329.82553594275 3435.2284232951 3556.75120200155 3759.81043695896 3985.42398931656 4211.03754167417 4414.09677663158 4535.61955533802 4641.02244269038 Inf 4135.10847944938 361.950526865838 -Inf 3425.69848260704 3539.75284255711 3671.25021509478 3890.9765590003 4135.10847944938 4379.24039989846 4598.96674380399 4730.46411634165 4844.51847629172 Inf
"60" 71.7171717171717 3947.67256882589 334.478490085129 -Inf 3292.1067746557 3397.50441127211 3519.02113621629 3722.07025560241 3947.67256882589 4173.27488204937 4376.32400143548 4497.84072637966 4603.23836299608 Inf 4111.75749663921 361.93269278547 -Inf 3402.38245395209 3516.43119419871 3647.92208757822 3867.63760509454 4111.75749663921 4355.87738818388 4575.5929057002 4707.0837990797 4821.13253932633 Inf
"61" 72.4242424242424 3919.01815374058 334.479811532382 -Inf 3263.44976958137 3368.8478225995 3490.36502762819 3693.41494921447 3919.01815374058 4144.62135826669 4347.67127985297 4469.18848488167 4574.5865378998 Inf 4094.26683231048 361.934186636854 -Inf 3384.88886172845 3498.93807270312 3630.42950880191 3850.14593317836 4094.26683231048 4338.38773144259 4558.10415581905 4689.59559191784 4803.64480289251 Inf
"62" 73.1313131313131 3898.07368568769 334.544010286949 -Inf 3242.37947428167 3347.79775699231 3469.33828556088 3672.42717975965 3898.07368568769 4123.72019161573 4326.8090858145 4448.34961438307 4553.76789709371 Inf 4076.49690988277 362.003289203776 -Inf 3366.98350075833 3481.05448666758 3612.57102787138 3832.32940177756 4076.49690988277 4320.66441798799 4540.42279189417 4671.93933309797 4786.01031900721 Inf
"63" 73.8383838383838 3876.92091280232 334.665592261728 -Inf 3220.98840510456 3326.44499955475 3448.02969910539 3651.19240107848 3876.92091280232 4102.64942452615 4305.81212649924 4427.39682604988 4532.85342050007 Inf 4057.68905396542 362.133994509136 -Inf 3347.91946714989 3462.03163965464 3593.59566636532 3813.43338647144 4057.68905396542 4301.9447214594 4521.78244156552 4653.3464682762 4767.45864078095 Inf
"64" 74.5454545454545 3855.06243863319 334.760873385955 -Inf 3198.94318336355 3304.42980188286 3426.04911726234 3629.26966076768 3855.06243863319 4080.85521649871 4284.07576000404 4405.69507538352 4511.18169390284 Inf 4039.23741163925 362.236386465285 -Inf 3329.26714027736 3443.41157754803 3575.01280346745 3794.91268182035 4039.23741163925 4283.56214145816 4503.46201981106 4635.06324573047 4749.20768300115 Inf
"65" 75.2525252525253 3838.02091724083 334.826027797016 -Inf 3181.77396167207 3287.28111102115 3408.92409713248 3612.18419339287 3838.02091724083 4063.85764108878 4267.11773734917 4388.7607234605 4494.26787280958 Inf 4017.42296300137 362.30710296657 -Inf 3307.31408984385 3421.48081061653 3553.10772798663 3773.05053562718 4017.42296300137 4261.79539037556 4481.7381980161 4613.36511538621 4727.53183615889 Inf
"66" 75.959595959596 3826.66556541897 334.956906078454 -Inf 3170.16209313223 3275.71048358338 3397.40101804415 3600.74056551166 3826.66556541897 4052.59056532628 4255.93011279379 4377.62064725455 4483.1690377057 Inf 3991.68018119126 362.447313373351 -Inf 3281.29650068619 3395.50740321028 3527.18525931021 3747.21318333483 3991.68018119126 4236.14717904769 4456.17510307231 4587.85295917223 4702.06386169633 Inf
"67" 76.6666666666667 3815.2111776933 335.131183348275 -Inf 3158.36612823439 3263.96943525835 3385.72328501051 3589.16862955381 3815.2111776933 4041.2537258328 4244.6990703761 4366.45292012825 4472.05622715221 Inf 3972.74176707711 362.635499093408 -Inf 3261.98924933832 3376.25945113196 3508.0056754919 3728.14783988137 3972.74176707711 4217.33569427285 4437.47785866231 4569.22408302226 4683.4942848159 Inf
"68" 77.3737373737374 3799.77568533435 335.372853255885 -Inf 3142.45697156038 3248.13643127535 3369.97808020311 3573.57013331925 3799.77568533435 4025.98123734946 4229.57329046559 4351.41493939336 4457.09439910833 Inf 3967.33724558084 362.894556622615 -Inf 3256.07698441488 3370.42881791918 3502.26915841351 3722.56858673693 3967.33724558084 4212.10590442474 4432.40533274816 4564.24567324249 4678.59750674679 Inf
"69" 78.0808080808081 3783.63192789163 335.546609983069 -Inf 3125.9726571903 3231.7068694497 3353.61164455464 3557.309178745 3783.63192789163 4009.95467703825 4213.65221122861 4335.55698633355 4441.29119859295 Inf 3958.78631167026 363.081799799328 -Inf 3247.1590606216 3361.56989639027 3493.47826271668 3713.89135922287 3958.78631167026 4203.68126411766 4424.09436062384 4556.00272695026 4670.41356271893 Inf
"70" 78.7878787878788 3773.07474483677 335.918599472872 -Inf 3114.68638813281 3220.53781813336 3342.57773778677 3546.5010925921 3773.07474483677 3999.64839708145 4203.57175188678 4325.61167154018 4431.46310154074 Inf 3921.18461423045 363.48365044017 -Inf 3208.76975039857 3323.30721346638 3455.36157295898 3676.0186176447 3921.18461423045 4166.3506108162 4387.00765550192 4519.06201499452 4633.59947806233 Inf
"71" 79.4949494949495 3771.55750686215 337.184110740817 -Inf 3110.68879365099 3216.93899935971 3339.43868186549 3544.13028023849 3771.55750686215 3998.98473348581 4203.67633185881 4326.17601436459 4432.42622007332 Inf 3856.14547252876 364.840832491386 -Inf 3141.07058075603 3256.03570594531 3388.58313247483 3610.06407056031 3856.14547252876 4102.2268744972 4323.70781258269 4456.25523911221 4571.22036430148 Inf
"72" 80.2020202020202 3774.6083521471 339.498844183878 -Inf 3109.20284475372 3216.18244694541 3339.52307688267 3545.61986154166 3774.6083521471 4003.59684275254 4209.69362741153 4333.03425734878 4440.01385954048 Inf 3796.10621054383 367.331559213037 -Inf 3076.14958410134 3191.89956307853 3325.35187576043 3548.34483893109 3796.10621054383 4043.86758215657 4266.86054532724 4400.31285800914 4516.06283698633 Inf
"73" 80.9090909090909 3758.76897507225 343.6801827545 -Inf 3085.16819467328 3193.46537995716 3318.32509881656 3526.96021445882 3758.76897507225 3990.57773568567 4199.21285132793 4324.07257018733 4432.36975547121 Inf 3754.06901670265 371.816556100585 -Inf 3025.32195788979 3142.48520584 3277.56692713654 3503.2825606596 3754.06901670265 4004.8554727457 4230.57110626876 4365.6528275653 4482.81607551551 Inf
"74" 81.6161616161616 3670.72724341641 368.705792124578 -Inf 2948.07716996093 3064.26018396229 3198.2117582938 3422.03896579046 3670.72724341641 3919.41552104237 4143.24272853903 4277.19430287054 4393.3773168719 Inf 3675.26242192544 398.673555449067 -Inf 2893.87661165674 3019.5027782754 3164.34170279846 3406.36119510082 3675.26242192544 3944.16364875007 4186.18314105242 4331.02206557548 4456.64823219414 Inf
"75" 82.3232323232323 3439.98627642306 502.365294695586 -Inf 2455.36839173686 2613.66889938848 2796.17924653065 3101.14603429665 3439.98627642306 3778.82651854946 4083.79330631546 4266.30365345764 4424.60416110926 Inf 3456.78795592825 538.499357135142 -Inf 2401.3486102454 2571.03533523348 2766.67326174695 3093.57565905342 3456.78795592825 3820.00025280309 4146.90265010956 4342.54057662303 4512.2273016111 Inf
"76" 83.030303030303 3022.00587789658 814.431813781975 -Inf 1425.74885502027 1682.38475509263 1978.26951191496 2472.67996726703 3022.00587789658 3571.33178852612 4065.7422438782 4361.62700070053 4618.26290077288 Inf 3027.40461607935 861.089721195769 -Inf 1339.69977507801 1611.03806503986 1923.87373580655 2446.6084251336 3027.40461607935 3608.2008070251 4130.93549635215 4443.77116711884 4715.1094570807 Inf
"77" 83.7373737373737 2440.19028630877 1236.8473832318 -Inf 16.0139608018189 405.757382014494 855.106585988304 1605.94940376207 2440.19028630877 3274.43116885546 4025.27398662923 4474.62319060304 4864.36661181571 Inf 2412.31454333201 1295.04219813571 -Inf -125.921523473558 282.159686673286 752.651186864875 1538.82185461807 2412.31454333201 3285.80723204595 4071.97789979915 4542.46939999073 4950.55061013758 Inf
"78" 84.4444444444444 1786.27872554738 1653.00584828865 -Inf -1453.55320333246 -932.673939382204 -332.133507181322 671.343223862507 1786.27872554738 2901.21422723226 3904.69095827609 4505.23139047697 5026.11065442722 Inf 1724.65730545494 1720.18142604997 -Inf -1646.83633647774 -1104.7893521979 -479.843894120136 564.41256510656 1724.65730545494 2884.90204580332 3929.15850503002 4554.10396310778 5096.15094738762 Inf
"79" 85.1515151515152 1175.44470547176 1975.07539955964 -Inf -2695.63194441618 -2073.26522899654 -1355.71626490252 -156.723407395645 1175.44470547176 2507.61281833917 3706.60567584604 4424.15463994006 5046.52135535971 Inf 1098.0849011808 2047.44588153654 -Inf -2914.83528692568 -2269.66388305143 -1525.82257367019 -282.896359996773 1098.0849011808 2479.06616235838 3721.9923760318 4465.83368541304 5111.00508928729 Inf
"80" 85.8585858585859 692.127882297301 2174.43815324041 -Inf -3569.6925846637 -2884.50460064186 -2094.52673716786 -774.508364498655 692.127882297301 2158.76412909326 3478.78250176246 4268.76036523646 4953.9483492583 Inf 620.263196628275 2248.99347348143 -Inf -3787.68301286097 -3079.00187521785 -2261.93791021144 -896.659849492834 620.263196628275 2137.18624274938 3502.46430346799 4319.5282684744 5028.20940611752 Inf
"81" 86.5656565656566 363.881387322797 2273.05167030664 -Inf -4091.21802147683 -3374.95589682919 -2549.15153932245 -1169.26866596512 363.881387322797 1897.03144061071 3276.91431396804 4102.71867147478 4818.98079612243 Inf 310.154317732893 2348.20238384635 -Inf -4292.23778301706 -3552.29489015287 -2699.18812350096 -1273.68412155748 310.154317732893 1893.99275702326 3319.49675896675 4172.60352561866 4912.54641848284 Inf
"82" 87.2727272727273 170.680411174242 2311.77538989846 -Inf -4360.31609337278 -3631.85172359739 -2791.97895893761 -1388.58839406782 170.680411174242 1729.9492164163 3133.33978128609 3973.21254594587 4701.67691572126 Inf 137.039165400625 2386.98048258219 -Inf -4541.3566122605 -3789.19433883706 -2921.99940897699 -1472.95470401916 137.039165400625 1747.03303482041 3196.07773977824 4063.27266963831 4815.43494306175 Inf
"83" 87.979797979798 71.4213704236423 2323.78383014458 -Inf -4483.11124451628 -3750.86289084086 -2906.62743508538 -1495.94700468027 71.4213704236423 1638.78974552756 3049.47017593266 3893.70563168814 4625.95398536357 Inf 53.3730064198715 2398.95478653528 -Inf -4648.49197572925 -3892.55647510528 -3021.01125593513 -1564.697408282 53.3730064198715 1671.44342112175 3127.75726877487 3999.30248794502 4755.23798856899 Inf
"84" 88.6868686868687 26.6680997909092 2326.7220898295 -Inf -4533.62339830868 -3800.44916857326 -2955.1462370173 -1542.6821013539 26.6680997909092 1596.01830093572 3008.48243659911 3853.78536815508 4586.9595978905 Inf 18.2511616111103 2401.87357987961 -Inf -4689.33455037122 -3932.47930773279 -3059.87368492382 -1601.78794928446 18.2511616111103 1638.29027250668 3096.37600814604 3968.98163095501 4725.83687359344 Inf
"85" 89.3939393939394 8.88775497611101 2327.291034265 -Inf -4552.51885372626 -3819.16534370632 -2973.65571346412 -1560.84619335887 8.88775497611101 1578.62170331109 2991.43122341634 3836.94085365854 4570.29436367849 Inf 5.4421604259597 2402.43687270174 -Inf -4703.24758520048 -3946.21484315945 -3073.40457490703 -1614.97688570449 5.4421604259597 1625.86120655641 3084.28889575895 3957.09916401136 4714.1319060524 Inf
"86" 90.1010101010101 2.64418974194668 2327.3786189612 -Inf -4558.93408181058 -3825.55297294569 -2980.01152300281 -1567.1488335729 2.64418974194668 1572.43721305679 2985.2999024867 3830.84135242959 4564.22246129447 Inf 1.39744775216648 2402.52333527382 -Inf -4707.46176140157 -3950.40177410853 -3077.56009382544 -1619.07991649693 1.39744775216648 1621.87481200126 3080.35498932977 3953.19666961286 4710.2566569059 Inf
"87" 90.8080808080808 0.702190850681929 2327.38938792992 -Inf -4560.89718749268 -3827.51268521421 -2981.9673228828 -1569.09809602318 0.702190850681929 1570.50247772454 2983.37170458416 3828.91706691557 4562.30156919404 Inf 0.30142089563986 2402.53393924098 -Inf -4708.57857165183 -3951.5152429389 -3078.66971021268 -1620.18309562062 0.30142089563986 1620.7859374119 3079.27255200396 3952.11808473018 4709.18141344311 Inf
"88" 91.5151515151515 0.16637662791332 2327.39044973191 -Inf -4561.43508280911 -3828.05024594584 -2982.50449785957 -1569.63462642051 0.16637662791332 1569.96737967634 2982.8372511154 3828.38299920166 4561.76783606494 Inf 0.0514890134955995 2402.53498243843 -Inf -4708.83054816339 -3951.76689072814 -3078.92097900614 -1620.43373112875 0.0514890134955995 1620.53670915574 3079.02395703313 3951.86986875513 4708.93352619038 Inf
"89" 92.2222222222222 0.0351409691368822 2327.39053396225 -Inf -4561.56648355631 -3828.18162015119 -2982.63584146386 -1569.76591889178 0.0351409691368822 1569.83620083006 2982.70612340214 3828.25190208946 4561.63676549458 Inf 0.00568496863196091 2402.53506502969 -Inf -4708.87651408416 -3951.81283062355 -3078.96688889597 -1620.47959088057 0.00568496863196091 1620.49096081784 3078.97825883324 3951.82420056081 4708.88788402143 Inf
"90" 92.9292929292929 0.00660615331220621 2327.39053935265 -Inf -4561.59502893713 -3828.21016383344 -2982.66438318777 -1569.79445734338 0.00660615331220621 1569.80766965001 2982.67759549439 3828.22337614006 4561.60824124376 Inf -0.00016363876733089 2402.53507030596 -Inf -4708.88237303286 -3951.81868790964 -3078.97274426518 -1620.48544304676 -0.00016363876733089 1620.48511576923 3078.97241698765 3951.8183606321 4708.88204575532 Inf
"91" 93.6363636363636 0.00110260715838238 2327.39053963156 -Inf -4561.60053302994 -3828.21566783836 -2982.66988709136 -1569.79996107766 0.00110260715838238 1569.80216629197 2982.67209230568 3828.21787305268 4561.60273824426 Inf -0.00029454714103469 2402.53507057854 -Inf -4708.88250447548 -3951.81881926637 -3078.97287552288 -1620.48557413899 -0.00029454714103469 1620.48498504471 3078.9722864286 3951.81823017208 4708.8819153812 Inf
"92" 94.3434343434343 0.000162753299765811 2327.39053964325 -Inf -4561.60147290671 -3828.21660771145 -2982.6708269602 -1569.8009009394 0.000162753299765811 1569.801226446 2982.6711524668 3828.21693321804 4561.60179841331 Inf -9.65373266102903e-05 2402.53507058995 -Inf -4708.88230648803 -3951.81862127532 -3078.97267752769 -1620.48537613687 -9.65373266102903e-05 1620.48518306221 3078.97248445303 3951.81842820066 4708.88211341337 Inf
"93" 95.0505050505051 2.1112416285292e-05 2327.39053964365 -Inf -4561.60161454838 -3828.21674935299 -2982.6709686016 -1569.80104258055 2.1112416285292e-05 1569.80108480538 2982.67101082643 3828.21679157781 4561.60165677321 Inf -2.22072678351282e-05 2402.53507059034 -Inf -4708.88223215873 -3951.8185469459 -3078.97260319812 -1620.48530180707 -2.22072678351282e-05 1620.48525739253 3078.97255878359 3951.81850253136 4708.88218774419 Inf
"94" 95.7575757575758 2.38128724747544e-06 2327.39053964366 -Inf -4561.60163327953 -3828.21676808413 -2982.67098733274 -1569.80106131169 2.38128724747544e-06 1569.80106607426 2982.67099209531 3828.2167728467 4561.6016380421 Inf -4.13990030638928e-06 2402.53507059035 -Inf -4708.88221409138 -3951.81852887855 -3078.97258513077 -1620.48528373971 -4.13990030638928e-06 1620.48527545991 3078.97257685097 3951.81852059874 4708.88220581158 Inf
"95" 96.4646464646465 2.2897423723937e-07 2327.39053964366 -Inf -4561.60163543184 -3828.21677023645 -2982.67098948505 -1569.801063464 2.2897423723937e-07 1569.80106392195 2982.670989943 3828.21677069439 4561.60163588979 Inf -6.5618837701572e-07 2402.53507059035 -Inf -4708.88221060767 -3951.81852539484 -3078.97258164706 -1620.485280256 -6.5618837701572e-07 1620.48527894362 3078.97258033468 3951.81852408246 4708.88220929529 Inf
"96" 97.1717171717172 1.799163194424e-08 2327.39053964366 -Inf -4561.60163564282 -3828.21677044743 -2982.67098969603 -1569.80106367498 1.799163194424e-08 1569.80106371097 2982.67098973202 3828.21677048341 4561.60163567881 Inf -9.04078837018263e-08 2402.53507059035 -Inf -4708.88221004189 -3951.81852482906 -3078.97258108128 -1620.48527969022 -9.04078837018263e-08 1620.4852795094 3078.97258090046 3951.81852464824 4708.88220986107 Inf
"97" 97.8787878787879 1.02370250143658e-09 2327.39053964366 -Inf -4561.60163565979 -3828.2167704644 -2982.670989713 -1569.80106369195 1.02370250143658e-09 1569.801063694 2982.67098971505 3828.21677046644 4561.60163566184 Inf -1.09587468362892e-08 2402.53507059035 -Inf -4708.88220996244 -3951.81852474961 -3078.97258100183 -1620.48527961077 -1.09587468362892e-08 1620.48527958885 3078.97258097991 3951.81852472769 4708.88220994052 Inf
"98" 98.5858585858586 1.87660423649701e-11 2327.39053964366 -Inf -4561.6016356608 -3828.2167704654 -2982.67098971401 -1569.80106369296 1.87660423649701e-11 1569.801063693 2982.67098971404 3828.21677046544 4561.60163566083 Inf -1.1772762051302e-09 2402.53507059035 -Inf -4708.88220995266 -3951.81852473983 -3078.97258099205 -1620.48527960099 -1.1772762051302e-09 1620.48527959863 3078.97258098969 3951.81852473747 4708.8822099503 Inf
"99" 99.2929292929293 -4.79128658658424e-12 2327.39053964366 -Inf -4561.60163566082 -3828.21677046542 -2982.67098971403 -1569.80106369298 -4.79128658658424e-12 1569.80106369297 2982.67098971402 3828.21677046541 4561.60163566081 Inf -1.12628533700231e-10 2402.53507059035 -Inf -4708.88220995159 -3951.81852473876 -3078.97258099098 -1620.48527959992 -1.12628533700231e-10 1620.4852795997 3078.97258099076 3951.81852473853 4708.88220995137 Inf
"100" 100 -8.42942183165946e-13 2327.39053964366 -Inf -4561.60163566082 -3828.21677046542 -2982.67098971403 -1569.80106369298 -8.42942183165946e-13 1569.80106369298 2982.67098971403 3828.21677046542 4561.60163566081 Inf -9.62764264806081e-12 2402.53507059035 -Inf -4708.88220995149 -3951.81852473866 -3078.97258099088 -1620.48527959982 -9.62764264806081e-12 1620.4852795998 3078.97258099086 3951.81852473864 4708.88220995147 Inf
