"mid_age" "mean_left" "std_left" "min_left" "l.q2.5" "l.q5" "l.q10" "l.q25" "l.q50" "l.q75" "l.q90" "l.q95" "l.q97.5" "max_left" "mean_right" "std_right" "min_right" "r.q2.5" "r.q5" "r.q10" "r.q25" "r.q50" "r.q75" "r.q90" "r.q95" "r.q97.5" "max_right"
"1" 30 8.11026598557868e-13 2497.51661200579 -Inf -4895.04261032184 -4108.04925762928 -3200.69632408967 -1684.54935574235 8.11026598557868e-13 1684.54935574235 3200.69632408967 4108.04925762928 4895.04261032184 Inf -3.53918761460283e-12 2547.24252595756 -Inf -4992.50361076565 -4189.84110754632 -3264.42264696269 -1718.08897502195 -3.53918761460283e-12 1718.08897502194 3264.42264696269 4189.84110754631 4992.50361076564 Inf
"2" 30.7070707070707 1.09126433481778e-11 2497.51661200579 -Inf -4895.04261032183 -4108.04925762927 -3200.69632408966 -1684.54935574234 1.09126433481778e-11 1684.54935574236 3200.69632408968 4108.04925762929 4895.04261032185 Inf -4.48761236417853e-11 2547.24252595756 -Inf -4992.50361076569 -4189.84110754636 -3264.42264696273 -1718.08897502199 -4.48761236417853e-11 1718.0889750219 3264.42264696264 4189.84110754627 4992.5036107656 Inf
"3" 31.4141414141414 1.32309801035096e-10 2497.51661200579 -Inf -4895.04261032171 -4108.04925762915 -3200.69632408953 -1684.54935574222 1.32309801035096e-10 1684.54935574248 3200.6963240898 4108.04925762941 4895.04261032197 Inf -5.12622843712795e-10 2547.24252595756 -Inf -4992.50361076616 -4189.84110754683 -3264.4226469632 -1718.08897502246 -5.12622843712795e-10 1718.08897502144 3264.42264696218 4189.8411075458 4992.50361076513 Inf
"4" 32.1212121212121 1.44457227195638e-09 2497.51661200579 -Inf -4895.0426103204 -4108.04925762783 -3200.69632408822 -1684.5493557409 1.44457227195638e-09 1684.54935574379 3200.69632409111 4108.04925763072 4895.04261032329 Inf -5.27196163457206e-09 2547.24252595756 -Inf -4992.50361077091 -4189.84110755159 -3264.42264696796 -1718.08897502722 -5.27196163457206e-09 1718.08897501668 3264.42264695742 4189.84110754104 4992.50361076037 Inf
"5" 32.8282828282828 1.41920090110748e-08 2497.51661200579 -Inf -4895.04261030765 -4108.04925761509 -3200.69632407547 -1684.54935572816 1.41920090110748e-08 1684.54935575654 3200.69632410386 4108.04925764347 4895.04261033603 Inf -4.87751655123809e-08 2547.24252595756 -Inf -4992.50361081442 -4189.84110759509 -3264.42264701146 -1718.08897507072 -4.87751655123809e-08 1718.08897497317 3264.42264691391 4189.84110749754 4992.50361071687 Inf
"6" 33.5353535353535 1.25349413366216e-07 2497.51661200579 -Inf -4895.04261019649 -4108.04925750393 -3200.69632396432 -1684.549355617 1.25349413366216e-07 1684.5493558677 3200.69632421502 4108.04925775462 4895.04261044719 Inf -4.05563272468588e-07 2547.24252595756 -Inf -4992.50361117121 -4189.84110795188 -3264.42264736825 -1718.08897542751 -4.05563272468588e-07 1718.08897461638 3264.42264655713 4189.84110714075 4992.50361036008 Inf
"7" 34.2424242424242 9.94313297943769e-07 2497.51661200579 -Inf -4895.04260932753 -4108.04925663496 -3200.69632309535 -1684.54935474804 9.94313297943769e-07 1684.54935673666 3200.69632508398 4108.04925862359 4895.04261131616 Inf -3.02709300324176e-06 2547.24252595756 -Inf -4992.50361379274 -4189.84111057341 -3264.42264998978 -1718.08897804904 -3.02709300324176e-06 1718.08897199485 3264.4226439356 4189.84110451922 4992.50360773855 Inf
"8" 34.9494949494949 7.07477618224509e-06 2497.51661200579 -Inf -4895.04260324707 -4108.0492505545 -3200.69631701489 -1684.54934866757 7.07477618224509e-06 1684.54936281713 3200.69633116444 4108.04926470405 4895.04261739662 Inf -2.02500163883052e-05 2547.24252595755 -Inf -4992.50363101566 -4189.84112779633 -3264.4226672127 -1718.08899527196 -2.02500163883052e-05 1718.08895477193 3264.42262671267 4189.8410872963 4992.50359051562 Inf
"9" 35.6565656565657 4.5087483883343e-05 2497.51661200576 -Inf -4895.04256523429 -4108.04921254174 -3200.69627900214 -1684.54931065484 4.5087483883343e-05 1684.54940082981 3200.69636917711 4108.0493027167 4895.04265540926 Inf -0.000121162853064649 2547.24252595752 -Inf -4992.50373192843 -4189.84122870911 -3264.4227681255 -1718.08909618478 -0.000121162853064649 1718.08885385907 3264.42252579979 4189.8409863834 4992.50348960272 Inf
"10" 36.3636363636364 0.000256919418395899 2497.51661200463 -Inf -4895.04235340015 -4108.04900070795 -3200.69606716876 -1684.54909882215 0.000256919418395899 1684.54961266099 3200.6965810076 4108.04951454679 4895.04286723899 Inf -0.000646624916760981 2547.2425259564 -Inf -4992.5042573883 -4189.84175416934 -3264.42329358613 -1718.08962164609 -0.000646624916760981 1718.08832839625 3264.4220003363 4189.8404609195 4992.50296413847 Inf
"11" 37.0707070707071 0.00130627873842073 2497.51661197424 -Inf -4895.04130398127 -4108.04795129864 -3200.69501777049 -1684.54804944233 0.00130627873842073 1684.55066199981 3200.69763032797 4108.05056385612 4895.04391653874 Inf -0.00306599773698022 2547.24252592617 -Inf -4992.50667670186 -4189.84417349243 -3264.4257129202 -1718.09204099851 -0.00306599773698022 1718.08590900304 3264.41958092473 4189.83804149695 4992.50054470639 Inf
"12" 37.7777777777778 0.00591170341582517 2497.51661130637 -Inf -4895.03669724759 -4108.04334477542 -3200.69041148991 -1684.54344356718 0.00591170341582517 1684.55526697402 3200.70223489674 4108.05516818225 4895.04852065442 Inf -0.0128410511946772 2547.24252526137 -Inf -4992.51645045234 -4189.85394745239 -3264.43548712169 -1718.10181560357 -0.0128410511946772 1718.07613350119 3264.4098050193 4189.82826535 4992.49076834995 Inf
"13" 38.4848484848485 0.0237471097901371 2497.51659940147 -Inf -4895.01883850804 -4108.02548978723 -3200.67256082679 -1684.52560013108 0.0237471097901371 1684.57309435066 3200.72005504637 4108.07298400681 4895.06633272762 Inf -0.0470685914325095 2547.24251340342 -Inf -4992.55065475142 -4189.88815548803 -3264.46969946535 -1718.13603514575 -0.0470685914325095 1718.04189796288 3264.37556228249 4189.79401830517 4992.45651756856 Inf
"14" 39.1919191919192 0.0844161767752331 2497.51642753818 -Inf -4894.9578325952 -4107.96453803029 -3200.61167150814 -1684.46481514406 0.0844161767752331 1684.63364749761 3200.78050386169 4108.13337038383 4895.12666494875 Inf -0.148593865670614 2547.24234209192 -Inf -4992.65184426129 -4189.98939897993 -3264.57100519507 -1718.23744487213 -0.148593865670614 1717.94025714079 3264.27381746373 4189.69221124859 4992.35465652995 Inf
"15" 39.8989898989899 0.264854563678937 2497.51442211881 -Inf -4894.77346365855 -4107.78080102205 -3200.4286630729 -1684.28302412235 0.264854563678937 1684.8127332497 3200.95837220026 4108.31051014941 4895.30317278591 Inf -0.391337314649532 2547.2403414557 -Inf -4992.89066653532 -4190.22885167516 -3264.81118472556 -1718.47883891248 -0.391337314649532 1717.69616428319 3264.02851009626 4189.44617704586 4992.10799190602 Inf
"16" 40.6060606060606 0.73291521481345 2497.4955534918 -Inf -4894.26842117804 -4107.28170424135 -3199.93642130328 -1683.80223677569 0.73291521481345 1685.26806720532 3201.40225173291 4108.74753467097 4895.73425160766 Inf -0.793740689617659 2547.22150016671 -Inf -4993.25614166246 -4190.60026388761 -3265.18944201713 -1718.86853403115 -0.793740689617659 1717.28105265192 3263.6019606379 4189.01278250837 4991.66866028322 Inf
"17" 41.3131313131313 1.79844667037212 2497.35283028408 -Inf -4892.92315737559 -4105.98141399992 -3198.68798269743 -1682.64043997941 1.79844667037212 1686.23733332016 3202.28487603817 4109.57830734066 4896.52005071634 Inf -0.885344627809283 2547.07883103377 -Inf -4993.06811923838 -4190.45719798503 -3265.09820810465 -1718.86390910151 -0.885344627809283 1717.09321984589 3263.32751884903 4188.68650872941 4991.29742998277 Inf
"18" 42.020202020202 3.99535008720073 2496.48806261583 -Inf -4889.031340474 -4102.3620943475 -3195.38283492152 -1679.86025963405 3.99535008720073 1687.85095980845 3203.37353509592 4110.3527945219 4897.0220406484 Inf 1.60993547898198 2546.21332569913 -Inf -4988.87647984727 -4186.53828828941 -3261.49373828127 -1715.78485451776 1.60993547898198 1719.00472547573 3264.71360923923 4189.75815924737 4992.09635080524 Inf
"19" 42.7272727272727 8.45650450360201 2492.30807215906 -Inf -4876.37755530661 -4091.02546746766 -3185.56480719129 -1672.57974449864 8.45650450360201 1689.49275350585 3202.47781619849 4107.93847647487 4893.29056431382 Inf 13.6950676011626 2542.02381663208 -Inf -4968.58006084076 -4167.56202698314 -3244.03953425534 -1700.8739414715 13.6950676011626 1728.26407667383 3271.42966945767 4194.95216218546 4995.97019604309 Inf
"20" 43.4343434343434 18.5106628687638 2476.25085129473 -Inf -4834.85182235556 -4054.55953112505 -3154.93249228915 -1651.69515524386 18.5106628687638 1688.71648098138 3191.95381802668 4091.58085686258 4871.87314809309 Inf 51.8713833976468 2525.90371614703 -Inf -4898.80892866642 -4102.870505437 -3185.20447844551 -1651.82478312572 51.8713833976468 1755.56754992101 3288.9472452408 4206.61327223229 5002.55169546171 Inf
"21" 44.1414141414141 44.3206739766711 2427.31670268204 -Inf -4713.13264235264 -3948.26000818977 -3066.41084641805 -1592.87956246211 44.3206739766711 1681.52091041545 3155.05219437139 4036.90135614311 4801.77399030598 Inf 147.201843799527 2476.68724703836 -Inf -4707.0159613653 -3926.58615731597 -3026.80057500682 -1523.29831876919 147.201843799527 1817.70200636825 3321.20426260588 4220.98984491502 5001.41964896436 Inf
"22" 44.8484848484848 111.978164389171 2308.75274203884 -Inf -4413.09405921504 -3685.58215708756 -2846.80752662609 -1445.25189585312 111.978164389171 1669.20822463146 3070.76385540443 3909.53848586591 4637.05038799338 Inf 346.187573511366 2357.19670766757 -Inf -4273.83307799346 -3531.05598053371 -2674.68155749659 -1243.71744500636 346.187573511366 1936.09259202909 3367.05670451932 4223.43112755644 4966.20822501619 Inf
"23" 45.5555555555556 274.051356758779 2078.92269703068 -Inf -3800.56225606423 -3145.47218160387 -2390.19528026709 -1128.16069383841 274.051356758779 1676.26340735597 2938.29799378465 3693.57489512143 4348.66496958178 Inf 701.17696122025 2125.0594183666 -Inf -3463.86296378592 -2794.23473056744 -2022.19626326277 -732.153835025669 701.17696122025 2134.50775746617 3424.55018570327 4196.58865300794 4866.21688622642 Inf
"24" 46.2626262626263 609.711009239601 1720.00200149534 -Inf -2761.43096702807 -2219.4405212838 -1594.5602485166 -550.412711085751 609.711009239601 1769.83472956495 2813.9822669958 3438.862539763 3980.85298550727 Inf 1247.06400937385 1761.65982433317 -Inf -2205.72579933032 -1650.60854213526 -1010.59389645735 58.8425145289 1247.06400937385 2435.28550421881 3504.72191520505 4144.73656088296 4699.85381807802 Inf
"25" 46.969696969697 1196.97447882539 1268.02949669462 -Inf -1288.31766603051 -888.748437894196 -428.070707820324 341.701580358579 1196.97447882539 2052.24737729221 2822.01966547111 3282.69739554498 3682.26662368129 Inf 1970.64213681596 1302.8024725219 -Inf -582.803788296704 -172.277235313039 301.033588560137 1091.91522256982 1970.64213681596 2849.36905106209 3640.25068507178 4113.56150894495 4524.08806192862 Inf
"26" 47.6767676767677 2052.39857684289 818.104424049485 -Inf 448.943370113018 706.736547720051 1003.95557142331 1500.59552823145 2052.39857684289 2604.20162545434 3100.84158226247 3398.06060596573 3655.85378357277 Inf 2790.68620215346 844.601606457927 -Inf 1135.29747221125 1401.4401864421 1708.28569113582 2221.01107559844 2790.68620215346 3360.36132870847 3873.0867131711 4179.93221786482 4446.07493209567 Inf
"27" 48.3838383838384 3069.5810160964 497.135416736968 -Inf 2095.21350385263 2251.86602279057 2432.47634448947 2734.26827304786 3069.5810160964 3404.89375914494 3706.68568770333 3887.29600940223 4043.94852834017 Inf 3570.14515341174 516.526677261667 -Inf 2557.77146892473 2720.5343749007 2908.1895815215 3221.75320389591 3570.14515341174 3918.53710292757 4232.10072530198 4419.75593192278 4582.51883789875 Inf
"28" 49.0909090909091 4019.1153547837 387.247191492931 -Inf 3260.12480634327 3382.15040732978 3522.83811027319 3757.9210933295 4019.1153547837 4280.3096162379 4515.39259929422 4656.08030223762 4778.10590322413 Inf 4167.51125949522 403.426258677351 -Inf 3376.81032206987 3503.93411470232 3650.49970610546 3895.40438305739 4167.51125949522 4439.61813593304 4684.52281288498 4831.08840428812 4958.21219692057 Inf
"29" 49.7979797979798 4649.48930673507 390.790562488188 -Inf 3883.55387876007 4006.69603264797 4148.67104957828 4385.90507786343 4649.48930673507 4913.07353560672 5150.30756389187 5292.28258082218 5415.42473471007 Inf 4505.15836779315 406.9122116055 -Inf 3707.62508817683 3835.847340683 3983.67938597091 4230.70025183562 4505.15836779315 4779.61648375068 5026.6373496154 5174.4693949033 5302.69164740947 Inf
"30" 50.5050505050505 4840.67403362845 389.295257826476 -Inf 4077.66934893632 4200.34031683756 4341.77208650184 4578.09837242455 4840.67403362845 5103.24969483235 5339.57598075506 5481.00775041934 5603.67871832058 Inf 4608.40456631823 405.365296620469 -Inf 3813.90318435971 3941.63798793179 4088.90803581682 4334.98982866253 4608.40456631823 4881.81930397393 5127.90109681964 5275.17114470467 5402.90594827675 Inf
"31" 51.2121212121212 4686.2297966487 370.46723712032 -Inf 3960.12735444081 4076.86541800465 4211.45692893417 4436.35344242758 4686.2297966487 4936.10615086982 5161.00266436323 5295.59417529275 5412.33223885659 Inf 4578.67984113688 385.89256838898 -Inf 3822.34430519282 3943.94305040865 4084.13861598596 4318.39925908168 4578.67984113688 4838.96042319209 5073.22106628781 5213.41663186512 5335.01537708094 Inf
"32" 51.9191919191919 4418.0708213542 358.663249578046 -Inf 3715.10376960313 3828.12227443155 3958.42537235414 4176.15613574179 4418.0708213542 4659.98550696661 4877.71627035426 5008.01936827685 5121.03787310527 Inf 4515.51305183982 373.682893981379 -Inf 3783.10803799762 3900.85938834483 4036.61915404075 4263.46777002577 4515.51305183982 4767.55833365387 4994.4069496389 5130.16671533482 5247.91806568203 Inf
"33" 52.6262626262626 4232.58708123734 358.341596688239 -Inf 3530.25045756582 3643.16760623711 3773.35384700178 3990.88934720223 4232.58708123734 4474.28481527246 4691.82031547291 4822.00655623757 4934.92370490887 Inf 4455.65367448732 373.309095283552 -Inf 3723.98129263033 3841.6148551362 3977.23881899465 4203.86051606359 4455.65367448732 4707.44683291105 4934.06852998 5069.69249383844 5187.32605634431 Inf
"34" 53.3333333333333 4177.62539523192 356.02314807529 -Inf 3479.83284734178 3592.0194288416 3721.36337244591 3937.49143102259 4177.62539523192 4417.75935944124 4633.88741801792 4763.23136162224 4875.41794312205 Inf 4388.42746567813 370.912255393138 -Inf 3661.45280368306 3778.33109711398 3913.08428409938 4138.25095119335 4388.42746567813 4638.60398016292 4863.77064725689 4998.52383424229 5115.40212767321 Inf
"35" 54.040404040404 4191.16986434207 353.773160373125 -Inf 3497.78721131384 3609.26479838425 3737.79131681823 3952.55349377593 4191.16986434207 4429.78623490822 4644.54841186591 4773.07493029989 4884.55251737031 Inf 4323.47005195265 368.596523165026 -Inf 3601.03414172252 3717.18272394295 3851.09460063621 4074.85547511993 4323.47005195265 4572.08462878537 4795.84550326909 4929.75737996235 5045.90596218279 Inf
"36" 54.7474747474747 4217.04166594792 356.498057557808 -Inf 3518.31831257613 3630.65454297281 3760.1710221711 3976.58738016037 4217.04166594792 4457.49595173548 4673.91230972474 4803.42878892304 4915.76501931971 Inf 4318.58851730185 371.398427501745 -Inf 3590.66097548362 3707.69246678153 3842.62228109619 4068.08408471298 4318.58851730185 4569.09294989072 4794.55475350752 4929.48456782217 5046.51605912008 Inf
"37" 55.4545454545455 4257.52549474047 357.030428175802 -Inf 3557.75871413098 3670.26270002346 3799.97259056471 4016.71213042777 4257.52549474047 4498.33885905316 4715.07839891623 4844.78828945747 4957.29227534995 Inf 4419.4169936927 371.956525098006 -Inf 3690.39560068594 3807.60295431698 3942.73552663882 4168.53612999555 4419.4169936927 4670.29785738986 4896.09846074658 5031.23103306843 5148.43838669946 Inf
"38" 56.1616161616162 4326.57056727983 355.00036190415 -Inf 3630.78264344901 3742.6469344327 3871.61929771267 4087.12646185958 4326.57056727983 4566.01467270008 4781.521836847 4910.49420012696 5022.35849111065 Inf 4581.71414706029 369.869521536362 -Inf 3856.78320586996 3973.3329230624 4107.70728268813 4332.24094587409 4581.71414706029 4831.1873482465 5055.72101143245 5190.09537105818 5306.64508825062 Inf
"39" 56.8686868686869 4393.99932034007 356.399878520652 -Inf 3695.46839434514 3807.77368751031 3937.25449806202 4153.61125530676 4393.99932034007 4634.38738537338 4850.74414261812 4980.22495316983 5092.530246335 Inf 4686.59672921162 371.309303663631 -Inf 3958.84386690626 4075.84727435967 4210.74470980022 4436.15240973806 4686.59672921162 4937.04104868519 5162.44874862303 5297.34618406357 5414.34959151699 Inf
"40" 57.5757575757576 4402.76692559063 358.453728562482 -Inf 3700.21052748407 3813.16301007036 3943.38998857609 4160.99355975567 4402.76692559063 4644.5402914256 4862.14386260518 4992.37084111091 5105.3233236972 Inf 4650.13509163773 373.436686635758 -Inf 3918.21263532568 4035.88640318816 4171.55672124789 4398.25587415473 4650.13509163773 4902.01430912074 5128.71346202758 5264.3837800873 5382.05754794979 Inf
"41" 58.2828282828283 4332.0880731258 356.672364186968 -Inf 3633.02308503859 3745.41424125951 3874.9940464155 4091.51621930349 4332.0880731258 4572.65992694812 4789.18209983611 4918.76190499209 5031.15306121301 Inf 4505.30477405037 371.591161041822 -Inf 3776.99948143498 3894.09170506762 4029.09153987469 4254.6703446642 4505.30477405037 4755.93920343654 4981.51800822605 5116.51784303312 5233.61006666577 Inf
"42" 58.989898989899 4223.79547628528 353.386003917847 -Inf 3531.17163596577 3642.52722602712 3770.91308972281 3985.44023877994 4223.79547628528 4462.15071379062 4676.67786284774 4805.06372654343 4916.41931660479 Inf 4362.8008805679 368.186651688224 -Inf 3641.16830367059 3757.18773114341 3890.95070068424 4114.46275784518 4362.8008805679 4611.13900329063 4834.65106045157 4968.4140299924 5084.43345746521 Inf
"43" 59.6969696969697 4144.09897240788 353.047385817502 -Inf 3452.13881136956 3563.38769936023 3691.65054240203 3905.97212934046 4144.09897240788 4382.22581547531 4596.54740241373 4724.81024545554 4836.0591334462 Inf 4302.50443966019 367.835100807087 -Inf 3581.56088982863 3697.46953997759 3831.10479035861 4054.40343440346 4302.50443966019 4550.60544491691 4773.90408896177 4907.53933934278 5023.44798949174 Inf
"44" 60.4040404040404 4127.08306328541 354.439803123844 -Inf 3432.39381447521 3544.08146758119 3672.85017870072 3888.01704901686 4127.08306328541 4366.14907755396 4581.31594787009 4710.08465898963 4821.77231209561 Inf 4318.30128799861 369.268019455771 -Inf 3594.54926922286 3710.90944687959 3845.06527955951 4069.23379380048 4318.30128799861 4567.36878219673 4791.5372964377 4925.69312911762 5042.05330677435 Inf
"45" 61.1111111111111 4152.76449798145 353.899631165235 -Inf 3459.13396675558 3570.65140608252 3699.22387161598 3914.06282416232 4152.76449798145 4391.46617180057 4606.30512434691 4734.87758988037 4846.39502920732 Inf 4355.38530442006 368.716740189846 -Inf 3632.71377315095 3748.90023700106 3882.85578878726 4106.68964243629 4355.38530442006 4604.08096640382 4827.91482005286 4961.87037183905 5078.05683568917 Inf
"46" 61.8181818181818 4170.59503736786 352.46899073603 -Inf 3479.76850985806 3590.83513956778 3718.88785048418 3932.85831585445 4170.59503736786 4408.33175888127 4622.30222425155 4750.35493516795 4861.42156487766 Inf 4370.7900338484 367.231320019857 -Inf 3651.02987261437 3766.74826518356 3900.16416075994 4123.09627254402 4370.7900338484 4618.48379515277 4841.41590693685 4974.83180251323 5090.55019508242 Inf
"47" 62.5252525252525 4146.54691871921 351.363248152979 -Inf 3457.88760684837 3568.60580561734 3696.25679797393 3909.55600924443 4146.54691871921 4383.537828194 4596.8370394645 4724.48803182109 4835.20623059006 Inf 4352.61953595712 366.080934409249 -Inf 3635.11408908823 3750.46998323629 3883.46794134892 4105.70169795588 4352.61953595712 4599.53737395837 4821.77113056533 4954.76908867796 5070.12498282602 Inf
"48" 63.2323232323232 4098.89488555011 351.358077739918 -Inf 3410.24570750265 3520.96227702091 3648.61139095578 3861.90746346594 4098.89488555011 4335.88230763429 4549.17838014445 4676.82749407931 4787.54406359758 Inf 4310.39787860412 366.081424252695 -Inf 3592.89147165971 3708.24752016251 3841.24565623628 4063.47971020849 4310.39787860412 4557.31604699974 4779.55010097195 4912.54823704572 5027.90428554853 Inf
"49" 63.9393939393939 4086.94483559697 352.511939390767 -Inf 3396.0341302707 3507.11429354637 3635.18260779757 3849.17914565616 4086.94483559697 4324.71052553779 4538.70706339637 4666.77537764757 4777.85554092324 Inf 4271.57903007022 367.267383104264 -Inf 3551.74818648959 3667.4779429102 3800.90694027948 4023.86094458506 4271.57903007022 4519.29711555539 4742.25111986096 4875.68011723025 4991.40987365085 Inf
"50" 64.6464646464646 4148.49114183343 351.767397770759 -Inf 3459.03971126737 3569.88526176692 3697.68308251277 3911.22763758391 4148.49114183343 4385.75464608296 4599.2992011541 4727.09702189995 4837.9425723995 Inf 4274.92472087772 366.496605858262 -Inf 3556.60457293935 3672.09144946635 3805.24042187328 4027.72651674467 4274.92472087772 4522.12292501077 4744.60901988215 4877.75799228908 4993.24486881608 Inf
"51" 65.3535353535354 4242.67325923826 349.496183606018 -Inf 3557.67332663627 3667.80319402821 3794.77587798611 4006.94166566335 4242.67325923826 4478.40485281317 4690.57064049042 4817.54332444832 4927.67319184025 Inf 4337.1822002012 364.145199040056 -Inf 3623.47072493953 3738.2166488232 3870.51135028587 4091.56999586558 4337.1822002012 4582.79440453683 4803.85305011654 4936.14775157921 5050.89367546288 Inf
"52" 66.0606060606061 4271.87628087999 348.285248317165 -Inf 3589.24973783176 3698.99802697181 3825.53077564304 4036.96145074557 4271.87628087999 4506.79111101442 4718.22178611694 4844.75453478817 4954.50282392822 Inf 4418.47672799896 362.88489656531 -Inf 3707.23540019741 3821.5841897176 3953.4210206932 4173.71458476469 4418.47672799896 4663.23887123323 4883.53243530472 5015.36926628032 5129.71805580051 Inf
"53" 66.7676767676768 4177.01684927266 348.291127657011 -Inf 3494.37878293008 3604.12892471101 3730.66380935852 3942.09805358377 4177.01684927266 4411.93564496155 4623.3698891868 4749.90477383431 4859.65491561525 Inf 4439.9745027508 362.892525093692 -Inf 3728.71822330836 3843.06941665686 3974.90901909254 4195.20721415233 4439.9745027508 4684.74179134926 4905.03998640905 5036.87958884473 5151.23078219323 Inf
"54" 67.4747474747475 4004.99929082814 349.419934063643 -Inf 3320.14880458304 3430.25464495441 3557.19962729639 3769.31912678802 4004.99929082814 4240.67945486826 4452.79895435989 4579.74393670187 4689.84977707324 Inf 4354.00993063858 364.06333538258 -Inf 3640.45890519719 3755.17903299449 3887.44399322164 4108.45294250083 4354.00993063858 4599.56691877633 4820.57586805551 4952.84082828266 5067.56095607996 Inf
"55" 68.1818181818182 3867.24708457427 350.629511530353 -Inf 3180.02587005791 3290.51286081735 3417.89728514641 3630.75107293079 3867.24708457427 4103.74309621776 4316.59688400214 4443.9813083312 4554.46829909064 Inf 4196.43506251148 365.316085990166 -Inf 3480.42869099762 3595.54357348684 3728.26366059216 3950.03310692937 4196.43506251148 4442.8370180936 4664.60646443081 4797.32655153613 4912.44143402535 Inf
"56" 68.8888888888889 3834.13136452186 350.50015888302 -Inf 3147.16367653558 3257.60990693606 3384.9473371817 3597.72259991317 3834.13136452186 4070.54012913056 4283.31539186203 4410.65282210767 4521.09905250815 Inf 4060.79212942712 365.185164929279 -Inf 3345.04235847741 3460.11598638432 3592.78850959834 3814.47847875866 4060.79212942712 4307.10578009558 4528.7957492559 4661.46827246992 4776.54190037683 Inf
"57" 69.5959595959596 3882.45112001448 350.367001884031 -Inf 3195.74441495051 3306.14868620142 3433.43774023484 3646.13216843677 3882.45112001448 4118.77007159219 4331.46449979413 4458.75355382754 4569.15782507846 Inf 4016.75861766633 365.049918095421 -Inf 3301.27392564001 3416.30493586874 3548.92832362921 3770.53618960105 4016.75861766633 4262.98104573161 4484.58891170344 4617.21229946392 4732.24330969265 Inf
"58" 70.3030303030303 3940.75716932255 350.95342059498 -Inf 3252.90110470525 3363.49016256587 3490.99226372582 3704.04268433498 3940.75716932255 4177.47165431012 4390.52207491928 4518.02417607923 4628.61323393985 Inf 4053.55187852738 365.65202511855 -Inf 3336.88707842089 3452.10781880899 3584.94995329215 3806.92333544648 4053.55187852738 4300.18042160829 4522.15380376262 4654.99593824578 4770.21667863388 Inf
"59" 71.010101010101 3963.15871245399 350.245286091315 -Inf 3276.69056596009 3387.05648330404 3514.30131773905 3726.92185693091 3963.15871245399 4199.39556797708 4412.01610716893 4539.26094160395 4649.6268589479 Inf 4100.73704447436 364.917912477494 -Inf 3385.51107870493 3500.50049259619 3633.07592244356 3854.60365284534 4100.73704447436 4346.87043610338 4568.39816650516 4700.97359635252 4815.96301024378 Inf
"60" 71.7171717171717 3951.10695544614 348.735537471498 -Inf 3267.59786187278 3377.48804178927 3504.1843814385 3715.88840989249 3951.10695544614 4186.32550099979 4398.02952945378 4524.725869103 4634.61604901949 Inf 4100.54066752161 363.354959432028 -Inf 3388.37803343082 3502.87494462904 3634.8825504131 3855.4614717018 4100.54066752161 4345.61986334143 4566.19878463012 4698.20639041419 4812.7033016124 Inf
"61" 72.4242424242424 3925.30755270488 348.46900533315 -Inf 3242.32085252341 3352.12704540247 3478.72655337641 3690.26878034664 3925.30755270488 4160.34632506311 4371.88855203334 4498.48806000728 4608.29425288635 Inf 4058.17456387855 363.075845129078 -Inf 3346.55898376911 3460.96794315951 3592.87414614195 3813.28362779521 4058.17456387855 4303.06549996189 4523.47498161515 4655.38118459758 4769.79014398798 Inf
"62" 73.1313131313131 3902.12330404742 349.478824785001 -Inf 3217.15739410943 3327.28179155707 3454.24816901951 3666.40341881936 3902.12330404742 4137.84318927547 4349.99843907532 4476.96481653776 4587.0892139854 Inf 4023.35714069146 364.126361324739 -Inf 3309.68258667336 3424.42257459782 3556.71043227968 3777.75764220173 4023.35714069146 4268.95663918119 4490.00384910324 4622.2917067851 4737.03169470957 Inf
"63" 73.8383838383838 3895.72474978358 351.712387682603 -Inf 3206.38113700909 3317.20935326009 3444.98718872752 3658.49834927468 3895.72474978358 4132.95115029249 4346.46231083965 4474.24014630708 4585.06836255807 Inf 4029.00799420379 366.443577017145 -Inf 3310.79178088415 3426.26194747407 3559.3916543937 3781.84555748053 4029.00799420379 4276.17043092704 4498.62433401387 4631.75404093351 4747.22420752342 Inf
"64" 74.5454545454545 3918.34994528871 354.276472745595 -Inf 3223.98081813746 3335.61700414955 3464.32637700598 3679.39409568619 3918.34994528871 4157.30579489124 4372.37351357145 4501.08288642788 4612.71907243996 Inf 4057.2313343186 369.103080798579 -Inf 3333.80258937061 3450.1107931481 3584.20670327385 3808.27508955416 4057.2313343186 4306.18757908304 4530.25596536336 4664.35187548911 4780.66007926659 Inf
"65" 75.2525252525253 3960.70128465674 355.014891563179 -Inf 3264.88488321752 3376.75375264727 3505.73139458231 3721.24737913041 3960.70128465674 4200.15519018308 4415.67117473118 4544.64881666622 4656.51768609597 Inf 4068.31608777541 369.870728758411 -Inf 3343.38278047334 3459.93287807395 3594.30767628595 3818.84207233031 4068.31608777541 4317.79010322051 4542.32449926487 4676.69929747687 4793.24939507748 Inf
"66" 75.959595959596 3980.76290922912 354.131280652868 -Inf 3286.67835335045 3398.26878783028 3526.92541210012 3741.90499020495 3980.76290922912 4219.62082825329 4434.60040635811 4563.25703062796 4674.84746510778 Inf 4052.67237983775 368.95834996613 -Inf 3329.52730210881 3445.78989970193 3579.8332288179 3803.81375453633 4052.67237983775 4301.53100513916 4525.51153085759 4659.55485997357 4775.81745756669 Inf
"67" 76.6666666666667 3935.83899777071 355.98460479255 -Inf 3238.12199332658 3350.29642943879 3479.62637018904 3695.73103061053 3935.83899777071 4175.94696493088 4392.05162535237 4521.38156610262 4633.55600221483 Inf 4040.01192814838 370.889130034519 -Inf 3313.08259102333 3429.95359741423 3564.69838290917 3789.85101148096 4040.01192814838 4290.17284481581 4515.3254733876 4650.07025888254 4766.94126527343 Inf
"68" 77.3737373737374 3837.83239495782 361.670331177167 -Inf 3128.9715715739 3242.93763896032 3374.33321582669 3593.8894636288 3837.83239495782 4081.77532628684 4301.33157408895 4432.72715095532 4546.69321834174 Inf 4056.99523237963 376.762889516104 -Inf 3318.55353821682 3437.27542705835 3574.15416148116 3802.87252514676 4056.99523237963 4311.1179396125 4539.8363032781 4676.71503770091 4795.43692654243 Inf
"69" 78.0808080808081 3763.69114009054 364.295987094272 -Inf 3049.6841256733 3164.47756443466 3296.82704750826 3517.97723075789 3763.69114009054 4009.40504942319 4230.55523267282 4362.90471574642 4477.69815450778 Inf 4089.1139169955 379.487894126808 -Inf 3345.33131193801 3464.91187795684 3602.78061217207 3833.15322208347 4089.1139169955 4345.07461190753 4575.44722181894 4713.31595603416 4832.89652205299 Inf
"70" 78.7878787878788 3785.97878075401 366.817550659865 -Inf 3067.02959256347 3182.61760212167 3315.88317443662 3538.56410264189 3785.97878075401 4033.39345886612 4256.07438707139 4389.33995938634 4504.92796894454 Inf 4091.37232318595 382.156985975036 -Inf 3342.3583942345 3462.78001874007 3601.61843952584 3833.61135317996 4091.37232318595 4349.13329319194 4581.12620684607 4719.96462763183 4840.3862521374 Inf
"71" 79.4949494949495 3879.91318684589 380.20685317664 -Inf 3134.72144794437 3254.52856540649 3392.65849892658 3623.46756142394 3879.91318684589 4136.35881226784 4367.1678747652 4505.29780828529 4625.10492574741 Inf 4026.65518432992 395.927430479855 -Inf 3250.65168009791 3375.41251429555 3519.25376595641 3759.60619064978 4026.65518432992 4293.70417801005 4534.05660270342 4677.89785436428 4802.65868856192 Inf
"72" 80.2020202020202 3905.83545037781 399.72233787865 -Inf 3122.3940643195 3248.35071314459 3393.57066248627 3636.22683055424 3905.83545037781 4175.44407020137 4418.10023826934 4563.32018761102 4689.27683643611 Inf 3881.41206009026 416.299086327313 -Inf 3065.48084409179 3196.66099804819 3347.9033142727 3600.62259334649 3881.41206009026 4162.20152683402 4414.92080590781 4566.16312213232 4697.34327608872 Inf
"73" 80.9090909090909 3699.12043437366 486.233562509684 -Inf 2746.12016378008 2899.33739553407 3075.98705111905 3371.16088025956 3699.12043437366 4027.07998848777 4322.25381762828 4498.90347321325 4652.12070496725 Inf 3647.75088870908 505.68755607281 -Inf 2656.62149137629 2815.96887799849 2999.68620954755 3306.66981533626 3647.75088870908 3988.8319620819 4295.81556787061 4479.53289941967 4638.88028604187 Inf
"74" 81.6161616161616 3192.23465254692 771.724392311827 -Inf 1679.68263762468 1922.86098684589 2203.23004941075 2671.7144599563 3192.23465254692 3712.75484513755 4181.2392556831 4461.60831824795 4704.78666746916 Inf 3307.57056629213 797.104544779092 -Inf 1745.27436661191 1996.45026475273 2286.03998902776 2769.93172100392 3307.57056629213 3845.20941158034 4329.10114355649 4618.69086783152 4869.86676597234 Inf
"75" 82.3232323232323 2464.03663239211 1216.82986755762 -Inf 79.0939166665212 462.52961135707 904.606410622205 1643.29735899203 2464.03663239211 3284.77590579218 4023.46685416201 4465.54365342714 4848.97934811769 Inf 2847.01793276358 1250.06347792355 -Inf 396.938537644546 790.84648718146 1244.99712560053 2003.86292980968 2847.01793276358 3690.17293571748 4449.03873992663 4903.18937834569 5297.09732788261 Inf
"76" 83.030303030303 1684.7371793072 1681.35487532278 -Inf -1610.65782155628 -1080.84548556002 -470.005793398757 550.680549459774 1684.7371793072 2818.79380915463 3839.48015201316 4450.31984417442 4980.13218017069 Inf 2286.08853729073 1721.80404110095 -Inf -1088.58537170265 -546.027084613864 79.5078728567923 1124.74935972195 2286.08853729073 3447.42771485951 4492.66920172467 5118.20415919532 5660.76244628411 Inf
"77" 83.7373737373737 1014.7700093578 2055.71437559144 -Inf -3014.35612930267 -2366.57923731007 -1619.73396699395 -371.788266309363 1014.7700093578 2401.32828502497 3649.27398570956 4396.11925602567 5043.89614801828 Inf 1687.80238096674 2101.15901457219 -Inf -2430.39361338642 -1768.29664495411 -1004.9412436164 270.592162105701 1687.80238096674 3105.01259982778 4380.54600554988 5143.90140688759 5805.99837531991 Inf
"78" 84.4444444444444 536.080440074298 2297.27127666006 -Inf -3966.48852489777 -3242.59455143144 -2407.99116101005 -1013.40548945278 536.080440074298 2085.56636960138 3480.15204115864 4314.75543158004 5038.64940504637 Inf 1134.2197478778 2345.40864521905 -Inf -3462.69672578042 -2723.6341688941 -1871.54237324452 -447.734343343731 1134.2197478778 2716.17383909933 4139.98186900011 4992.07366464969 5731.13622153602 Inf
"79" 85.1515151515152 246.950742609327 2422.63065982251 -Inf -4501.3180984853 -3737.92208496357 -2857.77537222256 -1387.08880595173 246.950742609327 1880.99029117038 3351.67685744121 4231.82357018222 4995.21958370395 Inf 689.522242052809 2471.89503134872 -Inf -4155.30299295419 -3376.38326570446 -2478.33870523407 -977.745620152526 689.522242052809 2356.79010425814 3857.38318933968 4755.42774981007 5534.34747705981 Inf
"80" 85.8585858585859 98.2223549558561 2474.68672924273 -Inf -4752.07450737912 -3972.27508720773 -3073.21629713762 -1570.92847886463 98.2223549558561 1767.37318877635 3269.66100704933 4168.71979711944 4948.51921729084 Inf 377.939225274336 2524.31098473826 -Inf -4569.61939059149 -3774.18285352583 -2857.09546913841 -1324.682660239 377.939225274336 2080.56111078767 3612.97391968708 4530.0613040745 5325.49784114016 Inf
"81" 86.5656565656566 33.0857296574811 2491.88474787019 -Inf -4850.91862979276 -4065.69993582186 -3160.39307013227 -1647.66499145091 33.0857296574811 1713.83645076587 3226.56452944724 4131.87139513682 4917.09008910773 Inf 186.481147497048 2541.59453914728 -Inf -4794.9526125353 -3994.06984845942 -3070.70331312676 -1527.79831831213 186.481147497048 1900.76061330622 3443.66560812086 4367.03214345351 5167.9149075294 Inf
"82" 87.2727272727273 9.03665123749674 2496.39559268151 -Inf -4883.80880158278 -4097.16869369035 -3190.22302878213 -1674.75658846085 9.03665123749674 1692.82989093585 3208.29633125713 4115.24199616534 4901.88210405777 Inf 82.7850595666668 2546.11990824355 -Inf -4907.51826091112 -4105.20950616109 -3180.19889490713 -1634.5467213138 82.7850595666668 1800.11684044713 3345.76901404046 4270.77962529442 5073.08838004445 Inf
"83" 87.979797979798 1.75761199768477 2497.3365490038 -Inf -4892.93208132532 -4105.9954683497 -3198.70795206989 -1682.67029309544 1.75761199768477 1686.1855170908 3202.22317606526 4109.51069234506 4896.44730532069 Inf 33.0660023398921 2547.06243653614 -Inf -4959.08463964579 -4156.47888446844 -3231.12585074285 -1684.90150421319 33.0660023398921 1751.03350889298 3297.25785542263 4222.61088914822 5025.21664432557 Inf
"84" 88.6868686868687 0.0889644116812967 2497.49324216609 -Inf -4894.90784186602 -4107.921853252 -3200.57741002333 -1684.44462861333 0.0889644116812967 1684.62255743669 3200.75533884669 4108.09978207536 4895.08577068938 Inf 11.88653156622 2547.21917915548 -Inf -4980.5713203082 -4177.91617390803 -3252.50619526572 -1706.18669627703 11.88653156622 1729.95975940947 3276.27925839816 4201.68923704046 5004.34438344064 Inf
"85" 89.3939393939394 -0.113885312585195 2497.51415735726 -Inf -4895.15168461172 -4108.15910540433 -3200.80706364359 -1684.66158541966 -0.113885312585195 1684.43381479449 3200.57929301842 4107.93133477916 4894.92391398655 Inf 3.84730728805934 2547.24007618825 -Inf -4988.65150201798 -4185.98977074633 -3260.57220016894 -1714.2400153896 3.84730728805934 1721.93462996572 3268.26681474506 4193.68438532245 4996.3461165941 Inf
"86" 90.1010101010101 -0.0668784933765524 2497.51640304436 -Inf -4895.10907925835 -4108.11579241169 -3200.7629347882 -1684.61609329339 -0.0668784933765524 1684.48233630663 3200.62917780145 4107.98203542494 4894.9753222716 Inf 1.12172763859709 2547.24231759689 -Inf -4991.38147474765 -4188.71903718493 -3263.30065229916 -1716.96710684622 1.12172763859709 1719.21056212341 3265.54410757635 4190.96249246212 4993.62493002484 Inf
"87" 90.8080808080808 -0.0247172637113767 2497.51659756971 -Inf -4895.06729929136 -4108.07395114775 -3200.7210228528 -1684.57406326907 -0.0247172637113767 1684.52462874165 3200.67158832538 4108.02451662033 4895.01786476394 Inf 0.294743303969668 2547.24251157434 -Inf -4992.20883927108 -4189.54634058406 -3264.12788522588 -1717.79422201665 0.294743303969668 1718.38370862458 3264.71737183382 4190.135827192 4992.79832587902 Inf
"88" 91.5151515151515 -0.00721933682720019 2497.51661119553 -Inf -4895.04982807059 -4108.05647563335 -3200.7035423881 -1684.55657453266 -0.00721933682720019 1684.54213585901 3200.68910371445 4108.04203695969 4895.03538939694 Inf 0.0698250099111821 2547.24252515083 -Inf -4992.43378417458 -4189.77128120946 -3264.35282091892 -1718.01914946791 0.0698250099111821 1718.15879948773 3264.49247093874 4189.91093122928 4992.5734341944 Inf
"89" 92.2222222222222 -0.00177694735183603 2497.51661196881 -Inf -4895.04438719671 -4108.0510345158 -3200.69810098962 -1684.55113266476 -0.00177694735183603 1684.54757877005 3200.69454709492 4108.04748062109 4895.040833302 Inf 0.0149195886028075 2547.24252592076 -Inf -4992.48869110491 -4189.82618789718 -3264.40772732693 -1718.07405540852 0.0149195886028075 1718.10389458573 3264.43756650413 4189.85602707439 4992.51853028212 Inf
"90" 92.9292929292929 -0.000378855678369807 2497.51661200442 -Inf -4895.04298917483 -4108.0496364827 -3200.69670294359 -1684.5497345971 -0.000378855678369807 1684.54897688574 3200.69594523223 4108.04887877134 4895.04223146347 Inf 0.00287628987651819 2547.24252595619 -Inf -4992.50073447309 -4189.83823125419 -3264.41977067106 -1718.08609873115 0.00287628987651819 1718.0918513109 3264.42552325081 4189.84398383394 4992.50648705284 Inf
"91" 93.6363636363636 -7.09814946237998e-05 2497.51661200575 -Inf -4895.04268130326 -4108.0493286107 -3200.69639507111 -1684.54942672382 -7.09814946237998e-05 1684.54928476083 3200.69625310812 4108.04918664771 4895.04253934027 Inf 0.000500464409900073 2547.24252595751 -Inf -4992.50311030115 -4189.84060708184 -3264.42214649823 -1718.08847455751 0.000500464409900073 1718.08947548633 3264.42314742705 4189.84160801066 4992.50411122997 Inf
"92" 94.3434343434343 -1.17864260132815e-05 2497.51661200579 -Inf -4895.04262210827 -4108.0492694157 -3200.69633587609 -1684.54936752877 -1.17864260132815e-05 1684.54934395592 3200.69631230324 4108.04924584285 4895.04259853541 Inf 7.86136884365876e-05 2547.24252595755 -Inf -4992.50353215195 -4189.84102893263 -3264.422568349 -1718.08889640826 7.86136884365876e-05 1718.08905363564 3264.42272557638 4189.84118616 4992.50368937933 Inf
"93" 95.0505050505051 -1.74402337708854e-06 2497.51661200579 -Inf -4895.04261206587 -4108.0492593733 -3200.69632583369 -1684.54935748637 -1.74402337708854e-06 1684.54935399833 3200.69632234564 4108.04925588525 4895.04260857782 Inf 1.11509970469815e-05 2547.24252595756 -Inf -4992.50359961465 -4189.84109639532 -3264.42263581169 -1718.08896387095 1.11509970469815e-05 1718.08898617294 3264.42265811369 4189.84111869731 4992.50362191664 Inf
"94" 95.7575757575758 -2.30814603056172e-07 2497.51661200579 -Inf -4895.04261055266 -4108.04925786009 -3200.69632432048 -1684.54935597316 -2.30814603056172e-07 1684.54935551153 3200.69632385885 4108.04925739846 4895.04261009103 Inf 1.4286105863615e-06 2547.24252595756 -Inf -4992.50360933703 -4189.84110611771 -3264.42264553408 -1718.08897359334 1.4286105863615e-06 1718.08897645056 3264.4226483913 4189.84110897492 4992.50361219425 Inf
"95" 96.4646464646465 -2.73939156522869e-08 2497.51661200579 -Inf -4895.04261034924 -4108.04925765667 -3200.69632411706 -1684.54935576974 -2.73939156522869e-08 1684.54935571496 3200.69632406227 4108.04925760188 4895.04261029445 Inf 1.6534159584019e-07 2547.24252595756 -Inf -4992.5036106003 -4189.84110738097 -3264.42264679735 -1718.08897485661 1.6534159584019e-07 1718.08897518729 3264.42264712803 4189.84110771166 4992.50361093098 Inf
"96" 97.1717171717172 -2.92117905914122e-09 2497.51661200579 -Inf -4895.04261032476 -4108.0492576322 -3200.69632409259 -1684.54935574527 -2.92117905914122e-09 1684.54935573943 3200.69632408675 4108.04925762635 4895.04261031892 Inf 1.72899048584402e-08 2547.24252595756 -Inf -4992.50361074835 -4189.84110752903 -3264.4226469454 -1718.08897500466 1.72899048584402e-08 1718.08897503924 3264.42264697998 4189.8411075636 4992.50361078293 Inf
"97" 97.8787878787879 -2.80285423055129e-10 2497.51661200579 -Inf -4895.04261032212 -4108.04925762956 -3200.69632408995 -1684.54935574263 -2.80285423055129e-10 1684.54935574207 3200.69632408939 4108.04925762899 4895.04261032156 Inf 1.63384632339769e-09 2547.24252595756 -Inf -4992.50361076401 -4189.84110754468 -3264.42264696105 -1718.08897502031 1.63384632339769e-09 1718.08897502358 3264.42264696432 4189.84110754795 4992.50361076727 Inf
"98" 98.5858585858586 -2.4224737178243e-11 2497.51661200579 -Inf -4895.04261032187 -4108.0492576293 -3200.69632408969 -1684.54935574237 -2.4224737178243e-11 1684.54935574233 3200.69632408964 4108.04925762925 4895.04261032182 Inf 1.39539322033994e-10 2547.24252595756 -Inf -4992.5036107655 -4189.84110754618 -3264.42264696255 -1718.08897502181 1.39539322033994e-10 1718.08897502209 3264.42264696283 4189.84110754645 4992.50361076578 Inf
"99" 99.2929292929293 -1.88757854484517e-12 2497.51661200579 -Inf -4895.04261032185 -4108.04925762928 -3200.69632408967 -1684.54935574235 -1.88757854484517e-12 1684.54935574235 3200.69632408967 4108.04925762927 4895.04261032184 Inf 1.07721185316455e-11 2547.24252595756 -Inf -4992.50361076563 -4189.84110754631 -3264.42264696268 -1718.08897502194 1.07721185316455e-11 1718.08897502196 3264.4226469627 4189.84110754632 4992.50361076565 Inf
"100" 100 -1.32687563302821e-13 2497.51661200579 -Inf -4895.04261032184 -4108.04925762928 -3200.69632408967 -1684.54935574235 -1.32687563302821e-13 1684.54935574235 3200.69632408967 4108.04925762927 4895.04261032184 Inf 7.51746539622468e-13 2547.24252595756 -Inf -4992.50361076564 -4189.84110754632 -3264.42264696269 -1718.08897502195 7.51746539622468e-13 1718.08897502195 3264.42264696269 4189.84110754631 4992.50361076564 Inf
