"mid_age" "mean_left" "std_left" "min_left" "l.q2.5" "l.q5" "l.q10" "l.q25" "l.q50" "l.q75" "l.q90" "l.q95" "l.q97.5" "max_left" "mean_right" "std_right" "min_right" "r.q2.5" "r.q5" "r.q10" "r.q25" "r.q50" "r.q75" "r.q90" "r.q95" "r.q97.5" "max_right"
"1" 55.7051075132013 4275.83640952078 330.678250174529 -Inf 3627.71894870798 3731.91909036724 3852.05518031807 4052.79731916529 4275.83640952078 4498.87549987628 4699.6176387235 4819.75372867432 4923.95387033359 Inf 4469.28366757228 363.988544937103 -Inf 3755.87922871042 3870.5757892637 4002.81357796783 4223.77712482342 4469.28366757228 4714.79021032114 4935.75375717673 5067.99154588086 5182.68810643414 Inf
"2" 56.0760542349603 4279.28156818797 330.695713136722 -Inf 3631.12988059821 3735.33552501773 3855.47795929872 4056.23069924347 4279.28156818797 4502.33243713247 4703.08517707722 4823.22761135821 4927.43325577773 Inf 4483.58837710772 364.006531564182 -Inf 3770.14868510458 3884.85091343035 4017.09523671319 4238.06970256326 4483.58837710772 4729.10705165219 4950.08151750226 5082.32584078509 5197.02806911086 Inf
"3" 56.4423275536201 4287.48346742467 330.699178311577 -Inf 3639.32498821699 3743.531724549 3863.67541773516 4064.43026125525 4287.48346742467 4510.5366735941 4711.29151711419 4831.43521030034 4935.64194663235 Inf 4497.70530791485 364.010072640137 -Inf 3784.25867553037 3898.96201968585 4031.20762944888 4252.18424495095 4497.70530791485 4743.22637087875 4964.20298638082 5096.44859614385 5211.15194029933 Inf
"4" 56.8047002294331 4297.23115320034 330.66656549616 -Inf 3649.13659393631 3753.33305363239 3873.46489851548 4074.19994404064 4297.23115320034 4520.26236236004 4720.9974078852 4841.12925276828 4945.32571246437 Inf 4507.25351511912 363.975167960408 -Inf 3793.8752946498 3908.56763997917 4040.8005688001 4261.75599500392 4507.25351511912 4752.75103523431 4973.70646143814 5105.93939025907 5220.63173558843 Inf
"5" 57.1635503298519 4303.50134350815 330.621531787473 -Inf 3655.49504869124 3759.67731779928 3879.79280184316 4080.50050912337 4303.50134350815 4526.50217789293 4727.20988517314 4847.32536921703 4951.50763832506 Inf 4508.51955933679 363.926522368982 -Inf 3795.23668247468 3909.91369907433 4042.12895485162 4263.05485017441 4508.51955933679 4753.98426849917 4974.91016382196 5107.12541959925 5221.80243619891 Inf
"6" 57.5189549033103 4301.70260580011 330.597369553583 -Inf 3653.7436680914 3757.91832342928 3878.02502928378 4078.71806859443 4301.70260580011 4524.68714300578 4725.38018231643 4845.48688817093 4949.66154350881 Inf 4499.78154576642 363.899856128635 -Inf 3786.55093377499 3901.21954756612 4033.42511544332 4254.33482270983 4499.78154576642 4745.22826882302 4966.13797608953 5098.34354396673 5213.01215775785 Inf
"7" 57.8708872679859 4289.75287896844 330.599050196494 -Inf 3641.79064726016 3745.96583218603 3866.07314862157 4066.76720818635 4289.75287896844 4512.73854975054 4713.43260931532 4833.53992575086 4937.71511067672 Inf 4482.02783544764 363.901125963905 -Inf 3768.79473462481 3883.46374855419 4015.66977776516 4236.58025590017 4482.02783544764 4727.47541499511 4948.38589313013 5080.59192234109 5195.26093627047 Inf
"8" 58.2191399172504 4269.05051740128 330.606607892875 -Inf 3621.07347288029 3725.25103931456 3845.36110147678 4046.05974903044 4269.05051740128 4492.04128577212 4692.73993332579 4812.849995488 4917.02756192228 Inf 4458.72174938869 363.90925274564 -Inf 3745.47272036635 3860.14429512883 3992.35327681635 4213.26868841024 4458.72174938869 4704.17481036714 4925.09022196103 5057.29920364856 5171.97077841103 Inf
"9" 58.5633769515777 4243.95789293175 330.602289834862 -Inf 3595.98931164894 3700.16551741841 3820.27401082125 4020.97003704678 4243.95789293175 4466.94574881671 4667.64177504224 4787.75026844508 4891.92647421455 Inf 4434.66672744571 363.904818720731 -Inf 3721.4263889525 3836.0965665078 3968.30393730494 4189.21665717162 4434.66672744571 4680.11679771981 4901.02951758649 5033.23688838362 5147.90706593892 Inf
"10" 58.903223658761 4220.09370752437 330.583583441392 -Inf 3572.16179009905 3676.33210129018 3796.43379862171 3997.11846891006 4220.09370752437 4443.06894613868 4643.75361642703 4763.85531375855 4868.02562494969 Inf 4414.4173972306 363.884540629557 -Inf 3701.21680306576 3815.8805907845 3948.08059450931 4168.98100432115 4414.4173972306 4659.85379014004 4880.75419995188 5012.95420367669 5127.61799139543 Inf
"11" 59.2383556034114 4202.25853215358 330.555151117748 -Inf 3554.3823410586 3658.54369293006 3778.6350607398 3979.30247085014 4202.25853215358 4425.21459345702 4625.88200356737 4745.9733713771 4850.13472324856 Inf 4400.89157852882 363.85326899483 -Inf 3687.75227564179 3802.40620934453 3934.59485201998 4155.47627801647 4400.89157852882 4646.30687904118 4867.18830503767 4999.37694771312 5114.03088141586 Inf
"12" 59.568372671152 4192.89761341977 330.520023324431 -Inf 3545.09027153455 3649.24055427449 3769.31916008451 3969.96524545287 4192.89761341977 4415.82998138667 4616.47606675503 4736.55467256504 4840.70495530499 Inf 4394.71011831614 363.814602463919 -Inf 3681.64660043711 3796.28834991546 3928.46294496052 4149.32089798257 4394.71011831614 4640.09933864972 4860.95729167177 4993.13188671683 5107.77363619518 Inf
"13" 59.8928519551528 4191.60415179451 330.481884708293 -Inf 3543.87156022334 3648.00982509032 3768.07457506247 3968.69750793328 4191.60415179451 4414.51079565574 4615.13372852655 4735.1984784987 4839.33674336568 Inf 4394.39593919912 363.772921755165 -Inf 3681.41411400809 3796.04272946341 3928.20218182106 4149.03483207638 4394.39593919912 4639.75704632186 4860.58969657719 4992.74914893484 5107.37776439015 Inf
"14" 60.2113740233875 4195.70138703355 330.449409007939 -Inf 3548.03244666545 3652.16047810287 3772.21342958614 3972.81664769934 4195.70138703355 4418.58612636776 4619.18934448096 4739.24229596423 4843.37032740166 Inf 4397.23563458935 363.737679784934 -Inf 3684.32288239072 3798.94039273619 3931.08704161341 4151.89829781431 4397.23563458935 4642.5729713644 4863.3842275653 4995.53087644252 5110.14838678799 Inf
"15" 60.5234871390653 4201.48690974862 330.431587020281 -Inf 3553.85289983446 3657.97531537898 3778.0217920974 3978.61419116242 4201.48690974862 4424.35962833483 4624.95202739985 4744.99850411826 4849.12091966279 Inf 4400.35953248691 363.718362711303 -Inf 3687.48464105688 3802.09606439237 3934.23569533692 4155.03522488003 4400.35953248691 4645.68384009378 4866.4833696369 4998.62300058145 5113.23442391694 Inf
"16" 60.8288456670051 4205.55778967287 330.42775672071 -Inf 3557.93128700791 3662.05249558537 3782.09758074805 3982.68765458447 4205.55778967287 4428.42792476127 4629.01799859769 4749.06308376037 4853.18429233782 Inf 4401.60538355283 363.713989924095 -Inf 3688.73906262824 3803.34910805319 3935.48715035513 4156.28402534611 4401.60538355283 4646.92674175955 4867.72361675053 4999.86165905247 5114.47170447742 Inf
"17" 61.1270543518189 4205.73104150737 330.424730120325 -Inf 3558.11047087017 3662.23072573449 3782.27471132702 3982.86294782991 4205.73104150737 4428.59913518484 4629.18737168773 4749.23135728025 4853.35161214458 Inf 4399.91253173019 363.710232732002 -Inf 3687.05357476678 3801.66243626159 3933.7991135679 4154.59370771102 4399.91253173019 4645.23135574935 4866.02594989247 4998.16262719878 5112.77148869359 Inf
"18" 61.4179696228106 4201.35959758359 330.405671814471 -Inf 3553.77638053947 3657.89062993422 3777.92769160494 3978.50435853808 4201.35959758359 4424.2148366291 4624.79150356224 4744.82856523296 4848.94281462772 Inf 4395.2454024931 363.689018225071 -Inf 3682.42802519923 3797.03020178318 3929.15917181539 4149.94088744142 4395.2454024931 4640.54991754479 4861.33163317082 4993.46060320303 5108.06277978697 Inf
"19" 61.701665747986 4193.10048590538 330.362734763297 -Inf 3545.60142393516 3649.70214342037 3769.72360597188 3970.27420746079 4193.10048590538 4415.92676434997 4616.47736583888 4736.4988283904 4840.5995478756 Inf 4388.21795446807 363.642035272208 -Inf 3675.49266206969 3790.08003383856 3922.19193486714 4142.94512893652 4388.21795446807 4633.49077999961 4854.24397406899 4986.35587509757 5100.94324686644 Inf
"20" 61.9783409761769 4182.39592597806 330.302463048696 -Inf 3535.01499439775 3639.09672164141 3759.09628735477 3959.6103001872 4182.39592597806 4405.18155176893 4605.69556460136 4725.69513031472 4829.77685755838 Inf 4379.66325031592 363.576424897359 -Inf 3667.06655188926 3781.63324914944 3913.7213137936 4134.43467830971 4379.66325031592 4624.89182232212 4845.60518683823 4977.69325148238 5092.25994874257 Inf
"21" 62.2483527299284 4170.91633585585 330.24060746477 -Inf 3523.65663899227 3627.71887490077 3747.69596835298 3948.17243102234 4170.91633585585 4393.66024068937 4594.13670335873 4714.11379681094 4818.17603271943 Inf 4370.31181069674 363.509148925276 -Inf 3657.8469707524 3772.39246865696 3904.45609180177 4125.12861564414 4370.31181069674 4615.49500574934 4836.16752959172 4968.23115273653 5082.77665064109 Inf
"22" 62.5122202818747 4160.13417327931 330.191817346141 -Inf 3512.97010329105 3617.01696492782 3736.97633282935 3937.42317688072 4160.13417327931 4382.8451696779 4583.29201372928 4703.25138163081 4807.29824326758 Inf 4360.64424833289 363.455941848664 -Inf 3648.28369234242 3762.81242414605 3894.85671705024 4115.4969409081 4360.64424833289 4605.79155575767 4826.43177961553 4958.47607251972 5073.00480432335 Inf
"23" 62.7706136744204 4151.092575113 330.16217091224 -Inf 3503.98661106745 3608.02413080583 3727.97272809681 3928.4015749302 4151.092575113 4373.78357529579 4574.21242212918 4694.16101942016 4798.19853915854 Inf 4350.89780691537 363.42335537187 -Inf 3638.6011192458 3753.11958271307 3885.15203688308 4105.77247873517 4350.89780691537 4596.02313509556 4816.64357694766 4948.67603111766 5063.19449458493 Inf
"24" 63.0242584043963 4144.35097128871 330.148611577596 -Inf 3497.27158305072 3601.30483010231 3721.24850125907 3921.66911673816 4144.35097128871 4367.03282583927 4567.45344131836 4687.39711247512 4791.43035952671 Inf 4341.16598441365 363.408189878097 -Inf 3628.89902056569 3743.41270522879 3875.43964974364 4096.05088520356 4341.16598441365 4586.28108362374 4806.89231908365 4938.9192635985 5053.43294826161 Inf
"25" 63.2739141508413 4140.04117953845 330.143825062596 -Inf 3492.97117269747 3597.00291146861 3716.9448436746 3917.3625534432 4140.04117953845 4362.7198056337 4563.1375154023 4683.07944760829 4787.11118637943 Inf 4331.51861258739 363.402700796274 -Inf 3619.26240714211 3733.77436213868 3865.79931245879 4086.40721570673 4331.51861258739 4576.63000946805 4797.237912716 4929.26286303611 5043.77481803268 Inf
"26" 63.5202699336405 4137.97730379209 330.14214832774 -Inf 3490.91058329104 3594.94179370565 3714.88311675041 3915.29980863731 4137.97730379209 4360.65479894686 4561.07149083376 4681.01281387852 4785.04402429314 Inf 4322.10007462076 363.400867832443 -Inf 3609.84746171857 3724.35883912926 3856.38312352983 4076.98991405542 4322.10007462076 4567.21023518611 4787.8170257117 4919.84131011227 5034.35268752295 Inf
"27" 63.7639681333208 4137.77005966793 330.142532969219 -Inf 3490.70258528343 3594.73391690257 3714.67537968837 3915.09230507642 4137.77005966793 4360.44781425944 4560.8647396475 4680.8062024333 4784.83753405243 Inf 4313.17192413753 363.401516102349 -Inf 3600.91804064967 3715.42962233692 3847.45414225528 4068.06132632078 4313.17192413753 4558.28252195428 4778.88970601978 4910.91422593814 5025.42580762539 Inf
"28" 64.0053849639458 4138.92311216874 330.147230795182 -Inf 3491.84643021455 3595.8792421673 3715.82241168296 3916.24218894176 4138.92311216874 4361.60403539571 4562.02381265452 4681.96698217018 4785.99979412292 Inf 4305.10644282132 363.406906750378 -Inf 3592.84199385748 3707.35527419375 3839.38175254566 4059.99220906773 4305.10644282132 4550.22067657492 4770.83113309699 4902.8576114489 5017.37089178517 Inf
"29" 64.2446562904032 4140.89901773714 330.157751545796 -Inf 3493.80171549066 3597.83784264089 3717.78483436694 3918.21099837171 4140.89901773714 4363.58703710256 4564.01320110734 4683.96019283338 4787.99631998362 Inf 4298.31792980901 363.418465515338 -Inf 3586.03082608213 3700.54774870497 3832.57842638001 4053.19589978693 4298.31792980901 4543.43995983109 4764.05743323801 4896.08811091305 5010.60503353588 Inf
"30" 64.4817210239946 4143.16249134348 330.171299068534 -Inf 3496.03863644035 3600.07903255532 3720.03094612431 3920.46533431283 4143.16249134348 4365.85964837413 4566.29403656266 4686.24595013164 4790.28634624661 Inf 4293.16033647081 363.433048225001 -Inf 3580.8446511582 3695.36616894388 3827.40214454741 4048.02847056052 4293.16033647081 4538.29220238109 4758.9185283942 4890.95450399773 5005.47602178342 Inf
"31" 64.716323457673 4145.20597242419 330.180433403393 -Inf 3498.06421455371 3602.1074889922 3722.06272108387 3922.5026543783 4145.20597242419 4367.90929047007 4568.3492237645 4688.30445585617 4792.34773029466 Inf 4289.82283123938 363.442632470205 -Inf 3577.48836115135 3692.01289903197 3824.05235661154 4044.68450085395 4289.82283123938 4534.96116162482 4755.59330586723 4887.63276344679 5002.15730132741 Inf
"32" 64.9480661440519 4146.56757652251 330.17640537564 -Inf 3499.43371344136 3603.47571860659 3723.42948730747 3923.86697534005 4146.56757652251 4369.26817770497 4569.70566573755 4689.65943443843 4793.70143960366 Inf 4288.25382537978 363.437883017184 -Inf 3575.92866404862 3690.4517053274 3822.48943742089 4043.11869845173 4288.25382537978 4533.38895230783 4754.01821333867 4886.05594543216 5000.57898671094 Inf
"33" 65.1765470637325 4146.84965709687 330.153987373585 -Inf 3499.75973249235 3603.79467351294 3723.74029770746 3924.16417662702 4146.84965709687 4369.53513756672 4569.95901648628 4689.9046406808 4793.93958170139 Inf 4288.14136295028 363.413275883768 -Inf 3575.86443071437 3690.37971803055 3822.40851030174 4043.02283328149 4288.14136295028 4533.25989261906 4753.87421559881 4885.90300787001 5000.41829518618 Inf
"34" 65.4014261079145 4145.73929630853 330.114609702824 -Inf 3498.72655052049 3602.74908322917 3722.68040143473 3923.08037567399 4145.73929630853 4368.39821694306 4568.79819118232 4688.72950938789 4792.75204209656 Inf 4288.95877202778 363.370408267208 -Inf 3576.76585877644 3691.26763806263 3823.28085644036 4043.86915612698 4288.95877202778 4534.04838792858 4754.6366876152 4886.64990599294 5001.15168527913 Inf
"35" 65.6225250059049 4143.02890296275 330.065939749663 -Inf 3496.11154853004 3600.11874483237 3720.03238114362 3920.40280971276 4143.02890296275 4365.65499621273 4566.02542478188 4685.93906109313 4789.94625739545 Inf 4290.05775019314 363.317534231012 -Inf 3577.96846814846 3692.45358627819 3824.44759540958 4045.00379728781 4290.05775019314 4535.11170309847 4755.6679049767 4887.66191410808 5002.14703223782 Inf
"36" 65.8397941653968 4138.63295539488 330.018489242951 -Inf 3491.80860224638 3595.80084640257 3715.69724384691 3916.03886702531 4138.63295539488 4361.22704376445 4561.56866694285 4681.46506438719 4785.45730854338 Inf 4290.77827911996 363.265950631415 -Inf 3578.79009907268 3693.2589626759 3825.23423137922 4045.75911882383 4290.77827911996 4535.79743941608 4756.3223268607 4888.29759556401 5002.76645916724 Inf
"37" 66.0533719005639 4132.59461705514 329.981378352652 -Inf 3485.84299991505 3589.82355004533 3709.70646502673 3910.0255596007 4132.59461705514 4355.16367450957 4555.48276908354 4675.36568406494 4779.34623419522 Inf 4290.5467515858 363.225484811382 -Inf 3578.63788308839 3693.09399549259 3825.05456288007 4045.55488507052 4290.5467515858 4535.53861810108 4756.03894029152 4887.999507679 5002.4556200832 Inf
"38" 66.2634740973371 4125.08399174472 329.959431378716 -Inf 3478.37538988312 3582.3490242946 3702.22396589512 3902.52973729925 4125.08399174472 4347.6382461902 4547.94401759432 4667.81895919485 4771.79259360632 Inf 4288.94348273281 363.201386745038 -Inf 3577.08184557753 3691.53036443143 3823.48217694174 4043.96787011628 4288.94348273281 4533.91909534934 4754.40478852388 4886.35660103419 5000.80511988809 Inf
"39" 66.4705375377427 4116.37675245954 329.952499290632 -Inf 3469.68173724092 3573.65318727963 3693.52561043827 3893.82717363642 4116.37675245954 4338.92633128265 4539.2278944808 4659.10031763944 4763.07176767815 Inf 4285.73265311408 363.193578393079 -Inf 3573.88632004742 3688.33237840874 3820.28135412869 4040.76230715091 4285.73265311408 4530.70299907725 4751.18395209948 4883.13292781942 4997.57898618074 Inf
"40" 66.6750591759556 4106.83275999591 329.956761964735 -Inf 3460.12939008958 3564.10218334105 3683.97615513798 3884.28030604281 4106.83275999591 4329.38521394901 4529.68936485385 4649.56333665077 4753.53612990225 Inf 4280.86025464127 363.198012825111 -Inf 3569.00523024754 3683.45268594432 3815.40327270257 4035.88691769915 4280.86025464127 4525.8335915834 4746.31723657998 4878.26782333822 4992.71527903501 Inf
"41" 66.8775703966083 4096.86621507952 329.966880908159 -Inf 3450.14301240851 3554.11899424387 3673.9966422738 3874.3069360028 4096.86621507952 4319.42549415624 4519.73578788524 4639.61343591517 4743.58941775053 Inf 4274.43028399324 363.208953938153 -Inf 3562.553815412 3677.00471876682 3808.95928045399 4029.44956738252 4274.43028399324 4519.41100060397 4739.9012875325 4871.85584921966 4986.30675257449 Inf
"42" 67.0786231574728 4086.9115212199 329.977990951026 -Inf 3440.16654326501 3544.14602598995 3664.02771032135 3864.34474853314 4086.9115212199 4309.47829390666 4509.79533211845 4629.67701644986 4733.6564991748 Inf 4266.66700712073 363.221110513218 -Inf 3554.76671209018 3669.22144610772 3801.18042430366 4021.67809102472 4266.66700712073 4511.65592321673 4732.15358993779 4864.11256813374 4978.56730215128 Inf
"43" 67.2787242076662 4077.39012714556 329.986875872139 -Inf 3430.62773506528 3534.61001752089 3654.49492976245 3854.81736167058 4077.39012714556 4299.96289262055 4500.28532452867 4620.17023677023 4724.15251922584 Inf 4257.87348833826 363.23092138191 -Inf 3545.95396435842 3660.4117898823 3792.37433238707 4012.87795491188 4257.87348833826 4502.86902176464 4723.37264428945 4855.33518679422 4969.7930123181 Inf
"44" 67.4782767519553 4068.67632231075 329.992185355163 -Inf 3421.90352383497 3525.88747936367 3645.77432055136 3846.09997564389 4068.67632231075 4291.25266897762 4491.57832407015 4611.46516525784 4715.44912078654 Inf 4248.39064709478 363.236830073655 -Inf 3536.45954229192 3650.91922970577 3782.88391885043 4003.39112831638 4248.39064709478 4493.39016587317 4713.89737533913 4845.86206448378 4960.32175189763 Inf
"45" 67.6775818898658 4061.06098375524 329.993952662989 -Inf 3414.28472141977 3518.26923384547 3638.15671709974 3838.48344505737 4061.06098375524 4283.63852245312 4483.96525041075 4603.85273366501 4707.83724609072 Inf 4238.55690258322 363.238806388913 -Inf 3526.62192427364 3641.0822344449 3773.04764158896 3993.55605080044 4238.55690258322 4483.557754366 4704.06616357749 4836.03157072155 4950.49188089281 Inf
"46" 67.8769630192624 4054.71693899979 329.992861820899 -Inf 3407.94281467553 3511.92698336559 3631.81407031468 3832.14013606372 4054.71693899979 4277.29374193586 4477.61980768491 4597.50689463399 4701.49106332406 Inf 4228.66796130784 363.237580789738 -Inf 3516.7353851285 3631.19530910076 3763.16027098212 3983.66793617914 4228.66796130784 4473.66798643654 4694.17565163356 4826.14061351492 4940.60053748719 Inf
"47" 68.0766401262471 4049.68480036899 329.989711995961 -Inf 3402.91684958816 3506.90002573576 3626.78596834696 3827.11012195756 4049.68480036899 4272.25947878043 4472.58363239103 4592.46957500222 4696.45275114982 Inf 4218.96010982179 363.2340625923 -Inf 3507.03442918271 3621.49324453452 3753.4569282475 3973.9624576812 4218.96010982179 4463.95776196238 4684.46329139607 4816.42697510905 4930.88579046086 Inf
"48" 68.2770235927765 4045.86091826835 329.985322095809 -Inf 3399.10157153371 3503.08336437831 3622.96771212972 3823.28920079957 4045.86091826835 4268.43263573712 4468.75412440697 4588.63847215839 4692.62026500298 Inf 4209.58755398498 363.229209554967 -Inf 3497.67138512429 3612.12867123378 3744.09059182828 3964.59317516833 4209.58755398498 4454.58193280163 4675.08451614168 4807.04643673618 4921.50372284567 Inf
"49" 68.4785358092475 4043.01495165643 329.980830704305 -Inf 3396.26440788739 3500.244785448 3620.12750146762 3820.44626358519 4043.01495165643 4265.58363972767 4465.90240184524 4585.78511786487 4689.76549542548 Inf 4200.63827148189 363.224316496365 -Inf 3488.73169283983 3603.18743709587 3735.1475800321 3955.64719298311 4200.63827148189 4445.62934998066 4666.12896293167 4798.0891058679 4912.54485012394 Inf
"50" 68.6816765836408 4040.81197807923 329.978100897983 -Inf 3394.06678463226 3498.04630200262 3617.92802627798 3818.24513123437 4040.81197807923 4263.37882492408 4463.69592988047 4583.57765415583 4687.5571715262 Inf 4192.14999593837 363.221429264271 -Inf 3480.24907616724 3594.70391062654 3726.6630046254 3947.16086484805 4192.14999593837 4437.13912702869 4657.63698725135 4789.5960812502 4904.0509157095 Inf
"51" 68.8869984994401 4038.84651469814 329.979872269454 -Inf 3392.09784942688 3496.07792497474 3615.96029279301 3816.27847308138 4038.84651469814 4261.4145563149 4461.73273660327 4581.61510442153 4685.5951799694 Inf 4184.13805530106 363.223505807017 -Inf 3472.23306558093 3586.68855438036 3718.64840279148 3939.14752360394 4184.13805530106 4429.12858699818 4649.62770781064 4781.58755622176 4896.04304502119 Inf
"52" 69.094977890649 4036.68423005594 329.989381600326 -Inf 3389.91692683866 3493.89999887517 3613.78582145295 3814.10977449298 4036.68423005594 4259.25868561891 4459.58263865893 4579.46846123671 4683.45153327322 Inf 4176.62829581352 363.234023135064 -Inf 3464.7026925092 3579.16149542763 3711.12516480571 3931.63067028643 4176.62829581352 4421.6259213406 4642.13142682132 4774.0950961994 4888.55389911783 Inf
"53" 69.3059762479537 4033.908623602 330.009378479994 -Inf 3387.10212722076 3491.09150048118 3610.98458796656 3811.32068034866 4033.908623602 4256.49656685534 4456.83265923744 4576.72574672282 4680.71511998324 Inf 4169.6798313168 363.255935205574 -Inf 3457.71128114346 3572.17698878226 3704.14861886073 3924.66742632275 4169.6798313168 4414.69223631085 4635.21104377287 4767.18267385134 4881.64838149014 Inf
"54" 69.520176451052 4030.17124299888 330.040754074248 -Inf 3383.30325158291 3487.30251161806 3607.20699792151 3807.56213722882 4030.17124299888 4252.78034876895 4453.13548807625 4573.03997437971 4677.03923441485 Inf 4163.39447993084 363.29019951974 -Inf 3451.35877293578 3565.83527761487 3697.81935598931 3918.35896400808 4163.39447993084 4408.42999585359 4628.96960387237 4760.95368224681 4875.4301869259 Inf
"55" 69.7374667911054 4025.23964235502 330.081269809167 -Inf 3378.29224155781 3482.30426852067 3602.22347427414 3802.60320913703 4025.23964235502 4247.87607557302 4448.25581043591 4568.17501618938 4672.18704315224 Inf 4157.90434992812 363.334389465437 -Inf 3445.78203223101 3560.2724616197 3692.2725942925 3912.83902833993 4157.90434992812 4402.96967151631 4623.53610556374 4755.53623823654 4870.02666762523 Inf
"56" 69.9574447008268 4019.02940064365 330.125075018685 -Inf 3371.99614321344 3476.02197365154 3595.95709392792 3796.36342126083 4019.02940064365 4241.69538002646 4442.10170735937 4562.03682763576 4666.06265807385 Inf 4153.32731178504 363.382146285154 -Inf 3441.11139244127 3555.61687049849 3687.63435332234 3908.22977871145 4153.32731178504 4398.42484485863 4619.02027024774 4751.03775307159 4865.54323112881 Inf
"57" 70.1794885550844 4011.60615468068 330.16355635662 -Inf 3364.49747521404 3468.53543152029 3588.48453214608 3788.91422002985 4011.60615468068 4234.2980893315 4434.72777721528 4554.67687784106 4658.71483414731 Inf 4149.69852012309 363.42408383145 -Inf 3437.40040469899 3551.91909771142 3683.95181653229 3904.57270060438 4149.69852012309 4394.82433964181 4615.4452237139 4747.47794253477 4861.9966355472 Inf
"58" 70.4027418788143 4003.15627895753 330.187508454275 -Inf 3356.00065424213 3460.04615810244 3580.00396057468 3780.44818886233 4003.15627895753 4225.86436905272 4426.30859734037 4546.26639981261 4650.31190367292 Inf 4146.89926101581 363.450155949378 -Inf 3434.55004517956 3549.0769537864 3681.11914466145 3901.75585612079 4146.89926101581 4392.04266591083 4612.67937737016 4744.72156824522 4859.24847685206 Inf
"59" 70.6261835960149 3993.92845139748 330.190022665505 -Inf 3346.76789891863 3450.81419503294 3570.7729109233 3771.21866549259 3993.92845139748 4216.63823730238 4417.08399187167 4537.04270776203 4641.08900387634 Inf 4144.60798166992 363.452828467921 -Inf 3432.25352779358 3546.78127853869 3678.82444034524 3899.46277418853 4144.60798166992 4389.75318915131 4610.3915229946 4742.43468480115 4856.96243554626 Inf
"60" 70.8489054024348 3984.15716770264 330.168931355999 -Inf 3337.03795343081 3441.07760345504 3561.02865682918 3761.46160766983 3984.15716770264 4206.85272773546 4407.28567857611 4527.23673195025 4631.27638197448 Inf 4142.30260548712 363.429761495138 -Inf 3429.99336204667 3544.51384414973 3676.54862567752 3897.17295644244 4142.30260548712 4387.4322545318 4608.05658529671 4740.09136682451 4854.61184892757 Inf
"61" 71.0701595461581 3974.00980137175 330.127712822124 -Inf 3326.97137394181 3430.99803557909 3550.9341141749 3751.34204281755 3974.00980137175 4196.67755992595 4397.0854885686 4517.02156716441 4621.04822880169 Inf 4139.32791206791 363.38478555722 -Inf 3427.10681984595 3541.61312956514 3673.63157124197 3894.22859883237 4139.32791206791 4384.42722530346 4605.02425289386 4737.04269457069 4851.54900428988 Inf
"62" 71.2895083786171 3963.56157676002 330.074550897402 -Inf 3316.62734478788 3420.63725455205 3540.55401931103 3740.92967537915 3963.56157676002 4186.19347814089 4386.56913420902 4506.48589896799 4610.49580873216 Inf 4135.00704602727 363.326842939468 -Inf 3422.89951924927 3537.38757064946 3669.38496165382 3889.9468144935 4135.00704602727 4380.06727756105 4600.62913040073 4732.62652140508 4847.11457280527 Inf
"63" 71.50692242818 3952.80615664345 330.020050897207 -Inf 3305.97874270884 3409.97147895847 3529.86844375502 3730.21101495409 3952.80615664345 4175.4012983328 4375.74386953187 4495.64083432842 4599.63357057805 Inf 4128.76489138062 363.267474666134 -Inf 3416.77372428018 3531.24306812253 3663.2188905108 3883.7447031387 4128.76489138062 4373.78507962254 4594.31089225044 4726.28671463872 4840.75605848106 Inf
"64" 71.7228415052953 3941.69101998409 329.974654784035 -Inf 3294.95258079635 3398.93101226051 3518.81148455557 3719.12649750777 3941.69101998409 4164.25554246041 4364.57055541261 4484.45102770767 4588.42945917184 Inf 4120.22984087849 363.218014379699 -Inf 3408.33561415813 3522.78937255193 3654.74722591619 3875.24301309281 4120.22984087849 4365.21666866417 4585.71245584079 4717.67030920505 4832.12406759885 Inf
"65" 71.9381610399417 3930.16572690838 329.946707087526 -Inf 3283.48206419925 3387.45168905477 3507.32200789408 3707.6200548669 3930.16572690838 4152.71139894987 4353.00944592269 4472.879764762 4576.84938961752 Inf 4109.3003117271 363.187520553659 -Inf 3397.46585180753 3511.9100012809 3643.8567761753 3864.33405171453 4109.3003117271 4354.26657173967 4574.7438472789 4706.6906221733 4821.13477164667 Inf
"66" 72.1543662444475 3918.22192471549 329.941568100151 -Inf 3271.54833423652 3375.5163397439 3495.3847915785 3695.67971886831 3918.22192471549 4140.76413056266 4341.05905785248 4460.92750968708 4564.89551519445 Inf 4096.17012529684 363.181848970459 -Inf 3384.34678147608 3498.78914377484 3630.73385817137 3851.207690709 4096.17012529684 4341.13255988468 4561.60639242231 4693.55110681884 4807.9934691176 Inf
"67" 72.3732621173405 3905.9538311286 329.961669779656 -Inf 3259.24084208177 3363.21518183657 3483.09093665277 3683.39806690463 3905.9538311286 4128.50959535256 4328.81672560443 4448.69248042063 4552.66682017542 Inf 4081.3621158682 363.203722550238 -Inf 3369.49590061886 3483.94515550917 3615.89781662232 3836.38492777501 4081.3621158682 4326.3393039614 4546.82641511409 4678.77907622724 4793.22833111755 Inf
"68" 72.596843102728 3893.61427224947 330.006825641958 -Inf 3246.81277933885 3350.80134817356 3470.69350820762 3671.02805085923 3893.61427224947 4116.20049363972 4316.53503629133 4436.42719632539 4540.4157651601 Inf 4065.76432660325 363.253032807412 -Inf 3353.80146502578 3468.26625808886 3600.23683372009 3820.75387924701 4065.76432660325 4310.77477395949 4531.29181948641 4663.26239511764 4777.72718818072 Inf
"69" 72.8272566575681 3881.66621351757 330.074295070759 -Inf 3234.73248295643 3338.74231210698 3458.6589839236 3659.03448468914 3881.66621351757 4104.29794234599 4304.67344311153 4424.59011492815 4528.5999440787 Inf 4050.65407130965 363.326838288857 -Inf 3338.54655364668 3453.03460358141 3585.03199289619 3805.59384291266 4050.65407130965 4295.71429970663 4516.2761497231 4648.27353903788 4762.76158897261 Inf
"70" 73.0668560988968 3870.82089201222 330.158232363439 -Inf 3223.72264738047 3327.75892604133 3447.70609244941 3648.13254834022 3870.82089201222 4093.50923568421 4293.93569157502 4413.8828579831 4517.91913664396 Inf 4037.67652968488 363.418695451802 -Inf 3325.38897529082 3439.90597036901 3571.93673158045 3792.55434457301 4037.67652968488 4282.79871479675 4503.41632778932 4635.44708900075 4749.96408407894 Inf
