"mid_age" "mean_left" "std_left" "min_left" "l.q2.5" "l.q5" "l.q10" "l.q25" "l.q50" "l.q75" "l.q90" "l.q95" "l.q97.5" "max_left" "mean_right" "std_right" "min_right" "r.q2.5" "r.q5" "r.q10" "r.q25" "r.q50" "r.q75" "r.q90" "r.q95" "r.q97.5" "max_right"
"1" 57.3810032962027 4379.98557517194 387.054704558925 -Inf 3621.37229418966 3743.33724054956 3883.95501259305 4118.92114418177 4379.98557517194 4641.05000616211 4876.01613775083 5016.63390979432 5138.59885615422 Inf 4648.4381404571 385.390260818197 -Inf 3893.08710926093 4014.52757215851 4154.5406483599 4388.49635970983 4648.4381404571 4908.37992120437 5142.3356325543 5282.34870875568 5403.78917165326 Inf
"2" 57.7382163208724 4382.10941747858 387.396230815153 -Inf 3622.82675733432 3744.89932215495 3885.64117139135 4120.81463052917 4382.10941747858 4643.404204428 4878.57766356582 5019.31951280222 5141.39207762285 Inf 4620.79227479686 385.719244871309 -Inf 3864.79644670511 3986.34057588531 4126.47317267136 4360.62859767779 4620.79227479686 4880.95595191593 5115.11137692237 5255.24397370842 5376.78810288861 Inf
"3" 58.0880062260356 4372.86439469094 386.34452383966 -Inf 3615.64304234093 3737.38420340044 3877.74396532464 4112.27897331671 4372.86439469094 4633.44981606518 4867.98482405724 5008.34458598145 5130.08574704095 Inf 4578.27598077899 384.647431613206 -Inf 3824.38086807127 3945.58725779244 4085.33046261237 4318.83523071663 4578.27598077899 4837.71673084134 5071.2214989456 5210.96470376554 5332.17109348671 Inf
"4" 58.4325437806578 4351.39305533117 384.597612869921 -Inf 3597.59558556604 3718.7862768852 3858.511382453 4091.98590750052 4351.39305533117 4610.80020316181 4844.27472820933 4983.99983377713 5105.19052509629 Inf 4528.35301007451 382.886103841902 -Inf 3777.91003636352 3898.56141346084 4037.66472427065 4270.10025754063 4528.35301007451 4786.60576260838 5019.04129587837 5158.14460668818 5278.7959837855 Inf
"5" 58.7732188338305 4318.12557288143 383.015608992795 -Inf 3567.42877373888 3688.1209592506 3827.27131954869 4059.78547045068 4318.12557288143 4576.46567531218 4808.97982621416 4948.13018651225 5068.82237202398 Inf 4476.40618593983 381.292965006083 -Inf 3729.08570696942 3849.23506951849 3987.75958970514 4219.22798922136 4476.40618593983 4733.58438265831 4965.05278217452 5103.57730236117 5223.72666491025 Inf
"6" 59.111278066803 4275.25728847334 382.261354792066 -Inf 3526.0388003994 3646.49331260023 3785.36965079237 4017.42592277002 4275.25728847334 4533.08865417666 4765.14492615431 4904.02126434645 5024.47577654728 Inf 4425.65156404905 380.528663760496 -Inf 3679.82908799332 3799.7376113036 3937.98445927219 4168.98888068678 4425.65156404905 4682.31424741131 4913.3186688259 5051.56551679449 5171.47404010477 Inf
"7" 59.4471743062426 4226.93762113476 382.606540144596 -Inf 3477.04258220187 3597.60586588257 3736.60761062485 3968.87343144924 4226.93762113476 4485.00181082028 4717.26763164467 4856.26937638695 4976.83266006765 Inf 4377.9982552651 380.872828949092 -Inf 3631.501227835 3751.51820116092 3889.89008505199 4121.10343601076 4377.9982552651 4634.89307451945 4866.10642547821 5004.47830936929 5124.49528269521 Inf
"8" 59.7811022829324 4178.76474029847 383.84495493304 -Inf 3426.44245298231 3547.39597398983 3686.84763737763 3919.86525253166 4178.76474029847 4437.66422806528 4670.6818432193 4810.1335066071 4931.08702761463 Inf 4335.0243242101 382.127108442727 -Inf 3586.06895414592 3706.4811639316 3845.30873014829 4077.28350629341 4335.0243242101 4592.76514212678 4824.7399182719 4963.56748448859 5083.97969427427 Inf
"9" 60.1131980590843 4136.72187809123 385.385298526684 -Inf 3381.38057280771 3502.81947203584 3642.83074542649 3876.78344435873 4136.72187809123 4396.66031182374 4630.61301075598 4770.62428414662 4892.06318337475 Inf 4298.77895886647 383.693320882256 -Inf 3546.75386882868 3667.65960837624 3807.05618280081 4039.98174671269 4298.77895886647 4557.57617102025 4790.50173493213 4929.89830935671 5050.80404890426 Inf
"10" 60.4430786639511 4105.87452224777 386.541553949075 -Inf 3348.26699797944 3470.07024526717 3610.50158863629 3845.15620608425 4105.87452224777 4366.59283841129 4601.24745585925 4741.67879922836 4863.4820465161 Inf 4271.99980034493 384.866674320355 -Inf 3517.67497982733 3638.95045519634 3778.77331134373 4012.41117332379 4271.99980034493 4531.58842736606 4765.22628934612 4905.04914549351 5026.32462086253 Inf
"11" 60.7703931600618 4089.00675432815 386.879001459556 -Inf 3330.7378450926 3452.64742558604 3593.20136433133 3828.06083327759 4089.00675432815 4349.95267537872 4584.81214432498 4725.36608307027 4847.2756635637 Inf 4257.43329164106 385.200346144113 -Inf 3502.45448636623 3623.83510518295 3763.77918499175 3997.61960639487 4257.43329164106 4517.24697688725 4751.08739829037 4891.03147809916 5012.41209691588 Inf
"12" 61.0944981834541 4085.90296158238 386.37419367845 -Inf 3328.62345741692 3450.37396774994 3590.74450878773 3825.29752820599 4085.90296158238 4346.50839495877 4581.06141437703 4721.43195541483 4843.18246574785 Inf 4256.74086163164 384.677409459361 -Inf 3502.78699342512 3624.00282947611 3763.75692530935 3997.27989181932 4256.74086163164 4516.20183144396 4749.72479795392 4889.47889378716 5010.69472983815 Inf
"13" 61.414870335106 4093.44286038696 385.30534301556 -Inf 3338.2582650256 3459.67196944403 3599.65419483266 3833.55835582717 4093.44286038696 4353.32736494674 4587.23152594125 4727.21375132988 4848.6274557483 Inf 4269.41120345032 383.59292892725 -Inf 3517.58287802868 3638.45698303139 3777.81708485176 4010.6817046412 4269.41120345032 4528.14070225944 4761.00532204888 4900.36542386925 5021.23952887196 Inf
"14" 61.7307456790016 4106.59269154475 384.016617905787 -Inf 3353.93395098453 3474.94156477278 3614.45559367245 3847.57741886233 4106.59269154475 4365.60796422717 4598.72978941706 4738.24381831672 4859.25143210497 Inf 4292.29614582882 382.300211906966 -Inf 3543.00149920913 3663.46825568933 3802.35871075141 4034.43857139978 4292.29614582882 4550.15372025785 4782.23358090622 4921.1240359683 5041.5907924485 Inf
"15" 62.0416071660877 4119.95354989973 382.769569398824 -Inf 3369.73897950013 3490.35363538742 3629.41460899383 3861.77939865325 4119.95354989973 4378.1277011462 4610.49249080562 4749.55346441203 4870.16812029932 Inf 4320.07061355825 381.055027557683 -Inf 3573.21648341728 3693.2908694119 3831.72894643306 4063.05290320991 4320.07061355825 4577.0883239066 4808.41228068344 4946.8503577046 5066.92474369923 Inf
"16" 62.3470768172654 4129.31868209638 381.753254158572 -Inf 3381.09605296462 3501.39045739313 3640.08220157772 3871.83002506243 4129.31868209638 4386.80733913034 4618.55516261505 4757.24690679964 4877.54131122815 Inf 4346.46418707551 380.035665601176 -Inf 3601.6079696565 3721.3611441405 3859.42888486154 4090.13402591857 4346.46418707551 4602.79434823245 4833.49948928948 4971.56723001052 5091.32040449452 Inf
"17" 62.6469248184079 4132.73635339954 381.140302848086 -Inf 3385.7150867606 3505.81634388248 3644.28540159243 3875.66112574188 4132.73635339954 4389.81158105721 4621.18730520665 4759.6563629166 4879.75762003848 Inf 4365.80764594334 379.412598764733 -Inf 3622.17261708372 3741.72945675408 3879.57083600905 4109.89773698127 4365.80764594334 4621.71755490541 4852.04445587763 4989.88583513259 5109.44267480296 Inf
"18" 62.9410703664006 4130.81664471739 381.065277711937 -Inf 3383.94242464324 3504.02004056764 3642.46184149097 3873.79202074506 4130.81664471739 4387.84126868971 4619.17144794381 4757.61324886714 4877.69086479154 Inf 4374.37275562236 379.329061406857 -Inf 3630.90145697554 3750.43197315919 3888.24300311984 4118.51919175194 4374.37275562236 4630.22631949279 4860.50250812488 4998.31353808553 5117.84405426918 Inf
"19" 63.2292331278159 4126.30070693517 381.530191821338 -Inf 3378.51527195069 3498.73938712635 3637.350092304 3868.96250316134 4126.30070693517 4383.63891070901 4615.25132156634 4753.86202674399 4874.08614191965 Inf 4371.13190622305 379.796932209105 -Inf 3626.74359765441 3746.42154477386 3884.40255316144 4114.9627682921 4371.13190622305 4627.30104415401 4857.86125928467 4995.84226767224 5115.5202147917 Inf
"20" 63.5112034534385 4123.08953450412 382.343384209277 -Inf 3373.71027172678 3494.19063224659 3633.0967718951 3865.20284079968 4123.08953450412 4380.97622820856 4613.08229711314 4751.98843676165 4872.46879728147 Inf 4357.81867726075 380.625548838153 -Inf 3611.80630994218 3731.74536274392 3870.02740926094 4101.09064590665 4357.81867726075 4614.54670861484 4845.60994526055 4983.89199177758 5103.83104457932 Inf
"21" 63.7865745999244 4125.04457973635 383.172191691438 -Inf 3374.04088414385 3494.78241048574 3633.98965760103 3866.5988638803 4125.04457973635 4383.49029559239 4616.09950187166 4755.30674898695 4876.04827532884 Inf 4338.30212968806 381.473597786942 -Inf 3590.62761697274 3710.83389878198 3849.42404323028 4081.00209801035 4338.30212968806 4595.60216136578 4827.18021614585 4965.77036059414 5085.97664240339 Inf
"22" 64.0550167720507 4134.90008988698 383.683821861244 -Inf 3382.89361758826 3503.79636389591 3643.18948730656 3876.10928472551 4134.90008988698 4393.69089504844 4626.61069246739 4766.00381587805 4886.9065621857 Inf 4317.50026520689 381.997525254247 -Inf 3568.79887352513 3689.17025030595 3827.95073868314 4059.84684982263 4317.50026520689 4575.15368059115 4807.04979173063 4945.83028010782 5066.20165688864 Inf
"23" 64.3158082009779 4153.54374688072 383.677060613275 -Inf 3401.55052638451 3522.4511421529 3661.84180918823 3894.75750211171 4153.54374688072 4412.32999164974 4645.24568457321 4784.63635160855 4905.53696737693 Inf 4300.21197174409 381.990994566013 -Inf 3551.52337997607 3671.89269886938 3810.67081463408 4042.56296124211 4300.21197174409 4557.86098224607 4789.7531288541 4928.5312446188 5048.90056351211 Inf
"24" 64.5679924546454 4179.80936525175 383.135038780708 -Inf 3428.8784880262 3549.60830710111 3688.80205648734 3921.38870865318 4179.80936525175 4438.23002185031 4670.81667401615 4810.01042340239 4930.74024247729 Inf 4290.06517295597 381.439626347033 -Inf 3542.45724303937 3662.65282009604 3801.23062265018 4032.78805466627 4290.06517295597 4547.34229124567 4778.89972326176 4917.4775258159 5037.67310287257 Inf
"25" 64.8106494960265 4210.8517811813 382.186499598701 -Inf 3461.78000659041 3582.21093114449 3721.06007429057 3953.07090453866 4210.8517811813 4468.63265782394 4700.64348807202 4839.49263121811 4959.92355577218 Inf 4288.86646615794 380.478569151969 -Inf 3543.14217373074 3663.03491171101 3801.26356020506 4032.23757109566 4288.86646615794 4545.49536122021 4776.46937211081 4914.69802060486 5034.59075858513 Inf
"26" 65.0427943194315 4242.88704941919 381.022564968155 -Inf 3496.09654478454 3616.16070148097 3754.58698477644 3985.89123475475 4242.88704941919 4499.88286408364 4731.18711406195 4869.61339735742 4989.67755405385 Inf 4296.50313611184 379.30428380451 -Inf 3553.08040067324 3672.60310917776 3810.40513738439 4040.66628448023 4296.50313611184 4552.33998774344 4782.60113483928 4920.40316304591 5039.92587155043 Inf
"27" 65.2636902163245 4272.10643266137 379.821568389333 -Inf 3527.66983806676 3647.35554830178 3785.34550706441 4015.92067787936 4272.10643266137 4528.29218744337 4758.86735825832 4896.85731702096 5016.54302725598 Inf 4311.31387283562 378.096907512091 -Inf 3570.25755144595 3689.39980317522 3826.76318908593 4056.29138413788 4311.31387283562 4566.33636153336 4795.86455658531 4933.22794249602 5052.37019422529 Inf
"28" 65.4728389482318 4295.40107251696 378.711468171521 -Inf 3553.1402343685 3672.47614052692 3810.06279759206 4039.96406895356 4295.40107251696 4550.83807608036 4780.73934744187 4918.32600450701 5037.66191066543 Inf 4330.74206977277 376.983349397977 -Inf 3591.86828218145 3710.65964021519 3847.61846816754 4076.47066460924 4330.74206977277 4585.01347493629 4813.86567137799 4950.82449933034 5069.61585736408 Inf
"29" 65.6701276115368 4310.77874163277 377.764853715848 -Inf 3570.37323372466 3689.41085186346 3826.6536019455 4055.98021981711 4310.77874163277 4565.57726344843 4794.90388132004 4932.14663140207 5051.18424954087 Inf 4352.02310008263 376.034319913853 -Inf 3615.00937610047 3733.5016851141 3870.11572869854 4098.39180557879 4352.02310008263 4605.65439458648 4833.93047146673 4970.54451505117 5089.0368240648 Inf
"30" 65.8562811048387 4317.41439516898 377.009645719324 -Inf 3578.4890677349 3697.28871201186 3834.25709347197 4063.12525340624 4317.41439516898 4571.70353693172 4800.57169686599 4937.5400783261 5056.33972260306 Inf 4372.75281455658 375.27653079233 -Inf 3637.22432996048 3755.47785177305 3891.81658900752 4119.63264104801 4372.75281455658 4625.87298806515 4853.68904010564 4990.02777734011 5108.28129915268 Inf
"31" 66.032549310267 4315.34063915433 376.447071889595 -Inf 3577.51793616516 3696.14030760147 3832.90430482954 4061.43094767347 4315.34063915433 4569.25033063519 4797.77697347912 4934.54097070719 5053.1633421435 Inf 4391.10659581792 374.711038395181 -Inf 3656.68645595376 3774.76178525485 3910.89507793573 4138.36784113504 4391.10659581792 4643.8453505008 4871.31811370011 5007.45140638098 5125.52673568208 Inf
"32" 66.2005976140209 4305.0882211723 376.064599758725 -Inf 3568.01514978473 3686.51700029111 3823.14204460561 4051.43650322345 4305.0882211723 4558.73993912116 4787.034397739 4923.6594420535 5042.16129255988 Inf 4405.83564936307 374.325816548283 -Inf 3672.17053044489 3790.12447235206 3926.11781314186 4153.35672286748 4405.83564936307 4658.31457585867 4885.55348558429 5021.54682637409 5139.50076828125 Inf
"33" 66.3623671860463 4287.37662098019 375.844213855434 -Inf 3550.73549802577 3669.16790265136 3805.71288031288 4033.8735510642 4287.37662098019 4540.87969089618 4769.0403616475 4905.58533930903 5024.01774393461 Inf 4416.12929685455 374.103534262912 -Inf 3682.8998432101 3800.78374166683 3936.69632684415 4163.80029748209 4416.12929685455 4668.45829622701 4895.56226686495 5031.47485204226 5149.358750499 Inf
"34" 66.5201536417211 4262.8800133322 375.766941950008 -Inf 3526.39034052943 3644.79839597727 3781.31530059626 4009.42906252439 4262.8800133322 4516.33096414001 4744.44472606814 4880.96163068714 4999.36968613497 Inf 4421.44445984937 374.025737022342 -Inf 3688.36748599453 3806.22686973498 3942.11119101442 4169.16793391827 4421.44445984937 4673.72098578048 4900.77772868433 5036.66204996377 5154.52143370421 Inf
"35" 66.6761121614255 4232.18954950377 375.815343230877 -Inf 3495.6050119337 3614.02831912645 3750.56280803056 3978.70595252812 4232.18954950377 4485.67314647942 4713.81629097699 4850.35077988109 4968.77408707385 Inf 4421.32558418021 374.075182748208 -Inf 3688.15169848348 3806.02666308428 3941.92894809786 4169.01570761382 4421.32558418021 4673.6354607466 4900.72222026256 5036.62450527613 5154.49946987693 Inf
"36" 66.8320386700133 4195.90319745903 375.972797103042 -Inf 3459.01005597028 3577.482978509 3714.07467072944 3942.31339946047 4195.90319745903 4449.49299545758 4677.73172418861 4814.32341640905 4932.79633894777 Inf 4415.34441772502 374.235080384038 -Inf 3681.85713842086 3799.78248842286 3935.74286457715 4162.92669184218 4415.34441772502 4667.76214360786 4894.9459708729 5030.90634702718 5148.83169702919 Inf
"37" 66.9895960537485 4154.67322211877 376.222406861857 -Inf 3417.29085449256 3535.84243165163 3672.524807612 3900.91506489635 4154.67322211877 4408.43137934119 4636.82163662554 4773.50401258591 4892.05558974499 Inf 4403.10059322565 374.488021880223 -Inf 3669.11755769876 3787.12261218608 3923.17488250735 4150.51226089623 4403.10059322565 4655.68892555507 4883.02630394395 5019.07857426522 5137.08362875254 Inf
"38" 67.1503683070106 4109.28291261837 376.546374248469 -Inf 3371.26558058223 3489.91924322035 3626.7193172001 3855.30624271428 4109.28291261837 4363.25958252246 4591.84650803664 4728.64658201639 4847.30024465451 Inf 4384.24131839938 374.815464929927 -Inf 3649.61650628809 3767.72474147189 3903.89597252811 4131.43212908917 4384.24131839938 4637.0505077096 4864.58666427066 5000.75789532688 5118.86613051068 Inf
"39" 67.3155140010361 4060.8509295005 376.924689490599 -Inf 3322.09211321498 3440.86498690432 3577.8025035914 3806.61908984325 4060.8509295005 4315.08276915775 4543.89935540959 4680.83687209666 4799.60974578601 Inf 4358.58045481725 375.196606388232 -Inf 3623.20861917466 3741.43695597968 3877.74665651339 4105.51418950003 4358.58045481725 4611.64672013446 4839.41425312111 4975.72395365481 5093.95229045983 Inf
"40" 67.4855797747704 4010.98112354297 377.334314507101 -Inf 3271.41945697794 3390.32140775271 3527.40774205269 3756.47299601066 4010.98112354297 4265.48925107527 4494.55450503324 4631.64083933322 4750.54279010799 Inf 4326.29330579108 375.607841250073 -Inf 3590.1154646301 3708.47338579948 3844.93248880622 4072.94966677463 4326.29330579108 4579.63694480753 4807.65412277594 4944.11322578267 5062.47114695206 Inf
"41" 67.6606303386909 3961.72657121395 377.750075852049 -Inf 3221.35002738665 3340.38298886751 3477.62037012116 3706.93801691595 3961.72657121395 4216.51512551194 4445.83277230673 4583.07015356038 4702.10311504124 Inf 4288.06833803842 376.023951159578 -Inf 3551.0749364412 3669.56397815297 3806.1742547476 4034.44403715305 4288.06833803842 4541.69263892379 4769.96242132924 4906.57269792388 5025.06173963564 Inf
"42" 67.8404115541736 3915.42737854126 378.146225783068 -Inf 3174.27439511669 3293.43218754397 3430.81349088419 3660.37162517525 3915.42737854126 4170.48313190727 4400.04126619833 4537.42256953855 4656.58036196582 Inf 4245.17401244231 376.419789764089 -Inf 3507.40478143656 3626.01855599254 3762.77264156817 3991.28272247547 4245.17401244231 4499.06530240915 4727.57538331645 4864.32946889208 4982.94324344806 Inf
"43" 68.0246108212673 3874.44344826573 378.497925726515 -Inf 3132.60114561865 3251.86976234086 3389.37883899553 3619.15047689272 3874.44344826573 4129.73641963874 4359.50805753593 4497.0171341906 4616.28575091282 Inf 4199.39579603025 376.771550453897 -Inf 3460.93712674129 3579.66174473402 3716.54362569339 3945.26724708361 4199.39579603025 4453.52434497689 4682.2479663671 4819.12984732647 4937.8544653192 Inf
"44" 68.2127085060392 3840.94943885275 378.781680375699 -Inf 3098.55098731282 3217.90901806401 3355.52118336766 3585.46507787729 3840.94943885275 4096.43379982821 4326.37769433784 4463.98985964149 4583.34789039268 Inf 4152.97523545347 377.056652144025 -Inf 3413.95777711994 3532.7722336082 3669.75769259929 3898.65438833908 4152.97523545347 4407.29608256787 4636.19277830766 4773.17823729875 4891.99269378701 Inf
"45" 68.404033546267 3816.65377714194 378.977496193016 -Inf 3073.87153365246 3193.29126799587 3330.97457358961 3561.03734040478 3816.65377714194 4072.2702138791 4302.33298069427 4440.01628628801 4559.43602063142 Inf 4108.41609081421 377.25525518712 -Inf 3369.00937766898 3487.88641603317 3624.94402791922 3853.96128798289 4108.41609081421 4362.87089364553 4591.88815370919 4728.94576559524 4847.82280395943 Inf
"46" 68.5981313546374 3802.54581262591 379.073480334267 -Inf 3059.57544367649 3179.02542361697 3316.74360044708 3546.86463556929 3802.54581262591 4058.22698968252 4288.34802480473 4426.06620163484 4545.51618157532 Inf 4068.15850690054 377.354531353395 -Inf 3328.5572160449 3447.46553735734 3584.55921647925 3813.63674331263 4068.15850690054 4322.68027048845 4551.75779732183 4688.85147644375 4807.75979775619 Inf
"47" 68.7947097141747 3798.83346240353 379.071567288044 -Inf 3055.86684295581 3175.31622007561 3313.03370189209 3543.15357567698 3798.83346240353 4054.51334913008 4284.63322291497 4422.35070473145 4541.80008185125 Inf 4034.36521634198 377.354671898802 -Inf 3294.7636500224 3413.67201562215 3550.7657458045 3779.84335795763 4034.36521634198 4288.88707472633 4517.96468687946 4655.05841706181 4773.96678266156 Inf
"48" 68.9934084814509 3804.9410756712 378.993221319679 -Inf 3062.12801149981 3181.55270099351 3319.24171955818 3549.31403249728 3804.9410756712 4060.56811884512 4290.64043178423 4428.3294503489 4547.75413984259 Inf 4008.75376280011 377.275455271965 -Inf 3269.3074582161 3388.19086183625 3525.25581245477 3754.2853352186 4008.75376280011 4263.22219038161 4492.25171314544 4629.31666376396 4748.20006738411 Inf
"49" 69.1939450271678 3819.5619813848 378.880721414936 -Inf 3076.96941297497 3196.35865258345 3334.00679970082 3564.01081824353 3819.5619813848 4075.11314452607 4305.11716306877 4442.76531018614 4562.15454979462 Inf 3992.39090913383 377.158608975717 -Inf 3253.1736190822 3372.02020322415 3509.04270334238 3738.0012931815 3992.39090913383 4246.78052508617 4475.73911492529 4612.76161504351 4731.60819918546 Inf
"50" 69.3960581136284 3840.79995867992 378.789664100238 -Inf 3098.38585932743 3217.74640583292 3355.36147164015 3585.31021276409 3840.79995867992 4096.28970459575 4326.23844571969 4463.85351152693 4583.21405803241 Inf 3985.59017791786 377.060986314797 -Inf 3246.56422476571 3365.38004699607 3502.36708060034 3731.26640744971 3985.59017791786 4239.91394838602 4468.81327523538 4605.80030883965 4724.61613107001 Inf
"51" 69.5994034900248 3866.34877426094 378.77199905059 -Inf 3123.96929776954 3243.32427783492 3380.9329258932 3610.87094324004 3866.34877426094 4121.82660528184 4351.76462262868 4489.37327068696 4608.72825075234 Inf 3987.86965832251 377.037378897046 -Inf 3248.88997485892 3367.69835814743 3504.67681512817 3733.56181081566 3987.86965832251 4242.17750582937 4471.06250151685 4608.04095849759 4726.8493417861 Inf
"52" 69.8035901050294 3893.72097293914 378.853868304023 -Inf 3151.18103565957 3270.56181357467 3408.20020490149 3638.18792194594 3893.72097293914 4149.25402393234 4379.24174097679 4516.88013230361 4636.2609102187 Inf 3997.97965010126 377.117150686963 -Inf 3258.84361680245 3377.6771370082 3514.68457524466 3743.61799733975 3997.97965010126 4252.34130286277 4481.27472495785 4618.28216319431 4737.11568340007 Inf
"53" 70.0079381284595 3920.46067141262 379.017723595284 -Inf 3177.59958366351 3297.03199407803 3434.72991436994 3664.81710170495 3920.46067141262 4176.10424112029 4406.19142845531 4543.88934874722 4663.32175916174 Inf 4014.00499710562 377.284674818145 -Inf 3274.54062254315 3393.42693133779 3530.49523143644 3759.53035103472 4014.00499710562 4268.47964317652 4497.5147627748 4634.58306287345 4753.46937166809 Inf
"54" 70.2113266988099 3944.37407362764 379.199590002106 -Inf 3201.15653427116 3320.64625267417 3458.41024540657 3688.60783689267 3944.37407362764 4200.14031036262 4430.33790184871 4568.10189458112 4687.59161298412 Inf 4033.5393118083 377.475327342127 -Inf 3293.70126516526 3412.64765054491 3549.78521509854 3778.93607256412 4033.5393118083 4288.14255105248 4517.29340851806 4654.43097307169 4773.37735845134 Inf
"55" 70.4127293206319 3963.81671178116 379.308683419082 -Inf 3220.38535325645 3339.90944812509 3477.71307472077 3707.97689265462 3963.81671178116 4219.6565309077 4449.92034884154 4587.72397543722 4707.24807030586 Inf 4054.02720493724 377.595145956335 -Inf 3313.95431812568 3432.9384595917 3570.11955449486 3799.3431492659 4054.02720493724 4308.71126060859 4537.93485537963 4675.11595028279 4794.10009174881 Inf
"56" 70.6111898944423 3977.80083639135 379.261574038744 -Inf 3234.46181055544 3353.9710607704 3491.75757243109 3721.99279205898 3977.80083639135 4233.60888072371 4463.84410035161 4601.6306120123 4721.13986222726 Inf 4073.09974106153 377.556418817952 -Inf 3333.10275804642 3452.07469619001 3589.24172144397 3818.44180644808 4073.09974106153 4327.75767567497 4556.95776067909 4694.12478593304 4813.09672407663 Inf
"57" 70.8059233787664 3985.99782726846 379.01491241366 -Inf 3243.14224933408 3362.57377391616 3500.27067289998 3730.35615367398 3985.99782726846 4241.63950086294 4471.72498163693 4609.42188062076 4728.85340520284 Inf 4088.85357973806 377.312387803968 -Inf 3349.33488872147 3468.22993016498 3605.30829844851 3834.36024154227 4088.85357973806 4343.34691793385 4572.39886102761 4709.47722931114 4828.37227075465 Inf
"58" 70.9963418577283 3988.63552875152 378.581649502978 -Inf 3246.62913051792 3365.92412946928 3503.46362314452 3733.28608654944 3988.63552875152 4243.9849709536 4473.80743435852 4611.34692803376 4730.64192698512 Inf 4100.00934394327 376.874903809646 -Inf 3361.34810579937 3480.10529150499 3617.02472095155 3845.81108421753 4100.00934394327 4354.20760366901 4582.993966935 4719.91339638156 4838.67058208718 Inf
"59" 71.1823137412403 3986.33581162496 378.024751603268 -Inf 3245.42091321786 3364.5404278729 3501.87759939319 3731.36199134814 3986.33581162496 4241.30963190179 4470.79402385674 4608.13119537703 4727.25071003207 Inf 4105.95025870704 376.308384176051 -Inf 3368.39937864151 3486.97804814281 3623.69165983866 3852.13411066744 4105.95025870704 4359.76640674663 4588.20885757541 4724.92246927126 4843.50113877256 Inf
"60" 71.364083896705 3979.92528921324 377.435690233583 -Inf 3240.1649298754 3359.0988251916 3496.22198950198 3725.3487847925 3979.92528921324 4234.50179363397 4463.62858892449 4600.75175323488 4719.68564855108 Inf 4106.62117953644 375.707461191003 -Inf 3370.24808687909 3488.63739932369 3625.13269446032 3853.21034789092 4106.62117953644 4360.03201118196 4588.10966461256 4724.60495974919 4842.99427219378 Inf
"61" 71.5429348955775 3970.24433515678 376.907391301854 -Inf 3231.5194226982 3350.2868455491 3487.21807776855 3716.02416295053 3970.24433515678 4224.46450736302 4453.270592545 4590.20182476445 4708.96924761536 Inf 4102.35723052513 375.168588108567 -Inf 3367.04030970159 3485.25981765649 3621.55933909144 3849.30986325036 4102.35723052513 4355.40459779989 4583.15512195882 4719.45464339377 4837.67415134866 Inf
"62" 71.7204316254058 3958.06097375533 376.518985750627 -Inf 3220.09732218855 3338.74235442732 3475.53247810935 3704.10277711231 3958.06097375533 4212.01917039835 4440.58946940131 4577.37959308334 4696.02462532211 Inf 4093.69942830039 374.773720476678 -Inf 3359.15643381402 3477.25151488823 3613.40758009853 3840.91839519602 4093.69942830039 4346.48046140476 4573.99127650225 4710.14734171255 4828.24242278676 Inf
"63" 71.8986461929655 3944.0327428496 376.326927638097 -Inf 3206.44551826632 3325.03003100458 3461.75037957841 3690.20408743493 3944.0327428496 4197.86139826428 4426.3151061208 4563.03545469463 4681.61996743289 Inf 4081.2913379518 374.580733238309 -Inf 3347.1265915021 3465.16086029862 3601.2468128474 3828.64047276162 4081.2913379518 4333.94220314197 4561.3358630562 4697.42181560497 4815.45608440149 Inf
"64" 72.0802925924886 3928.70668631277 376.364646893412 -Inf 3191.04553334755 3309.64193181383 3446.37598387088 3674.852589647 3928.70668631277 4182.56078297854 4411.03738875466 4547.77144081171 4666.36783927799 Inf 4065.81921434351 374.622787946413 -Inf 3331.57204218056 3449.61956285118 3585.7207939621 3813.13998368378 4065.81921434351 4318.49844500325 4545.91763472492 4682.01886583584 4800.06638650647 Inf
"65" 72.2685974198871 3912.58298141464 376.647676286317 -Inf 3174.36710103276 3293.05268499225 3429.88956221118 3658.53798432435 3912.58298141464 4166.62797850494 4395.27640061811 4532.11327783704 4650.79886179653 Inf 4048.04702052619 374.913459793291 -Inf 3313.23014201204 3431.36925639228 3567.57608918436 3795.17173468507 4048.04702052619 4300.92230636732 4528.51795186803 4664.72478466011 4782.86389904035 Inf
"66" 72.4669224212726 3896.23617109562 377.180848667397 -Inf 3156.97529204927 3275.82888414841 3412.85946399247 3641.8315546992 3896.23617109562 4150.64078749203 4379.61287819876 4516.64345804282 4635.49705014196 Inf 4028.96142502965 375.454193002935 -Inf 3293.08472889934 3411.39423391463 3547.79751619645 3775.72142018103 4028.96142502965 4282.20142987827 4510.12533386284 4646.52861614466 4764.83812115995 Inf
"67" 72.6783775792321 3880.44168137958 377.97003477358 -Inf 3139.63402598801 3258.73629880328 3396.05359158655 3625.50476704354 3880.44168137958 4135.37859571562 4364.82977117261 4502.14706395588 4621.24933677115 Inf 4009.95324414836 376.246958629886 -Inf 3272.52275594106 3391.08206961653 3527.77336528484 3756.17852701006 4009.95324414836 4263.72796128667 4492.13312301189 4628.82441868019 4747.38373235567 Inf
"68" 72.9057497875073 3866.24217448709 379.045957615846 -Inf 3123.32574907453 3242.76705632137 3380.47523409115 3610.57956122194 3866.24217448709 4121.90478775223 4352.00911488303 4489.71729265281 4609.15859989964 Inf 3992.8955254894 377.320252730903 -Inf 3253.36141949928 3372.25893926273 3509.34016489043 3738.39688248101 3992.8955254894 4247.39416849779 4476.45088608838 4613.53211171607 4732.42963147952 Inf
"69" 73.1510881552149 3854.96356404422 380.492674161626 -Inf 3109.2116263061 3229.108808921 3367.34258179413 3598.3251552975 3854.96356404422 4111.60197279093 4342.5845462943 4480.81831916743 4600.71550178234 Inf 3980.04013885857 378.760803920496 -Inf 3237.68260441896 3357.03405678289 3494.63863762733 3724.56985883817 3980.04013885857 4235.51041887898 4465.44164008982 4603.04622093426 4722.39767329818 Inf
"70" 73.4158953787203 3848.08235367241 382.448282327197 -Inf 3098.4974943619 3219.01090936516 3357.95515871615 3590.12490726262 3848.08235367241 4106.0398000822 4338.20954862867 4477.15379797966 4597.66721298292 Inf 3973.53573891769 380.716161069352 -Inf 3227.34577488941 3347.31338054372 3485.62834667113 3716.74659054241 3973.53573891769 4230.32488729297 4461.44313116424 4599.75809729165 4719.72570294597 Inf
