"mid_age" "mean_left" "std_left" "min_left" "l.q2.5" "l.q5" "l.q10" "l.q25" "l.q50" "l.q75" "l.q90" "l.q95" "l.q97.5" "max_left" "mean_right" "std_right" "min_right" "r.q2.5" "r.q5" "r.q10" "r.q25" "r.q50" "r.q75" "r.q90" "r.q95" "r.q97.5" "max_right"
"1" 55.7046898739331 4274.0071505869 332.379860969568 -Inf 3622.55459390012 3727.29093074548 3848.04521940586 4049.82034119133 4274.0071505869 4498.19395998247 4699.96908176795 4820.72337042832 4925.45970727369 Inf 4464.08223334891 363.285086937558 -Inf 3752.05654683079 3866.53144048229 3998.51366144507 4219.05016581043 4464.08223334891 4709.11430088738 4929.65080525274 5061.63302621553 5176.10791986702 Inf
"2" 56.0799095649666 4277.71776925167 332.388227510516 -Inf 3626.24881444595 3730.98778767502 3851.74511591697 4053.52531670998 4277.71776925167 4501.91022179335 4703.69042258636 4824.44775082831 4929.18672405738 Inf 4475.97081211674 363.29353279729 -Inf 3763.92857201773 3878.4061270471 4010.39141640814 4230.93304793244 4475.97081211674 4721.00857630103 4941.55020782533 5073.53549718637 5188.01305221575 Inf
"3" 56.4499310353912 4286.7708924161 332.436639087111 -Inf 3635.20705266382 3739.96128088211 3860.73619714963 4062.54578676221 4286.7708924161 4510.99599806999 4712.80558768257 4833.58050395009 4938.33473216838 Inf 4488.25474024567 363.345709388489 -Inf 3776.11023590708 3890.60423232076 4022.60847754494 4243.18178348541 4488.25474024567 4733.32769700593 4953.90100294641 5085.90524817059 5200.39924458427 Inf
"4" 56.8160047553167 4296.70072127906 332.478777555758 -Inf 3645.05429164587 3749.82179813208 3870.61202339212 4072.44719365998 4296.70072127906 4520.95424889814 4722.789419166 4843.57964442604 4948.34715091225 Inf 4495.96269165779 363.391707198925 -Inf 3783.72803326737 3898.23652406755 4030.25748039108 4250.85870984586 4495.96269165779 4741.06667346972 4961.6679029245 5093.68885924803 5208.19735004821 Inf
"5" 57.1788281584214 4302.41548041051 332.486511892445 -Inf 3650.75389175597 3755.52383541177 3876.31687057228 4078.1567360606 4302.41548041051 4526.67422476041 4728.51409024873 4849.30712540924 4954.07706906505 Inf 4495.97772063717 363.400392340177 -Inf 3783.7260396827 3898.23726726084 4030.26137891409 4250.86788078648 4495.97772063717 4741.08756048785 4961.69406236025 5093.7181740135 5208.22940159164 Inf
"6" 57.5386557300741 4300.25438005558 332.459957848824 -Inf 3648.64483637018 3753.4064125718 3874.18980059352 4076.01354613592 4300.25438005558 4524.49521397523 4726.31895951763 4847.10234753935 4951.86392374098 Inf 4488.00695663464 363.371450812148 -Inf 3775.81200003276 3890.31410783566 4022.32770497212 4242.91663754796 4488.00695663464 4733.09727572131 4953.68620829716 5085.69980543362 5200.20191323651 Inf
"7" 57.8955056717352 4289.38458396683 332.411277509178 -Inf 3637.87045199389 3742.61668851628 3863.38239087026 4065.1765844373 4289.38458396683 4513.59258349635 4715.38677706339 4836.15247941737 4940.89871593976 Inf 4474.46449183334 363.318328789665 -Inf 3762.37365248232 3876.85902098571 4008.8533187819 4229.41000300634 4474.46449183334 4719.51898066034 4940.07566488479 5072.06996268097 5186.55533118437 Inf
"8" 58.2490645648571 4271.98876985401 332.354969509501 -Inf 3620.58499953248 3725.31349282096 3846.05873836258 4047.81874949312 4271.98876985401 4496.1587902149 4697.91880134544 4818.66404688705 4923.39254017554 Inf 4459.31896429881 363.257160967058 -Inf 3747.34801167711 3861.81410556605 3993.78618096619 4214.3057325412 4459.31896429881 4704.33219605642 4924.85174763143 5056.82382303157 5171.28991692051 Inf
"9" 58.5987673931426 4252.23583665442 332.307717064388 -Inf 3600.92467942349 3705.63828297709 3826.366361608 4028.09768758343 4252.23583665442 4476.3739857254 4678.10531170084 4798.83339033174 4903.54699388534 Inf 4446.3912954382 363.206038600773 -Inf 3734.52054081323 3848.97052551505 3980.92402805413 4201.41254519266 4446.3912954382 4691.37004568375 4911.85856282228 5043.81206536136 5158.26205006318 Inf
"10" 58.9439304172534 4234.54878457846 332.282429044697 -Inf 3583.28719095536 3687.99282599204 3808.71171743326 4010.42769201755 4234.54878457846 4458.66987713936 4660.38585172365 4781.10474316487 4885.81037820155 Inf 4437.84545937298 363.17864340935 -Inf 3726.02839833654 3840.4697505298 3972.41330033937 4192.88518690326 4437.84545937298 4682.80573184271 4903.2776184066 5035.22116821617 5149.66252040943 Inf
"11" 59.2838221153656 4221.98633977516 332.276609603279 -Inf 3570.73615204766 3675.43995331807 3796.15673054423 3997.86917236785 4221.98633977516 4446.10350718248 4647.8159490061 4768.53272623225 4873.23652750267 Inf 4433.53353068473 363.172075454118 -Inf 3721.729342604 3836.16862516653 3968.10978882443 4188.57768823349 4433.53353068473 4678.48937313597 4898.95727254504 5030.89843620293 5145.33771876547 Inf
"12" 59.6176686219612 4215.4018322764 332.271343879995 -Inf 3564.16196517689 3668.86410716335 3789.57897134138 3991.28821654546 4215.4018322764 4439.51544800733 4641.22469321141 4761.93955738945 4866.64169937591 Inf 4431.40521728369 363.165961043613 -Inf 3719.61301322733 3834.05036907578 3965.98931135574 4186.45349893966 4431.40521728369 4676.35693562771 4896.82112321164 5028.76006549159 5143.19742134004 Inf
"13" 59.9447296814487 4213.58048160641 332.246700843199 -Inf 3562.38891397149 3667.08329068182 3787.78920199378 3989.48348735121 4213.58048160641 4437.67747586162 4639.37176121904 4760.07767253101 4864.77204924134 Inf 4428.66837490765 363.138978107638 -Inf 3716.929056434 3831.35790967985 3963.28704900354 4183.73485627737 4428.66837490765 4673.60189353793 4894.04970081176 5025.97884013545 5140.4076933813 Inf
"14" 60.2643578106723 4214.09799822339 332.198316199694 -Inf 3563.00126274714 3667.68039295515 3788.36872602639 3990.0336389143 4214.09799822339 4438.16235753248 4639.82727042038 4760.51560349162 4865.19473369963 Inf 4423.08000986614 363.086520171544 -Inf 3711.44350705793 3825.85583026478 3957.76591151215 4178.18187357607 4423.08000986614 4667.97814615621 4888.39410822012 5020.30418946749 5134.71651267434 Inf
"15" 60.5760349424323 4214.38793007715 332.137990991678 -Inf 3563.40942983597 3668.06955094611 3788.73596774493 3990.36425950255 4214.38793007715 4438.41160065176 4640.03989240937 4760.70630920819 4865.36643031833 Inf 4413.78419165947 363.021212479861 -Inf 3702.27568957488 3816.66743365165 3948.55378848001 4168.93010473805 4413.78419165947 4658.63827858089 4879.01459483894 5010.90094966729 5125.29269374406 Inf
"16" 60.8794327185819 4212.55846552185 332.079626554997 -Inf 3561.69435747455 3666.33608734617 3786.98130022483 3988.57416116156 4212.55846552185 4436.54276988214 4638.13563081887 4758.78084369753 4863.42257356915 Inf 4401.43334126113 362.957836330326 -Inf 3690.04905414711 3804.42082774273 3936.28415788532 4156.62200090298 4401.43334126113 4646.24468161928 4866.58252463694 4998.44585477952 5112.81762837515 Inf
"17" 61.174292830464 4207.74647793884 332.02666645549 -Inf 3556.98616977919 3661.61121137492 3782.23718374025 3983.79789462284 4207.74647793884 4431.69506125484 4633.25577213743 4753.88174450276 4858.50678609849 Inf 4387.71334866502 362.90000940854 -Inf 3676.44240023503 3790.79595196866 3922.63827347135 4142.9410119729 4387.71334866502 4632.48568535714 4852.78842385868 4984.63074536138 5098.984297095 Inf
"18" 61.4607121377502 4200.04295725559 331.972613747441 -Inf 3549.38859045698 3653.99659948455 3774.60293438963 3976.13083193714 4200.04295725559 4423.95508257404 4625.48298012156 4746.08931502663 4850.6973240542 Inf 4374.58322873227 362.840860928836 -Inf 3663.42820919224 3777.76312262728 3909.58395536537 4129.85078708345 4374.58322873227 4619.31567038109 4839.58250209917 4971.40333483726 5085.73824827229 Inf
"19" 61.7390920382814 4190.17497731439 331.911386530791 -Inf 3539.64061365529 3644.22932935273 3764.81342028378 3966.304149126 4190.17497731439 4414.04580550278 4615.53653434501 4736.12062527606 4840.7093409735 Inf 4363.61197944582 362.774092486555 -Inf 3652.58782364797 3766.90169765528 3898.69827328066 4118.92457242695 4363.61197944582 4608.29938646469 4828.52568561099 4960.32226123636 5074.63613524367 Inf
"20" 62.01000774442 4179.1528423642 331.845883732295 -Inf 3528.74686183103 3633.31493691821 3753.87523054754 3955.326195142 4179.1528423642 4402.97948958639 4604.43045418085 4724.99074781018 4829.55882289736 Inf 4355.612494914 362.703001995776 -Inf 3644.72767391772 3759.01914657506 3890.78989487859 4110.9730377025 4355.612494914 4600.2519521255 4820.43509494941 4952.20584325294 5066.49731591028 Inf
"21" 62.2742298771486 4167.99701319558 331.787486274853 -Inf 3517.70548957579 3622.25516301928 3742.79424073194 3944.20975445987 4167.99701319558 4391.78427193129 4593.19978565923 4713.73886337189 4818.28853681537 Inf 4350.58577227107 362.639828025133 -Inf 3639.82476998201 3754.09633586687 3885.84413293663 4105.98892525525 4350.58577227107 4595.18261928689 4815.3274116055 4947.07520867527 5061.34677456013 Inf
"22" 62.5327105236289 4157.58603569829 331.748381507136 -Inf 3507.37115601485 3611.90850714099 3732.43337801093 3933.82515272758 4157.58603569829 4381.34691866899 4582.73869338565 4703.26356425558 4807.80091538173 Inf 4347.8990750361 362.597535418276 -Inf 3637.22096473329 3751.47920377968 3883.21163585819 4103.33075395011 4347.8990750361 4592.46739612209 4812.58651421401 4944.31894629252 5058.57718533891 Inf
"23" 62.7864950536285 4148.60945560768 331.733605475663 -Inf 3498.42353641376 3602.95623145934 3723.47573416658 3924.85853891875 4148.60945560768 4372.3603722966 4573.74317704877 4694.26267975601 4798.79537480159 Inf 4346.57356299721 362.581398117188 -Inf 3635.92708122334 3750.18023523901 3881.90680460277 4102.0161263554 4346.57356299721 4591.13099963902 4811.24032139164 4942.9668907554 5057.22004477108 Inf
"24" 63.0365000070096 4141.5819377429 331.738330479712 -Inf 3491.38675771122 3595.92094165452 3716.44216096548 3917.82783408718 4141.5819377429 4365.33604139863 4566.72171452033 4687.24293383128 4791.77711777458 Inf 4345.57696795619 362.586199041253 -Inf 3634.92107654406 3749.17574338064 3880.90405693001 4101.01629314031 4345.57696795619 4590.13764277207 4810.24987898238 4941.97819253174 5056.23285936832 Inf
"25" 63.2836196537298 4136.86035674801 331.751440953828 -Inf 3486.63948065924 3591.17779584873 3711.70377822195 3913.09741021187 4136.86035674801 4360.62330328415 4562.01693527406 4682.54291764729 4787.08123283678 Inf 4344.06180840946 362.600084581113 -Inf 3633.3787018393 3747.63774415331 3879.37110234793 4099.49176793927 4344.06180840946 4588.63184887965 4808.75251447099 4940.48587266561 5054.74491497962 Inf
"26" 63.5285423342191 4134.65866892089 331.762446742283 -Inf 3484.41622188313 3588.95800511056 3709.48798590941 3910.88829909325 4134.65866892089 4358.42903874854 4559.82935193237 4680.35933273123 4784.90111595866 Inf 4341.52367906097 362.611905537251 -Inf 3630.81740384252 3745.08017106224 3876.81782383459 4096.94566547702 4341.52367906097 4586.10169264491 4806.22953428734 4937.9671870597 5052.22995427942 Inf
"27" 63.7718329771719 4135.03259849862 331.767065397482 -Inf 3484.78109906301 3589.32433767652 3709.85599644234 3911.25911343538 4135.03259849862 4358.80608356185 4560.2092005549 4680.74085932071 4785.28409793423 Inf 4337.86335680686 362.61709937565 -Inf 3627.14690185221 3741.4113057042 3873.15084540876 4093.28184003215 4337.86335680686 4582.44487358157 4802.57586820497 4934.31540790952 5048.57981176152 Inf
"28" 64.0137061862651 4137.84409788593 331.768006321168 -Inf 3487.59075427378 3592.1342893821 3712.66628998742 3914.06997817931 4137.84409788593 4361.61821759255 4563.02190578443 4683.55390638976 4788.09744149807 Inf 4333.35744379689 362.618473534581 -Inf 3622.63829554023 3736.90313240393 3868.64317134326 4088.77500016607 4333.35744379689 4577.93988742772 4798.07171625053 4929.81175518986 5044.07659205356 Inf
"29" 64.2541381563485 4142.71535417663 331.77068755448 -Inf 3492.45675544376 3597.00113543646 3717.53411013938 3918.93942600563 4142.71535417663 4366.49128234764 4567.89659821388 4688.4295729168 4792.9739529095 Inf 4328.5402525097 362.621644615836 -Inf 3617.81488904798 3732.08072515224 3863.82191615192 4083.95567001707 4328.5402525097 4573.12483500233 4793.25858886748 4924.99977986717 5039.26561597142 Inf
"30" 64.4929182077922 4149.00536380765 331.777007834972 -Inf 3498.73437755265 3603.28074913119 3723.81602000504 3925.22517267224 4149.00536380765 4372.78555494307 4574.19470761027 4694.72997848412 4799.27635006266 Inf 4324.0260950474 362.628462058598 -Inf 3613.28736964339 3727.55535399448 3859.29902178517 4079.4369142595 4324.0260950474 4568.61527583529 4788.75316830962 4920.49683610032 5034.7648204514 Inf
"31" 64.7296558286578 4155.82937240485 331.781827139531 -Inf 3505.54894048647 3610.0968306778 3730.63385241493 3932.04593069791 4155.82937240485 4379.61281411179 4581.02489239476 4701.56191413189 4806.10980432322 Inf 4320.31944578201 362.63333478992 -Inf 3609.57117000011 3723.8406897993 3855.58612786332 4075.72697838678 4320.31944578201 4564.91191317723 4785.05276370069 4916.79820176471 5031.06772156391 Inf
"32" 64.9638115879599 4162.13695456556 331.774984200238 -Inf 3511.86993456175 3616.41566847203 3736.95020415521 3938.35812835103 4162.13695456556 4385.91578078008 4587.32370497591 4707.85824065909 4812.40397456937 Inf 4317.66442532244 362.625426425226 -Inf 3606.93164965052 3721.19867744208 3852.94124238091 4073.07729203814 4317.66442532244 4562.25155860673 4782.38760826396 4914.13017320279 5028.39720099436 Inf
"33" 65.194925827835 4166.84909412279 331.747636454128 -Inf 3516.63567471641 3621.17279106863 3741.69739125928 3943.0887136827 4166.84909412279 4390.60947456287 4592.00079698629 4712.52539717694 4817.06251352916 Inf 4315.97514128756 362.595401752793 -Inf 3605.30121289226 3719.55877959856 3851.290436512 4071.40825933708 4315.97514128756 4560.54202323805 4780.65984606313 4912.39150297657 5026.64906968287 Inf
"34" 65.4226886594028 4169.01174970499 331.698489065664 -Inf 3518.89465740994 3623.41628691101 3743.92303175411 3945.28451867467 4169.01174970499 4392.73898073531 4594.10046765587 4714.60721249897 4819.12884200004 Inf 4314.86660005389 362.542016647623 -Inf 3604.29730454203 3718.53804904875 3850.25031104343 4070.33572580965 4314.86660005389 4559.39747429813 4779.48288906435 4911.19515105903 5025.43589556575 Inf
"35" 65.6469269515927 4167.9314343354 331.635790183039 -Inf 3517.93722959217 3622.43910202592 3742.92306823571 3944.24649305877 4167.9314343354 4391.61637561204 4592.9398004351 4713.42376664489 4817.92563907864 Inf 4313.76005682702 362.474194937193 -Inf 3603.32368942497 3717.54306260826 3849.23068483574 4069.27492763131 4313.76005682702 4558.24518602273 4778.2894288183 4909.97705104578 5024.19642422907 Inf
"36" 65.8676360308923 4163.26695801156 331.574041158446 -Inf 3513.39377913261 3617.87619380914 3738.33772647101 3939.6236658191 4163.26695801156 4386.91025020403 4588.19618955212 4708.65772221399 4813.14013689052 Inf 4312.020239884 362.407495154187 -Inf 3601.71460165442 3715.91295704524 3847.57634710406 4067.58009900827 4312.020239884 4556.46038075974 4776.46413266395 4908.12752272277 5022.32587811358 Inf
"37" 66.0849609181729 4155.06196866891 331.527662108371 -Inf 3505.27969105774 3609.74749121521 3730.19217427259 3931.44995867034 4155.06196866891 4378.67397866748 4579.93176306523 4700.37644612261 4804.84424628008 Inf 4309.08410610796 362.357356133687 -Inf 3598.87673855278 3713.05929461892 3844.70446906824 4064.67778348764 4309.08410610796 4553.49042872829 4773.46374314769 4905.108917597 5019.29147366314 Inf
"38" 66.2990970796165 4143.72632171128 331.505153886369 -Inf 3493.98815940459 3598.44886698818 3718.8853727621 3920.12949327775 4143.72632171128 4367.32315014481 4568.56727066046 4689.00377643438 4793.46448401797 Inf 4304.55531842523 362.33288031972 -Inf 3594.39592258392 3708.57076606757 3840.20704840321 4060.16550449056 4304.55531842523 4548.94513235991 4768.90358844725 4900.53987078289 5014.71471426654 Inf
"39" 66.5103635544356 4129.96664266471 331.506360504945 -Inf 3480.22611542907 3584.68720323067 3705.1241473716 3906.36900037932 4129.96664266471 4353.5642849501 4554.80913795782 4675.24608209875 4779.70716990035 Inf 4298.25019629252 362.333916738062 -Inf 3588.08876910859 3702.26393917839 3833.90059804695 4053.8596833043 4298.25019629252 4542.64070928075 4762.5997945381 4894.23645340666 5008.41162347646 Inf
"40" 66.7190718616535 4114.696872333 331.523595046583 -Inf 3464.92256601646 3569.38908460064 3689.83229008608 3891.08760552593 4114.696872333 4338.30613914008 4539.56145457993 4660.00466006537 4764.47117864955 Inf 4290.20325464139 362.352255816469 -Inf 3580.00588352426 3694.18683242762 3825.83015392117 4045.80037213275 4290.20325464139 4534.60613715002 4754.5763553616 4886.21967685515 5000.40062575851 Inf
"41" 66.9255538481413 4098.92691722717 331.545472321056 -Inf 3449.10973224058 3553.58314458055 3674.0342981249 3875.3028944227 4098.92691722717 4322.55094003165 4523.81953632945 4644.2706898738 4748.74410221376 Inf 4280.63537813478 362.375708193161 -Inf 3570.39204120399 3684.58038019415 3816.2322219845 4036.21667723844 4280.63537813478 4525.05407903111 4745.03853428506 4876.69037607541 4990.87871506557 Inf
"42" 67.1301354722983 4083.65205901679 331.561486188693 -Inf 3433.80348742638 3538.2819459019 3658.73891731738 3860.01723502274 4083.65205901679 4307.28688301084 4508.5652007162 4629.02217213168 4733.5006306072 Inf 4269.90034748098 362.392987423552 -Inf 3559.62314388094 3673.81692773557 3805.47504710594 4025.46999192085 4269.90034748098 4514.3307030411 4734.32564785602 4865.98376722639 4980.17755108102 Inf
"43" 67.3330948249099 4069.75306085959 331.565436331012 -Inf 3419.8967471325 3524.37645033878 3644.8348568491 3846.11557253503 4069.75306085959 4293.39054918415 4494.67126487008 4615.1296713804 4719.60937458668 Inf 4258.42273613522 362.397380090498 -Inf 3548.13692306617 3662.33209109565 3793.99180633098 4013.98941776626 4258.42273613522 4502.85605450417 4722.85366593946 4854.51338117478 4968.70854920427 Inf
"44" 67.53464620516 4057.91146010411 331.556649703279 -Inf 3408.07236785092 3512.54930229979 3633.00451661015 3834.27989826989 4057.91146010411 4281.54302193832 4482.81840359807 4603.27361790842 4707.7505523573 Inf 4246.63566493717 362.38807565155 -Inf 3536.36808823335 3650.56032433775 3782.21665925123 4002.20862231692 4246.63566493717 4491.06270755742 4711.05467062311 4842.71100553659 4956.90324164098 Inf
"45" 67.7349887714772 4048.54655173849 331.538959709405 -Inf 3398.74213123618 3503.21349138476 3623.66227888388 3824.92692162383 4048.54655173849 4272.16618185316 4473.43082459311 4593.87961209222 4698.3509722408 Inf 4234.92428180351 362.369107053389 -Inf 3524.69388286893 3638.88014177158 3770.52958535424 3990.51003330829 4234.92428180351 4479.33853029873 4699.31897825278 4830.96842183544 4945.15468073809 Inf
"46" 67.9344089538845 4041.78617473893 331.518280460439 -Inf 3392.02228481982 3496.48712872286 3616.9284034082 3818.18049256573 4041.78617473893 4265.39185691213 4466.64394606966 4587.085220755 4691.55006465804 Inf 4223.58326755484 362.346783122695 -Inf 3513.39662272041 3627.57584712127 3759.2171803739 3979.18407632206 4223.58326755484 4467.98245878762 4687.94935473578 4819.5906879884 4933.76991238927 Inf
"47" 68.1331552562041 4037.4822699849 331.500083828201 -Inf 3387.75404480962 3492.21315476537 3612.64781857671 3813.88886125364 4037.4822699849 4261.07567871617 4462.3167213931 4582.75138520443 4687.21049516018 Inf 4212.80937119485 362.326999490894 -Inf 3502.66150156623 3616.83449193981 3748.46863775822 3968.42352381894 4212.80937119485 4457.19521857076 4677.15010463148 4808.78425044989 4922.95724082346 Inf
"48" 68.3317299699578 4035.24426812094 331.487790359262 -Inf 3385.54013770202 3489.99537385838 3610.4255714271 3811.65915120847 4035.24426812094 4258.8293850334 4460.06296481477 4580.4931623835 4684.94839853985 Inf 4202.69231460743 362.313506184012 -Inf 3492.57089137433 3606.73962986715 3738.36887353935 3958.31556832871 4202.69231460743 4447.06906088615 4667.0157556755 4798.6449993477 4912.81373784052 Inf
"49" 68.5306803284976 4034.50790043056 331.48261432638 -Inf 3384.81391484968 3489.26751998446 3609.69583708977 3810.92627469922 4034.50790043056 4258.08952616191 4459.31996377135 4579.74828087666 4684.20188601145 Inf 4193.25114152748 362.307715820559 -Inf 3483.14106719822 3597.30798108753 3728.93512110876 3948.87830078956 4193.25114152748 4437.6239822654 4657.56716194621 4789.19430196743 4903.36121585675 Inf
"50" 68.7307192558159 4034.60345891798 331.484535767513 -Inf 3384.90570738167 3489.35991798246 3609.7889331513 3811.02053719428 4034.60345891798 4258.18638064167 4459.41798468466 4579.8469998535 4684.30121045428 Inf 4184.46279893469 362.309711791785 -Inf 3474.34881257371 3588.51635541423 3720.14422057592 3940.08861193464 4184.46279893469 4428.83698593474 4648.78137729347 4780.40924245515 4894.57678529567 Inf
"51" 68.9326219231765 4034.82747252374 331.493735680592 -Inf 3385.11168948914 3489.56879907783 3610.00115659405 3811.23834555297 4034.82747252374 4258.41659949451 4459.65378845343 4580.08614596966 4684.54325555834 Inf 4176.30527910433 362.319757107535 -Inf 3466.17160428626 3580.34231250982 3711.97382715542 3931.92431664176 4176.30527910433 4420.68624156689 4640.63673105323 4772.26824569883 4886.43895392239 Inf
"52" 69.1371105141417 4034.51048010889 331.511621727059 -Inf 3384.75964106738 3489.22238673457 3609.66124228834 3810.9092891831 4034.51048010889 4258.11167103467 4459.35971792943 4579.7985734832 4684.26131915039 Inf 4168.79601145605 362.339375177966 -Inf 3458.62388592649 3572.80077600724 3704.43941793827 3924.40181680606 4168.79601145605 4413.19020610604 4633.15260497382 4764.79124690485 4878.96813698561 Inf
"53" 69.3447247999009 4033.08473333382 331.540733017363 -Inf 3383.27683721177 3487.74875614806 3608.19818789361 3809.46390714111 4033.08473333382 4256.70555952652 4457.97127877402 4578.42071051957 4682.89262945586 Inf 4162.01823715169 362.371244066592 -Inf 3451.7836497482 3565.97058204584 3697.62080200981 3917.60254726297 4162.01823715169 4406.43392704041 4626.41567229358 4758.06589225755 4872.25282455519 Inf
"54" 69.5557750175047 4030.15014115615 331.583218047009 -Inf 3380.25897590612 3484.74428231529 3605.20914895969 3806.50065924641 4030.15014115615 4253.79962306589 4455.09113335261 4575.55599999701 4680.04130640618 Inf 4156.12301842537 362.417575751289 -Inf 3445.79762258852 3559.9991544799 3691.66620684042 3911.67607829021 4156.12301842537 4400.56995856052 4620.57983001031 4752.24688237083 4866.44841426221 Inf
"55" 69.7702067637805 4025.52855331436 331.638252858621 -Inf 3375.52952181568 3480.03217026401 3600.51703116892 3801.84195098829 4025.52855331436 4249.21515564044 4450.54007545981 4571.02493636472 4675.52758481305 Inf 4151.30229958986 362.477370405255 -Inf 3440.85970838478 3555.08008219095 3686.76885807252 3906.81502857349 4151.30229958986 4395.78957060624 4615.83574110721 4747.52451698878 4861.74489079495 Inf
"56" 69.9875823898201 4019.28631377247 331.699706946634 -Inf 3369.16683447458 3473.68884774256 3594.19603504432 3795.55826129392 4019.28631377247 4243.01436625102 4444.37659250061 4564.88377980238 4669.40579307036 Inf 4147.72017337412 362.543939810653 -Inf 3437.14710853198 3551.38845904729 3683.10141973107 3903.18800197613 4147.72017337412 4392.25234477211 4612.33892701717 4744.05188770095 4858.29323821626 Inf
"57" 70.207209374142 4011.70124810612 331.755873712075 -Inf 3361.47168397083 3466.01139596836 3586.53898877179 3787.93531171998 4011.70124810612 4235.46718449226 4436.86350744044 4557.39110024388 4661.9308122414 Inf 4145.41325693035 362.604639497331 -Inf 3434.72122288846 3548.98170050374 3680.71671350882 3900.84014421586 4145.41325693035 4389.98636964485 4610.10980035189 4741.84481335697 4856.10529097225 Inf
"58" 70.4281436391917 4003.17872374864 331.792286865194 -Inf 3352.87779114468 3457.4289773039 3577.96979908093 3779.38822706395 4003.17872374864 4226.96922043334 4428.38764841636 4548.92847019338 4653.47965635261 Inf 4144.19300147616 362.643897371095 -Inf 3433.42402341557 3547.69687159349 3679.44614706503 3899.59340972819 4144.19300147616 4388.79259322412 4608.93985588728 4740.68913135882 4854.96197953674 Inf
"59" 70.6492645388178 3994.13493002016 331.796961880561 -Inf 3343.82483455445 3448.37749385944 3568.92001407918 3770.34128008552 3994.13493002016 4217.9285799548 4419.34984596113 4539.89236618088 4644.44502548587 Inf 4143.58568194914 362.648832672715 -Inf 3432.80703087512 3547.08143421771 3678.8325026945 3898.98276139082 4143.58568194914 4388.18860250746 4608.33886120378 4740.08992968057 4854.36433302315 Inf
"60" 70.869550028095 3984.87903846433 331.765485111179 -Inf 3334.63063633296 3439.1733769819 3559.70446162644 3761.10661928801 3984.87903846433 4208.65145764066 4410.05361530223 4530.58469994677 4635.1274405957 Inf 4142.84928566405 362.614708831257 -Inf 3432.1375160903 3546.401166657 3678.13983787185 3898.26938128703 4142.84928566405 4387.42919004107 4607.55873345624 4739.29740467109 4853.56105523779 Inf
"61" 71.0881546059374 3975.54955126562 331.70309715223 -Inf 3325.42342728686 3429.94650884374 3550.45492781419 3751.81921212815 3975.54955126562 4199.2798904031 4400.64417471706 4521.15259368751 4625.67567524439 Inf 4141.07699659701 362.547168894711 -Inf 3430.49760286642 3544.73997089956 3676.45410471624 3896.54264721492 4141.07699659701 4385.6113459791 4605.69988847779 4737.41402229447 4851.65639032761 Inf
"62" 71.3045445834985 3966.1127769352 331.622858787762 -Inf 3316.14391726098 3420.64171487814 3541.12098308537 3742.43655775213 3966.1127769352 4189.78899611827 4391.10457078504 4511.58383899227 4616.08163660943 Inf 4137.35748697881 362.460277361379 -Inf 3426.94839752411 3541.16338513511 3672.8459510786 3892.88174504533 4137.35748697881 4381.83322891228 4601.86902287901 4733.55158882251 4847.76657643351 Inf
"63" 71.5186560632837 3956.4132688052 331.541213154739 -Inf 3306.60443163119 3411.07650186373 3531.52610804418 3732.79211876475 3956.4132688052 4180.03441884564 4381.30042956621 4501.75003574666 4606.2221059792 Inf 4130.94063906757 362.3717715983 -Inf 3420.70501772093 3534.89211624928 3666.5425278666 3886.52459336412 4130.94063906757 4375.35668477102 4595.33875026854 4726.98916188586 4841.17626041421 Inf
"64" 71.7308689396292 3946.25705268363 331.473500368338 -Inf 3296.58093013226 3401.03166336447 3521.45666935004 3722.68157422357 3946.25705268363 4169.83253114369 4371.05743601722 4491.48244200279 4595.933175235 Inf 4121.36751641686 362.298254014619 -Inf 3411.27598688646 3525.43991926273 3657.06362179035 3877.00105757006 4121.36751641686 4365.73397526366 4585.67141104337 4717.29511357099 4831.45904594726 Inf
"65" 71.9420567644382 3935.48941316117 331.431143188306 -Inf 3285.89630915715 3390.33369520321 3510.74331273796 3711.94250418488 3935.48941316117 4159.03632213745 4360.23551358438 4480.64513111912 4585.08251716518 Inf 4108.54392299516 362.252159714477 -Inf 3398.54273663294 3512.6921442178 3644.29910059116 3864.20855428135 4108.54392299516 4352.87929170897 4572.78874539916 4704.39570177252 4818.54510935739 Inf
"66" 72.1537707070885 3924.04875213972 331.420933606344 -Inf 3274.47565854865 3378.90982744968 3499.31573582226 3700.50872942183 3924.04875213972 4147.58877485762 4348.78176845718 4469.18767682976 4573.6218457308 Inf 4092.75447040363 362.240958631395 -Inf 3382.77523776084 3496.92111576841 3628.52400276519 3848.42665670556 4092.75447040363 4337.08228410171 4556.98493804208 4688.58782503886 4802.73370304643 Inf
"67" 72.3678373110977 3912.03774324119 331.445727594026 -Inf 3262.41605432722 3366.85803607059 3487.27295215 3688.48099723274 3912.03774324119 4135.59448924964 4336.80253433238 4457.21745041179 4561.65943215515 Inf 4074.70325704499 362.267856394365 -Inf 3364.67130575551 3478.82565952678 3610.43831853631 3830.35730108149 4074.70325704499 4319.0492130085 4538.96819555368 4670.5808545632 4784.73520833447 Inf
"68" 72.5862884178216 3899.77642110782 331.505058065033 -Inf 3250.0384466075 3354.4991239968 3474.93559495863 3676.1796573048 3899.77642110782 4123.37318491085 4324.61724725702 4445.05371821885 4549.51439560815 Inf 4055.55923589409 362.332396817217 -Inf 3345.40078770027 3459.57547882727 3591.21158550546 3811.1697480769 4055.55923589409 4299.94872371129 4519.90688628273 4651.54299296091 4765.71768408792 Inf
"69" 72.8113804053048 3887.84859466655 331.59498690364 -Inf 3237.93436288139 3342.42337777917 3462.89252007345 3664.19117478364 3887.84859466655 4111.50601454946 4312.80466925965 4433.27381155393 4537.76282645172 Inf 4036.9991489014 362.430255662389 -Inf 3326.64890089547 3440.85442835817 3572.52608735653 3792.54365629617 4036.9991489014 4281.45464150663 4501.47221044626 4633.14386944463 4747.34939690732 Inf
"70" 73.0455431820268 3877.14094861613 331.706831500638 -Inf 3227.00750544898 3331.53176373772 3452.04153940464 3653.40809069893 3877.14094861613 4100.87380653333 4302.24035782761 4422.75013349453 4527.27439178327 Inf 4021.22810667542 362.551862340483 -Inf 3310.63951396015 3424.88336094667 3556.59919990187 3776.69059161227 4021.22810667542 4265.76562173858 4485.85701344898 4617.57285240418 4731.81669939069 Inf
