"mid_age" "mean_left" "std_left" "min_left" "l.q2.5" "l.q5" "l.q10" "l.q25" "l.q50" "l.q75" "l.q90" "l.q95" "l.q97.5" "max_left" "mean_right" "std_right" "min_right" "r.q2.5" "r.q5" "r.q10" "r.q25" "r.q50" "r.q75" "r.q90" "r.q95" "r.q97.5" "max_right"
"1" 55.8038618512986 4272.72482154519 330.771398257698 -Inf 3624.42479384415 3728.6542874292 3848.82421827066 4049.62290376234 4272.72482154519 4495.82673932803 4696.62542481972 4816.79535566117 4921.02484924623 Inf 4468.71039537495 362.225879419956 -Inf 3758.76071744349 3872.90184383535 4004.49925252354 4224.39275245043 4468.71039537495 4713.02803829948 4932.92153822637 5064.51894691456 5178.66007330642 Inf
"2" 56.1785342799881 4278.53293377849 330.792353261301 -Inf 3630.19183502509 3734.42793174883 3854.60547558629 4055.4168820605 4278.53293377849 4501.64898549648 4702.46039197069 4822.63793580815 4926.87403253189 Inf 4487.40700959216 362.247771788489 -Inf 3777.41442340684 3891.56244831078 4023.16781054158 4243.07460048946 4487.40700959216 4731.73941869487 4951.64620864274 5083.25157087355 5197.39959577749 Inf
"3" 56.548343132386 4288.90709420669 330.779550390875 -Inf 3640.59108861822 3744.82315102488 3864.99604355312 4065.79967789358 4288.90709420669 4512.0145105198 4712.81814486026 4832.9910373885 4937.22309979516 Inf 4503.96212240477 362.234014351035 -Inf 3793.99650030137 3908.14019009428 4039.74055421969 4259.63899255261 4503.96212240477 4748.28525225692 4968.18369058984 5099.78405471526 5213.92774450816 Inf
"4" 56.9140501007535 4299.53829863292 330.724810605274 -Inf 3651.32958105275 3755.54439438599 3875.69739983729 4076.46780374412 4299.53829863292 4522.60879352171 4723.37919742855 4843.53220287984 4947.74701621308 Inf 4512.97121584099 362.175184222421 -Inf 3803.12089867089 3917.24605048093 4048.82504149935 4268.68776630759 4512.97121584099 4757.25466537439 4977.11739018264 5108.69638120106 5222.8215330111 Inf
"5" 57.2759446165277 4304.99168847716 330.664554338913 -Inf 3656.90107100891 3761.09689696851 3881.22801119402 4081.96183582241 4304.99168847716 4528.02154113192 4728.7553657603 4848.88647998582 4953.08230594542 Inf 4511.04669486714 362.109799099832 -Inf 3801.32453018243 3915.42907846311 4046.9843149317 4266.80734692874 4511.04669486714 4755.28604280553 4975.10907480257 5106.66431127116 5220.76885955184 Inf
"6" 57.6340590405462 4301.07451685386 330.632127093995 -Inf 3653.04745561776 3757.23306341662 3877.35239675721 4078.06653604344 4301.07451685386 4524.08249766429 4724.79663695051 4844.9159702911 4949.10157808996 Inf 4497.87209087468 362.074078264312 -Inf 3788.21993774109 3902.31323001651 4033.85548903193 4253.65683627371 4497.87209087468 4742.08734547565 4961.88869271743 5093.43095173284 5207.52424400827 Inf
"7" 57.9883298908158 4286.68240150852 330.629662854385 -Inf 3638.6601700933 3742.84500138474 3862.963439462 4063.67608280245 4286.68240150852 4509.68872021458 4710.40136355504 4830.51980163229 4934.70463292373 Inf 4476.26392068341 362.071103470553 -Inf 3766.61759803845 3880.70995292555 4012.25113119226 4232.05067255034 4476.26392068341 4720.47716881649 4940.27671017456 5071.81788844127 5185.91024332837 Inf
"8" 58.3384454672026 4264.31711117268 330.640733697363 -Inf 3616.27318130395 3720.46150113267 3840.58396127001 4041.30332529649 4264.31711117268 4487.33089704886 4688.05026107535 4808.17272121268 4912.36104104141 Inf 4451.19721584035 362.083313206815 -Inf 3741.52696255206 3855.62316485351 3987.16877894258 4206.97573236531 4451.19721584035 4695.41869931538 4915.22565273812 5046.77126682718 5160.86746912864 Inf
"9" 58.6840089004652 4239.09179086665 330.650086327877 -Inf 3591.02953017895 3695.22079711842 3815.3466550857 4016.07169673705 4239.09179086665 4462.11188499625 4662.8369266476 4782.96278461487 4887.15405155435 Inf 4428.11275103453 362.09366423868 -Inf 3718.42221009658 3832.52167411539 3964.07104875567 4183.8842858946 4428.11275103453 4672.34121617446 4892.15445331339 5023.70382795367 5137.80329197248 Inf
"10" 59.0246546374728 4216.73626732868 330.646480857478 -Inf 3568.68107323311 3672.87120405152 3792.99575214397 3993.71860505191 4216.73626732868 4439.75392960545 4640.47678251339 4760.60133060584 4864.79146142425 Inf 4411.16178172187 362.089535101282 -Inf 3701.47933374451 3815.57749662936 3947.12537114551 4166.93610164279 4411.16178172187 4655.38746180095 4875.19819229824 5006.74606681439 5120.84422969924 Inf
"11" 59.3600149563286 4201.54997555524 330.620356023771 -Inf 3553.54598519283 3657.72788380555 3777.84294069206 3978.54993421102 4201.54997555524 4424.55001689945 4625.25701041841 4745.37206730492 4849.55396591764 Inf 4402.06932600254 362.060742003169 -Inf 3692.44331146048 3806.53240134189 3938.06981526614 4157.86306657302 4402.06932600254 4646.27558543207 4866.06883673894 4997.60625066319 5111.6953405446 Inf
"12" 59.6896262090612 4195.12145690491 330.570728775946 -Inf 3547.2147341609 3651.38099471381 3771.47802191888 3972.15488863069 4195.12145690491 4418.08802517914 4618.76489189095 4738.86191909602 4843.02817964893 Inf 4399.96081826928 362.006666325504 -Inf 3690.44079010789 3804.51284018317 3936.03060830225 4155.79103233008 4399.96081826928 4644.13060420849 4863.89102823632 4995.4087963554 5109.48084643068 Inf
"13" 60.0130188929456 4196.18568007235 330.51240127832 -Inf 3548.39327712299 3652.54115807726 3772.61699478221 3973.25845309742 4196.18568007235 4419.11290704727 4619.75436536248 4739.83020206743 4843.9780830217 Inf 4402.08735302915 361.943479481343 -Inf 3692.69116880661 3806.74330805283 3938.23812026118 4157.96018596868 4402.08735302915 4646.21452008963 4865.93658579713 4997.43139800548 5111.4835372517 Inf
"14" 60.329723585662 4201.49879748632 330.468221781136 -Inf 3553.79298476029 3657.92694429741 3777.98673049996 3978.60136912941 4201.49879748632 4424.39622584322 4625.01086447267 4745.07065067522 4849.20461021234 Inf 4405.05929524881 361.895676691288 -Inf 3695.75680277314 3809.79387886509 3941.27132422127 4160.96437068027 4405.05929524881 4649.15421981736 4868.84726627636 5000.32471163254 5114.36178772449 Inf
"15" 60.6393407605781 4207.20903713465 330.450212790897 -Inf 3559.53852138089 3663.66680609866 3783.72004959793 3984.32375565707 4207.20903713465 4430.09431861222 4630.69802467137 4750.75126817064 4854.8795528884 Inf 4406.04359407562 361.87599200288 -Inf 3696.77968288027 3810.81055612302 3942.28084999133 4161.96194662764 4406.04359407562 4650.1252415236 4869.80633815992 5001.27663202822 5115.30750527097 Inf
"16" 60.9415222645696 4210.12606237967 330.448710026562 -Inf 3562.45849198989 3666.58630317105 3786.63900071294 3987.24179450124 4210.12606237967 4433.01033025811 4633.61312404641 4753.6658215883 4857.79363276946 Inf 4403.50215265057 361.873927437372 -Inf 3694.24228792926 3808.27251060603 3939.74205441343 4159.42189773086 4403.50215265057 4647.58240757028 4867.26225088771 4998.7317946951 5112.76201737188 Inf
"17" 61.2360085823746 4208.48159723068 330.44046390735 -Inf 3560.83018893756 3664.95540168114 3785.00510339093 3985.60289127513 4208.48159723068 4431.36030318622 4631.95809107042 4752.00779278021 4856.13300552379 Inf 4397.32321735632 361.864498611156 -Inf 3688.08183279481 3802.10908435078 3933.57520264618 4153.24932208325 4397.32321735632 4641.39711262939 4861.07123206646 4992.53735036185 5106.56460191783 Inf
"18" 61.5228522457482 4202.06375452013 330.407349053516 -Inf 3554.47725014789 3658.59202805803 3778.62969907316 3979.20738419408 4202.06375452013 4424.92012484619 4625.49780996711 4745.53548098223 4849.65025889238 Inf 4388.45467855979 361.828281423837 -Inf 3679.28427838105 3793.30011752618 3924.75307804276 4144.40521140835 4388.45467855979 4632.50414571123 4852.15627907682 4983.60923959341 5097.62507873854 Inf
"19" 61.8023411172466 4191.86869809082 330.349002480074 -Inf 3544.39655090114 3648.49294320167 3768.50941678638 3969.05168193051 4191.86869809082 4414.68571425113 4615.22797939525 4735.24445297997 4839.34084528049 Inf 4378.31736024146 361.764936976484 -Inf 3669.27111289815 3783.26699155182 3914.6969389001 4134.31061827049 4378.31736024146 4622.32410221243 4841.93778158282 4973.3677289311 5087.36360758477 Inf
"20" 62.0748818966334 4179.55031353067 330.281059783688 -Inf 3532.21133157892 3636.2863144321 3756.27810429516 3956.77912402268 4179.55031353067 4402.32150303867 4602.82252276619 4722.81431262925 4826.88929548242 Inf 4368.26766491374 361.691295954304 -Inf 3659.36575132169 3773.33842492653 3904.74161833965 4124.31059305743 4368.26766491374 4612.22473677006 4831.79371148784 4963.19690490096 5077.1695785058 Inf
"21" 62.3410519316903 4166.88487220789 330.223289928171 -Inf 3519.65911709235 3623.71589606569 3743.68669802116 3944.15264787531 4166.88487220789 4389.61709654048 4590.08304639463 4710.05384835009 4814.11062732344 Inf 4359.24891648696 361.628615333893 -Inf 3650.46985465344 3764.42277694557 3895.80319836008 4115.33412206665 4359.24891648696 4603.16371090727 4822.69463461384 4954.07505602835 5068.02797832048 Inf
"22" 62.6015652988413 4155.38686659271 330.187776009463 -Inf 3508.23071747878 3612.2763056485 3732.23420532409 3932.67859603428 4155.38686659271 4378.09513715113 4578.53952786132 4698.49742753691 4802.54301570663 Inf 4351.67253213744 361.589898715386 -Inf 3642.9693534818 3756.91007576642 3888.27643135362 4107.78385167947 4351.67253213744 4595.5612125954 4815.06863292125 4946.43498850846 5060.37571079308 Inf
"23" 62.8572406336144 4146.10952184273 330.174398632448 -Inf 3498.97959190596 3603.02096472563 3722.97400437257 3923.41027418799 4146.10952184273 4368.80876949747 4569.24503931289 4689.19807895983 4793.2394517795 Inf 4345.47920768634 361.575061167587 -Inf 3636.80511009 3750.74115690963 3882.10212198513 4101.60053500228 4345.47920768634 4589.35788037039 4808.85629338754 4940.21725846304 5054.15330528267 Inf
"24" 63.1088332092701 4139.60273654714 330.174345356214 -Inf 3492.47291102987 3596.51426706164 3716.46728735322 3916.90352482667 4139.60273654714 4362.30194826761 4562.73818574106 4682.69120603263 4786.73256206441 Inf 4340.30365153349 361.574697557763 -Inf 3631.63026659932 3745.56619884173 3876.92703181703 4096.42522410053 4340.30365153349 4584.18207896645 4803.68027124996 4935.04110422526 5048.97703646767 Inf
"25" 63.357068975841 4135.9599640279 330.177515672017 -Inf 3488.82392480584 3592.86627983696 3712.8204519108 3913.25861396192 4135.9599640279 4358.66131409388 4559.099476145 4679.05364821885 4783.09600324996 Inf 4335.66232345052 361.578008078093 -Inf 3626.98245001573 3740.91942543738 3872.28146113155 4091.78166310553 4335.66232345052 4579.54298379551 4799.0431857695 4930.40522146366 5044.34219688532 Inf
"26" 63.6025618630118 4134.91842291167 330.178619351148 -Inf 3487.78022051826 3591.8229233301 3711.77749637285 3912.21632842542 4134.91842291167 4357.62051739791 4558.05934945049 4678.01392249323 4782.05662530508 Inf 4331.1222238804 361.579308086414 -Inf 3622.43980247611 3736.37718754386 3867.73969553372 4087.24068669312 4331.1222238804 4575.00376106768 4794.50475222708 4925.86726021694 5039.80464528468 Inf
"27" 63.8457686336803 4135.9701255619 330.178630521649 -Inf 3488.83190127471 3592.87460760649 3712.82918470751 3913.26802354127 4135.9701255619 4358.67222758253 4559.11106641629 4679.0656435173 4783.10834984909 Inf 4326.41586155742 361.579565454512 -Inf 3617.73293572094 3731.67040188803 3863.03300338026 4082.534150778 4326.41586155742 4570.29757233684 4789.79871973459 4921.16132122681 5035.09878739391 Inf
"28" 64.0868594230378 4138.46335907053 330.181541440399 -Inf 3491.31942948743 3595.36305307987 3715.31868772366 3915.75929366504 4138.46335907053 4361.16742447603 4561.60803041741 4681.5636650612 4785.60728865363 Inf 4321.49124206457 361.582931158941 -Inf 3612.80171956862 3726.74024630404 3858.10407056363 4077.60726115201 4321.49124206457 4565.37522297713 4784.87841356552 4916.2422378251 5030.18076456052 Inf
"29" 64.3257817190475 4141.68827765751 330.189177521186 -Inf 3494.52938163108 3598.57541143166 3718.53382027935 3918.97906179379 4141.68827765751 4364.39749352122 4564.84273503567 4684.80114388335 4788.84717368393 Inf 4316.49040546197 361.591227029558 -Inf 3607.78462335839 3721.72576420856 3853.09260237504 4072.6008290697 4316.49040546197 4560.37998185423 4779.88820854889 4911.25504671537 5025.19618756555 Inf
"30" 64.5622756849468 4144.94626819913 330.197870825905 -Inf 3497.77033360855 3601.81910275949 3721.7806699027 3922.23118879049 4144.94626819913 4367.66134760778 4568.11186649556 4688.07343363877 4792.12220278971 Inf 4311.67261281355 361.600436785545 -Inf 3602.94877991993 3716.89282285961 3848.26300694942 4067.77682453527 4311.67261281355 4555.56840109183 4775.08221867768 4906.45240276749 5020.39644570717 Inf
"31" 64.7959362900564 4147.60340350912 330.19939832931 -Inf 3500.42447506687 3604.47372554996 3724.4358476383 3924.88729381508 4147.60340350912 4370.31951320315 4570.77095937993 4690.73308146827 4794.78233195136 Inf 4307.30655230062 361.601742570682 -Inf 3598.58016011516 3712.52461452126 3843.89527300551 4063.40988328366 4307.30655230062 4551.20322131759 4770.71783159574 4902.08849007998 5016.03294448609 Inf
"32" 65.0263046926115 4149.1302054958 330.185558322292 -Inf 3501.97840296886 3606.02329232238 3725.98038630765 3926.42343074465 4149.1302054958 4371.83698024696 4572.28002468395 4692.23711866922 4796.28200802274 Inf 4303.56713462403 361.586415628451 -Inf 3594.87078269333 3708.81040742119 3840.17549759572 4059.6808034725 4303.56713462403 4547.45346577556 4766.95877165233 4898.32386182687 5012.26348655472 Inf
"33" 65.2529730645409 4149.12903750677 330.153222613023 -Inf 3502.04061180541 3606.07531184203 3726.02065819746 3926.44407286008 4149.12903750677 4371.81400215346 4572.23741681609 4692.18276317152 4796.21746320813 Inf 4300.46956922468 361.551186024356 -Inf 3591.84226604921 3705.77078956392 3837.12308075066 4056.60700008002 4300.46956922468 4544.33213836935 4763.8160576987 4895.16834888545 5009.09687240016 Inf
"34" 65.4756919289484 4147.3490875364 330.106553712774 -Inf 3500.35213119873 3604.3721253815 3724.30051682926 3924.69560058458 4147.3490875364 4370.00257448822 4570.39765824354 4690.32604969131 4794.34604387408 Inf 4297.8573611476 361.50057772312 -Inf 3589.32924841986 3703.24182473467 3834.57572982126 4054.02892678339 4297.8573611476 4541.68579551181 4761.13899247394 4892.47289756052 5006.38547387534 Inf
"35" 65.6943632345126 4143.69015598719 330.055272866131 -Inf 3496.79370826203 3600.79754331888 3720.70730432935 3921.07125744081 4143.69015598719 4366.30905453357 4566.67300764503 4686.5827686555 4790.58660371235 Inf 4295.44036630097 361.445041638034 -Inf 3587.02110229985 3700.91617861903 3832.22990733142 4051.64939045692 4295.44036630097 4539.23134214502 4758.65082527053 4889.96455398292 5003.8596303021 Inf
"36" 65.9090779337231 4138.19655126297 330.010370982857 -Inf 3491.38810961186 3595.37779562021 3715.27124368393 3915.60793857662 4138.19655126297 4360.78516394931 4561.121858842 4681.01530690572 4785.00499291407 Inf 4292.86051391901 361.3963754434 -Inf 3584.53663390663 3698.41637500382 3829.71242318738 4049.10236292442 4292.86051391901 4536.6186649136 4756.00860465064 4887.3046528342 5001.18439393139 Inf
"37" 66.1200688546765 4131.0433285659 329.979822006016 -Inf 3484.29476180917 3588.2748215185 3708.15717107596 3908.47532085132 4131.0433285659 4353.61133628049 4553.92948605584 4673.8118356133 4777.79189532263 Inf 4289.76363234335 361.363152219601 -Inf 3581.50486865306 3695.37414076832 3826.65811888618 4046.02789007268 4289.76363234335 4533.49937461401 4752.86914580051 4884.15312391837 4998.02239603363 Inf
"38" 66.3276420453362 4122.51762183601 329.966237624119 -Inf 3475.79567997856 3579.77145910845 3699.64887343196 3899.95877664778 4122.51762183601 4345.07646702425 4545.38637024006 4665.26378456358 4769.23956369347 Inf 4285.85963342916 361.348214265368 -Inf 3577.63014759118 3691.49471260233 3822.77326373063 4042.13396665551 4285.85963342916 4529.58530020281 4748.94600312769 4880.22455425599 4994.08911926715 Inf
"39" 66.5322834945968 4112.9871194295 329.967017957995 -Inf 3466.26364814575 3570.23967316693 3690.11737098735 3890.42774791407 4112.9871194295 4335.54649094493 4535.85686787165 4655.73456569207 4759.71059071325 Inf 4280.9583076041 361.348820666797 -Inf 3572.72763324115 3686.59238933568 3817.87116077087 4037.2322318189 4280.9583076041 4524.6843833893 4744.04545443733 4875.32422587252 4989.18898196705 Inf
"40" 66.7344937449228 4102.87557077484 329.976367053452 -Inf 3456.13377560071 3560.1127466187 3679.99384098477 3880.30989339035 4102.87557077484 4325.44124815933 4525.75730056491 4645.63839493098 4749.61736594898 Inf 4274.98701360175 361.358783045103 -Inf 3566.73681333613 3680.60470867924 3811.88709946701 4031.2542182945 4274.98701360175 4518.719808909 4738.08692773649 4869.36931852426 4983.23721386737 Inf
"41" 66.9347678206206 4092.63217513785 329.987896485332 -Inf 3445.86778269247 3549.85038675386 3669.7356697863 3870.05872126973 4092.63217513785 4315.20562900597 4515.52868048939 4635.41396352183 4739.39656758323 Inf 4267.98813449882 361.371236658689 -Inf 3559.71352559909 3673.58534520484 3804.87226041609 4024.24693935685 4267.98813449882 4511.72932964079 4731.10400858155 4862.3909237928 4976.26274339855 Inf
"42" 67.1335906657803 4082.69832650126 329.996757781738 -Inf 3435.91656623406 3539.90196258174 3659.79046494143 3860.11889577954 4082.69832650126 4305.27775722298 4505.60618806109 4625.49469042078 4729.48008676845 Inf 4260.10166069617 361.380923245667 -Inf 3551.80806643483 3665.68293838446 3796.97337275273 4016.35393205057 4260.10166069617 4503.84938934176 4723.2299486396 4854.52038300787 4968.39525495751 Inf
"43" 67.3313809538833 4073.47641216529 330.000665879384 -Inf 3426.68699216746 3530.67361999718 3650.5635421768 3850.89434547176 4073.47641216529 4296.05847885881 4496.38928215377 4616.27920433339 4720.26583216312 Inf 4251.54028320626 361.385306469902 -Inf 3543.23809798329 3657.11435113228 3788.40637793495 4007.78959812085 4251.54028320626 4495.29096829168 4714.67418847758 4845.96621528025 4959.84246842924 Inf
"44" 67.5284543026691 4065.29792245791 329.999748029904 -Inf 3418.510301412 3522.49664001785 3642.38622874086 3842.71647484445 4065.29792245791 4287.87937007137 4488.20961617495 4608.09920489797 4712.08554350381 Inf 4242.55916895245 361.384441295245 -Inf 3534.25867944064 3648.13465996414 3779.42637244707 3998.80906741847 4242.55916895245 4486.30927048643 4705.69196545784 4836.98367794077 4950.85965846426 Inf
"45" 67.7250692372428 4058.39102365987 329.995587327953 -Inf 3411.61155743995 3515.59658496551 3635.48466209693 3835.81238239723 4058.39102365987 4280.96966492251 4481.29738522282 4601.18546235424 4705.1704898798 Inf 4233.42049484703 361.379978991911 -Inf 3525.12875128904 3639.00332569454 3770.29341701347 3989.67340309091 4233.42049484703 4477.16758660315 4696.54757268059 4827.83766399952 4941.71223840502 Inf
"46" 67.9214843942153 4052.85693849857 329.990058230032 -Inf 3406.08830911144 3510.07159436098 3629.95766275972 3830.28202655581 4052.85693849857 4275.43185044134 4475.75621423742 4595.64228263617 4699.62556788571 Inf 4224.3600899246 361.37393527335 -Inf 3516.08019183733 3629.95286180451 3761.24075742803 3980.61707459471 4224.3600899246 4468.1031052545 4687.47942242118 4818.7673180447 4932.63998801188 Inf
"47" 68.1179355621736 4048.6614462754 329.984535334886 -Inf 3401.90364156384 3505.88518649191 3625.76924841147 3826.0902594688 4048.6614462754 4271.23263308199 4471.55364413933 4591.43770605888 4695.41925098696 Inf 4215.5656786333 361.367836186353 -Inf 3507.29773453688 3621.16848261857 3752.45416243121 3971.82677707507 4215.5656786333 4459.30458019153 4678.67719483538 4809.96287464803 4923.83362272972 Inf
"48" 68.3148608950954 4045.63559804067 329.97976288737 -Inf 3398.88714715436 3502.8671882348 3622.74951631433 3823.06763020101 4045.63559804067 4268.20356588034 4468.52167976702 4588.40400784655 4692.38404892699 Inf 4207.15561228739 361.362555371756 -Inf 3498.89801839739 3612.76710243971 3744.05086372152 3963.42027258448 4207.15561228739 4450.89095199031 4670.26036085326 4801.54412213508 4915.41320617739 Inf
"49" 68.5127246533301 4043.4988689162 329.976324453589 -Inf 3396.75715723626 3500.7361148306 3620.61719372005 3820.93322026488 4043.4988689162 4266.06451756752 4466.38054411235 4586.2616230018 4690.24058059614 Inf 4199.18856249728 361.358788605893 -Inf 3490.9383513327 3604.80624842808 3736.08864123609 3955.45576343933 4199.18856249728 4442.92136155522 4662.28848375846 4793.57087656647 4907.43877366185 Inf
"50" 68.7121078553804 4041.88453855996 329.975323851965 -Inf 3395.14478802317 3499.12343031757 3619.00414568639 3819.31956480418 4041.88453855996 4264.44951231574 4464.76493143353 4584.64564680235 4688.62428909675 Inf 4191.67187202836 361.357763019852 -Inf 3483.42367097549 3597.29124489808 3728.57326510857 3947.93976471768 4191.67187202836 4435.40397933903 4654.77047894815 4786.05249915863 4899.92007308123 Inf
"51" 68.9136644627519 4040.37386717941 329.978831273062 -Inf 3393.62724222359 3497.6069897427 3617.48897936484 3817.80652770404 4040.37386717941 4262.94120665477 4463.25875499398 4583.14074461611 4687.12049213523 Inf 4184.58345543734 361.361710063119 -Inf 3476.32751832182 3590.19633599863 3721.47979017807 3940.84868588643 4184.58345543734 4428.31822498824 4647.6871206966 4778.97057487604 4892.83939255285 Inf
"52" 69.117935509481 4038.53533627635 329.989719446108 -Inf 3391.7673708935 3495.75054938872 3615.63649470657 3815.96065283987 4038.53533627635 4261.11001971283 4461.43417784613 4581.32012316398 4685.3033016592 Inf 4177.90145006674 361.373699578076 -Inf 3469.62201393371 3583.49460963087 3714.78241962581 3934.15859371089 4177.90145006674 4421.64430642259 4641.02048050767 4772.30829050261 4886.18088619977 Inf
"53" 69.3253331961062 4035.96812798359 330.01074609897 -Inf 3389.15895111841 3493.14875532974 3613.04233967391 3813.37926228527 4035.96812798359 4258.5569936819 4458.89391629326 4578.78750063744 4682.77730484876 Inf 4171.62561885727 361.396670968444 -Inf 3463.30115962644 3577.18099384663 3708.47714939505 3927.86726853407 4171.62561885727 4415.38396918047 4634.77408831948 4766.0702438679 4879.95007808809 Inf
"54" 69.5360690895311 4032.3498682869 330.043074800064 -Inf 3385.47732833192 3489.4773196518 3609.38264907973 3809.73919721106 4032.3498682869 4254.96053936274 4455.31708749408 4575.222416922 4679.22240824189 Inf 4165.79335885619 361.431855166101 -Inf 3457.39993986514 3571.29086099043 3702.59979903038 3922.0112771523 4165.79335885619 4409.57544056008 4628.986918682 4760.29585672195 4874.18677784725 Inf
"55" 69.7500345314078 4027.4827636311 330.084772763324 -Inf 3380.5284971699 3484.5416279499 3604.46210633383 3804.84396770644 4027.4827636311 4250.12155955577 4450.50342092838 4570.42389931231 4674.43703009231 Inf 4160.48129332271 361.477155845878 -Inf 3451.99908663082 3565.90428246951 3697.22967833982 3916.66865677463 4160.48129332271 4404.29392987079 4623.73290830561 4755.05830417591 4868.9635000146 Inf
"56" 69.9668142904756 4021.3234073734 330.130111462361 -Inf 3374.28027869498 3478.30769616865 3598.2446461954 3798.65403096095 4021.3234073734 4243.99278378586 4444.40216855141 4564.33911857816 4668.36653605183 Inf 4155.78042225301 361.526378830876 -Inf 3447.20174028331 3561.12244679441 3692.46572547663 3911.93458530608 4155.78042225301 4399.62625919994 4619.09511902939 4750.43839771161 4864.35910422271 Inf
"57" 70.1857630146186 4013.98110722572 330.170343699151 -Inf 3366.85912481218 3470.89921988036 3590.85078636168 3791.28459458193 4013.98110722572 4236.67761986952 4437.11142808977 4557.06299457108 4661.10308963927 Inf 4151.74721443987 361.570051096335 -Inf 3443.08293640275 3557.01740449704 3688.37654940332 3907.87192099752 4151.74721443987 4395.62250788222 4615.11787947642 4746.47702438271 4860.411492477 Inf
"58" 70.4060125413409 4005.68211097366 330.195968896744 -Inf 3358.50990409573 3462.55807392909 3582.51895009752 3782.96831439674 4005.68211097366 4228.39590755058 4428.8452718498 4548.80614801822 4652.85431785158 Inf 4148.34349375749 361.597862812263 -Inf 3439.6247057588 3553.56793761284 3684.93718657286 3904.44944159781 4148.34349375749 4392.23754591717 4611.74980094213 4743.11904990215 4857.06228175619 Inf
"59" 70.6265270305256 3996.70438546722 330.199759921047 -Inf 3349.5247483182 3453.57411274258 3573.53636619795 3773.98803188327 3996.70438546722 4219.42073905118 4419.87240473649 4539.83465819186 4643.88402261625 Inf 4145.38351689432 361.601957306258 -Inf 3436.65670383486 3550.60122590637 3681.97196240449 3901.48670304041 4145.38351689432 4389.28033074823 4608.79507138414 4740.16580788227 4854.11032995377 Inf
"60" 70.846391386623 3987.29383753052 330.17927469927 -Inf 3340.15435067839 3444.19725999722 3564.15207112929 3764.59130101869 3987.29383753052 4209.99637404235 4410.43560393175 4530.39041506382 4634.43332438265 Inf 4142.51271290607 361.579675770737 -Inf 3433.82957085376 3547.76707178264 3679.12971335297 3898.63092771949 4142.51271290607 4386.39449809266 4605.89571245917 4737.25835402951 4851.19585495839 Inf
"61" 71.0648322936793 3977.60792249018 330.137755023226 -Inf 3330.54981270775 3434.57963874661 3554.51936569479 3754.93339057427 3977.60792249018 4200.28245440609 4400.69647928558 4520.63620623375 4624.66603227261 Inf 4139.24022585219 361.534544736569 -Inf 3430.64553900143 3544.56881867399 3675.91506404658 3895.38888108557 4139.24022585219 4383.09157061881 4602.56538765779 4733.91163303038 4847.83491270295 Inf
"62" 71.281419477655 3967.68751442104 330.083215639258 -Inf 3320.73629986693 3424.748939981 3544.66885265855 3745.0497687606 3967.68751442104 4190.32526008148 4390.70617618353 4510.62608886108 4614.63872897515 Inf 4135.01307220961 361.475281474806 -Inf 3426.53453921751 3540.43914442247 3671.7638593299 3891.20169990561 4135.01307220961 4378.82444451361 4598.26228508932 4729.58699999675 4843.49160520171 Inf
"63" 71.4961557528546 3957.47065322506 330.026323723951 -Inf 3310.63094477596 3414.62565765826 3534.5249013857 3734.87128057836 3957.47065322506 4180.07002587176 4380.41640506442 4500.31564879186 4604.31036167416 Inf 4129.31238704511 361.413477301127 -Inf 3420.95498800752 3534.84011807721 3666.14237940094 3885.54270102278 4129.31238704511 4373.08207306745 4592.48239468929 4723.78465601302 4837.66978608271 Inf
"64" 71.7095162521438 3946.83436459883 329.978057348435 -Inf 3300.08925650741 3404.06876015486 3523.95046860858 3724.2675471277 3946.83436459883 4169.40118206997 4369.71826058909 4489.59996904281 4593.57947269026 Inf 4121.74403467169 361.361049040306 -Inf 3413.48939313708 3527.35800251875 3658.64121654725 3878.0097109739 4121.74403467169 4365.47835836948 4584.84685279613 4716.13006682463 4829.9986762063 Inf
"65" 71.9224641456335 3935.64776685066 329.947884314496 -Inf 3288.96179681906 3392.931792631 3512.80253915929 3713.10130078165 3935.64776685066 4158.19423291967 4358.49299454203 4478.36374107032 4582.33373688226 Inf 4112.10735675453 361.328270917366 -Inf 3403.91695916037 3517.775239816 3649.04654548486 3868.3951415647 4112.10735675453 4355.81957194437 4575.16816802421 4706.43947369307 4820.2977543487 Inf
"66" 72.1365609186149 3923.81973870571 329.942722229479 -Inf 3277.14388617483 3381.11225536031 3500.98112649247 3701.27675441013 3923.81973870571 4146.36272300129 4346.65835091895 4466.52722205111 4570.49559123659 Inf 4100.43590105477 361.322661447309 -Inf 3392.25649781988 3506.1130108734 3637.38227861023 3856.72746939499 4100.43590105477 4344.14433271455 4563.48952349931 4694.75879123613 4808.61530428965 Inf
"67" 72.3536659653546 3911.36850266159 329.966511209395 -Inf 3264.64602458685 3368.6218899263 3488.4994036439 3688.8094729429 3911.36850266159 4133.92753238029 4334.23760167928 4454.11511539689 4558.09098073634 Inf 4087.05212079767 361.348527821685 -Inf 3378.8220204006 3492.6866842166 3623.96534926056 3843.3262425335 4087.05212079767 4330.77799906184 4550.13889233479 4681.41755737875 4795.28222119475 Inf
"68" 72.5758039709648 3898.49005339585 330.019767395608 -Inf 3251.66319511417 3355.6558420295 3475.55270382934 3675.89510292541 3898.49005339585 4121.08500386628 4321.42740296235 4441.32426476219 4545.31691167752 Inf 4072.62965901676 361.406470051508 -Inf 3364.28599393605 3478.16891594881 3609.4686315243 3828.86469931247 4072.62965901676 4316.39461872105 4535.79068650922 4667.09040208471 4780.97332409747 Inf
"69" 72.8051531695596 3885.6268321624 330.098868252306 -Inf 3238.64493905045 3342.66251146502 3462.58811076916 3662.97852897489 3885.6268321624 4108.27513534991 4308.66555355564 4428.59115285978 4532.60872527435 Inf 4058.25046550515 361.492572780859 -Inf 3349.73804217594 3463.64809605053 3594.97909292509 3814.42743039245 4058.25046550515 4302.07350061785 4521.52183808521 4652.85283495977 4766.76288883436 Inf
"70" 73.0440941074732 3873.5314091157 330.195095758472 -Inf 3226.36091355734 3330.40880825578 3450.36936721128 3650.81820146159 3873.5314091157 4096.2446167698 4296.69345102011 4416.65400997561 4520.70190467406 Inf 4045.4300112066 361.597330553077 -Inf 3336.71226641674 3450.6553305504 3582.02438613955 3801.53631805028 4045.4300112066 4289.32370436291 4508.83563627364 4640.2046918628 4754.14775599645 Inf
