"mid_age" "mean_left" "std_left" "min_left" "l.q2.5" "l.q5" "l.q10" "l.q25" "l.q50" "l.q75" "l.q90" "l.q95" "l.q97.5" "max_left" "mean_right" "std_right" "min_right" "r.q2.5" "r.q5" "r.q10" "r.q25" "r.q50" "r.q75" "r.q90" "r.q95" "r.q97.5" "max_right"
"1" 55.7854571405993 4231.4371417011 332.792728061912 -Inf 3579.17538038292 3684.04181592539 3804.9461000515 4006.97185768355 4231.4371417011 4455.90242571866 4657.92818335071 4778.83246747682 4883.69890301928 Inf 4444.8442578341 364.330982050893 -Inf 3730.76865456224 3845.5731205969 3977.93531741038 4199.1067447619 4444.8442578341 4690.5817709063 4911.75319825782 5044.1153950713 5158.91986110596 Inf
"2" 56.1485747684815 4230.30685620815 332.776041865655 -Inf 3578.07779923368 3682.93897678288 3803.83719877949 4005.85282685895 4230.30685620815 4454.76088555736 4656.77651363682 4777.67473563343 4882.53591318263 Inf 4450.66921541017 364.312412694546 -Inf 3736.63000740796 3851.4286220461 3983.78407257414 4204.94422717849 4450.66921541017 4696.39420364184 4917.55435824619 5049.90980877423 5164.70842341237 Inf
"3" 56.5053575499126 4240.29357260742 332.771250170752 -Inf 3588.07390718238 3692.93357481888 3813.83005598286 4015.84277520731 4240.29357260742 4464.74437000753 4666.75708923198 4787.65357039596 4892.51323803246 Inf 4460.81440957834 364.306908568523 -Inf 3746.7859894649 3861.58286969592 3993.93632056363 4215.09313382325 4460.81440957834 4706.53568533343 4927.69249859304 5060.04594946075 5174.84282969177 Inf
"4" 56.8564831760929 4256.52997322035 332.7618885286 -Inf 3604.32865627677 3709.18537396286 3830.07845402295 4032.08549015192 4256.52997322035 4480.97445628879 4682.98149241776 4803.87457247784 4908.73129016394 Inf 4471.99403611588 364.296892169282 -Inf 3757.98524778422 3872.77897174409 4005.1287836333 4226.27951631941 4471.99403611588 4717.70855591235 4938.85928859846 5071.20910048767 5186.00282444754 Inf
"5" 57.2023235815992 4272.11412722061 332.749421145514 -Inf 3619.93724589886 3724.79003498341 3845.67858561752 4047.67805327429 4272.11412722061 4496.55020116694 4698.54966882371 4819.43821945782 4924.29100854237 Inf 4480.40801524561 364.283641926837 -Inf 3766.42519691192 3881.21474558316 4013.55974363198 4234.70243260186 4480.40801524561 4726.11359788936 4947.25628685923 5079.60128490805 5194.39083357929 Inf
"6" 57.5430337860816 4280.76638323233 332.742565694689 -Inf 3628.60293834729 3733.45356720828 3854.33962724297 4056.33493321732 4280.76638323233 4505.19783324734 4707.19313922169 4828.07919925638 4932.92982811737 Inf 4482.96829292897 364.276179956359 -Inf 3769.00009978868 3883.78729711573 4016.12958421529 4237.26774330783 4482.96829292897 4728.66884255012 4949.80700164265 5082.14928874222 5196.93648606927 Inf
"7" 57.8786520977327 4278.95490938774 332.740693939301 -Inf 3626.79513307585 3731.64517212734 3852.53055214944 4054.52472185255 4278.95490938774 4503.38509692294 4705.37926662605 4826.26464664815 4931.11468569964 Inf 4478.22122137147 364.273820099862 -Inf 3764.25765346492 3879.04410717674 4011.38553693558 4232.52226344934 4478.22122137147 4723.9201792936 4945.05690580736 5077.39833556619 5192.18478927802 Inf
"8" 58.2092529227281 4266.74622045979 332.733447347825 -Inf 3614.60064720619 3719.44840278165 3840.33115010213 4042.32092067627 4266.74622045979 4491.1715202433 4693.16129081744 4814.04403813792 4918.89179371338 Inf 4466.62897700556 364.265700123029 -Inf 3752.68132396115 3867.46521898417 3999.80369873869 4220.93549592457 4466.62897700556 4712.32245808654 4933.45425527242 5065.79273502694 5180.57663004996 Inf
"9" 58.5348327189194 4247.26990580125 332.713718139461 -Inf 3595.1630010855 3700.00453978305 3820.88011944146 4022.85791316656 4247.26990580125 4471.68189843595 4673.65969216105 4794.53527181946 4899.37681051701 Inf 4450.1933380346 364.244355229776 -Inf 3736.28752021223 3851.0646892383 3983.3954143491 4204.51425386534 4450.1933380346 4695.87242220387 4916.99126172011 5049.3219868309 5164.09915585698 Inf
"10" 58.8553544763964 4225.24132722341 332.685830168081 -Inf 3573.18908192716 3678.02183283608 3798.887280737 4000.84814473956 4225.24132722341 4449.63450970725 4651.59537370982 4772.46082161074 4877.29357251965 Inf 4431.66192610649 364.214311345321 -Inf 3717.8149932156 3832.58269510251 3964.90250520814 4186.00310622935 4431.66192610649 4677.32074598363 4898.42134700484 5030.74115711047 5145.50885899738 Inf
"11" 59.1707683970362 4205.23531055825 332.660173816124 -Inf 3553.23335078782 3658.0580171145 3778.91414400986 3980.85943302083 4205.23531055825 4429.61118809568 4631.55647710665 4752.41260400201 4857.23727032869 Inf 4413.66722096385 364.186516140613 -Inf 3699.87476567313 3814.63370900314 3946.94342105361 4168.02714866739 4413.66722096385 4659.30729326031 4880.39102087409 5012.70073292456 5127.45967625457 Inf
"12" 59.481051653906 4190.36097802748 332.642723551297 -Inf 3538.39322014763 3643.21238771511 3764.0621748933 3965.99687051482 4190.36097802748 4414.72508554014 4616.65978116166 4737.50956833985 4842.32873590734 Inf 4398.10555590552 364.167368375368 -Inf 3684.35062954507 3799.10353921592 3931.40629484381 4152.47839858045 4398.10555590552 4643.73271323059 4864.80481696723 4997.10757259512 5111.86048226597 Inf
"13" 59.7861809726614 4181.70393145979 332.631531473337 -Inf 3529.75810964965 3634.57375047745 3755.41947155064 3957.347372889 4181.70393145979 4406.06049003058 4607.98839136894 4728.83411244213 4833.64975326993 Inf 4385.90818967706 364.154973585656 -Inf 3672.17755665804 3786.92656060227 3919.22481317751 4140.28939251061 4385.90818967706 4631.52698684351 4852.59156617661 4984.88981875184 5099.63882269608 Inf
"14" 60.0861627314991 4178.52985589741 332.621813530661 -Inf 3526.60308090492 3631.41565950833 3752.25785003291 3954.17985197935 4178.52985589741 4402.87985981547 4604.80186176191 4725.64405228649 4830.4566308899 Inf 4377.16232004699 364.144371088514 -Inf 3663.45246754051 3778.19813052808 3910.49253119425 4131.55067415619 4377.16232004699 4622.77396593779 4843.83210889973 4976.12650956589 5090.87217255347 Inf
"15" 60.38092901674 4178.9897030467 332.611821058377 -Inf 3527.08251294 3631.89194281189 3752.73050305069 3954.64643894877 4178.9897030467 4403.33296714462 4605.2489030427 4726.0874632815 4830.8968931534 Inf 4371.43344375142 364.133650745372 -Inf 3657.7446027314 3772.48688762781 3904.77739357121 4125.82902862218 4371.43344375142 4617.03785888065 4838.08949393162 4970.37999987502 5085.12228477143 Inf
"16" 60.6704660787341 4180.95998920644 332.603051496182 -Inf 3529.0699871258 3633.87665361781 3754.71202785659 3956.62264008832 4180.95998920644 4405.29733832455 4607.20795055628 4728.04332479506 4832.84999128707 Inf 4368.09756232057 364.124231991016 -Inf 3654.42718171987 3769.16649866923 3901.45358275976 4122.49950004461 4368.09756232057 4613.69562459653 4834.74154188138 4967.02862597191 5081.76794292127 Inf
"17" 60.9548148525371 4182.71570901897 332.596144470537 -Inf 3530.83924445984 3635.64373447653 3756.47659937866 3958.38301861886 4182.71570901897 4407.04839941908 4608.95481865928 4729.78768356141 4834.5921735781 Inf 4366.56730677949 364.116651813339 -Inf 3652.91178305403 3767.64871141089 3899.93304160724 4120.97435725567 4366.56730677949 4612.1602563033 4833.20157195173 4965.48590214808 5080.22283050494 Inf
"18" 61.2340202697534 4183.2656287371 332.588153611838 -Inf 3531.40482597322 3636.20679798757 3757.03675979426 3958.93832808927 4183.2656287371 4407.59292938492 4609.49449767993 4730.32445948662 4835.12643150097 Inf 4366.36191277075 364.107752720862 -Inf 3652.72383094604 3767.45795510669 3899.7390522444 4120.7749655936 4366.36191277075 4611.9488599479 4832.9847732971 4965.26587043481 5079.99999459545 Inf
"19" 61.5082771238883 4182.35094896775 332.574295459465 -Inf 3530.51730768342 3635.31491285042 3756.13983996178 3958.03299550166 4182.35094896775 4406.66890243384 4608.56205797372 4729.38698508508 4834.18459025209 Inf 4367.05727770588 364.092512011431 -Inf 3653.44906712276 3768.17838877801 3900.45394893457 4121.48061023103 4367.05727770588 4612.63394518074 4833.6606064772 4965.93616663376 5080.665488289 Inf
"20" 61.7778632410711 4180.21622635695 332.552170424182 -Inf 3528.42594934493 3633.21658268415 3754.03347172459 3955.91319600038 4180.21622635695 4404.51925671352 4606.39898098932 4727.21587002975 4832.00650336898 Inf 4368.19321916718 364.068451918487 -Inf 3654.63216549969 3769.35390557045 3901.62072464564 4122.6327799784 4368.19321916718 4613.75365835595 4834.76571368871 4967.03253276391 5081.75427283466 Inf
"21" 62.0431229834119 4177.30577167246 332.52434927979 -Inf 3525.57002310146 3630.35188970992 3751.15867127125 3953.02150639262 4177.30577167246 4401.5900369523 4603.45287207368 4724.259653635 4829.04152024347 Inf 4369.20775235341 364.038348071015 -Inf 3655.70570114276 3770.41795517937 3902.67383746473 4123.66761790119 4369.20775235341 4614.74788680562 4835.74166724209 4967.99754952744 5082.70980356405 Inf
"22" 62.3044633537453 4174.0082224643 332.497231117488 -Inf 3522.32562451473 3627.09894590937 3747.89587538643 3949.74224810697 4174.0082224643 4398.27419682162 4600.12056954216 4720.91749901922 4825.69082041386 Inf 4369.44084194929 364.009027910891 -Inf 3655.99625719651 3770.69927214699 3902.94450235772 4123.92048364456 4369.44084194929 4614.96120025403 4835.93718154087 4968.1824117516 5082.88542670208 Inf
"23" 62.5624035826793 4170.51510485218 332.477361694187 -Inf 3518.87145025667 3623.63851059024 3744.42822146485 3946.26253221721 4170.51510485218 4394.76767748714 4596.6019882395 4717.39169911412 4822.15875944768 Inf 4368.21069436665 363.987484959596 -Inf 3654.80833302252 3769.50455956591 3901.74196317804 4122.70486656175 4368.21069436665 4613.71652217155 4834.67942555526 4966.91682916739 5081.61305571077 Inf
"24" 62.8174493097502 4166.80613766242 332.468063959426 -Inf 3515.18070629219 3619.94483681323 3740.73116980164 3942.55983625425 4166.80613766242 4391.05243907059 4592.88110552321 4713.66743851162 4818.43156903265 Inf 4364.93756684912 363.977301432221 -Inf 3651.55516485189 3766.24818246032 3898.48188637596 4119.43860772906 4364.93756684912 4610.43652596918 4831.39324732228 4963.62695123792 5078.31996884635 Inf
"25" 63.0700466275032 4162.72786922083 332.468403979599 -Inf 3511.1017714233 3615.86600908822 3736.65246560666 3938.48133847254 4162.72786922083 4386.97439996912 4588.803272835 4709.58972935344 4814.35396701835 Inf 4359.27994642049 363.977528163034 -Inf 3645.89710003903 3760.59018909269 3892.8239753801 4113.78083437282 4359.27994642049 4604.77905846817 4825.73591746088 4957.96970374829 5072.66279280195 Inf
"26" 63.3205531808871 4158.11793769048 332.474630679555 -Inf 3506.4796357853 3611.24583554786 3732.03455423924 3933.86720709689 4158.11793769048 4382.36866828407 4584.20132114173 4704.9900398331 4809.75623959567 Inf 4351.24295442117 363.984186716763 -Inf 3637.84705751421 3752.54224474712 3884.77845010083 4105.73935124726 4351.24295442117 4596.74655759509 4817.70745874152 4949.94366409522 5064.63885132813 Inf
"27" 63.5691936068571 4152.9252373521 332.482648253271 -Inf 3501.27122129119 3606.03994747428 3726.83157896671 3928.66909898722 4152.9252373521 4377.18137571698 4579.0188957375 4699.81052722992 4804.57925341301 Inf 4341.225831767 363.992884638601 -Inf 3627.8128872465 3742.51081528467 3874.75018061131 4095.71636193396 4341.225831767 4586.73530160004 4807.7014829227 4939.94084824933 5054.6387762875 Inf
"28" 63.8160346301672 4147.28358483434 332.489740855988 -Inf 3495.61566752755 3600.38662866321 3721.18083691283 3923.02266258162 4147.28358483434 4371.54450708705 4573.38633275585 4694.18054100546 4798.95150214113 Inf 4329.98645455019 364.00065454301 -Inf 3616.55828129688 3731.25865771241 3863.50084586133 4084.47174399626 4329.98645455019 4575.50116510411 4796.47206323904 4928.71425138797 5043.41462780349 Inf
"29" 64.0609422556536 4141.51419971464 332.494639715287 -Inf 3489.83668082005 3594.60918563702 3715.40517365232 3917.24997323154 4141.51419971464 4365.77842619774 4567.62322577695 4688.41921379225 4793.19171860922 Inf 4318.5209126534 364.006045276452 -Inf 3605.08217375669 3719.78424884816 3852.02839546166 4073.00256610502 4318.5209126534 4564.03925920177 4785.01342984513 4917.25757645863 5031.9596515501 Inf
"30" 64.3036663602307 4136.05088274488 332.49637813533 -Inf 3484.36995660962 3589.14300922075 3709.93962880764 3911.78548371528 4136.05088274488 4360.31628177448 4562.16213668212 4682.95875626901 4787.73180888014 Inf 4307.87120374233 364.007931587741 -Inf 3594.42876774344 3709.13143723113 3841.37626914541 4062.35158489632 4307.87120374233 4553.39082258834 4774.36613833925 4906.61097025353 5021.31363974122 Inf
"31" 64.5438184607309 4131.31645719464 332.493247230044 -Inf 3479.64166752098 3584.41373355143 3705.20921567397 3907.05316992857 4131.31645719464 4355.57974446072 4557.42369871532 4678.21918083785 4782.9912468683 Inf 4298.91586418784 364.004432169196 -Inf 3585.48028692326 3700.18185370792 3832.42541427623 4053.39860566377 4298.91586418784 4544.43312271191 4765.40631409944 4897.64987466775 5012.35144145241 Inf
"32" 64.7809614854615 4127.58829998856 332.482965333866 -Inf 3475.9336624611 3580.70248855957 3701.49423524803 3903.33194775607 4127.58829998856 4351.84465222105 4553.68236472909 4674.47411141755 4779.24293751602 Inf 4292.19016161726 363.993111208731 -Inf 3578.77677302747 3693.47477246023 3825.71422010026 4046.68053896499 4292.19016161726 4537.69978426953 4758.66610313426 4890.90555077429 5005.60355020706 Inf
"33" 65.0146459514886 4124.90354377425 332.464071013323 -Inf 3473.28593843456 3578.04881073693 3698.83369307979 3900.6599355673 4124.90354377425 4349.14715198119 4550.9733944687 4671.75827681156 4776.52114911393 Inf 4287.79233309115 363.97246339345 -Inf 3574.41941347567 3689.11090656798 3821.34285281415 4042.29663717865 4287.79233309115 4533.28802900366 4754.24181336816 4886.47375961433 5001.16525270664 Inf
"34" 65.2445432301761 4123.0337370716 332.437470043385 -Inf 3471.46826867496 3576.22275873617 3696.99797689182 3898.80807094622 4123.0337370716 4347.25940319698 4549.06949725139 4669.84471540704 4774.59920546825 Inf 4285.39453519656 363.943540137399 -Inf 3572.07830412125 3686.760683196 3818.98212156363 4039.91834772381 4285.39453519656 4530.87072266931 4751.80694882949 4884.02838719712 4998.71076627187 Inf
"35" 65.4705581408424 4121.53555214402 332.406896075778 -Inf 3470.03000762274 3574.77486351009 3695.53897408028 3897.33050784641 4121.53555214402 4345.74059644163 4547.53213020775 4668.29624077794 4773.04109666529 Inf 4284.35071190057 363.910406142262 -Inf 3571.0994222624 3685.77136047209 3817.98076119099 4038.89687296792 4284.35071190057 4529.80455083322 4750.72066261016 4882.93006332906 4997.60200153875 Inf
"36" 65.6927489165251 4119.85372972167 332.377875305553 -Inf 3468.40506486484 3573.14077600691 3693.89434327145 3895.66825963612 4119.85372972167 4344.03919980722 4545.81311617189 4666.56668343643 4771.3023945785 Inf 4283.85692098212 363.879010319162 -Inf 3570.66716602649 3685.32921108714 3817.52720563878 4038.42425821035 4283.85692098212 4529.28958375389 4750.18663632546 4882.38463087711 4997.04667593776 Inf
"37" 65.91135002592 4117.43928211824 332.355726755844 -Inf 3466.03402762115 3570.7627595258 3691.50828017658 3893.26875100245 4117.43928211824 4341.60981323403 4543.37028405991 4664.11580471068 4768.84453661533 Inf 4283.11306386848 363.855047277476 -Inf 3569.97027561151 3684.62476966953 3816.81405839873 4037.69656392271 4283.11306386848 4528.52956381425 4749.41206933824 4881.60135806744 4996.25585212545 Inf
"38" 66.1267247622324 4113.85494692868 332.343663100966 -Inf 3462.47333676068 3567.19826728272 3687.93940518281 3889.69255262446 4113.85494692868 4338.0173412329 4539.77048867455 4660.51162657464 4765.23655709669 Inf 4281.45426245163 363.841943909404 -Inf 3568.33715632415 3682.98752137517 3815.17204962374 4036.04660059332 4281.45426245163 4526.86192430994 4747.73647527951 4879.92100352808 4994.5713685791 Inf
"39" 66.3393750580564 4108.84805696256 332.341845040518 -Inf 3457.47001012755 3562.19436775992 3682.9348451549 3884.68688892147 4108.84805696256 4333.00922500364 4534.76126877021 4655.5017461652 4760.22610379756 Inf 4278.43405459106 363.839866478617 -Inf 3565.32102015311 3679.97073058416 3812.15450409785 4033.02779393852 4278.43405459106 4523.8403152436 4744.71360508427 4876.89737859795 4991.54708902901 Inf
"40" 66.5498087331354 4102.3888099715 332.347672125688 -Inf 3450.99934225943 3555.72553606669 3676.46813045372 3878.2237116212 4102.3888099715 4326.55390832181 4528.30948948928 4649.05208387632 4753.77827768358 Inf 4273.86034364051 363.84603830903 -Inf 3560.73521263723 3675.38686787598 3807.57288362837 4028.44992015162 4273.86034364051 4519.2707671294 4740.14780365265 4872.33381940504 4986.98547464379 Inf
"41" 66.7585161268586 4094.67245535022 332.357005288843 -Inf 3443.2646949745 3547.99382975814 3668.73981490259 3870.50106187703 4094.67245535022 4318.84384882341 4520.60509579785 4641.3510809423 4746.08021572594 Inf 4267.79043616047 363.856038872558 -Inf 3554.64570441285 3669.30051093275 3801.49015991049 4022.37326739398 4267.79043616047 4513.20760492696 4734.09071241045 4866.28036138819 4980.93516790809 Inf
"42" 66.9660047628522 4086.08737450093 332.365737458693 -Inf 3434.66249938679 3539.39438576759 3660.14354332735 3861.91009126868 4086.08737450093 4310.26465773318 4512.0312056745 4632.78036323426 4737.51224961506 Inf 4260.49122225932 363.865468041078 -Inf 3547.328009681 3661.98578742956 3794.17886204366 4015.06769361531 4260.49122225932 4505.91475090333 4726.80358247498 4858.99665708908 4973.65443483764 Inf
"43" 67.1727183936068 4077.16194356973 332.371067813243 -Inf 3425.72662115265 3530.46018718338 3651.21128127193 3852.98106506797 4077.16194356973 4301.34282207148 4503.11260586752 4623.86369995607 4728.5972659868 Inf 4252.37915704561 363.871298573101 -Inf 3539.20451683451 3653.8641318441 3786.0593247025 4006.95169576751 4252.37915704561 4497.8066183237 4718.69898938871 4850.89418224711 4965.5537972567 Inf
"44" 67.3790031146586 4068.49183391618 332.372071577478 -Inf 3417.05454415736 3521.7884264846 3642.53988524277 3844.31027838574 4068.49183391618 4292.67338944663 4494.4437825896 4615.19524134777 4719.92912367501 Inf 4243.94576144296 363.872489753379 -Inf 3530.76878656142 3645.42877692425 3777.6244025409 3998.51749672597 4243.94576144296 4489.37402615994 4710.26712034501 4842.46274596166 4957.1227363245 Inf
"45" 67.5851041289175 4060.6544796346 332.369490153092 -Inf 3409.22224937459 3513.95531826827 3634.70583918964 3836.47466524844 4060.6544796346 4284.83429402075 4486.60312007955 4607.35364100092 4712.0867098946 Inf 4235.67626152006 363.869783317054 -Inf 3522.50459115624 3637.16372869295 3769.35837105571 3990.24982226663 4235.67626152006 4481.10270077348 4701.9941519844 4834.18879434716 4948.84793188387 Inf
"46" 67.7912542239338 4054.11970955107 332.364984626341 -Inf 3402.69630996123 3507.42795911676 3628.17684317097 3829.94293409652 4054.11970955107 4278.29648500561 4480.06257593116 4600.81145998538 4705.54310914091 Inf 4227.96943591656 363.86493067255 -Inf 3514.8072765612 3629.46488497937 3761.65776436638 3982.54626972212 4227.96943591656 4473.39260211101 4694.28110746675 4826.47398685375 4941.13159527193 Inf
"47" 67.9976671194396 4049.17837119502 332.360300948343 -Inf 3397.76415144538 3502.49432472546 3623.2415071898 3825.00475483328 4049.17837119502 4273.35198755677 4475.11523520025 4595.86241766459 4700.59259094467 Inf 4221.07901928435 363.859816339416 -Inf 3507.92688383774 3622.58288067657 3754.77390201581 3975.65930265519 4221.07901928435 4466.49873591352 4687.3841365529 4819.57515789214 4934.23115473097 Inf
"48" 68.204591761812 4045.89465953641 332.356757639869 -Inf 3394.48738454375 3499.21644129063 3619.9623364637 3821.72343309991 4045.89465953641 4270.0658859729 4471.82698260911 4592.57287778218 4697.30193452906 Inf 4215.08029803429 363.855906320642 -Inf 3501.93582608365 3616.59059083507 3748.78019165642 3969.66321867271 4215.08029803429 4460.49737739587 4681.38040441216 4813.57000523351 4928.22476998493 Inf
"49" 68.412351603039 4044.09278124636 332.355220441456 -Inf 3392.68851910723 3497.41709146697 3618.16242817269 3819.92259163444 4044.09278124636 4268.26297085828 4470.02313432003 4590.76847102574 4695.49704338548 Inf 4209.86984812072 363.854196901854 -Inf 3496.72872656934 3611.38295266519 3743.57193245117 3964.45392174459 4209.86984812072 4455.28577449684 4676.16776379026 4808.35674357625 4923.0109696721 Inf
"50" 68.6212922897327 4043.37821219804 332.356417502766 -Inf 3391.97160386186 3496.70055342802 3617.44632502857 3819.20721518053 4043.37821219804 4267.54920921554 4469.3100993675 4590.05587096806 4694.78482053422 Inf 4205.19816337763 363.855519776075 -Inf 3492.05444904042 3606.70909198764 3738.89855237656 3959.7813447364 4205.19816337763 4450.61498201886 4671.49777437871 4803.68723476762 4918.34187771484 Inf
"51" 68.8318734574645 4043.18732647219 332.361249569605 -Inf 3391.77124745903 3496.5017196595 3617.2492467599 3819.01307027513 4043.18732647219 4267.36158266925 4469.12540618448 4589.87293328488 4694.60340548534 Inf 4200.72286989869 363.860852397038 -Inf 3487.56870381645 3602.22502712776 3734.41642486887 3955.30245445927 4200.72286989869 4446.1432853381 4667.0293149285 4799.22071266961 4913.87703598093 Inf
"52" 69.0444625584844 4042.86114013577 332.370764827454 -Inf 3391.42641155993 3496.1598821167 3616.91086612989 3818.68046599482 4042.86114013577 4267.04181427672 4468.81141414165 4589.56239815484 4694.29586871161 Inf 4196.08390682184 363.871289205052 -Inf 3482.90928497178 3597.5688970294 3729.76408648437 3950.6564518624 4196.08390682184 4441.51136178128 4662.4037271593 4794.59891661428 4909.2585286719 Inf
"53" 69.2593493815083 4041.73520124139 332.385674536737 -Inf 3390.27125017233 3495.00941893293 3615.76581967424 3817.54447065435 4041.73520124139 4265.92593182843 4467.70458280854 4588.46098354985 4693.19915231045 Inf 4190.97927842815 363.887543277343 -Inf 3477.7727991818 3592.43753306595 3724.63862765889 3945.54086026355 4190.97927842815 4436.41769659275 4657.31992919741 4789.52102379035 4904.1857576745 Inf
"54" 69.476675165974 4039.23934941171 332.405594561843 -Inf 3387.73635581088 3492.48080157771 3613.2444393052 3815.03518297192 4039.23934941171 4263.44351585151 4465.23425951823 4585.99789724572 4690.74234301255 Inf 4185.23634140079 363.909161837416 -Inf 3471.9874905553 3586.65903667165 3718.86798533203 3939.78334173901 4185.23634140079 4430.68934106258 4651.60469746956 4783.81364612994 4898.48519224628 Inf
"55" 69.6963546371757 4034.99368421618 332.428448488789 -Inf 3383.44589774162 3488.19754501754 3608.96948562381 3810.7741030369 4034.99368421618 4259.21326539545 4461.01788280855 4581.78982341481 4686.54147069073 Inf 4178.86101951648 363.933902374142 -Inf 3465.56367811005 3580.24302022577 3712.46095717415 3933.39133261626 4178.86101951648 4424.3307064167 4645.26108185882 4777.4790188072 4892.15836092292 Inf
"56" 69.9181210249604 4028.87808734015 332.450523294875 -Inf 3377.2870350407 3482.04563831666 3602.82559874548 3804.64361693043 4028.87808734015 4253.11255774987 4454.93057593482 4575.71053636364 4680.4691396396 Inf 4172.04374740245 363.957785217623 -Inf 3458.69959648295 3573.38646433002 3705.61307796466 3926.5579517691 4172.04374740245 4417.52954303581 4638.47441684024 4770.70103047489 4885.38789832196 Inf
"57" 70.1415397391809 4021.05330145888 332.467356635292 -Inf 3369.42925641848 3474.19316405436 3594.97924007045 3796.8074771336 4021.05330145888 4245.29912578417 4447.12736284732 4567.91343886341 4672.67734649929 Inf 4165.11436653076 363.97601925764 -Inf 3451.73447754952 3566.42709113147 3698.66032923044 3919.61627222431 4165.11436653076 4410.6124608372 4631.56840383108 4763.80164193004 4878.49425551199 Inf
"58" 70.3660654767707 4011.91971838814 332.475160375081 -Inf 3360.2803782988 3465.04674497391 3585.83565610476 3787.66863052034 4011.91971838814 4236.17080625593 4438.00378067151 4558.79269180236 4663.55905847747 Inf 4158.44824701364 363.984510447883 -Inf 3445.05171560534 3559.74700484928 3691.98332781517 3912.9444254864 4158.44824701364 4403.95206854087 4624.91316621211 4757.14948917799 4871.84477842193 Inf
"59" 70.5910165818118 4002.023949217 332.472121032605 -Inf 3350.39056612945 3455.15597507627 3575.94378200773 3777.77491135456 4002.023949217 4226.27298707945 4428.10411642627 4548.89192335773 4653.65733230455 Inf 4152.35031534618 363.98126557137 -Inf 3438.96014377898 3553.65441052872 3685.88955462428 3906.84868245489 4152.35031534618 4397.85194823746 4618.81107606807 4751.04622016363 4865.74048691337 Inf
"60" 70.815854411786 3991.92122976291 332.458967404314 -Inf 3340.31362731308 3445.07489141538 3565.85791960657 3767.68106388793 3991.92122976291 4216.1613956379 4417.98453991925 4538.76756811044 4643.52883221274 Inf 4146.94291745635 363.96703377828 -Inf 3433.58063969104 3548.27042185537 3680.50039551117 3901.45088376362 4146.94291745635 4392.43495114907 4613.38543940153 4745.61541305732 4860.30519522165 Inf
"61" 71.040124895156 3982.05824954082 332.438613545788 -Inf 3330.49053992064 3435.24539031131 3556.02102390374 3757.83181213479 3982.05824954082 4206.28468694685 4408.0954751779 4528.87110877032 4633.62595916099 Inf 4142.11232999456 363.94495412354 -Inf 3428.79332755734 3543.47615219376 3675.69810426548 3896.63518880265 4142.11232999456 4387.58947118647 4608.52655572364 4740.74850779535 4855.43133243178 Inf
"62" 71.2636274551571 3972.68668876407 332.415200891528 -Inf 3321.16486710303 3425.91233992384 3546.67946765071 3748.47604295336 3972.68668876407 4196.89733457478 4398.69390987743 4519.4610376043 4624.20851042511 Inf 4137.51599367441 363.919529893629 -Inf 3424.24682181215 3538.9216350104 3671.13435040698 3892.05600086499 4137.51599367441 4382.97598648384 4603.89763694185 4736.11035233843 4850.78516553668 Inf
"63" 71.4864605919345 3963.83894156032 332.39305246809 -Inf 3312.36053001153 3417.10102363471 3537.86010479369 3739.64323463421 3963.83894156032 4188.03464848644 4389.81777832695 4510.57685948593 4615.31735310911 Inf 4132.65390643341 363.895478442344 -Inf 3419.43187454945 3534.09910888628 3666.30308634103 3887.21013608135 4132.65390643341 4378.09767678548 4599.0047265258 4731.20870398055 4845.87593831738 Inf
"64" 71.7090817913684 3955.3559989936 332.375919251985 -Inf 3303.91116793131 3408.64626270064 3529.39911932689 3731.17184824613 3955.3559989936 4179.54014974106 4381.3128786603 4502.06573528655 4606.80083005588 Inf 4126.97578614846 363.876888092167 -Inf 3413.7901906813 3528.45156700624 3660.64879054845 3881.54455479705 4126.97578614846 4372.40701749987 4593.30278174847 4725.50000529068 4840.16138161562 Inf
"65" 71.9323321270495 3946.95186520693 332.366642184107 -Inf 3295.52521686357 3400.25738833272 3521.00687458109 3722.77397174666 3946.95186520693 4171.1297586672 4372.89685583278 4493.64634208114 4598.37851355029 Inf 4119.9963125748 363.866838692315 -Inf 3406.83041356942 3521.48862322438 3653.6821957989 3874.57185944059 4119.9963125748 4365.42076570902 4586.3104293507 4718.50400192522 4833.16221158019 Inf
"66" 72.1574177969765 3938.2946467648 332.367148286976 -Inf 3286.86700647805 3391.59933742545 3512.34900754203 3714.11641194334 3938.2946467648 4162.47288158627 4364.24028598757 4484.98995610415 4589.72228705156 Inf 4111.39909007126 363.867407211448 -Inf 3398.23207678885 3512.89046559008 3645.08424470877 3865.97425347671 4111.39909007126 4356.8239266658 4577.71393543374 4709.90771455243 4824.56610335366 Inf
"67" 72.3858269243975 3929.09216243083 332.378613375892 -Inf 3277.64205098272 3382.3779946984 3503.13183010541 3704.90619452441 3929.09216243083 4153.27813033726 4355.05249475625 4475.80633016327 4580.54227387894 Inf 4101.12502265427 363.879865629996 -Inf 3387.9335913202 3502.59590589816 3634.79421118599 3855.69178298411 4101.12502265427 4346.55826232443 4567.45583412255 4699.65413941038 4814.31645398833 Inf
"68" 72.6192307311676 3919.17655145132 332.401605141963 -Inf 3267.68137696977 3372.42456562907 3493.1867539921 3694.97507583434 3919.17655145132 4143.3780270683 4345.16634891054 4465.92853727357 4570.67172593287 Inf 4089.44518616852 363.904848461233 -Inf 3376.204789385 3490.87497631184 3623.08235791376 3843.99509583476 4089.44518616852 4334.89527650229 4555.80801442329 4688.01539602521 4802.68558295205 Inf
"69" 72.8595066501477 3908.58093803355 332.436045030174 -Inf 3257.01826261147 3361.77230363626 3482.54700408167 3684.35623306497 3908.58093803355 4132.80564300212 4334.61487198542 4455.38957243083 4560.14361345563 Inf 4077.00432742582 363.942298756035 -Inf 3363.69052941327 3478.3725173159 3610.59350468712 3831.52897725207 4077.00432742582 4322.47967759956 4543.41515016452 4675.63613753574 4790.31812543836 Inf
"70" 73.1086536269903 3897.61090435929 332.480796427436 -Inf 3245.96051781032 3350.72866046391 3471.51961918419 3673.35601503195 3897.61090435929 4121.86579368663 4323.70218953439 4444.49314825467 4549.26129090826 Inf 4064.82367365307 363.990987863852 -Inf 3351.41444674276 3466.11177708756 3598.35045331202 3819.31548317515 4064.82367365307 4310.33186413098 4531.29689399411 4663.53557021857 4778.23290056337 Inf
