"mid_age" "mean_left" "std_left" "min_left" "l.q2.5" "l.q5" "l.q10" "l.q25" "l.q50" "l.q75" "l.q90" "l.q95" "l.q97.5" "max_left" "mean_right" "std_right" "min_right" "r.q2.5" "r.q5" "r.q10" "r.q25" "r.q50" "r.q75" "r.q90" "r.q95" "r.q97.5" "max_right"
"1" 30 5.23565421475989e-08 2325.65038892636 -Inf -4558.19100287488 -3825.35447719427 -2980.44089678563 -1568.627349818 5.23565421475989e-08 1568.62734992272 2980.44089689034 3825.35447729898 4558.19100297959 Inf 3.62486049674367e-08 2412.79756635387 -Inf -4728.99633200323 -3968.69882808061 -3092.12449846676 -1627.40722776749 3.62486049674367e-08 1627.40722783999 3092.12449853926 3968.6988281531 4728.99633207573 Inf
"2" 30.7070707070707 4.77426027329444e-07 2325.65038892636 -Inf -4558.19100244981 -3825.3544767692 -2980.44089636056 -1568.62734939294 4.77426027329444e-07 1568.62735034779 2980.44089731541 3825.35447772405 4558.19100340466 Inf 3.35745086644439e-07 2412.79756635387 -Inf -4728.99633170374 -3968.69882778111 -3092.12449816726 -1627.40722746799 3.35745086644439e-07 1627.40722813948 3092.12449883875 3968.6988284526 4728.99633237523 Inf
"3" 31.4141414141414 3.93294850364534e-06 2325.65038892636 -Inf -4558.19099899429 -3825.35447331368 -2980.44089290504 -1568.62734593741 3.93294850364534e-06 1568.62735380331 2980.44090077094 3825.35448117957 4558.19100686018 Inf 2.81267882918392e-06 2412.79756635387 -Inf -4728.9963292268 -3968.69882530418 -3092.12449569033 -1627.40722499106 2.81267882918392e-06 1627.40723061642 3092.12450131569 3968.69883092953 4728.99633485216 Inf
"4" 32.1212121212121 2.92645203063929e-05 2325.65038892636 -Inf -4558.19097366272 -3825.35444798211 -2980.44086757347 -1568.62732060584 2.92645203063929e-05 1568.62737913488 2980.44092610251 3825.35450651115 4558.19103219176 Inf 2.13097034438381e-05 2412.79756635387 -Inf -4728.99631072978 -3968.69880680715 -3092.12447719331 -1627.40720649403 2.13097034438381e-05 1627.40724911344 3092.12451981271 3968.69884942656 4728.99635334919 Inf
"5" 32.8282828282828 0.000196653954729847 2325.65038892635 -Inf -4558.19080627327 -3825.35428059266 -2980.44070018402 -1568.6271532164 0.000196653954729847 1568.62754652431 2980.44109349193 3825.35467390057 4558.19119958118 Inf 0.000145990793945331 2412.79756635387 -Inf -4728.99618604868 -3968.69868212605 -3092.12435251221 -1627.40708181294 0.000145990793945331 1627.40737379453 3092.1246444938 3968.69897410764 4728.99647803026 Inf
"6" 33.5353535353535 0.00119322383721816 2325.65038892612 -Inf -4558.18980970294 -3825.3532840224 -2980.43970361385 -1568.62615664636 0.00119322383721816 1568.62854309404 2980.44209006152 3825.35567047007 4558.19219615061 Inf 0.000904264934746775 2412.79756635364 -Inf -4728.9954277741 -3968.69792385154 -3092.12359423778 -1627.40632353865 0.000904264934746775 1627.40813206852 3092.12540276765 3968.69973238141 4728.99723630397 Inf
"7" 34.2424242424242 0.00653598850896711 2325.65038891926 -Inf -4558.18446692481 -3825.34794124644 -2980.43436084038 -1568.62081387706 0.00653598850896711 1568.63388585408 2980.4474328174 3825.36101322345 4558.19753890183 Inf 0.00506295998479878 2412.79756634698 -Inf -4728.99126906599 -3968.69376514554 -3092.11943553419 -1627.40216483911 0.00506295998479878 1627.41229075908 3092.12956145416 3968.7038910655 4729.00139498596 Inf
"8" 34.9494949494949 0.032312842370482 2325.65038875314 -Inf -4558.15868974536 -3825.32216411934 -2980.40858377363 -1568.59503691116 0.032312842370482 1568.6596625959 2980.47320945837 3825.38678980407 4558.2233154301 Inf 0.0256183371201556 2412.79756618551 -Inf -4728.97071337238 -3968.6732095028 -3092.09887995012 -1627.38160935306 0.0256183371201556 1627.4328460273 3092.15011662436 3968.72444617704 4729.02195004662 Inf
"9" 35.6565656565657 0.1441486684289 2325.65038549198 -Inf -4558.04684752754 -3825.21032292914 -2980.29674376822 -1568.48319888548 0.1441486684289 1568.77149622233 2980.58504110508 3825.49862026599 4558.33514486439 Inf 0.117115436372852 2412.79756300986 -Inf -4728.87921004897 -3968.58170718007 -3092.00737878111 -1627.29011011186 0.117115436372852 1627.52434098461 3092.24160965386 3968.81593805282 4729.11344092171 Inf
"10" 36.3636363636364 0.580107895863292 2325.65033364191 -Inf -4557.61078667584 -3824.77427841593 -2979.86071809225 -1568.0472046857 0.580107895863292 1569.20742047743 2981.02093388397 3825.93449420766 4558.77100246756 Inf 0.483560575001013 2412.79751241672 -Inf -4728.5126657496 -3968.21517882313 -3091.64086880477 -1626.92363084868 0.483560575001013 1627.89075199868 3092.60798995477 3969.18229997313 4729.47978689961 Inf
"11" 37.0707070707071 2.10551128627277 2325.64966722887 -Inf -4556.08407713987 -3823.24777887361 -2978.33446065916 -1566.52135180653 2.10551128627277 1570.73237437907 2982.54548323171 3827.45880144616 4560.29509971241 Inf 1.80257650669202 2412.79686065839 -Inf -4727.19237239505 -3966.89509084438 -3090.32101761116 -1625.60417531267 1.80257650669202 1629.20932832606 3093.92617062455 3970.50024385776 4730.79752540844 Inf
"12" 37.7777777777778 6.89044744170262 2325.64275889587 -Inf -4551.28560090057 -3818.4514795216 -2973.54067111876 -1561.7317560513 6.89044744170262 1575.5126509347 2987.32156600217 3832.232374405 4565.06649578397 Inf 6.06387564124382 2412.79008649626 -Inf -4722.9177961467 -3962.62264920468 -3086.05103703853 -1621.3383070752 6.06387564124382 1633.46605835769 3098.17878832102 3974.75040048717 4735.04554742919 Inf
"13" 38.4848484848485 20.3273574102971 2325.58515679054 -Inf -4537.7357928801 -3804.91982252113 -2960.02994108191 -1548.25599405307 20.3273574102971 1588.91070887366 3000.6846559025 3845.57453734173 4578.39050770069 Inf 18.3994740285376 2412.73343351755 -Inf -4710.47115996153 -3950.19386495989 -3073.64283493768 -1608.96449683445 18.3994740285376 1645.76344489152 3110.44178299475 3986.99281301696 4747.2701080186 Inf
"14" 39.1919191919192 54.0492360165291 2325.20014145712 -Inf -4503.25929808686 -3770.56465004729 -2925.81464547237 -1514.27442655078 54.0492360165291 1622.37289858384 3033.91311750543 3878.66312208035 4611.35777011992 Inf 50.3300915930073 2412.3534576207 -Inf -4677.79580332423 -3917.63824266332 -3041.22525866773 -1576.77758942223 50.3300915930073 1677.43777260825 3141.88544185374 4018.29842584933 4778.45598651025 Inf
"15" 39.8989898989899 129.527311251307 2323.14528936385 -Inf -4423.75378675572 -3691.70664389405 -2847.7031713205 -1437.41037464092 129.527311251307 1696.46499714354 3106.75779382312 3950.76126639666 4682.80840925834 Inf 124.046654080168 2410.31747414289 -Inf -4600.08878654744 -3840.57278536827 -2964.89947836716 -1501.68777694772 124.046654080168 1749.78108510805 3212.99278652749 4088.6660935286 4848.18209470778 Inf
"16" 40.6060606060606 279.824213078493 2314.42394887744 -Inf -4256.36337167827 -3527.06441353592 -2686.22942193931 -1281.23101804768 279.824213078493 1840.87944420467 3245.8778480963 4086.7128396929 4816.01179783525 Inf 275.343293515246 2401.63711919331 -Inf -4431.77896403817 -3674.99823261116 -2802.47851645697 -1344.53632707109 275.343293515246 1895.22291410158 3353.16510348746 4225.68481964165 4982.46555106867 Inf
"17" 41.3131313131313 545.281316278296 2285.07083426221 -Inf -3933.37522099854 -3213.32573329893 -2383.15478875075 -995.975539903576 545.281316278296 2086.53817246017 3473.71742130734 4303.88836585552 5023.93785355513 Inf 550.271742800834 2372.27334966817 -Inf -4099.29858403298 -3351.77068052118 -2489.91888236615 -1049.80231621367 550.271742800834 2150.34580181534 3590.46236796782 4452.31416612285 5199.84206963465 Inf
"18" 42.020202020202 959.62238752228 2206.69512675726 -Inf -3365.42058578201 -2670.06809530055 -1868.37120685313 -528.770857283139 959.62238752228 2448.0156323277 3787.61598189769 4589.3128703451 5284.66536082657 Inf 990.268996533844 2293.4334263617 -Inf -3504.77792007539 -2782.09329298894 -1948.88420149231 -556.628342304204 990.268996533844 2537.16633537189 3929.42219456 4762.63128605663 5485.31591314307 Inf
"19" 42.7272727272727 1528.5421570057 2039.87383014018 -Inf -2469.53708307483 -1826.75171102377 -1085.66134352391 152.668166882923 1528.5421570057 2904.41614712847 4142.7456575353 4883.83602503516 5526.62139708622 Inf 1606.19344428857 2124.63575305874 -Inf -2558.0161119727 -1888.52138008087 -1116.63683125589 173.148405950315 1606.19344428857 3039.23848262682 4329.02371983303 5100.90826865801 5770.40300054984 Inf
"20" 43.4343434343434 2211.63129752866 1754.78771755731 -Inf -1227.68942939691 -674.737644225376 -37.2196491053464 1028.04496826628 2211.63129752866 3395.21762679104 4460.48224416266 5098.00023928269 5650.95202445422 Inf 2353.35139307738 1834.4084227818 -Inf -1242.02304851186 -663.981954445584 2.46240701317083 1116.0617142377 2353.35139307738 3590.64107191706 4704.24037914159 5370.68474060035 5948.72583466663 Inf
"21" 44.1414141414141 2922.70941007945 1362.15390018163 -Inf 252.936824322687 682.165626899601 1177.038946789 2003.95056621732 2922.70941007945 3841.46825394158 4668.3798733699 5163.2531932593 5592.48199583621 Inf 3128.44391068522 1432.18020120676 -Inf 321.422296948635 772.717112282184 1293.03113168671 2162.45304453749 3128.44391068522 4094.43477683294 4963.85668968372 5484.17070908824 5935.4655244218 Inf
"22" 44.8484848484848 3555.30646992929 930.917934108639 -Inf 1730.74084651393 2024.08272961653 2362.28713407882 2927.41186509931 3555.30646992929 4183.20107475928 4748.32580577977 5086.53021024206 5379.87209334466 Inf 3801.95475893525 987.604313145733 -Inf 1866.28587419319 2177.49022246457 2536.28890528473 3135.82577246901 3801.95475893525 4468.08374540148 5067.62061258576 5426.41929540592 5737.6236436773 Inf
"23" 45.5555555555556 4022.21998878249 573.562236437386 -Inf 2898.05866247297 3078.79406389606 3287.1704067389 3635.35813920593 4022.21998878249 4409.08183835905 4757.26957082609 4965.64591366892 5146.38131509202 Inf 4273.69761653433 616.905201323397 -Inf 3064.58564006505 3258.97885865232 3483.10178998573 3857.60138139905 4273.69761653433 4689.79385166962 5064.29344308294 5288.41637441635 5482.80959300362 Inf
"24" 46.2626262626263 4286.88108068463 390.079547772976 -Inf 3522.33921594393 3645.25732173066 3786.97402554924 4023.77642395064 4286.88108068463 4549.98573741863 4786.78813582002 4928.5048396386 5051.42294542534 Inf 4515.86908253736 424.779008114038 -Inf 3683.3175252452 3817.16979038814 3971.49287967833 4229.35999546598 4515.86908253736 4802.37816960874 5060.24528539639 5214.56837468658 5348.42063982952 Inf
"25" 46.969696969697 4371.77360826803 350.023544265845 -Inf 3685.74006776591 3796.03611196394 3923.20038713666 4135.68631533341 4371.77360826803 4607.86090120264 4820.34682939939 4947.51110457211 5057.80714877014 Inf 4574.44418656145 381.659194986842 -Inf 3826.40591001869 3946.67067542797 4085.32824772157 4317.01897147474 4574.44418656145 4831.86940164816 5063.56012540133 5202.21769769494 5322.48246310421 Inf
"26" 47.6767676767677 4345.52702304333 342.353460800067 -Inf 3674.52656989256 3782.40569134695 3906.78340938539 4114.61312278953 4345.52702304333 4576.44092329713 4784.27063670127 4908.64835473971 5016.52747619411 Inf 4534.25702452987 373.319132676239 -Inf 3802.56496974472 3920.20169513699 4055.82930560089 4282.45709598766 4534.25702452987 4786.05695307209 5012.68474345886 5148.31235392276 5265.94907931503 Inf
"27" 48.3838383838384 4295.52379143146 336.155378209835 -Inf 3636.67135693074 3742.59739836377 3864.72334022041 4068.79043435564 4295.52379143146 4522.25714850728 4726.32424264251 4848.45018449915 4954.37622593217 Inf 4478.2065481811 366.664407683142 -Inf 3759.55751470943 3875.09726732947 4008.30720248529 4230.8951634371 4478.2065481811 4725.5179329251 4948.10589387691 5081.31582903273 5196.85558165277 Inf
"28" 49.0909090909091 4289.0087670056 333.422780837878 -Inf 3635.51212493817 3740.57709663617 3861.71028023459 4064.11851884858 4289.0087670056 4513.89901516263 4716.30725377662 4837.44043737503 4942.50540907304 Inf 4460.57101021544 363.700151436953 -Inf 3747.73181222725 3862.33749700157 3994.47051175261 4215.25898592646 4460.57101021544 4705.88303450443 4926.67150867828 5058.80452342931 5173.41020820363 Inf
"29" 49.7979797979798 4335.832345058 332.691692935019 -Inf 3683.76860894971 3788.60320727721 3909.47078513344 4111.43520819795 4335.832345058 4560.22948191805 4762.19390498256 4883.06148283879 4987.8960811663 Inf 4492.76082777223 362.907971584979 -Inf 3781.47427376319 3895.83033446108 4027.67554863889 4247.98312067371 4492.76082777223 4737.53853487075 4957.84610690558 5089.69132108339 5204.04738178128 Inf
"30" 50.5050505050505 4386.41897373806 332.348475761309 -Inf 3735.02793092912 3839.75437797028 3960.4972643198 4162.25333334377 4386.41897373806 4610.58461413236 4812.34068315633 4933.08356950585 5037.81001654701 Inf 4543.2159337948 362.534304529811 -Inf 3832.6617537561 3946.90006809461 4078.609528261 4298.69026129498 4543.2159337948 4787.74160629462 5007.8223393286 5139.53179949499 5253.77011383351 Inf
"31" 51.2121212121212 4384.16322196994 332.005400315905 -Inf 3733.44459467797 3838.06293509285 3958.68118142583 4160.22898244712 4384.16322196994 4608.09746149277 4809.64526251405 4930.26350884704 5034.88184926192 Inf 4564.73554457912 362.163293654823 -Inf 3854.90853249326 3969.02993746229 4100.60460861299 4320.46011511169 4564.73554457912 4809.01097404655 5028.86648054524 5160.44115169594 5274.56255666497 Inf
"32" 51.9191919191919 4329.39836396961 331.700625893982 -Inf 3679.27708356801 3783.79938640582 3904.30690756305 4105.6696916705 4329.39836396961 4553.12703626873 4754.48982037617 4874.9973415334 4979.51964437121 Inf 4539.46650191017 361.83270541512 -Inf 3830.28743086784 3944.30466405844 4075.75923182018 4295.41405082195 4539.46650191017 4783.51895299838 5003.17377200015 5134.62833976189 5248.6455729525 Inf
"33" 52.6262626262626 4279.11379163267 331.470044029446 -Inf 3629.44444338105 3733.89408748508 3854.3178377756 4055.54064443777 4279.11379163267 4502.68693882758 4703.90974548975 4824.33349578027 4928.7831398843 Inf 4495.47141857578 361.582912091967 -Inf 3786.78193345041 3900.72045417763 4032.08427151014 4251.5874505237 4495.47141857578 4739.35538662786 4958.85856564141 5090.22238297393 5204.16090370115 Inf
"34" 53.3333333333333 4275.17487588394 331.357854468329 -Inf 3625.72541513155 3730.13970714285 3850.52269873456 4051.67739939809 4275.17487588394 4498.6723523698 4699.82705303333 4820.21004462503 4924.62433663633 Inf 4469.96534137236 361.461441596105 -Inf 3761.51393404406 3875.4141781599 4006.73386501086 4226.16330392469 4469.96534137236 4713.76737882003 4933.19681773386 5064.51650458482 5178.41674870065 Inf
"35" 54.040404040404 4292.72870542062 331.407355428884 -Inf 3643.18222456834 3747.61211484502 3868.01309023773 4069.19784104424 4292.72870542062 4516.25956979699 4717.4443206035 4837.84529599621 4942.27518627289 Inf 4464.84256219163 361.514785475761 -Inf 3756.28660278041 3870.20365610524 4001.54272289765 4221.00454484389 4464.84256219163 4708.68057953936 4928.14240148561 5059.48146827802 5173.39852160284 Inf
"36" 54.7474747474747 4281.4940310064 331.442195992663 -Inf 3631.87926390392 3736.32013280311 3856.73376584447 4057.93966702687 4281.4940310064 4505.04839498594 4706.25429616834 4826.6679292097 4931.10879810889 Inf 4455.27040066774 361.551935699261 -Inf 3746.64162815645 3860.57038790149 3991.92295144668 4211.40732587504 4455.27040066774 4699.13347546045 4918.61784988881 5049.970413434 5163.89917317904 Inf
"37" 55.4545454545455 4241.78491536633 331.333808110962 -Inf 3592.38258460834 3696.78929936338 3817.16355486388 4018.30365790206 4241.78491536633 4465.26617283061 4666.40627586879 4786.78053136929 4891.18724612432 Inf 4435.34110050188 361.435199653098 -Inf 3726.94112643676 3840.83310144455 3972.14325454353 4191.55676297579 4435.34110050188 4679.12543802797 4898.53894646023 5029.84909955921 5143.74107456699 Inf
"38" 56.1616161616162 4223.07115652828 331.263595026375 -Inf 3573.80644088732 3678.19103077216 3798.53977771429 3999.63725706988 4223.07115652828 4446.50505598667 4647.60253534226 4767.95128228439 4872.33587216923 Inf 4428.79794285983 361.359056766681 -Inf 3720.54720610977 3834.41518770539 3965.69767793677 4185.06496293018 4428.79794285983 4672.53092278948 4891.89820778289 5023.18069801426 5137.04867960989 Inf
"39" 56.8686868686869 4247.44903624324 331.279936294782 -Inf 3598.15229230474 3702.54203149251 3822.89671525114 4024.00411476679 4247.44903624324 4470.89395771968 4672.00135723533 4792.35604099396 4896.74578018173 Inf 4448.6879921469 361.376513402829 -Inf 3740.4030410187 3854.27652338118 3985.56535564446 4204.9432378951 4448.6879921469 4692.43274639871 4911.81062864934 5043.09946091262 5156.9729432751 Inf
"40" 57.5757575757576 4274.57476721965 331.291815292783 -Inf 3625.2547408729 3729.64822325598 3850.00722267907 4051.12183348081 4274.57476721965 4498.02770095849 4699.14231176023 4819.50131118332 4923.8947935664 Inf 4470.8843812096 361.389511885491 -Inf 3762.57395352352 3876.45153184252 4007.74508648135 4227.13085961447 4470.8843812096 4714.63790280472 4934.02367593784 5065.31723057667 5179.19480889567 Inf
"41" 58.2828282828283 4259.92439503859 331.284490905532 -Inf 3610.61872422706 3715.00989861985 3835.36623707796 4036.47640152388 4259.92439503859 4483.37238855329 4684.48255299921 4804.83889145732 4909.23006585011 Inf 4463.4026730588 361.381406419731 -Inf 3755.1081317937 3868.98315599648 4000.27376590289 4219.65461851725 4463.4026730588 4707.15072760035 4926.53158021472 5057.82219012112 5171.69721432391 Inf
"42" 58.989898989899 4215.4452303369 331.248985655906 -Inf 3566.2091485359 3670.58913485679 3790.93257418452 3992.02118474915 4215.4452303369 4438.86927592466 4639.95788648929 4760.30132581701 4864.6813121379 Inf 4426.35432810894 361.343039230058 -Inf 3718.13498515378 3831.99791945771 3963.27459048501 4182.63215184356 4426.35432810894 4670.07650437431 4889.43406573286 5020.71073676017 5134.57367106409 Inf
"43" 59.6969696969697 4184.84796878631 331.200713701705 -Inf 3535.70649827701 3640.07127360515 3760.3971756324 3961.45648213689 4184.84796878631 4408.23945543574 4609.29876194022 4729.62466396748 4833.98943929562 Inf 4386.53585132222 361.290643930432 -Inf 3678.41920126729 3792.26562526962 3923.52326097656 4142.84901514941 4386.53585132222 4630.22268749504 4849.54844166789 4980.80607737483 5094.65250137715 Inf
"44" 60.4040404040404 4181.43917818968 331.163246482484 -Inf 3532.37114208065 3636.72411109994 3757.03640120922 3958.07296279559 4181.43917818968 4404.80539358378 4605.84195517014 4726.15424527942 4830.50721429871 Inf 4363.85610182053 361.250097078226 -Inf 3655.81892213561 3769.65256940484 3900.89547435679 4120.19661408393 4363.85610182053 4607.51558955713 4826.81672928427 4958.05963423622 5071.89328150545 Inf
"45" 61.1111111111111 4183.2852666722 331.15039627911 -Inf 3534.24241649898 3638.59133628609 3758.89895788999 3959.92771860857 4183.2852666722 4406.64281473583 4607.67157545441 4727.97919705831 4832.32811684542 Inf 4359.20098118794 361.236042309805 -Inf 3651.19134834293 3765.02056680906 3896.25836563467 4115.55097324858 4359.20098118794 4602.8509891273 4822.1435967412 4953.38139556682 5067.21061403294 Inf
"46" 61.8181818181818 4177.07775624585 331.118882852924 -Inf 3528.09667125298 3632.4356608331 3752.73183354431 3953.74146366518 4177.07775624585 4400.41404882652 4601.42367894739 4721.7198516586 4826.05884123872 Inf 4365.61845049872 361.201734012056 -Inf 3657.67606068168 3771.49446824783 3902.71980279815 4121.99158315454 4365.61845049872 4609.24531784291 4828.5170981993 4959.74243274961 5073.56084031577 Inf
"47" 62.5252525252525 4171.55158709141 331.056950300352 -Inf 3522.69188767106 3627.01136166239 3747.28503414958 3948.25706738265 4171.55158709141 4394.84610680018 4595.81814003325 4716.09181252044 4820.41128651177 Inf 4372.92192833034 361.134826765258 -Inf 3665.11067430732 3778.90799870701 3910.10902571665 4129.34018923834 4372.92192833034 4616.50366742234 4835.73483094403 4966.93585795367 5080.73318235336 Inf
"48" 63.2323232323232 4169.24158148158 331.035476170229 -Inf 3520.42397058287 3624.73667785337 3745.00254874482 3945.96154585348 4169.24158148158 4392.52161710968 4593.48061421834 4713.74648510979 4818.0591923803 Inf 4366.24542560583 361.111455968856 -Inf 3658.47997750205 3772.26993752173 3903.46247387285 4122.67944987645 4366.24542560583 4609.81140133521 4829.02837733881 4960.22091368993 5074.01087370961 Inf
"49" 63.9393939393939 4157.04430340349 331.061993671296 -Inf 3508.17471915772 3612.49578236747 3732.77128712172 3933.74638199272 4157.04430340349 4380.34222481426 4581.31731968525 4701.5928244395 4805.91388764925 Inf 4337.894774262 361.140167789419 -Inf 3630.07305202399 3743.87205943571 3875.07502685043 4094.30943270395 4337.894774262 4581.48011582006 4800.71452167357 4931.91748908829 5045.71649650002 Inf
"50" 64.6464646464646 4131.47108276799 331.077295958976 -Inf 3482.57150658949 3586.89739170859 3707.1784558155 3908.16284012103 4131.47108276799 4354.77932541496 4555.76370972049 4676.0447738274 4780.37065894649 Inf 4300.24879517576 361.156543329302 -Inf 3592.39497746935 3706.1991449833 3837.40806166542 4056.6524084839 4300.24879517576 4543.84518186762 4763.08952868611 4894.29844536822 5008.10261288217 Inf
"51" 65.3535353535354 4108.11550998016 331.012731850304 -Inf 3459.34247712935 3563.64801742908 3683.90562526221 3884.85081516273 4108.11550998016 4331.3802047976 4532.32539469812 4652.58300253125 4756.88854283097 Inf 4273.58643953644 361.086580051367 -Inf 3565.86974733502 3679.65186869544 3810.83536757446 4030.03724235843 4273.58643953644 4517.13563671444 4736.33751149841 4867.52101037743 4981.30313173785 Inf
"52" 66.0606060606061 4096.47581408176 330.949370092276 -Inf 3447.82696799469 3552.11254234818 3672.34713072401 3873.25385612068 4096.47581408176 4319.69777204285 4520.60449743952 4640.83908581535 4745.12466016884 Inf 4261.9696789959 361.018263588459 -Inf 3554.38688460133 3668.1474787367 3799.30615810392 4018.4665605719 4261.9696789959 4505.4727974199 4724.63319988788 4855.7918792551 4969.55247339047 Inf
"53" 66.7676767676768 4085.42677531956 330.971155342045 -Inf 3436.73523092754 3541.02767003888 3661.27017304086 3862.1901234308 4085.42677531956 4308.66342720833 4509.58337759827 4629.82588060025 4734.11831971158 Inf 4252.70090568844 361.04138891022 -Inf 3545.07278649609 3658.84066765986 3790.00774850415 4009.18218947194 4252.70090568844 4496.21962190494 4715.39406287273 4846.56114371701 4960.32902488079 Inf
"54" 67.4747474747475 4064.57738376687 330.973899169671 -Inf 3415.88046157153 3520.17376529137 3640.41726513158 3841.3388811945 4064.57738376687 4287.81588633925 4488.73750240217 4608.98100224238 4713.27430596222 Inf 4237.13228087894 361.044588574727 -Inf 3529.49789045939 3643.2667798706 3774.43502315959 3993.61140652152 4237.13228087894 4480.65315523635 4699.82953859829 4830.99778188728 4944.76667129848 Inf
"55" 68.1818181818182 4043.26117666285 330.95525977826 -Inf 3394.60078700336 3498.88821725791 3619.1249453688 3820.03524616893 4043.26117666285 4266.48710715676 4467.3974079569 4587.63413606778 4691.92156632233 Inf 4218.52719639399 361.024362528596 -Inf 3510.93244829641 3624.69496427098 3755.85585939572 3975.01996429737 4218.52719639399 4462.0344284906 4681.19853339225 4812.35942851699 4926.12194449157 Inf
"56" 68.8888888888889 4034.69057277183 330.962588783397 -Inf 3386.01581852623 3490.30555822621 3610.54494897977 3811.45969893907 4034.69057277183 4257.92144660459 4458.83619656389 4579.07558731745 4683.36532701743 Inf 4200.07433143265 361.032360291043 -Inf 3492.46390800871 3606.22894416107 3737.3927448894 3956.56170492724 4200.07433143265 4443.58695793805 4662.75591797589 4793.91971870422 4907.68475485658 Inf
"57" 69.5959595959596 4032.64752830773 330.990573710858 -Inf 3383.9179246122 3488.21648265268 3608.46604038807 3809.39777892823 4032.64752830773 4255.89727768722 4456.82901622738 4577.07857396278 4681.37713200326 Inf 4179.32084496197 361.062615200886 -Inf 3471.65112300439 3585.42569279221 3716.60048519164 3935.78781182998 4179.32084496197 4422.85387809396 4642.04120473229 4773.21599713173 4886.99056691955 Inf
"58" 70.3030303030303 4018.48604136073 331.016698600556 -Inf 3369.70523382229 3474.0120240861 3594.27107304778 3795.21867101091 4018.48604136073 4241.75341171055 4442.70100967367 4562.96005863535 4667.26684889916 Inf 4156.48313460267 361.09096047382 -Inf 3448.757856931 3562.54135860791 3693.72644890344 3912.93098287462 4156.48313460267 4400.03528633072 4619.2398203019 4750.42491059742 4864.20841227433 Inf
"59" 71.010101010101 3986.27912715659 331.01570258731 -Inf 3337.50027176824 3441.80674817796 3562.06543528597 3763.01242860749 3986.27912715659 4209.54582570568 4410.4928190272 4530.75150613521 4635.05798254493 Inf 4135.62747820756 361.089820517021 -Inf 3427.90443481017 3541.68757727488 3672.87225342175 3892.07609536869 4135.62747820756 4379.17886104644 4598.38270299337 4729.56737914024 4843.35052160496 Inf
"60" 71.7171717171717 3948.84623617862 330.987174477845 -Inf 3300.12329485737 3404.42078176432 3524.66910455135 3725.59877954695 3948.84623617862 4172.09369281029 4373.02336780589 4493.27169059292 4597.56917749987 Inf 4115.31269011349 361.059019470943 -Inf 3407.6500156571 3521.42345239317 3652.59693845651 3871.78208226449 4115.31269011349 4358.84329796249 4578.02844177048 4709.20192783382 4822.97536456989 Inf
"61" 72.4242424242424 3919.94787675987 330.984832462175 -Inf 3271.22952570499 3375.52627461854 3495.77374654645 3696.70199979377 3919.94787675987 4143.19375372598 4344.12200697329 4464.36947890121 4568.66622781476 Inf 4090.61100208658 361.056543815651 -Inf 3382.9531798254 3496.72583645685 3627.89842310952 3847.08206404171 4090.61100208658 4334.13994013146 4553.32358106365 4684.49616771632 4798.26882434777 Inf
"62" 73.1313131313131 3900.27751898303 331.045809269703 -Inf 3251.4396555815 3355.75561891867 3476.02524384646 3676.99051378525 3900.27751898303 4123.56452418081 4324.5297941196 4444.79941904739 4549.11538238456 Inf 4066.46138338848 361.122654838488 -Inf 3358.67398590356 3472.46747480305 3603.66407972659 3822.88785413632 4066.46138338848 4310.03491264064 4529.25868705037 4660.45529197391 4774.24878087341 Inf
"63" 73.8383838383838 3882.78348638351 331.159429075396 -Inf 3233.72293225489 3338.07469836966 3458.38560160708 3659.41984579137 3882.78348638351 4106.14712697565 4307.18137115994 4427.49227439735 4531.84404051213 Inf 4054.05190577342 361.245796769729 -Inf 3346.02315453828 3459.85544673576 3591.09678937677 3810.39531855082 4054.05190577342 4297.70849299602 4517.00702217007 4648.24836481108 4762.08065700856 Inf
"64" 74.5454545454545 3863.93240951544 331.259739851377 -Inf 3214.67524987863 3319.0586249579 3439.40597130701 3640.50111033306 3863.93240951544 4087.36370869781 4288.45884772387 4408.80619407297 4513.18956915224 Inf 4049.46267158749 361.354399808519 -Inf 3341.22106230771 3455.08757644758 3586.36837479646 3805.73283272839 4049.46267158749 4293.1925104466 4512.55696837853 4643.83776672741 4757.70428086728 Inf
"65" 75.2525252525253 3844.82763120188 331.355842422869 -Inf 3195.38211398613 3299.79577198106 3420.1780325925 3621.33151182007 3844.82763120188 4068.32375058369 4269.47722981126 4389.8594904227 4494.27314841763 Inf 4033.14400831372 361.459272736563 -Inf 3324.69685187202 3438.59641255775 3569.91531145757 3789.34343373958 4033.14400831372 4276.94458288787 4496.37270516988 4627.6916040697 4741.59116475543 Inf
"66" 75.959595959596 3826.02763893963 331.515273026921 -Inf 3176.2696434819 3280.73353971149 3401.17372179003 3602.42398524951 3826.02763893963 4049.63129262974 4250.88155608922 4371.32173816777 4475.78563439736 Inf 4000.41367341233 361.631228341284 -Inf 3291.62949017843 3405.58323585625 3536.96460658174 3756.49711654531 4000.41367341233 4244.33023027934 4463.86274024292 4595.2441109684 4709.19785664622 Inf
"67" 76.6666666666667 3807.87522937537 331.693039156244 -Inf 3157.7688187065 3262.28873088467 3382.79349576444 3584.1516742531 3807.87522937537 4031.59878449765 4232.9569629863 4353.46172786608 4457.98164004424 Inf 3975.17180275168 361.825091444382 -Inf 3266.00765481778 3380.02248876734 3511.47429035781 3731.12448720868 3975.17180275168 4219.21911829467 4438.86931514555 4570.32111673602 4684.33595068558 Inf
"68" 77.3737373737374 3794.41151559095 331.963379117068 -Inf 3143.77524833528 3248.38034743517 3368.98332738 3570.50561893603 3794.41151559095 4018.31741224587 4219.83970380191 4340.44268374673 4445.04778284662 Inf 3975.80980585326 362.116752923209 -Inf 3266.07401192518 3380.18075142763 3511.7385142346 3731.56576763227 3975.80980585326 4220.05384407425 4439.88109747193 4571.43886027889 4685.54559978134 Inf
"69" 78.0808080808081 3790.70619902686 332.139509720838 -Inf 3139.72472213123 3244.38532180866 3365.05229036491 3566.68150408501 3790.70619902686 4014.73089396872 4216.36010768882 4337.02707624507 4441.6876759225 Inf 3979.99183841092 362.307964329606 -Inf 3269.88127701287 3384.04826920996 3515.67549951503 3735.61883005619 3979.99183841092 4224.36484676564 4444.3081773068 4575.93540761187 4690.10239980897 Inf
"70" 78.7878787878788 3796.07807813641 332.5275578732 -Inf 3144.33604083788 3249.11891850736 3369.92686575729 3571.7916486932 3796.07807813641 4020.36450757962 4222.22929051553 4343.03723776546 4447.82011543494 Inf 3948.00581977415 362.73116671756 -Inf 3237.06579693753 3351.36614459043 3483.14712519544 3703.34736574649 3948.00581977415 4192.66427380181 4412.86451435286 4544.64549495786 4658.94584261076 Inf
"71" 79.4949494949495 3804.15162455544 333.960771084719 -Inf 3149.60054098016 3254.83503897722 3376.16367554133 3578.89850749121 3804.15162455544 4029.40474161966 4232.13957356954 4353.46821013364 4458.70270813071 Inf 3879.1449915972 364.278192402247 -Inf 3165.17285413544 3279.96068560503 3412.30370383034 3633.44308460192 3879.1449915972 4124.84689859247 4345.98627936405 4478.32929758936 4593.11712905895 Inf
"72" 80.2020202020202 3805.73130797436 336.419971820793 -Inf 3146.36027952562 3252.36969714601 3374.59176640695 3578.81948521998 3805.73130797436 4032.64313072874 4236.87084954176 4359.0929188027 4465.10233642309 Inf 3816.70403097611 366.947619802117 -Inf 3097.49991195126 3213.12890764338 3346.44173434584 3569.20162256073 3816.70403097611 4064.20643939148 4286.96632760637 4420.27915430883 4535.90815000095 Inf
"73" 80.9090909090909 3779.71104816304 341.041152549327 -Inf 3111.28267192033 3218.74827145257 3342.64922519832 3549.68228637346 3779.71104816304 4009.73980995262 4216.77287112777 4340.67382487351 4448.13942440575 Inf 3780.02148050941 371.93805905559 -Inf 3051.03628028072 3168.23781507053 3303.3636786411 3529.15307196859 3780.02148050941 4030.88988905023 4256.67928237772 4391.80514594828 4509.00668073809 Inf
"74" 81.6161616161616 3678.15138757575 366.936869895661 -Inf 2958.9683379804 3074.59394626565 3207.90286750493 3430.6562298621 3678.15138757575 3925.64654528941 4148.39990764657 4281.70882888585 4397.33443717111 Inf 3704.58129144091 399.964036237845 -Inf 2920.66618530346 3046.69899578494 3192.00675463876 3434.80964855143 3704.58129144091 3974.35293433039 4217.15582824306 4362.46358709688 4488.49639757836 Inf
"75" 82.3232323232323 3434.76505497704 500.450055865851 -Inf 2453.90096941891 2611.59796547802 2793.41250240527 3097.21662181046 3434.76505497704 3772.31348814361 4076.1176075488 4257.93214447605 4415.62914053516 Inf 3471.86263968698 540.5646445335 -Inf 2412.37540508562 2582.71292352432 2779.10117320701 3107.25732763075 3471.86263968698 3836.46795174321 4164.62410616695 4361.01235584964 4531.34987428834 Inf
"76" 83.030303030303 3007.19306189454 811.827565435734 -Inf 1416.04027198366 1671.85554642839 1966.79417445811 2459.6236900815 3007.19306189454 3554.76243370758 4047.59194933096 4342.53057736069 4598.34585180541 Inf 3007.59010926663 864.065162920049 -Inf 1314.0535096476 1586.32939211517 1900.24604699389 2424.78701337555 3007.59010926663 3590.39320515771 4114.93417153937 4428.85082641808 4701.12670888566 Inf
"77" 83.7373737373737 2419.91200064687 1234.32987896355 -Inf 0.669892836628605 389.620022379102 838.054611862654 1587.36914892518 2419.91200064687 3252.45485236855 4001.76938943108 4450.20397891463 4839.1541084571 Inf 2351.32994353609 1300.04908956936 -Inf -196.719450153951 212.939483342961 685.249997513637 1474.4601578698 2351.32994353609 3228.19972920237 4017.40988955854 4489.72040372921 4899.37933722612 Inf
"78" 84.4444444444444 1764.97477513758 1651.07238447464 -Inf -1471.06763430138 -950.797624824943 -350.959624013347 651.343374977635 1764.97477513758 2878.60617529753 3880.90917428851 4480.74717510011 5001.01718457654 Inf 1635.72494266378 1727.57692212751 -Inf -1750.26360522871 -1205.88622353533 -578.253966487461 470.492016013474 1635.72494266378 2800.95786931408 3849.70385181502 4477.33610886288 5021.71349055626 Inf
"79" 85.1515151515152 1156.81227854347 1973.59095272885 -Inf -2711.35490901916 -2089.45595817119 -1372.44629667084 -174.354590151859 1156.81227854347 2487.97914723879 3686.07085375778 4403.08051525812 5024.9794661061 Inf 1004.39328535207 2056.6167038922 -Inf -3026.50138428013 -2378.44015929401 -1631.26707124616 -382.773601505274 1004.39328535207 2391.56017220941 3640.0536419503 4387.22672999814 5035.28795498426 Inf
"80" 85.8585858585859 678.192057973004 2173.04917561999 -Inf -3580.90606287663 -2896.15576008944 -2106.68251504819 -787.507337654722 678.192057973004 2143.89145360073 3463.0666309942 4252.53987603544 4937.29017882263 Inf 541.369801113211 2259.04203496647 -Inf -3886.27122698314 -3174.42368353722 -2353.70905542913 -982.33089673377 541.369801113211 2065.07049896019 3436.44865765555 4257.16328576364 4969.01082920956 Inf
"81" 86.5656565656566 354.849282273601 2271.5493572838 -Inf -4097.30564710776 -3381.51691685395 -2556.25835276529 -1177.28747627882 354.849282273601 1886.98604082602 3265.95691731249 4091.21548140115 4807.00421165496 Inf 254.683916064417 2358.50783737434 -Inf -4367.90650244474 -3624.71625443424 -2767.86549527188 -1336.1054460017 254.683916064417 1845.47327813054 3277.23332740072 4134.08408656308 4877.27433457358 Inf
"82" 87.2727272727273 165.56290094029 2310.14293906516 -Inf -4362.23405876693 -3634.28409115737 -2795.00439925047 -1392.60483294701 165.56290094029 1723.73063482759 3126.13020113105 3965.40989303795 4693.35986064751 Inf 103.683662560417 2397.2958817359 -Inf -4594.92992592813 -3839.5171633887 -2968.57462775185 -1513.26783785772 103.683662560417 1720.63516297856 3175.94195287268 4046.88448850953 4802.29725104897 Inf
"83" 87.979797979798 68.8692042716737 2322.07889177262 -Inf -4482.32179286334 -3750.61068292797 -2906.99463479759 -1497.34920737563 68.8692042716737 1635.08761591898 3044.73304334094 3888.34909147132 4620.06020140668 Inf 35.961520479151 2409.23998723349 -Inf -4686.06208461223 -3926.88561071838 -3051.60375693258 -1589.04615667238 35.961520479151 1660.96919763068 3123.52679789089 3998.80865167667 4757.98512557053 Inf
"84" 88.6868686868687 25.5415045517639 2324.99054700088 -Inf -4531.35623196604 -3798.72762931052 -2954.05377083361 -1542.64078870311 25.5415045517639 1593.72379780664 3005.13677993714 3849.81063841405 4582.43924106957 Inf 10.281859949071 2412.14236988934 -Inf -4717.43031061714 -3957.33926588674 -3081.00297049908 -1616.68344455498 10.281859949071 1637.24716445312 3101.56669039722 3977.90298578488 4737.99403051528 Inf
"85" 89.3939393939394 8.44553240782001 2325.55249114596 -Inf -4549.55359439567 -3816.74791731965 -2971.86990337644 -1560.1157864131 8.44553240782001 1577.00685122874 2988.76096819208 3833.63898213529 4566.44465921131 Inf 2.22110565891184 2412.70062930412 -Inf -4726.58523325429 -3966.31827520007 -3089.77916301623 -1625.12073909835 2.22110565891184 1629.56295041618 3094.22137433405 3970.76048651789 4731.02744457211 Inf
"86" 90.1010101010101 2.48924635060276 2325.63870106738 -Inf -4555.67884879398 -3822.84600607879 -2977.93667189341 -1566.13022017868 2.48924635060276 1571.10871287988 2982.91516459462 3827.82449878 4560.65734149519 Inf 0.241813481183601 2412.78602174198 -Inf -4728.73189153478 -3968.43802543893 -3091.86789000639 -1627.15762760017 0.241813481183601 1627.64125456253 3092.35151696875 3968.9216524013 4729.21551849715 Inf
"87" 90.8080808080808 0.653584029598421 2325.64926364393 -Inf -4557.53521338461 -3824.69904229215 -2979.78587070093 -1567.9730068493 0.653584029598421 1569.2801749085 2981.09303876013 3826.00621035134 4558.8423814438 Inf -0.0680452369034518 2412.79645728807 -Inf -4729.06220354736 -3968.76504910285 -3092.1911224149 -1627.47452498713 -0.0680452369034518 1627.33843451332 3092.05503194109 3968.62895862904 4728.92611307355 Inf
"88" 91.5151515151515 0.152690634464758 2325.65030138548 -Inf -4558.03814071579 -3825.20164262022 -2980.28809401537 -1568.47460019047 0.152690634464758 1568.7799814594 2980.5934752843 3825.50702388915 4558.34352198472 Inf -0.0540830014865691 2412.79748024152 -Inf -4729.05024626386 -3968.75276947612 -3092.17847114707 -1627.46125272332 -0.0540830014865691 1627.35308672035 3092.0703051441 3968.64460347315 4728.94208026088 Inf
"89" 92.2222222222222 0.0316756547749551 2325.65038341399 -Inf -4558.15931646842 -3825.32279252482 -2980.40921411883 -1568.59567049755 0.0316756547749551 1568.6590218071 2980.47256542838 3825.38614383436 4558.22266777797 Inf -0.0213384160516696 2412.79756094079 -Inf -4729.0176598461 -3968.72015762918 -3092.14582998192 -1627.42856256872 -0.0213384160516696 1627.38588573662 3092.10315314982 3968.67748079708 4728.97498301399 Inf
"90" 92.9292929292929 0.00581595845096856 2325.65038864498 -Inf -4558.18518641728 -3825.34866082534 -2980.43508051893 -1568.62153372212 0.00581595845096856 1568.63316563902 2980.44671243583 3825.36029274224 4558.19681833419 Inf -0.00637129000774839 2412.79756607798 -Inf -4729.00270278876 -3968.70519895306 -3092.13086943945 -1627.41359890766 -0.00637129000774839 1627.40085632765 3092.11812685943 3968.69245637305 4728.98996020874 Inf
"91" 93.6363636363636 0.000940153853106573 2325.6503889147 -Inf -4558.19006275053 -3825.3535370736 -2980.43995666919 -1568.62640970864 0.000940153853106573 1568.62829001635 2980.4418369769 3825.3554173813 4558.19194305824 Inf -0.00157607240814531 2412.79756634246 -Inf -4728.99790808952 -3968.70040417049 -3092.12607456079 -1627.40880386845 -0.00157607240814531 1627.40565172363 3092.12292241597 3968.69725202567 4728.9947559447 Inf
"92" 94.3434343434343 0.000132618148718031 2325.65038892597 -Inf -4558.19087030832 -3825.35434462783 -2980.44076421934 -1568.62721725195 0.000132618148718031 1568.62748248825 2980.44102945563 3825.35460986413 4558.19113554462 Inf -0.000334565928225891 2412.79756635349 -Inf -4728.99666660466 -3968.69916268215 -3092.12483306845 -1627.40756236941 -0.000334565928225891 1627.40689323755 3092.12416393659 3968.69849355029 4728.9959974728 Inf
"93" 95.0505050505051 1.60656426397369e-05 2325.65038892635 -Inf -4558.19098686157 -3825.35446118097 -2980.44088077233 -1568.62733380471 1.60656426397369e-05 1568.627365936 2980.44091290362 3825.35449331225 4558.19101899286 Inf -6.20203353200585e-05 2412.79756635386 -Inf -4728.9963940598 -3968.69889013717 -3092.12456052333 -1627.40728982407 -6.20203353200585e-05 1627.4071657834 3092.12443648266 3968.6987660965 4728.99627001913 Inf
"94" 95.7575757575758 1.61795020285985e-06 2325.65038892636 -Inf -4558.19100130929 -3825.35447562868 -2980.44089522004 -1568.62734825241 1.61795020285985e-06 1568.62735148831 2980.44089845594 3825.35447886457 4558.19100454519 Inf -1.01410315241721e-05 2412.79756635387 -Inf -4728.99634218051 -3968.69883825789 -3092.12450864404 -1627.40723794477 -1.01410315241721e-05 1627.40721766271 3092.12448836198 3968.69881797582 4728.99632189845 Inf
"95" 96.4646464646465 1.24673177302962e-07 2325.65038892636 -Inf -4558.19100280256 -3825.35447712195 -2980.44089671331 -1568.62734974569 1.24673177302962e-07 1568.62734999503 2980.44089696266 3825.3544773713 4558.19100305191 Inf -1.471847048108e-06 2412.79756635387 -Inf -4728.99633351133 -3968.6988295887 -3092.12449997486 -1627.40722927559 -1.471847048108e-06 1627.40722633189 3092.12449703116 3968.69882664501 4728.99633056764 Inf
"96" 97.1717171717172 5.11516538669815e-09 2325.65038892636 -Inf -4558.19100292212 -3825.35447724151 -2980.44089683287 -1568.62734986525 5.11516538669815e-09 1568.62734987548 2980.4408968431 3825.35447725174 4558.19100293235 Inf -1.90422041761613e-07 2412.79756635387 -Inf -4728.9963322299 -3968.69882830728 -3092.12449869343 -1627.40722799416 -1.90422041761613e-07 1627.40722761332 3092.12449831259 3968.69882792643 4728.99633184906 Inf
"97" 97.8787878787879 -4.12703145425289e-10 2325.65038892636 -Inf -4558.19100292765 -3825.35447724704 -2980.4408968384 -1568.62734987077 -4.12703145425289e-10 1568.62734986995 2980.44089683757 3825.35447724621 4558.19100292682 Inf -2.20266349939685e-08 2412.79756635387 -Inf -4728.99633206151 -3968.69882813888 -3092.12449852504 -1627.40722782576 -2.20266349939685e-08 1627.40722778171 3092.12449848098 3968.69882809483 4728.99633201746 Inf
"98" 98.5858585858586 -1.26027097267269e-10 2325.65038892636 -Inf -4558.19100292736 -3825.35447724675 -2980.44089683811 -1568.62734987049 -1.26027097267269e-10 1568.62734987024 2980.44089683786 3825.3544772465 4558.19100292711 Inf -2.28303695156592e-09 2412.79756635387 -Inf -4728.99633204177 -3968.69882811914 -3092.12449850529 -1627.40722780602 -2.28303695156592e-09 1627.40722780146 3092.12449850073 3968.69882811457 4728.9963320372 Inf
"99" 99.2929292929293 -1.79804192223637e-11 2325.65038892636 -Inf -4558.19100292725 -3825.35447724665 -2980.44089683801 -1568.62734987038 -1.79804192223637e-11 1568.62734987034 2980.44089683797 3825.35447724661 4558.19100292722 Inf -2.12391610813205e-10 2412.79756635387 -Inf -4728.9963320397 -3968.69882811707 -3092.12449850322 -1627.40722780395 -2.12391610813205e-10 1627.40722780353 3092.1244985028 3968.69882811664 4728.99633203927 Inf
"100" 100 -1.92857510602175e-12 2325.65038892636 -Inf -4558.19100292724 -3825.35447724663 -2980.44089683799 -1568.62734987036 -1.92857510602175e-12 1568.62734987036 2980.44089683799 3825.35447724662 4558.19100292723 Inf -1.77576477884271e-11 2412.79756635387 -Inf -4728.9963320395 -3968.69882811687 -3092.12449850303 -1627.40722780376 -1.77576477884271e-11 1627.40722780372 3092.12449850299 3968.69882811684 4728.99633203946 Inf
