"mid_age" "mean_left" "std_left" "min_left" "l.q2.5" "l.q5" "l.q10" "l.q25" "l.q50" "l.q75" "l.q90" "l.q95" "l.q97.5" "max_left" "mean_right" "std_right" "min_right" "r.q2.5" "r.q5" "r.q10" "r.q25" "r.q50" "r.q75" "r.q90" "r.q95" "r.q97.5" "max_right"
"1" 30 3.73689614597691e-08 2340.16212525996 -Inf -4586.63348345686 -3849.22415935094 -2999.03843521771 -1578.41536724755 3.73689614597691e-08 1578.41536732229 2999.03843529245 3849.22415942568 4586.6334835316 Inf 3.97664395191569e-08 2413.16731496218 -Inf -4729.72102595533 -3969.30701041652 -3092.59835037107 -1627.65661941042 3.97664395191569e-08 1627.65661948996 3092.59835045061 3969.30701049605 4729.72102603486 Inf
"2" 30.7070707070707 3.45677380161818e-07 2340.16212525996 -Inf -4586.63348314856 -3849.22415904264 -2999.03843490941 -1578.41536693925 3.45677380161818e-07 1578.4153676306 2999.03843560076 3849.22415973399 4586.63348383991 Inf 3.68512428976651e-07 2413.16731496218 -Inf -4729.72102562658 -3969.30701008777 -3092.59835004233 -1627.65661908168 3.68512428976651e-07 1627.6566198187 3092.59835077935 3969.30701082479 4729.72102636361 Inf
"3" 31.4141414141414 2.89107617967403e-06 2340.16212525996 -Inf -4586.63348060316 -3849.22415649724 -2999.03843236401 -1578.41536439385 2.89107617967403e-06 1578.415370176 2999.03843814616 3849.22416227939 4586.63348638531 Inf 3.08786327828574e-06 2413.16731496218 -Inf -4729.72102290723 -3969.30700736842 -3092.59834732298 -1627.65661636233 3.08786327828574e-06 1627.65662253805 3092.5983534987 3969.30701354415 4729.72102908296 Inf
"4" 32.1212121212121 2.18585372362099e-05 2340.16212525996 -Inf -4586.6334616357 -3849.22413752978 -2999.03841339655 -1578.41534542639 2.18585372362099e-05 1578.41538914346 2999.03845711362 3849.22418124685 4586.63350535277 Inf 2.33923178358211e-05 2413.16731496218 -Inf -4729.72100260278 -3969.30698706397 -3092.59832701852 -1627.65659605787 2.33923178358211e-05 1627.65664284251 3092.59837380316 3969.3070338486 4729.72104938741 Inf
"5" 32.8282828282828 0.000149379577191609 2340.16212525996 -Inf -4586.63333411465 -3849.22401000873 -2999.0382858755 -1578.41521790534 0.000149379577191609 1578.4155166645 2999.03858463465 3849.22430876788 4586.6336328738 Inf 0.000160186210468486 2413.16731496217 -Inf -4729.72086580887 -3969.30685027007 -3092.59819022462 -1627.65645926397 0.000160186210468486 1627.6567796364 3092.59851059704 3969.30717064248 4729.72118618129 Inf
"6" 33.5353535353535 0.000922561822002948 2340.16212525976 -Inf -4586.63256093201 -3849.22323682615 -2999.037512693 -1578.41444472296 0.000922561822002948 1578.41628984661 2999.03935781664 3849.22508194979 4586.63440605565 Inf 0.000991351879756272 2413.16731496198 -Inf -4729.72003464283 -3969.30601910408 -3092.59735905871 -1627.65562809818 0.000991351879756272 1627.65761080194 3092.59934176247 3969.30800180784 4729.72201734659 Inf
"7" 34.2424242424242 0.00514811236408723 2340.16212525371 -Inf -4586.62833536961 -3849.21901126566 -2999.03328713471 -1578.41021916834 0.00514811236408723 1578.42051539307 2999.04358335943 3849.22930749039 4586.63863159434 Inf 0.00554345091690027 2413.16731495617 -Inf -4729.7154825324 -3969.30146699549 -3092.59280695222 -1627.65107599522 0.00554345091690027 1627.66216289705 3092.60389385406 3969.31255389732 4729.72656943423 Inf
"8" 34.9494949494949 0.0259507693327033 2340.16212510523 -Inf -4586.60753242164 -3849.19820836447 -2999.01248428746 -1578.38941641123 0.0259507693327033 1578.44131794989 2999.06438582612 3849.25010990314 4586.6594339603 Inf 0.0280003533469809 2413.1673148133 -Inf -4729.69302534995 -3969.27900985806 -3092.5703498667 -1627.62861899643 0.0280003533469809 1627.68461970312 3092.6263505734 3969.33501056475 4729.74902605665 Inf
"9" 35.6565656565657 0.118137969616027 2340.16212214833 -Inf -4586.51533942593 -3849.10601630052 -2998.92029329775 -1578.29722721654 0.118137969616027 1578.53350315577 2999.15656923698 3849.34229223975 4586.75161536516 Inf 0.127714200486459 2413.16731196343 -Inf -4729.59330591716 -3969.17929132329 -3092.4706323673 -1627.52890322708 0.127714200486459 1627.78433162805 3092.72606076827 3969.43471972426 4729.84873431813 Inf
"10" 36.3636363636364 0.485554815206363 2340.16207445572 -Inf -4586.14782910455 -3848.73852100757 -2998.55281533163 -1577.92977820278 0.485554815206363 1578.90088783319 2999.52392496204 3849.70963063798 4587.11893873497 Inf 0.525831714393646 2413.16726591068 -Inf -4729.19509814152 -3968.78109805935 -3092.07245583442 -1627.13075465106 0.525831714393646 1628.18241807985 3093.1241192632 3969.83276148813 4730.24676157031 Inf
"11" 37.0707070707071 1.80116719954949 2340.1614526875 -Inf -4584.83099807689 -3847.42188590552 -2997.23640611925 -1576.61374644215 1.80116719954949 1580.21608084124 3000.83874051835 3851.02422030462 4588.43333247599 Inf 1.95345080786446 2413.16666422481 -Inf -4727.76629976542 -3967.3524892807 -3090.64406564948 -1625.70272972664 1.95345080786446 1629.60963134237 3094.55096726521 3971.25939089642 4731.67320138115 Inf
"12" 37.7777777777778 6.02810697137675 2340.1549166928 -Inf -4580.59124799084 -3843.1841953791 -2993.00109013318 -1572.38239820888 6.02810697137675 1584.43861215164 3005.05730407593 3855.24040932185 4592.64746193359 Inf 6.54484203016928 2413.16032358946 -Inf -4723.16248112619 -3962.75066864134 -3086.04454857602 -1621.10706181078 6.54484203016928 1634.19674587112 3099.13423263635 3975.84035270168 4736.25216518653 Inf
"13" 38.4848484848485 18.1950979233047 2340.09968254339 -Inf -4568.31600009535 -3830.92635233618 -2980.7633137706 -1560.17815238932 18.1950979233047 1596.56834823592 3017.15350961721 3867.31654818278 4604.70619594196 Inf 19.7655631131218 2413.10658595956 -Inf -4709.83643622402 -3949.44155702294 -3072.75495994933 -1607.85009524726 19.7655631131218 1647.3812214735 3112.28608617558 3988.97268324918 4749.36756245026 Inf
"14" 39.1919191919192 49.5120196697893 2339.72579359018 -Inf -4536.26626946636 -3798.99443798893 -2948.96723405079 -1528.60904637618 49.5120196697893 1627.63308571576 3047.99127339037 3898.0184773285 4635.29030880593 Inf 53.7764816723371 2412.74160894436 -Inf -4675.11017585984 -3914.83030469653 -3038.27630452491 -1573.59300343224 53.7764816723371 1681.14596677691 3145.82926786958 4022.3832680412 4782.66313920451 Inf
"15" 39.8989898989899 121.424164821467 2337.70712048091 -Inf -4460.39759772396 -3723.76187105185 -2874.46805521561 -1455.33532690331 121.424164821467 1698.18365654624 3117.31638485854 3966.61020069478 4703.24592736689 Inf 131.738680407518 2410.76336988937 -Inf -4593.27069982406 -3833.61419227677 -2957.77889043178 -1494.29650273103 131.738680407518 1757.77386354606 3221.25625124682 4097.0915530918 4856.74806063909 Inf
"16" 40.6060606060606 268.314802613883 2329.05255370372 -Inf -4296.54432074645 -3562.63573770627 -2716.48614382077 -1302.60727252729 268.314802613883 1839.23687775505 3253.11574904854 4099.26534293404 4833.17392597421 Inf 290.451989217367 2402.24385323176 -Inf -4417.8594451996 -3660.88752559277 -2788.14738171168 -1329.83686725899 290.451989217367 1910.74084569373 3369.05136014642 4241.7915040275 4998.76342363433 Inf
"17" 41.3131313131313 534.246082820535 2299.6861445824 -Inf -3973.05593630673 -3248.40101294587 -2412.92029603026 -1016.86865036824 534.246082820535 2085.3608160093 3481.41246167133 4316.89317858694 5041.5481019478 Inf 576.202868845048 2373.18705448807 -Inf -4075.15828652827 -3327.34246516394 -2465.15871616432 -1024.48747470519 576.202868845048 2176.89321239528 3617.56445385442 4479.74820285403 5227.56402421836 Inf
"18" 42.020202020202 958.958664887212 2220.82531134391 -Inf -3393.7789613018 -2693.97390330245 -1887.14348966665 -538.965244590276 958.958664887212 2456.8825743647 3805.06081944107 4611.89123307687 5311.69629107622 Inf 1028.76574926172 2294.71419116405 -Inf -3468.79142023278 -2745.70321089149 -1912.02881490198 -518.995452307927 1028.76574926172 2576.52695083136 3969.56031342542 4803.23470941492 5526.32291875622 Inf
"19" 42.7272727272727 1553.64378470956 2052.49672301979 -Inf -2469.17587079572 -1822.41289445556 -1076.73660395162 169.255782721659 1553.64378470956 2938.03178669745 4184.02417337074 4929.70046387468 5576.46344021484 Inf 1654.8792528494 2126.19419691935 -Inf -2512.38479725059 -1842.39898355657 -1069.94824886444 220.783060100906 1654.8792528494 3088.97544559789 4379.70675456323 5152.15748925536 5822.14330294938 Inf
"20" 43.4343434343434 2277.45389392796 1765.0050910729 -Inf -1181.89251710475 -625.721131711108 15.5088562692981 1086.97605095539 2277.45389392796 3467.93173690053 4539.39893158662 5180.62891956702 5736.80030496067 Inf 2404.49441195188 1836.5333084211 -Inf -1195.04472896166 -616.334061421752 50.8822753700151 1165.77151952815 2404.49441195188 3643.21730437561 4758.10654853374 5425.3228853255 6004.03355286542 Inf
"21" 44.1414141414141 3033.44409823642 1370.93835302437 -Inf 346.454301284004 778.451175937413 1276.51590565291 2108.76023097079 3033.44409823642 3958.12796550205 4790.37229081993 5288.43702053543 5720.43389518884 Inf 3170.9488136755 1436.81871362309 -Inf 354.835882661084 807.59234130082 1329.59154182806 2201.82931844681 3170.9488136755 4140.06830890419 5012.30608552295 5534.30528605018 5987.06174468992 Inf
"22" 44.8484848484848 3696.29533992139 942.420533225397 -Inf 1849.18503650858 2146.15150773205 2488.534830165 3060.64234988653 3696.29533992139 4331.94832995624 4904.05584967777 5246.43917211072 5543.4056433342 Inf 3826.61848390753 999.0371900704 -Inf 1868.54157215345 2183.34853836083 2546.30080893553 3152.77813914035 3826.61848390753 4500.45882867471 5106.93615887953 5469.88842945424 5784.69539566161 Inf
"23" 45.5555555555556 4162.5542057824 592.122996103922 -Inf 3002.01445900076 3188.59854803949 3403.71805313046 3763.17331405491 4162.5542057824 4561.93509750989 4921.39035843434 5136.50986352531 5323.09395256404 Inf 4278.53267297618 638.173005699115 -Inf 3027.73656590024 3228.83148992947 3460.68105843418 3848.0915217803 4278.53267297618 4708.97382417206 5096.38428751819 5328.23385602289 5529.32878005212 Inf
"24" 46.2626262626263 4394.39294939421 409.135953647626 -Inf 3592.50121546441 3721.42419212066 3870.06412747651 4118.43494222219 4394.39294939421 4670.35095656623 4918.72177131191 5067.36170666776 5196.28468332401 Inf 4507.11492995229 446.739271043863 -Inf 3631.52204822664 3772.29421967413 3934.59551775577 4205.79387062313 4507.11492995229 4808.43598928144 5079.6343421488 5241.93564023044 5382.70781167793 Inf
"25" 46.969696969697 4430.81529382268 358.233829108914 -Inf 3728.68989072533 3841.57308071617 3971.72016929711 4189.19024791522 4430.81529382268 4672.44033973014 4889.91041834825 5020.05750692919 5132.94069692003 Inf 4562.04887065009 391.704205871546 -Inf 3794.322734549 3917.75278693013 4060.05973238501 4297.84839868104 4562.04887065009 4826.24934261914 5064.03800891517 5206.34495437005 5329.77500675118 Inf
"26" 47.6767676767677 4363.56529588571 343.689828041181 -Inf 3689.94561107224 3798.24583568585 3923.10905869778 4131.75002962528 4363.56529588571 4595.38056214614 4804.02153307364 4928.88475608558 5037.18498069919 Inf 4525.60117616469 375.925725559706 -Inf 3788.80029320558 3907.25838301345 4043.83297404516 4272.04312743965 4525.60117616469 4779.15922488974 5007.36937828423 5143.94396931594 5262.40205912381 Inf
"27" 48.3838383838384 4293.62780331685 336.355239874794 -Inf 3634.38364715092 3740.37266706466 3862.57121907618 4066.75964159656 4293.62780331685 4520.49596503714 4724.68438755752 4846.88293956904 4952.87195948278 Inf 4475.17612844657 368.023433423601 -Inf 3753.86345346953 3869.83144917662 4003.53512118545 4226.94809477038 4475.17612844657 4723.40416212276 4946.81713570768 5080.52080771651 5196.4888034236 Inf
"28" 49.0909090909091 4285.48983680863 333.639278263637 -Inf 3631.56886758396 3736.70205986321 3857.91389742269 4060.45356335698 4285.48983680863 4510.52611026027 4713.06577619456 4834.27761375404 4939.41080603329 Inf 4461.17204658056 365.070228076876 -Inf 3745.64754772206 3860.68495783631 3993.31572425492 4214.93591964097 4461.17204658056 4707.40817352016 4929.02836890621 5061.65913532481 5176.69654543906 Inf
"29" 49.7979797979798 4336.87915676792 332.882572174933 -Inf 3684.441304224 3789.33605057705 3910.27297525462 4112.35327381702 4336.87915676792 4561.40503971882 4763.48533828122 4884.42226295879 4989.31700931184 Inf 4494.19498206637 364.24890233349 -Inf 3780.28025208448 3895.05885395004 4027.39123103298 4248.51283092226 4494.19498206637 4739.87713321048 4960.99873309976 5093.3311101827 5208.10971204826 Inf
"30" 50.5050505050505 4388.79496560038 332.544710268469 -Inf 3737.01931022488 3841.80759279177 3962.62177154225 4164.49696704238 4388.79496560038 4613.09296415839 4814.96815965852 4935.782338409 5040.57062097589 Inf 4543.53895356628 363.879782810994 -Inf 3830.34768455448 3945.0099730353 4077.20824823482 4298.10576975669 4543.53895356628 4788.97213737587 5009.86965889774 5142.06793409726 5256.73022257808 Inf
"31" 51.2121212121212 4383.67118778791 332.196670754563 -Inf 3732.57767732485 3837.25628903606 3957.94402431369 4159.60793831469 4383.67118778791 4607.73443726112 4809.39835126212 4930.08608653975 5034.76469825096 Inf 4563.18669470511 363.503142918009 -Inf 3850.73362631869 3965.27723166816 4097.33867281815 4318.00755064285 4563.18669470511 4808.36583876736 5029.03471659206 5161.09615774205 5275.63976309152 Inf
"32" 51.9191919191919 4326.07210458706 331.908173079874 -Inf 3675.54403917602 3780.13174228179 3900.71466575949 4102.20344383837 4326.07210458706 4549.94076533574 4751.42954341462 4872.01246689232 4976.6001699981 Inf 4536.5316959664 363.189335735079 -Inf 3824.69367835662 3939.13839981246 4071.08583416601 4291.56421163257 4536.5316959664 4781.49918030023 5001.97755776679 5133.92499212034 5248.36971357618 Inf
"33" 52.6262626262626 4275.92816411123 331.685315715737 -Inf 3625.83689110758 3730.35436954965 3850.85632848757 4052.20981837041 4275.92816411123 4499.64650985204 4700.99999973488 4821.5019586728 4926.01943711487 Inf 4492.46475815951 362.947451605753 -Inf 3781.10082473164 3895.46932599299 4027.32888334373 4247.66042219164 4492.46475815951 4737.26909412738 4957.60063297529 5089.46019032603 5203.82869158738 Inf
"34" 53.3333333333333 4273.82204979964 331.555618778011 -Inf 3623.98497812285 3728.46158771649 3848.91642748957 4050.19118331395 4273.82204979964 4497.45291628533 4698.72767210971 4819.18251188279 4923.65912147644 Inf 4467.80124611402 362.806849892478 -Inf 3756.71288698033 3871.03708318554 4002.84555964401 4223.09174456061 4467.80124611402 4712.51074766742 4932.75693258403 5064.5654090425 5178.8896052477 Inf
"35" 54.040404040404 4291.80200550886 331.603723161336 -Inf 3641.87065097325 3746.36241875632 3866.83473495103 4068.13869310968 4291.80200550886 4515.46531790804 4716.76927606669 4837.24159226139 4941.73336004447 Inf 4463.15092072777 362.858767844123 -Inf 3751.9608042787 3866.30136036822 3998.12869872555 4218.40640104813 4463.15092072777 4707.89544040741 4928.17314272999 5060.00048108732 5174.34103717683 Inf
"36" 54.7474747474747 4278.79730894735 331.654396738159 -Inf 3628.7666360262 3733.27437157818 3853.76509758781 4055.09981773999 4278.79730894735 4502.4948001547 4703.82952030689 4824.32024631651 4928.8279818685 Inf 4453.10532101683 362.9128789839 -Inf 3741.80914868264 3856.16675575276 3988.01375279871 4208.32430392804 4453.10532101683 4697.88633810562 4918.19688923495 5050.0438862809 5164.40149335102 Inf
"37" 55.4545454545455 4237.45559289345 331.547933574399 -Inf 3587.63358393895 3692.10777184533 3812.5598195681 4013.82990999882 4237.45559289345 4461.08127578807 4662.3513662188 4782.80341394156 4887.27760184795 Inf 4432.74839960745 362.798320798167 -Inf 3721.67675719143 3835.99826579068 3967.80364361161 4188.04465084074 4432.74839960745 4677.45214837416 4897.69315560329 5029.49853342422 5143.82004202347 Inf
"38" 56.1616161616162 4219.30552123675 331.47391378145 -Inf 3569.62858841058 3674.07945191354 3794.50460809294 3995.72976393379 4219.30552123675 4442.88127853972 4644.10643438057 4764.53159055997 4868.98245406293 Inf 4427.22094016848 362.717806197271 -Inf 3716.30710347045 3830.60324108502 3962.37936778547 4182.57149767481 4427.22094016848 4671.87038266215 4892.0625125515 5023.83863925194 5138.13477686651 Inf
"39" 56.8686868686869 4245.21550309078 331.488262981896 -Inf 3595.51044634852 3699.96583143316 3820.39620070667 4021.63006739919 4245.21550309078 4468.80093878237 4670.03480547489 4790.46517474839 4894.92055983303 Inf 4449.40934141811 362.733188661685 -Inf 3738.46535564383 3852.76634043226 3984.54805561374 4204.74952360986 4449.40934141811 4694.06915922635 4914.27062722247 5046.05234240395 5160.35332719238 Inf
"40" 57.5757575757576 4271.96955057427 331.507282933656 -Inf 3622.22721541157 3726.68859388002 3847.1258731412 4048.37128612016 4271.96955057427 4495.56781502837 4696.81322800733 4817.25050726852 4921.71188573696 Inf 4473.03540683318 362.753902248303 -Inf 3762.05082317514 3876.35833502925 4008.14757549945 4228.36161792306 4473.03540683318 4717.70919574329 4937.9232381669 5069.7124786371 5184.01999049121 Inf
"41" 58.2828282828283 4254.60798910705 331.502125879505 -Inf 3604.87576158476 3709.33551501203 3829.77092070481 4031.01320303312 4254.60798910705 4478.20277518099 4679.44505750929 4799.88046320208 4904.34021662934 Inf 4463.9646498899 362.74809333278 -Inf 3752.99145149708 3867.29713290175 3999.08426298096 4219.29477903377 4463.9646498899 4708.63452074603 4928.84503679885 5060.63216687806 5174.93784828273 Inf
"42" 58.989898989899 4207.74936706673 331.464479201545 -Inf 3558.09092567737 3662.53881624648 3782.96054482356 3984.1799732912 4207.74936706673 4431.31876084225 4632.53818930989 4752.95991788697 4857.40780845608 Inf 4422.75162510231 362.707458932317 -Inf 3711.85806867093 3826.15094575513 3957.92331327289 4178.10916173279 4422.75162510231 4667.39408847182 4887.57993693172 5019.35230444948 5133.64518153369 Inf
"43" 59.6969696969697 4177.27402553212 331.418165715495 -Inf 3527.70635690743 3632.13965361739 3752.54455640951 3953.73586972824 4177.27402553212 4400.81218133601 4602.00349465474 4722.40839744686 4826.84169415682 Inf 4379.37452909456 362.656910644327 -Inf 3668.58004548712 3782.85699428222 3914.61099750275 4134.76616002718 4379.37452909456 4623.98289816193 4844.13806068636 4975.89206390689 5090.169012702 Inf
"44" 60.4040404040404 4175.74826636268 331.369445193008 -Inf 3526.27608820737 3630.69403257606 3751.08123510194 3952.24297205184 4175.74826636268 4399.25356067353 4600.41529762343 4720.8025001493 4825.220444518 Inf 4356.7017956435 362.604194017439 -Inf 3646.01063472615 3760.2709719661 3892.00582312742 4112.12898340063 4356.7017956435 4601.27460788638 4821.39776815959 4953.1326193209 5067.39295656086 Inf
"45" 61.1111111111111 4179.67546900209 331.346275271794 -Inf 3530.24870305788 3634.65934634442 3755.03813119015 3956.18580256561 4179.67546900209 4403.16513543856 4604.31280681403 4724.69159165976 4829.1022349463 Inf 4355.45542493065 362.578847561993 -Inf 3644.8139421531 3759.06629246242 3890.79193520422 4110.89970861217 4355.45542493065 4600.01114124912 4820.11891465708 4951.84455739887 5066.09690770819 Inf
"46" 61.8181818181818 4175.95736857832 331.313298119444 -Inf 3526.59523666502 3630.99548850929 3751.3622926876 3952.48994489309 4175.95736857832 4399.42479226354 4600.55244446903 4720.91924864734 4825.31950049161 Inf 4365.90466450959 362.542853618629 -Inf 3655.3337285647 3769.57473680965 3901.28730287763 4121.37322573699 4365.90466450959 4610.4361032822 4830.52202614156 4962.23459220953 5076.47560045448 Inf
"47" 62.5252525252525 4173.98008046663 331.254153237071 -Inf 3524.73387039266 3629.1154850719 3749.46080179251 3950.55254939835 4173.98008046663 4397.40761153492 4598.49935914075 4718.84467586137 4823.2262905406 Inf 4375.56830834609 362.478888946225 -Inf 3665.1227408554 3779.34359316955 3911.03292074019 4131.0800130894 4375.56830834609 4620.05660360278 4840.10369595199 4971.79302352263 5086.01387583678 Inf
"48" 63.2323232323232 4174.77420176265 331.237240719898 -Inf 3525.56113961322 3629.93742498312 3750.27659735139 3951.35807801384 4174.77420176265 4398.19032551145 4599.27180617391 4719.61097854217 4823.98726391207 Inf 4369.59583069149 362.460379904108 -Inf 3659.18654025673 3773.40156018001 3905.08416337749 4125.12001959399 4369.59583069149 4614.07164178899 4834.10749800549 4965.79010120297 5080.00512112625 Inf
"49" 63.9393939393939 4162.78504035437 331.26118272997 -Inf 3513.52505272749 3617.90888247275 3738.25675302262 3939.35276796518 4162.78504035437 4386.21731274357 4587.31332768612 4707.661198236 4812.04502798125 Inf 4341.37123886418 362.486351301876 -Inf 3630.91104542517 3745.13424920488 3876.82628786471 4096.87791032509 4341.37123886418 4585.86456740327 4805.91618986365 4937.60822852347 5051.83143230319 Inf
"50" 64.6464646464646 4134.60395311355 331.270833304212 -Inf 3485.32505070872 3589.71192144988 3710.06329807327 3911.16517151094 4134.60395311355 4358.04273471615 4559.14460815383 4679.49598477722 4783.88285551838 Inf 4303.42889979787 362.49661757903 -Inf 3592.94858482538 3707.17502361536 3838.87079203484 4058.92864676006 4303.42889979787 4547.92915283567 4767.98700756089 4899.68277598037 5013.90921477035 Inf
"51" 65.3535353535354 4108.53328486219 331.206879889577 -Inf 3459.37972884673 3563.74644720454 3684.07458942056 3885.13763918224 4108.53328486219 4331.92893054213 4532.99198030382 4653.32012251984 4757.68684087764 Inf 4275.50257341132 362.4271587162 -Inf 3565.15839530839 3679.36294689126 3811.0334807627 4031.04916966456 4275.50257341132 4519.95597715809 4739.97166605995 4871.64219993138 4985.84675151426 Inf
"52" 66.0606060606061 4095.99521403057 331.143624970202 -Inf 3446.96563537894 3551.31242145648 3671.6175830299 3872.6422331454 4095.99521403057 4319.34819491575 4520.37284503125 4640.67800660467 4745.02479268221 Inf 4262.16070619426 362.358885283389 -Inf 3551.95034156074 3666.13337947779 3797.77910947034 4017.75335217814 4262.16070619426 4506.56806021039 4726.54230291819 4858.18803291074 4972.37107082779 Inf
"53" 66.7676767676768 4085.30665200909 331.169115757079 -Inf 3436.22711233324 3540.58193082174 3660.89635325058 3861.93647784944 4085.30665200909 4308.67682616874 4509.71695076759 4630.03137319643 4734.38619168494 Inf 4252.25345130159 362.386045410409 -Inf 3541.98985379729 3656.18145015167 3787.83704747436 4007.82777805817 4252.25345130159 4496.679124545 4716.66985512881 4848.3254524515 4962.51704880589 Inf
"54" 67.4747474747475 4064.68633989442 331.184060902629 -Inf 3415.57750827154 3519.93703613021 3640.25688816123 3841.30608538728 4064.68633989442 4288.06659440155 4489.1157916276 4609.43564365862 4713.79517151729 Inf 4237.34367728746 362.402462715667 -Inf 3527.04790245614 3641.24467207345 3772.90623383698 3992.90693073993 4237.34367728746 4481.780423835 4701.78112073795 4833.44268250147 4947.63945211879 Inf
"55" 68.1818181818182 4042.77282047804 331.163631621781 -Inf 3393.70402950986 3498.05711989054 3618.36954992172 3819.40634531144 4042.77282047804 4266.13929564465 4467.17609103437 4587.48852106555 4691.84161144623 Inf 4218.58714117662 362.380274323982 -Inf 3508.33485479387 3622.52463261915 3754.17813329424 3974.16536047185 4218.58714117662 4463.00892188139 4682.996149059 4814.64964973409 4928.83942755937 Inf
"56" 68.8888888888889 4032.69116401126 331.161891776475 -Inf 3383.62578307721 3487.97832521461 3608.2901231564 3809.32586235248 4032.69116401126 4256.05646567003 4457.09220486611 4577.4040028079 4681.7565449453 Inf 4197.55939872597 362.37852093597 -Inf 3487.31054892057 3601.49977423513 3733.15263790074 3953.13880066344 4197.55939872597 4441.97999678849 4661.9661595512 4793.61902321681 4907.80824853136 Inf
"57" 69.5959595959596 4028.92233959818 331.198844593424 -Inf 3379.78453247379 3484.14871882655 3604.47394180291 3805.53211364313 4028.92233959818 4252.31256555323 4453.37073739345 4573.69596036981 4678.06014672257 Inf 4173.59845090006 362.418499950137 -Inf 3463.27124366676 3577.47306678277 3709.14045490664 3929.15088740226 4173.59845090006 4418.04601439787 4638.05644689349 4769.72383501736 4883.92565813336 Inf
"58" 70.3030303030303 4014.55155011802 331.231913317414 -Inf 3365.34892948559 3469.72353613579 3590.06077304775 3791.13901964759 4014.55155011802 4237.96408058845 4439.04232718828 4559.37956410024 4663.75417075044 Inf 4150.39198300089 362.454384900651 -Inf 3439.99444255699 3554.20757339259 3685.88799859295 3905.92021547177 4150.39198300089 4394.86375053 4614.89596740882 4746.57639260919 4860.78952344478 Inf
"59" 71.010101010101 3984.67114870645 331.220762671806 -Inf 3335.49038293782 3439.8614759041 3560.19466176352 3761.26613923219 3984.67114870645 4208.07615818072 4409.14763564938 4529.48082150881 4633.85191447508 Inf 4132.79566705178 362.442321774433 -Inf 3422.42176990081 3536.63109952039 3668.30714216214 3888.33203597765 4132.79566705178 4377.2592981259 4597.28419194142 4728.96023458317 4843.16956420275 Inf
"60" 71.7171717171717 3950.36042035776 331.187987867976 -Inf 3301.24389202424 3405.60465731036 3525.92593601599 3726.97751715275 3950.36042035776 4173.74332356277 4374.79490469953 4495.11618340516 4599.47694869128 Inf 4116.5536364742 362.406817270237 -Inf 3406.24932687275 3520.44746865531 3652.11061243749 3872.11395282424 4116.5536364742 4360.99332012416 4580.99666051091 4712.65980429309 4826.85794607565 Inf
"61" 72.4242424242424 3922.41264033355 331.188559749438 -Inf 3273.29499113296 3377.65593662486 3497.9774230962 3699.02935140036 3922.41264033355 4145.79592926675 4346.84785757091 4467.16934404225 4571.53028953415 Inf 4093.73447780334 362.407521672666 -Inf 3383.42878759849 3497.62715134556 3629.29055103859 3849.29431904116 4093.73447780334 4338.17463656552 4558.17840456808 4689.84180426112 4804.04016800818 Inf
"62" 73.1313131313131 3901.1891292336 331.250391023751 -Inf 3251.95029296224 3356.33072212909 3476.67467202985 3677.76413573964 3901.1891292336 4124.61412272757 4325.70358643735 4446.04753633812 4550.42796550497 Inf 4068.83704740629 362.474662077092 -Inf 3358.39976442687 3472.61928481078 3604.30707675114 3824.35160312951 4068.83704740629 4313.32249168308 4533.36701806144 4665.05481000181 4779.27433038572 Inf
"63" 73.8383838383838 3882.55510747501 331.359529235369 -Inf 3233.10236423954 3337.51718398729 3457.90078402531 3659.05650137596 3882.55510747501 4106.05371357407 4307.20943092472 4427.59303096274 4532.00785071048 Inf 4054.53596743981 362.593211936308 -Inf 3343.86633100595 3458.12320767839 3589.85406902699 3809.9705624981 4054.53596743981 4299.10137238153 4519.21786585263 4650.94872720123 4765.20560387368 Inf
"64" 74.5454545454545 3865.36135895863 331.457159398928 -Inf 3215.71726411878 3320.16284814227 3440.58191741996 3641.79690231494 3865.36135895863 4088.92581560231 4290.14080049729 4410.55986977498 4515.00545379848 Inf 4048.64387118325 362.699101581795 -Inf 3337.76669485789 3452.05693845439 3583.82626972948 3804.007044761 4048.64387118325 4293.28069760549 4513.46147263701 4645.2308039121 4759.5210475086 Inf
"65" 75.2525252525253 3849.63572773771 331.559657865244 -Inf 3199.79073959541 3304.26862194727 3424.72492912907 3626.00213692908 3849.63572773771 4073.26931854634 4274.54652634634 4395.00283352814 4499.48071588001 Inf 4032.73871304544 362.811225160005 -Inf 3321.64177854498 3435.9673534423 3567.77741944448 3788.02626041893 4032.73871304544 4277.45116567194 4497.7000066464 4629.51007264858 4743.8356475459 Inf
"66" 75.959595959596 3833.00706946846 331.729493707251 -Inf 3182.82920919254 3287.36060857731 3407.87861747061 3609.25892612518 3833.00706946846 4056.75521281173 4258.1355214663 4378.6535303596 4483.18492974438 Inf 4001.78795687448 362.994648704428 -Inf 3290.33151883303 3404.71489238903 3536.59159654301 3756.95178694732 4001.78795687448 4246.62412680164 4466.98431720595 4598.86102135993 4713.24439491593 Inf
"67" 76.6666666666667 3814.41369586048 331.908951829543 -Inf 3163.88410412813 3268.47205262599 3389.05525902506 3590.54450985313 3814.41369586048 4038.28288186783 4239.7721326959 4360.35533909496 4464.94328759282 Inf 3977.40870350989 363.190900490369 -Inf 3265.5676190361 3380.01283356253 3511.9608363949 3732.44016376465 3977.40870350989 4222.37724325513 4442.85657062487 4574.80457345724 4689.24978798368 Inf
"68" 77.3737373737374 3798.85014932608 332.175618850401 -Inf 3147.79789983699 3252.46987787514 3373.1499649526 3574.80109914644 3798.85014932608 4022.89919950571 4224.55033369955 4345.23042077701 4449.90239881517 Inf 3975.82310738464 363.479108708977 -Inf 3263.41714518233 3377.95317710359 3510.0058865759 3730.66017415003 3975.82310738464 4220.98604061926 4441.64032819339 4573.69303766569 4688.22906958696 Inf
"69" 78.0808080808081 3792.93422168893 332.376747111261 -Inf 3141.48776805228 3246.22312368864 3366.97628107787 3568.74951255887 3792.93422168893 4017.11893081899 4218.89216229999 4339.64531968922 4444.38067532558 Inf 3975.8464761172 363.697721593349 -Inf 3263.01204053496 3377.6169596404 3509.74909162424 3730.53609073282 3975.8464761172 4221.15686150159 4441.94386061016 4574.07599259401 4688.68091169944 Inf
"70" 78.7878787878788 3796.69774150081 332.780606330654 -Inf 3144.45973833932 3249.32235419872 3370.22223447488 3572.24063346674 3796.69774150081 4021.15484953487 4223.17324852674 4344.07312880289 4448.93574466229 Inf 3941.89320888727 364.139352173952 -Inf 3228.19319327258 3342.93727474819 3475.22985203235 3696.2849482029 3941.89320888727 4187.50146957165 4408.5565657422 4540.84914302636 4655.59322450197 Inf
"71" 79.4949494949495 3803.84804109008 334.17625383274 -Inf 3148.8746190894 3254.17701793225 3375.58393982291 3578.44958312098 3803.84804109008 4029.24649905919 4232.11214235726 4353.51906424792 4458.82146309077 Inf 3875.65695549928 365.647793934912 -Inf 3159.00044836033 3274.21985545863 3407.06045274406 3629.03126630837 3875.65695549928 4122.28264469019 4344.25345825449 4477.09405553992 4592.31346263823 Inf
"72" 80.2020202020202 3805.25513884983 336.617865233738 -Inf 3145.49624643895 3251.56802232346 3373.86198666925 3578.20983901679 3805.25513884983 4032.30043868287 4236.64829103041 4358.94225537621 4465.01403126072 Inf 3817.7301264701 368.303688508181 -Inf 3095.8681616208 3211.92446860781 3345.72995786659 3569.31306361192 3817.7301264701 4066.14718932827 4289.73029507361 4423.53578433238 4539.59209131939 Inf
"73" 80.9090909090909 3779.761510731 341.252354868703 -Inf 3110.91918554886 3218.45133711948 3342.42902110323 3549.59029514178 3779.761510731 4009.93272632022 4217.09400035877 4341.07168434252 4448.60383591314 Inf 3782.2544401252 373.314924838218 -Inf 3050.57063255102 3168.20603200994 3303.83211375762 3530.4573497266 3782.2544401252 4034.0515305238 4260.67676649279 4396.30284824046 4513.93824769939 Inf
"74" 81.6161616161616 3678.90446275002 367.181864315417 -Inf 2959.24123291553 3074.94404148001 3208.34196969702 3431.24405881139 3678.90446275002 3926.56486668866 4149.46695580303 4282.86488402004 4398.56769258451 Inf 3702.64540290519 401.424600283264 -Inf 2915.86764384161 3042.36069318172 3188.19907796406 3431.88862453757 3702.64540290519 3973.40218127281 4217.09172784633 4362.93011262866 4489.42316196878 Inf
"75" 82.3232323232323 3435.62966956239 501.364033263773 -Inf 2452.97422122165 2610.95922102545 2793.10580782545 3097.46476800901 3435.62966956239 3773.79457111577 4078.15353129933 4260.30011809932 4418.28511790312 Inf 3463.48771476906 542.263451849496 -Inf 2400.67087901168 2571.54370923119 2768.54913911372 3097.73657459063 3463.48771476906 3829.23885494749 4158.4262904244 4355.43172030693 4526.30455052644 Inf
"76" 83.030303030303 3007.23124676941 814.686983878952 -Inf 1410.4740996931 1667.19040650596 1963.16786715053 2457.7332265249 3007.23124676941 3556.72926701393 4051.29462638829 4347.27208703286 4603.98839384572 Inf 2995.43308185486 865.911219363112 -Inf 1298.278278094 1571.13587206748 1885.72320305743 2411.38483981465 2995.43308185486 3579.48132389507 4105.14296065229 4419.73029164225 4692.58788561573 Inf
"77" 83.7373737373737 2418.56890666506 1240.06185703431 -Inf -11.9076717240487 378.848663477993 829.365692410593 1582.1598944863 2418.56890666506 3254.97791884382 4007.77212091953 4458.28914985213 4849.04548505417 Inf 2340.33429706698 1301.78256819885 -Inf -211.112652304821 199.0925182629 672.032808793074 1462.29529783293 2340.33429706698 3218.37329630104 4008.63578534089 4481.57607587106 4891.78124643878 Inf
"78" 84.4444444444444 1762.44738230461 1659.88079633727 -Inf -1490.85919714611 -967.813565857853 -364.775450858842 642.874798627807 1762.44738230461 2882.0199659814 3889.67021546805 4492.70833046706 5015.75396175532 Inf 1629.33083507691 1728.98310010508 -Inf -1759.41377100747 -1214.59328806874 -586.450163662922 463.14945579378 1629.33083507691 2795.51221436003 3845.11183381673 4473.25495822255 5018.07544116128 Inf
"79" 85.1515151515152 1153.82312550206 1984.97284194777 -Inf -2736.65215500568 -2111.1666529759 -1390.02192765962 -185.020710809294 1153.82312550206 2492.66696181342 3697.66817866375 4418.81290398003 5044.29840600981 Inf 1002.93080146935 2057.63153120167 -Inf -3029.95289313993 -2381.57188555743 -1634.03010865608 -384.920576006445 1002.93080146935 2390.78217894515 3639.89171159478 4387.43348849613 5035.81449607863 Inf
"80" 85.8585858585859 675.486996780954 2186.13726475015 -Inf -3609.26330739025 -2920.38881215711 -2126.160637355 -799.040180814722 675.486996780954 2150.01417437663 3477.1346309169 4271.36280571901 4960.23730095216 Inf 543.023637572308 2259.73765363734 -Inf -3885.98077806593 -3173.91403797188 -2352.94669016671 -981.146247938222 543.023637572308 2067.19352308284 3438.99396531132 4259.9613131165 4972.02805321054 Inf
"81" 86.5656565656566 352.846250198022 2285.53337746792 -Inf -4126.7168551033 -3406.52161524874 -2576.18262780044 -1188.72258663513 352.846250198022 1894.41508703117 3281.87512819648 4112.21411564479 4832.40935549934 Inf 257.310130357835 2359.00956805793 -Inf -4366.26366222109 -3622.91531367547 -2765.88227472149 -1333.81764391172 257.310130357835 1848.43790462739 3280.50253543716 4137.53557439114 4880.88392293676 Inf
"82" 87.2727272727273 164.308961713992 2324.49728873962 -Inf -4391.62200637666 -3659.14883450823 -2814.65417777444 -1403.54063389946 164.308961713992 1732.15855732744 3143.27210120243 3987.76675793621 4720.23992980464 Inf 105.935278967318 2397.70803410536 -Inf -4593.48611332152 -3837.94347730156 -2966.85120585927 -1511.29421399954 105.935278967318 1723.16477193418 3178.7217637939 4049.8140352362 4805.35667125615 Inf
"83" 87.979797979798 68.1928612384208 2336.55311837943 -Inf -4511.36709875001 -3775.09501009276 -2926.22044559885 -1507.7882678972 68.1928612384208 1644.17399037404 3062.6061680757 3911.4807325696 4647.75282122685 Inf 37.4144317638964 2409.62048781624 -Inf -4685.35494076578 -3926.05856719723 -3050.63847676536 -1587.84988913064 37.4144317638964 1662.67875265844 3125.46734029315 4000.88743072502 4760.18380429357 Inf
"84" 88.6868686868687 25.2233556189863 2339.4951494249 -Inf -4560.10287925996 -3822.90372614793 -2972.96031571049 -1552.74214330156 25.2233556189863 1603.18885453953 3023.40702694846 3873.3504373859 4610.54959049793 Inf 11.0494525625539 2412.5142712846 -Inf -4717.39163134415 -3957.1833966321 -3080.71198870091 -1616.16669562068 11.0494525625539 1638.26560074578 3102.81089382602 3979.28230175721 4739.49053646925 Inf
"85" 89.3939393939394 8.31392731667486 2340.06314281219 -Inf -4578.12555414483 -3840.74742043342 -2990.59765682751 -1570.03467732178 8.31392731667486 1586.66253195513 3007.22551146086 3857.37527506676 4594.75340877818 Inf 2.56525427156715 2413.07071953805 -Inf -4726.96644817117 -3966.582870851 -3089.90930412226 -1625.02621255513 2.56525427156715 1630.15672109827 3095.03981266539 3971.71337939413 4732.0969567143 Inf
"86" 90.1010101010101 2.44108773004801 2340.15030518009 -Inf -4584.16922883333 -3846.76362935701 -2996.58219948317 -1575.96630703215 2.44108773004801 1580.84848249225 3001.46437494326 3851.6458048171 4589.05140429343 Inf 0.375295873437081 2413.15581351059 -Inf -4729.32318769078 -3968.9127963785 -3092.20831483412 -1627.27356596555 0.375295873437081 1628.02415771242 3092.95890658099 3969.66338812537 4730.07377943766 Inf
"87" 90.8080808080808 0.637925805056108 2340.16098701789 -Inf -4585.99332677571 -3848.58436134166 -2998.39905073412 -1577.77667374726 0.637925805056108 1579.05252535737 2999.67490234423 3849.86021295177 4587.26917838582 Inf -0.0227290186713542 2413.16621025554 -Inf -4729.74158982855 -3969.32792239424 -3092.61966369099 -1627.67860335556 -0.0227290186713542 1627.63314531822 3092.57420565365 3969.2824643569 4729.69613179121 Inf
"88" 91.5151515151515 0.148152006831333 2340.16203669511 -Inf -4586.48515790348 -3849.07586170526 -2998.89016974783 -1578.26715554201 0.148152006831333 1578.56345955567 2999.18647376149 3849.37216571892 4586.78146191714 Inf -0.0405119949985722 2413.16722920304 -Inf -4729.76136990527 -3969.34738139006 -3092.63875250108 -1627.69707360153 -0.0405119949985722 1627.61604961153 3092.55772851109 3969.26635740006 4729.68034591528 Inf
"89" 92.2222222222222 0.030499841099029 2340.16211968223 -Inf -4586.60297272099 -3849.19365037267 -2999.00792826584 -1578.3848636817 0.030499841099029 1578.4458633639 2999.06892794803 3849.25465005486 4586.66397240318 Inf -0.0177336906325826 2413.16730957213 -Inf -4729.73874912142 -3969.32473528108 -3092.61607719385 -1627.67434950529 -0.0177336906325826 1627.63888212402 3092.58060981258 3969.28926789981 4729.70328174016 Inf
"90" 92.9292929292929 0.00554314661730783 2340.1621249752 -Inf -4586.6279397895 -3849.21861577331 -2999.03289174353 -1578.40982394624 0.00554314661730783 1578.42091023947 2999.04397803677 3849.22970206654 4586.63902608273 Inf -0.00551863904426756 2413.1673146875 -Inf -4729.72654409578 -3969.31252864352 -3092.60386869787 -1627.66213790396 -0.00551863904426756 1627.65110062588 3092.59283141978 3969.30149136543 4729.71550681769 Inf
"91" 93.6363636363636 0.000883373405707609 2340.16212524816 -Inf -4586.6326000977 -3849.2232759955 -2999.03755186656 -1578.41448390356 0.000883373405707609 1578.41625065037 2999.03931861337 3849.22504274231 4586.63436684451 Inf -0.00139592819113998 2413.16731495081 -Inf -4729.72242190101 -3969.30840636578 -3092.59974632447 -1627.65801537071 -0.00139592819113998 1627.65522351433 3092.59695446809 3969.3056145094 4729.71963004463 Inf
"92" 94.3434343434343 0.000122003395569381 2340.16212525956 -Inf -4586.63336149006 -3849.22403738427 -2999.03831325118 -1578.41524528126 0.000122003395569381 1578.41548928805 2999.03855725797 3849.22428139105 4586.63360549685 Inf -0.000300491251640307 2413.1673149618 -Inf -4729.7213264856 -3969.30731094691 -3092.5986509016 -1627.65691994118 -0.000300491251640307 1627.65631895868 3092.5980499191 3969.3067099644 4729.72072550309 Inf
"93" 95.0505050505051 1.42813888124506e-05 2340.16212525995 -Inf -4586.63346921282 -3849.22414510691 -2999.03842097368 -1578.41535300353 1.42813888124506e-05 1578.4153815663 2999.03844953646 3849.22417366968 4586.6334977756 Inf -5.62393526034071e-05 2413.16731496217 -Inf -4729.72108223443 -3969.30706669562 -3092.59840665018 -1627.65667568953 -5.62393526034071e-05 1627.65656321083 3092.59829417147 3969.30695421691 4729.72096975572 Inf
"94" 95.7575757575758 1.34804094655744e-06 2340.16212525996 -Inf -4586.63348214619 -3849.22415804027 -2999.03843390704 -1578.41536593688 1.34804094655744e-06 1578.41536863296 2999.03843660312 3849.22416073635 4586.63348484227 Inf -9.26005318750068e-06 2413.16731496218 -Inf -4729.72103525515 -3969.30701971634 -3092.59835967089 -1627.65662871024 -9.26005318750068e-06 1627.65661019014 3092.59834115079 3969.30700119623 4729.72101673504 Inf
"95" 96.4646464646465 8.79019703053023e-08 2340.16212525996 -Inf -4586.63348340633 -3849.22415930041 -2999.03843516718 -1578.41536719702 8.79019703053023e-08 1578.41536737282 2999.03843534299 3849.22415947621 4586.63348358214 Inf -1.35111152691587e-06 2413.16731496218 -Inf -4729.72102734621 -3969.3070118074 -3092.59835176195 -1627.6566208013 -1.35111152691587e-06 1627.65661809908 3092.59834905973 3969.30700910517 4729.72102464398 Inf
"96" 97.1717171717172 6.00865671360054e-10 2340.16212525996 -Inf -4586.63348349363 -3849.22415938771 -2999.03843525448 -1578.41536728432 6.00865671360054e-10 1578.41536728552 2999.03843525568 3849.22415938891 4586.63348349483 Inf -1.75527436616965e-07 2413.16731496218 -Inf -4729.72102617062 -3969.30701063181 -3092.59835058637 -1627.65661962572 -1.75527436616965e-07 1627.65661927466 3092.59835023531 3969.30701028076 4729.72102581957 Inf
"97" 97.8787878787879 -9.12378129833357e-10 2340.16212525996 -Inf -4586.63348349515 -3849.22415938923 -2999.038435256 -1578.41536728584 -9.12378129833357e-10 1578.41536728401 2999.03843525417 3849.2241593874 4586.63348349332 Inf -2.03712829085089e-08 2413.16731496218 -Inf -4729.72102601546 -3969.30701047666 -3092.59835043121 -1627.65661947056 -2.03712829085089e-08 1627.65661942982 3092.59835039047 3969.30701043591 4729.72102597472 Inf
"98" 98.5858585858586 -1.75914224951779e-10 2340.16212525996 -Inf -4586.63348349441 -3849.22415938849 -2999.03843525526 -1578.4153672851 -1.75914224951779e-10 1578.41536728475 2999.03843525491 3849.22415938813 4586.63348349406 Inf -2.11719157909678e-09 2413.16731496218 -Inf -4729.72102599721 -3969.3070104584 -3092.59835041296 -1627.65661945231 -2.11719157909678e-09 1627.65661944807 3092.59835040872 3969.30701045417 4729.72102599298 Inf
"99" 99.2929292929293 -2.24746433744424e-11 2340.16212525996 -Inf -4586.63348349426 -3849.22415938834 -2999.03843525511 -1578.41536728495 -2.24746433744424e-11 1578.4153672849 2999.03843525506 3849.22415938829 4586.63348349421 Inf -1.97404962704549e-10 2413.16731496218 -Inf -4729.72102599529 -3969.30701045648 -3092.59835041104 -1627.65661945039 -1.97404962704549e-10 1627.65661944999 3092.59835041064 3969.30701045609 4729.7210259949 Inf
"100" 100 -2.29402298042804e-12 2340.16212525996 -Inf -4586.63348349424 -3849.22415938832 -2999.03843525509 -1578.41536728493 -2.29402298042804e-12 1578.41536728492 2999.03843525508 3849.22415938831 4586.63348349423 Inf -1.6535589595112e-11 2413.16731496218 -Inf -4729.72102599511 -3969.3070104563 -3092.59835041086 -1627.65661945021 -1.6535589595112e-11 1627.65661945017 3092.59835041082 3969.30701045627 4729.72102599508 Inf
