"mid_age" "mean_left" "std_left" "min_left" "l.q2.5" "l.q5" "l.q10" "l.q25" "l.q50" "l.q75" "l.q90" "l.q95" "l.q97.5" "max_left" "mean_right" "std_right" "min_right" "r.q2.5" "r.q5" "r.q10" "r.q25" "r.q50" "r.q75" "r.q90" "r.q95" "r.q97.5" "max_right"
"1" 30 5.23605296097875e-08 2322.60914377042 -Inf -4552.23027190108 -3820.35207406907 -2976.54338429483 -1566.57606113249 5.23605296097875e-08 1566.57606123721 2976.54338439955 3820.35207417379 4552.2302720058 Inf 3.45927239078414e-08 2399.31130391658 -Inf -4702.56374334175 -3946.51590039827 -3074.84115772856 -1618.31088198674 3.45927239078414e-08 1618.31088205592 3074.84115779775 3946.51590046745 4702.56374341093 Inf
"2" 30.7070707070707 4.77639949611152e-07 2322.60914377042 -Inf -4552.2302714758 -3820.35207364379 -2976.54338386955 -1566.57606070721 4.77639949611152e-07 1566.57606166249 2976.54338482483 3820.35207459907 4552.23027243108 Inf 3.20735645556614e-07 2399.31130391658 -Inf -4702.56374305561 -3946.51590011213 -3074.84115744242 -1618.3108817006 3.20735645556614e-07 1618.31088234207 3074.84115808389 3946.51590075359 4702.56374369708 Inf
"3" 31.4141414141414 3.93630609908029e-06 2322.60914377042 -Inf -4552.23026801713 -3820.35207018513 -2976.54338041088 -1566.57605724854 3.93630609908029e-06 1566.57606512115 2976.5433882835 3820.35207805774 4552.23027588975 Inf 2.69005622672524e-06 2399.31130391658 -Inf -4702.56374068629 -3946.51589774281 -3074.8411550731 -1618.31087933128 2.69005622672524e-06 1618.31088471139 3074.84116045321 3946.51590312291 4702.5637460664 Inf
"4" 32.1212121212121 2.93024199920256e-05 2322.60914377042 -Inf -4552.23024265102 -3820.35204481901 -2976.54335504477 -1566.57603188243 2.93024199920256e-05 1566.57609048727 2976.54341364961 3820.35210342385 4552.23030125586 Inf 2.04074751832165e-05 2399.31130391658 -Inf -4702.56372296887 -3946.51588002539 -3074.84113735568 -1618.31086161386 2.04074751832165e-05 1618.31090242881 3074.84117817063 3946.51592084033 4702.56376378382 Inf
"5" 32.8282828282828 0.000197002757684947 2322.60914377042 -Inf -4552.23007495067 -3820.35187711867 -2976.54318734442 -1566.57586418209 0.000197002757684947 1566.5762581876 2976.54358134994 3820.35227112418 4552.23046895619 Inf 0.000140017791167354 2399.31130391658 -Inf -4702.56360335854 -3946.51576041506 -3074.84101774536 -1618.31074200354 0.000140017791167354 1618.31102203912 3074.84129778094 3946.51604045064 4702.56388339412 Inf
"6" 33.5353535353535 0.00119595663123568 2322.60914377019 -Inf -4552.22907599635 -3820.35087816442 -2976.54218839026 -1566.57486522806 0.00119595663123568 1566.57725714132 2976.54458030352 3820.35327007768 4552.23146790961 Inf 0.000868727357206479 2399.31130391636 -Inf -4702.56287464854 -3946.51503170513 -3074.84028903551 -1618.31001329382 0.000868727357206479 1618.31175074854 3074.84202649022 3946.51676915984 4702.56461210326 Inf
"7" 34.2424242424242 0.00655457810749073 2322.60914376338 -Inf -4552.22371736152 -3820.34551953173 -2976.53682976005 -1566.56950660199 0.00655457810749073 1566.5826157582 2976.54993891627 3820.35862868795 4552.23682651773 Inf 0.00487322134371065 2399.31130390979 -Inf -4702.55887014169 -3946.51102720035 -3074.83628453311 -1618.30600879541 0.00487322134371065 1618.31575523809 3074.8460309758 3946.52077364303 4702.56861658437 Inf
"8" 34.9494949494949 0.0324237696067003 2322.60914359847 -Inf -4552.19784784681 -3820.31965006899 -2976.51096035722 -1566.54363729926 0.0324237696067003 1566.60848483847 2976.57580789643 3820.3844976082 4552.26269538603 Inf 0.0247109963859225 2399.31130375059 -Inf -4702.53903205461 -3946.49118916344 -3074.81644655404 -1618.28617091298 0.0247109963859225 1618.33559290576 3074.86586854681 3946.54061115621 4702.58845404738 Inf
"9" 35.6565656565657 0.144732615058992 2322.60914036057 -Inf -4552.08553265519 -3820.20733589766 -2976.39864736223 -1566.43132626988 0.144732615058992 1566.72079149999 2976.68811259234 3820.49680112778 4552.37499788531 Inf 0.113238774649205 2399.31130061881 -Inf -4702.45049813817 -3946.40265623385 -3074.72791476224 -1618.19764102237 0.113238774649205 1618.42411857167 3074.95439231154 3946.62913378315 4702.67697568747 Inf
"10" 36.3636363636364 0.582828001238705 2322.60908887005 -Inf -4551.64733634946 -3819.76915581713 -2975.9604859883 -1565.99319615387 0.582828001238705 1567.15885215635 2977.12614199078 3820.9348118196 4552.81299235193 Inf 0.468810502770431 2399.31125071092 -Inf -4702.09482859238 -3946.04700241456 -3074.37227907458 -1617.84203563188 0.468810502770431 1618.77965663742 3075.30990008012 3946.98462342009 4703.03244959792 Inf
"11" 37.0707070707071 2.11673729424251 2322.608426932 -Inf -4550.11212968172 -3818.23415773292 -2974.42572838755 -1564.45884039044 2.11673729424251 1568.69231497892 2978.65920297604 3822.4676323214 4554.3456042702 Inf 1.75282114981346 2399.31060758423 -Inf -4700.80955744019 -3944.76193391825 -3073.08744422753 -1616.55759120248 1.75282114981346 1620.06323350211 3076.59308652715 3948.26757621787 4704.31519973982 Inf
"12" 37.7777777777778 6.93149215073717 2322.60156330466 -Inf -4545.28392236281 -3813.40811321409 -2969.60217743868 -1559.63945608765 6.93149215073717 1573.50244038912 2983.46516174016 3827.27109751556 4559.14690666429 Inf 5.91601270412757 2399.30392085231 -Inf -4696.63326013214 -3940.58774366868 -3068.91568328145 -1612.38988951603 5.91601270412757 1624.22191492428 3080.7477086897 3952.41976907694 4708.46528554039 Inf
"13" 38.4848484848485 20.4601345420824 2322.54431827787 -Inf -4531.64308178067 -3799.7853111328 -2956.00017259363 -1546.07220251248 20.4601345420824 1586.99247159665 2996.9204416778 3840.70558021696 4572.56335086483 Inf 18.0159429653445 2399.24797752124 -Inf -4684.42368295686 -3928.39579481646 -3056.74405875672 -1600.25222605141 18.0159429653445 1636.2841119821 3092.77594468741 3964.42768074714 4720.45556888755 Inf
"14" 39.1919191919192 54.4283090492614 2322.16157185931 -Inf -4496.92473807791 -3765.18757479086 -2921.54148881455 -1511.84586946907 54.4283090492614 1620.70248756759 3030.39810691308 3874.04419288938 4605.78135617644 Inf 49.4745811062978 2398.87259738562 -Inf -4652.22931326957 -3896.31971129794 -3024.80435161529 -1568.54039785655 49.4745811062978 1667.48956006915 3123.75351382788 3995.26887351053 4751.17847548216 Inf
"15" 39.8989898989899 130.478606731126 2320.11811769729 -Inf -4416.86934383442 -3685.77609411908 -2842.87239925223 -1434.41728289992 130.478606731126 1695.37449636217 3103.82961271448 3946.73330758133 4677.82655729667 Inf 122.448000666202 2396.8602373598 -Inf -4575.31174053513 -3820.03625405083 -2949.25198891385 -1494.20966208553 122.448000666202 1739.10566341793 3194.14799024625 4064.93225538323 4820.20774186753 Inf
"16" 40.6060606060606 281.910253960736 2311.44173049643 -Inf -4248.43229017521 -3520.07305993331 -2680.32151442209 -1277.1335014346 281.910253960736 1840.95400935607 3244.14202234356 4083.89356785478 4812.25279809668 Inf 272.975175492369 2388.27573143708 -Inf -4407.95924327536 -3655.38882352209 -2787.723327083 -1337.89232600399 272.975175492369 1883.84267698873 3333.67367806773 4201.33917450683 4953.9095942601 Inf
"17" 41.3131313131313 549.243796783629 2282.22696473791 -Inf -3923.83885864884 -3204.68550369197 -2375.54774280434 -990.094898553206 549.243796783629 2088.58249212046 3474.0353363716 4303.17309725923 5022.3264522161 Inf 547.912071861496 2359.2176224413 -Inf -4076.06949981567 -3332.65559117891 -2475.54696563856 -1043.35603295713 547.912071861496 2139.18017668012 3571.37110936156 4428.4797349019 5171.89364353866 Inf
"18" 42.020202020202 966.058049912719 2204.18252492454 -Inf -3354.06031429193 -2659.49957067246 -1858.71551565037 -520.640470710201 966.058049912719 2452.75657053564 3790.83161547581 4591.6156704979 5286.17641411737 Inf 990.083383036583 2281.14337126279 -Inf -3480.87546821077 -2762.06356478133 -1933.31947563694 -548.524439607905 990.083383036583 2528.69120568107 3913.4862417101 4742.23033085449 5461.04223428394 Inf
"19" 42.7272727272727 1537.29794621067 2037.97853665036 -Inf -2457.06658688968 -1814.87844144793 -1074.47663797989 162.70231212039 1537.29794621067 2911.89358030094 4149.07253040123 4889.47433386926 5531.66247931101 Inf 1611.58962566152 2113.85830063612 -Inf -2531.49651200631 -1865.39786700127 -1097.42878885815 185.813868515551 1611.58962566152 3037.36538280749 4320.60804018118 5088.57711832431 5754.67576332935 Inf
"20" 43.4343434343434 2221.26339247592 1753.7865775357 -Inf -1216.09513606382 -663.458820482492 -26.3045415960692 1038.35232189662 2221.26339247592 3404.17446305521 4468.8313265479 5105.98560543432 5658.62192101565 Inf 2367.25951953616 1826.00100440466 -Inf -1211.63668483093 -636.244855375874 27.1450736553556 1135.64055821747 2367.25951953616 3598.87848085485 4707.37396541695 5370.76389444818 5946.15572390324 Inf
"21" 44.1414141414141 2930.68461761406 1362.14811705685 -Inf 260.923366573583 690.150346827979 1185.02156569622 2011.92967441032 2930.68461761406 3849.4395608178 4676.3476695319 5171.21888840014 5600.44586865454 Inf 3150.29728487162 1426.7229468025 -Inf 353.971693221868 803.546871168638 1321.87825879847 2187.98728088378 3150.29728487162 4112.60728885945 4978.71631094477 5497.0476985746 5946.62287652137 Inf
"22" 44.8484848484848 3559.35658825733 931.740628386295 -Inf 1733.17851368747 2026.77963627809 2365.28292726736 2930.90708456952 3559.35658825733 4187.80609194514 4753.4302492473 5091.93354023657 5385.53466282719 Inf 3825.7540400887 985.038382001781 -Inf 1895.11428797561 2205.51008476666 2563.3765595128 3161.35574787877 3825.7540400887 4490.15233229864 5088.13152066461 5445.99799541074 5756.3937922018 Inf
"23" 45.5555555555556 4022.13807686416 574.878368231267 -Inf 2895.39717963973 3076.54730782302 3285.40180405966 3634.38850988273 4022.13807686416 4409.8876438456 4758.87434966867 4967.72884590531 5148.8789740886 Inf 4290.35075260271 616.478494004732 -Inf 3082.07510710994 3276.33386580145 3500.30177348637 3874.5423271802 4290.35075260271 4706.15917802522 5080.39973171905 5304.36763940397 5498.62639809548 Inf
"24" 46.2626262626263 4285.00442116195 391.52452525966 -Inf 3517.63045258887 3641.00388574814 3783.24555286632 4020.92514192392 4285.00442116195 4549.08370039997 4786.76328945757 4929.00495657575 5052.37838973502 Inf 4519.86976477691 425.270497980509 -Inf 3686.35490504769 3820.36204373821 3974.86369231005 4233.02917282827 4519.86976477691 4806.71035672554 5064.87583724376 5219.37748581561 5353.38462450612 Inf
"25" 46.969696969697 4371.09647976902 351.374683190536 -Inf 3682.4147556364 3793.13655770414 3920.79170443345 4134.09785747861 4371.09647976902 4608.09510205943 4821.40125510459 4949.0564018339 5059.77820390164 Inf 4569.3229592541 382.180772387158 -Inf 3820.26240979157 3940.69152964197 4079.53859208029 4311.54594555694 4569.3229592541 4827.09997295126 5059.10732642791 5197.95438886623 5318.38350871663 Inf
"26" 47.6767676767677 4346.93728696083 343.664612858725 -Inf 3673.36702299683 3781.65930204528 3906.51336432945 4115.13902808251 4346.93728696083 4578.73554583914 4787.36120959221 4912.21527187638 5020.50755092483 Inf 4529.91309945427 373.818450991498 -Inf 3797.24239875438 3915.03646451952 4050.84547835666 4277.77638582633 4529.91309945427 4782.04981308221 5008.98072055188 5144.78973438902 5262.58380015416 Inf
"27" 48.3838383838384 4297.23845756449 337.467461939208 -Inf 3635.8143862095 3742.15387881567 3864.75650339593 4069.6201134618 4297.23845756449 4524.85680166717 4729.72041173304 4852.3230363133 4958.66252891947 Inf 4480.89199099969 367.185513822004 -Inf 3761.22160826373 3876.92556682553 4010.3248209158 4233.22912550627 4480.89199099969 4728.55485649312 4951.45916108358 5084.85841517386 5200.56237373565 Inf
"28" 49.0909090909091 4289.07671488143 334.697918124177 -Inf 3633.08084965751 3738.54763032178 3860.14407392488 4063.32639969471 4289.07671488143 4514.82703006816 4718.00935583799 4839.60579944109 4945.07258010536 Inf 4466.08945417849 364.189093579798 -Inf 3752.2919471998 3867.05170270759 3999.36235114703 4220.44764342572 4466.08945417849 4711.73126493127 4932.81655720995 5065.12720564939 5179.88696115719 Inf
"29" 49.7979797979798 4334.53766883968 333.92195258892 -Inf 3680.06266811811 3785.28493400508 3906.59946772964 4109.310734453 4334.53766883968 4559.76460322637 4762.47586994973 4883.79040367429 4989.01266956126 Inf 4491.7275093649 363.350893662598 -Inf 3779.57284403576 3894.06847406792 4026.07460274957 4246.65105586489 4491.7275093649 4736.80396286491 4957.38041598023 5089.38654466188 5203.88217469403 Inf
"30" 50.5050505050505 4385.1950867339 333.574225126285 -Inf 3731.40161931552 3836.5143126774 3957.70251629798 4160.20269095662 4385.1950867339 4610.18748251118 4812.68765716982 4933.8758607904 5038.98855415227 Inf 4532.7903910375 362.973190277302 -Inf 3821.37601074039 3935.75262252374 4067.62153078691 4287.96869459949 4532.7903910375 4777.61208747551 4997.9592512881 5129.82815955127 5244.20477133462 Inf
"31" 51.2121212121212 4382.53447518227 333.247591903207 -Inf 3729.38119711728 3834.39096496744 3955.46050206475 4157.76239016603 4382.53447518227 4607.30656019851 4809.60844829979 4930.67798539711 5035.68775324726 Inf 4552.10297194538 362.62098389813 -Inf 3841.37890346657 3955.64453137183 4087.38548233141 4307.51883510007 4552.10297194538 4796.68710879069 5016.82046155935 5148.56141251893 5262.82704042419 Inf
"32" 51.9191919191919 4324.88616758875 332.950882108236 -Inf 3672.31443003577 3777.23070155633 3898.19244337349 4100.31421028801 4324.88616758875 4549.4581248895 4751.57989180402 4872.54163362118 4977.45790514174 Inf 4532.75066961627 362.299873240865 -Inf 3822.65596646075 3936.82040907198 4068.44469986783 4288.38311861797 4532.75066961627 4777.11822061458 4997.05663936472 5128.68093016057 5242.8453727718 Inf
"33" 52.6262626262626 4271.14425625309 332.719606430569 -Inf 3619.02581069883 3723.8692048579 3844.74692374461 4046.7282920264 4271.14425625309 4495.56022047978 4697.54158876157 4818.41930764828 4923.26270180735 Inf 4494.63617168437 362.050161030284 -Inf 3785.03089546809 3899.11665117534 4030.65022101033 4250.4370490126 4494.63617168437 4738.83529435614 4958.62212235841 5090.1556921934 5204.24144790065 Inf
"34" 53.3333333333333 4267.54229244582 332.61305705354 -Inf 3615.63267983311 3720.44249917988 3841.28150845828 4043.19819468182 4267.54229244582 4491.88639020981 4693.80307643336 4814.64208571175 4919.45190505852 Inf 4469.34413301568 361.934974879627 -Inf 3759.9646175062 3874.01407686433 4005.50579933334 4225.22270222189 4469.34413301568 4713.46556380946 4933.18246669801 5064.67418916702 5178.72364852515 Inf
"35" 54.040404040404 4289.99754283583 332.658182182731 -Inf 3637.99948659511 3742.82352533748 3863.67892866833 4065.62300863472 4289.99754283583 4514.37207703694 4716.31615700333 4837.17156033418 4941.99559907655 Inf 4461.74198957045 361.98355421273 -Inf 3752.2672603177 3866.33202752686 3997.84139896773 4217.58779251442 4461.74198957045 4705.89618662648 4925.64258017317 5057.15195161404 5171.2167188232 Inf
"36" 54.7474747474747 4283.04963937813 332.692640056461 -Inf 3630.98404694592 3735.8189437212 3856.6868656686 4058.65186369437 4283.04963937813 4507.44741506189 4709.41241308765 4830.28033503506 4935.11523181034 Inf 4451.77903913835 362.020162326874 -Inf 3742.23255930033 3856.30886210543 3987.83153334963 4207.60015028455 4451.77903913835 4695.95792799215 4915.72654492706 5047.24921617127 5161.32551897636 Inf
"37" 55.4545454545455 4241.60368755695 332.598050280872 -Inf 3589.7234876782 3694.52857823547 3815.36213552242 4017.2697117073 4241.60368755695 4465.9376634066 4667.84523959148 4788.67879687843 4893.4838874357 Inf 4432.819737654 361.918647976584 -Inf 3723.47222228646 3837.51653686834 3969.00232773982 4188.70931918897 4432.819737654 4676.93015611903 4896.63714756817 5028.12293843965 5142.16725302153 Inf
"38" 56.1616161616162 4216.46034375595 332.540645082006 -Inf 3564.6926559995 3669.47965758403 3790.2923594439 3992.16508712455 4216.46034375595 4440.75560038736 4642.62832806801 4763.44102992787 4868.2280315124 Inf 4425.3120160331 361.856526610661 -Inf 3716.08625630544 3830.11099580149 3961.57421785268 4181.24349779265 4425.3120160331 4669.38053427354 4889.04981421352 5020.51303626471 5134.53777576075 Inf
"39" 56.8686868686869 4236.50991286782 332.549747151203 -Inf 3584.72438538356 3689.51425512437 3810.33026378473 4012.20851698403 4236.50991286782 4460.8113087516 4662.6895619509 4783.50557061127 4888.29544035208 Inf 4442.70893738831 361.866077985991 -Inf 3733.464457309 3847.49220654235 3978.95889862788 4198.6339768431 4442.70893738831 4686.78389793352 4906.45897614874 5037.92566823427 5151.95341746761 Inf
"40" 57.5757575757576 4265.37181925558 332.549253162366 -Inf 3613.58725997165 3718.37697405145 3839.19280324466 4041.0707565622 4265.37181925558 4489.67288194895 4691.55083526649 4812.3666644597 4917.1563785395 Inf 4463.99498692096 361.865834337107 -Inf 3754.75098438469 3868.77865684174 4000.24526040913 4219.92019071442 4463.99498692096 4708.06978312749 4927.74471343278 5059.21131700017 5173.23898945722 Inf
"41" 58.2828282828283 4255.31161262165 332.555448187277 -Inf 3603.51491131201 3708.30657750834 3829.12465736686 4031.00637144747 4255.31161262165 4479.61685379584 4681.49856787644 4802.31664773497 4907.10831393129 Inf 4457.98085428091 361.872196918387 -Inf 3748.72438131449 3862.75405868681 3994.22297379309 4213.90176657852 4457.98085428091 4702.0599419833 4921.73873476873 5053.20764987502 5167.23732724734 Inf
"42" 58.989898989899 4213.04932113267 332.523546946788 -Inf 3561.31514510546 3666.09675889048 3786.90324896257 3988.76559701822 4213.04932113267 4437.33304524713 4639.19539330277 4760.00188337487 4864.78349715989 Inf 4423.12748456991 361.837822232255 -Inf 3713.93838475029 3827.95723030297 3959.41365701492 4179.07158224098 4423.12748456991 4667.18338689884 4886.84131212491 5018.29773883686 5132.31658438954 Inf
"43" 59.6969696969697 4181.94580337811 332.460398140242 -Inf 3530.33539673738 3635.0971116794 3755.8806596599 3957.7046724864 4181.94580337811 4406.18693426981 4608.01094709631 4728.79449507681 4833.55621001883 Inf 4385.52158312111 361.769609112765 -Inf 3676.46617855896 3790.46352945116 3921.89517419619 4141.51168984211 4385.52158312111 4629.53147640011 4849.14799204603 4980.57963679106 5094.57698768326 Inf
"44" 60.4040404040404 4178.84284355852 332.428009714142 -Inf 3527.29591706647 3632.04742607995 3752.81920727848 3954.62355832824 4178.84284355852 4403.06212878879 4604.86647983855 4725.63826103708 4830.38977005056 Inf 4365.16256290268 361.734613964439 -Inf 3656.17574757088 3770.16207112938 3901.58100206488 4121.17627349253 4365.16256290268 4609.14885231283 4828.74412374048 4960.16305467598 5074.14937823448 Inf
"45" 61.1111111111111 4182.9114465213 332.425586654632 -Inf 3531.36926913862 3636.12001462095 3756.89091551697 3958.69379561983 4182.9114465213 4407.12909742276 4608.93197752562 4729.70287842164 4834.45362390397 Inf 4361.34872456307 361.731796762685 -Inf 3652.36743084525 3766.3528666743 3897.77077411459 4117.36433532663 4361.34872456307 4605.33311379952 4824.92667501155 4956.34458245185 5070.3300182809 Inf
"46" 61.8181818181818 4177.98721486618 332.392478879504 -Inf 3526.50992753036 3631.25024040984 3752.0091131829 3953.79189481969 4177.98721486618 4402.18253491267 4603.96531654946 4724.72418932252 4829.464502202 Inf 4365.3689837909 361.695966196923 -Inf 3656.45791669151 3770.43206193817 3901.83695206006 4121.4087619038 4365.3689837909 4609.32920567799 4828.90101552173 4960.30590564362 5074.28005089028 Inf
"47" 62.5252525252525 4171.06395667757 332.337186444996 -Inf 3519.69504052201 3624.41793018267 3745.1567151003 3946.90593081142 4171.06395667757 4395.22198254373 4596.97119825484 4717.70998317247 4822.43287283314 Inf 4369.02363647806 361.636369953095 -Inf 3660.22937587019 3774.18474172315 3905.5679804068 4125.10361164658 4369.02363647806 4612.94366130954 4832.47929254931 4963.86253123297 5077.81789708593 Inf
"48" 63.2323232323232 4167.10138134618 332.325170450216 -Inf 3515.75601610762 3620.47511940388 3741.20953888583 3942.95146014534 4167.10138134618 4391.25130254702 4592.99322380653 4713.72764328848 4818.44674658474 Inf 4361.95668998767 361.623281617698 -Inf 3653.1880820458 3767.13932362871 3898.51780729314 4118.04549310427 4361.95668998767 4605.86788687108 4825.39557268221 4956.77405634664 5070.72529792955 Inf
"49" 63.9393939393939 4155.76219451278 332.346987437521 -Inf 3504.37406876485 3609.10004681978 3729.84239245819 3931.59755797763 4155.76219451278 4379.92683104793 4581.68199656737 4702.42434220578 4807.15032026071 Inf 4337.4277890949 361.646809021549 -Inf 3628.61306828883 3742.57172360038 3873.95875481913 4093.50072321875 4337.4277890949 4581.35485497106 4800.89682337068 4932.28385458942 5046.24250990097 Inf
"50" 64.6464646464646 4132.35815216201 332.351746636307 -Inf 3480.96069855587 3585.68817628362 3706.43225094877 3908.19030559606 4132.35815216201 4356.52599872796 4558.28405337525 4679.0281280404 4783.75560576815 Inf 4303.40655384833 361.651837232695 -Inf 3594.58197792951 3708.54221768247 3839.93107566069 4059.4760964953 4303.40655384833 4547.33701120137 4766.88203203598 4898.2708900142 5012.23112976716 Inf
"51" 65.3535353535354 4109.43951199756 332.29367727546 -Inf 3458.15587224729 3562.86505171798 3683.58802966463 3885.3108326203 4109.43951199756 4333.56819137483 4535.2909943305 4656.01397227715 4760.72315174784 Inf 4276.28183102008 361.58902781655 -Inf 3567.58035929479 3681.52080715017 3812.88684633803 4032.39373797445 4276.28183102008 4520.16992406571 4739.67681570213 4871.04285488999 4984.98330274537 Inf
"52" 66.0606060606061 4096.42998487724 332.23693466641 -Inf 3445.25755859709 3549.94885788396 3670.65122112376 3872.33957780818 4096.42998487724 4320.5203919463 4522.20874863072 4642.91111187052 4747.60241115739 Inf 4261.77500234094 361.528019198575 -Inf 3553.19310530962 3667.11432871758 3798.45820334876 4017.9280589828 4261.77500234094 4505.62194569907 4725.09180133311 4856.43567596429 4970.35689937225 Inf
"53" 66.7676767676768 4084.50984138864 332.252102774564 -Inf 3433.30768616279 3538.00376507764 3658.71163892241 3860.4092035861 4084.50984138864 4308.61047919117 4510.30804385486 4631.01591769963 4735.71199661448 Inf 4251.01328070134 361.543978841388 -Inf 3542.4001033449 3656.32635580161 3787.67602860393 4007.15557272771 4251.01328070134 4494.87098867496 4714.35053279874 4845.70020560106 4959.62645805777 Inf
"54" 67.4747474747475 4063.07840091597 332.253018685991 -Inf 3411.87445053672 3516.57081806475 3637.27902466202 3838.97714534057 4063.07840091597 4287.17965649138 4488.87777716993 4609.5859837672 4714.28235129523 Inf 4235.00638958755 361.545163151 -Inf 3526.39089102693 3640.31751667187 3771.66761973631 3991.14788280923 4235.00638958755 4478.86489636587 4698.34515943879 4829.69526250323 4943.62188814817 Inf
"55" 68.1818181818182 4038.40609140936 332.236511800566 -Inf 3387.23449393103 3491.92565996849 3612.62786958027 3814.31596955898 4038.40609140936 4262.49621325974 4464.18431323845 4584.88652285022 4689.57768888768 Inf 4213.44835141868 361.527297420145 -Inf 3504.8678690471 3618.78886501519 3750.13247742279 3969.6018948927 4213.44835141868 4457.29480794466 4676.76422541458 4808.10783782217 4922.02883379027 Inf
"56" 68.8888888888889 4023.63447132052 332.242900619906 -Inf 3372.45035198639 3477.143531207 3597.84806189001 3799.54004027698 4023.63447132052 4247.72890236407 4449.42088075104 4570.12541143405 4674.81859065466 Inf 4189.59025452764 361.534250059959 -Inf 3480.99614523242 3594.91933204933 3726.2654703653 3945.73910851737 4189.59025452764 4433.44140053791 4652.91503868997 4784.26117700594 4898.18436382285 Inf
"57" 69.5959595959596 4017.86701573381 332.265750363514 -Inf 3366.63811172514 3471.33849113663 3592.05132317859 3793.75717277241 4017.86701573381 4241.97685869521 4443.68270828902 4564.39554033098 4669.09591974247 Inf 4166.1406881861 361.558872134393 -Inf 3457.49832051177 3571.42926599936 3702.78434956573 3922.272934839 4166.1406881861 4410.0084415332 4629.49702680647 4760.85211037284 4874.78305586043 Inf
"58" 70.3030303030303 4006.69482223794 332.284475969506 -Inf 3355.42921671594 3460.13549675983 3580.85513185305 3782.57234904723 4006.69482223794 4230.81729542865 4432.53451262282 4553.25414771605 4657.96042775993 Inf 4146.55265705124 361.579154469794 -Inf 3437.87053673 3551.80787339155 3683.17032557218 3902.6712234768 4146.55265705124 4390.43409062568 4609.9349885303 4741.29744071093 4855.23477737248 Inf
"59" 71.010101010101 3981.07278205875 332.285369319807 -Inf 3329.80542560233 3434.51198715015 3555.23194679938 3756.94970631242 3981.07278205875 4205.19585780508 4406.91361731811 4527.63357696734 4632.34013851516 Inf 4131.50542913406 361.580083157315 -Inf 3422.82148861873 3536.75911791934 3668.12190749406 3887.62336916941 4131.50542913406 4375.38748909872 4594.88895077407 4726.25174034879 4840.1893696494 Inf
"60" 71.7171717171717 3947.18210693229 332.268354127955 -Inf 3295.9480996391 3400.64929952372 3521.36307751868 3723.07050775846 3947.18210693229 4171.29370610612 4373.0011363459 4493.71491434085 4598.41611422548 Inf 4114.53160076451 361.561755445461 -Inf 3405.88358190433 3519.8154359531 3651.17156703232 3870.66190265364 4114.53160076451 4358.40129887538 4577.89163449669 4709.24776557592 4823.17961962469 Inf
"61" 72.4242424242424 3916.94769134339 332.267258142508 -Inf 3265.7158321422 3370.41668667046 3491.13006649164 3692.83683140051 3916.94769134339 4141.05855128626 4342.76531619513 4463.47869601631 4568.17955054458 Inf 4090.28308150118 361.560656861696 -Inf 3381.63721582561 3495.56872369926 3626.92445566074 3846.4141243738 4090.28308150118 4334.15203862856 4553.64170734162 4684.9974393031 4798.92894717675 Inf
"62" 73.1313131313131 3894.69681886265 332.321267222263 -Inf 3243.3591038103 3348.076977159 3468.80997859019 3670.54953034906 3894.69681886265 4118.84410737624 4320.5836591351 4441.3166605663 4546.03453391499 Inf 4065.62938984072 361.6190803317 -Inf 3356.86901626809 3470.81893398226 3602.19589131083 3821.72102668165 4065.62938984072 4309.53775299978 4529.06288837061 4660.43984569917 4774.38976341335 Inf
"63" 73.8383838383838 3876.30273623919 332.431782607312 -Inf 3224.74841501241 3329.50111290361 3450.27426480201 3652.08090623115 3876.30273623919 4100.52456624724 4302.33120767638 4423.10435957477 4527.85705746597 Inf 4051.01440642066 361.738508968479 -Inf 3342.01995702122 3456.00750793584 3587.42785393434 3807.02548987021 4051.01440642066 4295.00332297111 4514.60095890699 4646.02130490548 4760.0088558201 Inf
"64" 74.5454545454545 3857.97972194419 332.529904036281 -Inf 3206.23308625052 3311.01670322029 3431.8255028361 3633.69171003803 3857.97972194419 4082.26773385035 4284.13394105228 4404.94274066809 4509.72635763786 Inf 4041.41813585672 361.844455192163 -Inf 3332.21603567457 3446.23697134161 3577.69580782157 3797.35775966432 4041.41813585672 4285.47851204912 4505.14046389187 4636.59930037183 4750.62023603888 Inf
"65" 75.2525252525253 3840.34868564592 332.614115310071 -Inf 3188.43699888853 3293.2471517029 3414.08654544807 3616.00387409874 3840.34868564592 4064.6934971931 4266.61082584378 4387.45021958895 4492.26037240332 Inf 4020.66211865693 361.936163766706 -Inf 3311.28027297159 3425.33010696036 3556.8222613545 3776.53988597099 4020.66211865693 4264.78435134286 4484.50197595936 4615.99413035349 4730.04396434226 Inf
"66" 75.959595959596 3824.08677691382 332.757615146581 -Inf 3171.89383564508 3276.74920674424 3397.64073427583 3599.64517619776 3824.08677691382 4048.52837762988 4250.53281955181 4371.42434708339 4476.27971818256 Inf 3988.35506952264 362.090588023248 -Inf 3278.67055785614 3392.76905252761 3524.31730957248 3744.12867925849 3988.35506952264 4232.58145978679 4452.3928294728 4583.94108651767 4698.03958118913 Inf
"67" 76.6666666666667 3807.99513016812 332.942167297899 -Inf 3155.44047332952 3260.35399872308 3381.31257443168 3583.42905091761 3807.99513016812 4032.56120941862 4234.67768590455 4355.63626161315 4460.54978700671 Inf 3966.3991634213 362.291109570774 -Inf 3256.32163674353 3370.48331783154 3502.10442476798 3722.03752342864 3966.3991634213 4210.76080341395 4430.69390207461 4562.31500901106 4676.47669009907 Inf
"68" 77.3737373737374 3793.85071697547 333.211470966835 -Inf 3140.76823464486 3245.76662041384 3366.82303470051 3569.10299516059 3793.85071697547 4018.59843879036 4220.87839925044 4341.93481353711 4446.93319930609 Inf 3967.31397418938 362.580838632584 -Inf 3256.66858898518 3370.92156670146 3502.64793280331 3722.7569149142 3967.31397418938 4211.87103346455 4431.98001557544 4563.70638167729 4677.95935939357 Inf
"69" 78.0808080808081 3787.2930798971 333.379667278119 -Inf 3133.88093885404 3238.93232502281 3360.04984537609 3562.43191139423 3787.2930798971 4012.15424839998 4214.53631441812 4335.65383477139 4440.70522094016 Inf 3968.1933582574 362.763220182904 -Inf 3257.19051178314 3371.50095981496 3503.29358551 3723.51328449591 3968.1933582574 4212.8734320189 4433.0931310048 4564.88575669985 4679.19620473167 Inf
"70" 78.7878787878788 3790.09419802351 333.756087756151 -Inf 3135.94428640046 3241.11428656067 3362.36856124957 3564.97913776644 3790.09419802351 4015.20925828057 4217.81983479744 4339.07410948634 4444.24410964655 Inf 3934.5195431854 363.172240025382 -Inf 3222.71503255092 3337.15436697156 3469.09559041854 3689.56358973253 3934.5195431854 4179.47549663828 4399.94349595227 4531.88471939924 4646.32405381989 Inf
"71" 79.4949494949495 3795.74962145739 335.040278903039 -Inf 3139.08274143718 3244.65740352889 3366.3782275087 3569.76838743445 3795.74962145739 4021.73085548032 4225.12101540608 4346.84183938588 4452.4165014776 Inf 3867.36474003231 364.554922334222 -Inf 3152.85022187044 3267.72525380785 3400.1688085879 3621.47618153435 3867.36474003231 4113.25329853027 4334.56067147672 4467.00422625677 4581.87925819418 Inf
"72" 80.2020202020202 3793.22858254088 337.342920671239 -Inf 3132.0486075857 3238.34885594839 3360.90623442927 3565.69424024692 3793.22858254088 4020.76292483484 4225.55093065249 4348.10830913337 4454.40855749606 Inf 3805.53571417467 367.048037628805 -Inf 3086.13477982611 3201.79541821551 3335.1447269214 3557.96557496446 3805.53571417467 4053.10585338488 4275.92670142794 4409.27601013383 4524.93664852323 Inf
"73" 80.9090909090909 3764.38685354255 342.126406300446 -Inf 3093.83141903355 3201.63899326338 3325.93422193406 3533.62609922148 3764.38685354255 3995.14760786362 4202.83948515103 4327.13471382171 4434.94228805154 Inf 3766.79129846345 372.199149957194 -Inf 3037.29436947093 3154.5781767081 3289.79889514144 3515.74678678563 3766.79129846345 4017.83581014127 4243.78370178546 4379.0044202188 4496.28822745597 Inf
"74" 81.6161616161616 3670.26888599718 368.274884457268 -Inf 2948.46337605029 3064.51060658251 3198.30563127021 3421.87125117611 3670.26888599718 3918.66652081826 4142.23214072415 4276.02716541186 4392.07439594408 Inf 3694.54967114401 400.416951019181 -Inf 2909.74686834707 3035.92239696726 3181.39470069478 3424.4725418768 3694.54967114401 3964.62680041121 4207.70464159323 4353.17694532075 4479.35247394094 Inf
"75" 82.3232323232323 3450.73002816668 501.312572481347 -Inf 2468.17544110612 2626.14422508437 2808.27211607602 3112.59983638359 3450.73002816668 3788.86021994978 4093.18794025735 4275.315831249 4433.28461522725 Inf 3480.101495657 539.977325902524 -Inf 2421.7653844198 2591.91783267467 2788.09270828803 3115.89232399745 3480.101495657 3844.31066731654 4172.11028302596 4368.28515863932 4538.43760689419 Inf
"76" 83.030303030303 3057.79637677765 811.64861982041 -Inf 1466.99431382801 1722.7532006559 2017.62681737469 2510.34770194799 3057.79637677765 3605.24505160732 4097.96593618061 4392.83955289941 4648.5984397273 Inf 3048.09110772258 860.9971536062 -Inf 1360.56769586293 1631.87681681853 1944.67885758911 2467.3573526672 3048.09110772258 3628.82486277797 4151.50335785605 4464.30539862663 4735.61451958224 Inf
"77" 83.7373737373737 2500.87153860694 1233.15758231021 -Inf 83.9270900164465 472.507816741285 920.516508434097 1669.11938896212 2500.87153860694 3332.62368825175 4081.22656877977 4529.23526047258 4917.81598719742 Inf 2424.39952546254 1293.98077062388 -Inf -111.756181647648 295.990561696391 766.096443084898 1551.6227587259 2424.39952546254 3297.17629219917 4082.70260784018 4552.80848922868 4960.55523257272 Inf
"78" 84.4444444444444 1858.78233410172 1649.10999898559 -Inf -1373.41387045491 -853.762228971657 -254.637166853509 746.474542840075 1858.78233410172 2971.09012536337 3972.20183505696 4571.3268971751 5090.97853865836 Inf 1726.37788396464 1718.67873137302 -Inf -1642.17053052147 -1100.59706089863 -476.197534894666 567.146695773529 1726.37788396464 2885.60907215574 3928.95330282394 4553.3528288279 5094.92629845075 Inf
"79" 85.1515151515152 1243.29740859322 1971.08506782541 -Inf -2619.95833480928 -1998.8490142493 -1282.74974590002 -86.1792664195661 1243.29740859322 2572.77408360601 3769.34456308647 4485.44383143574 5106.55315199572 Inf 1091.99450975381 2045.54343831648 -Inf -2917.19695815872 -2272.62503384784 -1529.47488601016 -287.703572971508 1091.99450975381 2471.69259247913 3713.46390551778 4456.61405335546 5101.18597766634 Inf
"80" 85.8585858585859 744.374392239705 2170.23093882428 -Inf -3509.20008599043 -2825.33783880771 -2036.88846500388 -719.42413155569 744.374392239705 2208.1729160351 3525.63724948329 4314.08662328712 4997.94887046984 Inf 610.83626718946 2246.6136755986 -Inf -3792.44562415895 -3084.51438547768 -2268.31500594784 -904.481629652142 610.83626718946 2126.15416403106 3489.98754032676 4306.1869198566 5014.11815853787 Inf
"81" 86.5656565656566 397.903143406503 2268.58467109671 -Inf -4048.44110782268 -3333.58658089343 -2509.40509340796 -1132.23396470017 397.903143406503 1928.04025151318 3305.21138022097 4129.39286770643 4844.24739463569 Inf 301.193159419023 2345.40160498727 -Inf -4295.70951563847 -3556.6491772021 -2704.55993928324 -1280.75618323833 301.193159419023 1883.14250207638 3306.94625812128 4159.03549604014 4898.09583447652 Inf
"82" 87.2727272727273 189.738902324079 2307.12308285293 -Inf -4332.13924796868 -3605.14086833002 -2766.95829641018 -1366.39196950101 189.738902324079 1745.86977414917 3146.43610105834 3984.61867297818 4711.61705261684 Inf 130.446714761221 2383.92005425445 -Inf -4541.95073360027 -3790.75283284156 -2924.66976290174 -1477.48292712029 130.446714761221 1738.37635664273 3185.56319242418 4051.646262364 4802.84416312271 Inf
"83" 87.979797979798 80.7115402024594 2319.04247794343 -Inf -4464.52819518519 -3733.77389069733 -2891.26097797038 -1483.45884143971 80.7115402024594 1644.88192184463 3052.6840583753 3895.19697110224 4625.95127559011 Inf 49.3587373228987 2395.77950291928 -Inf -4646.28280329815 -3891.34786742987 -3020.95623534296 -1566.56998112602 49.3587373228987 1665.28745577181 3119.67370998876 3990.06534207566 4745.00027794395 Inf
"84" 88.6868686868687 30.6406409658123 2321.9501825976 -Inf -4520.29809082168 -3788.62753848048 -2945.05825065871 -1535.49095766219 30.6406409658123 1596.77223959381 3006.33953259034 3849.9088204121 4581.57937275331 Inf 16.1667485417168 2398.66093129559 -Inf -4685.12228792095 -3929.27938412664 -3057.84092317082 -1601.70546381295 16.1667485417168 1634.03896089638 3090.17442025425 3961.61288121007 4717.45578500438 Inf
"85" 89.3939393939394 10.3867232494252 2322.51137566583 -Inf -4541.65192674018 -3809.80453665057 -2966.03136623027 -1556.12339435098 10.3867232494252 1576.89684084983 2986.80481272912 3830.57798314942 4562.42537323903 Inf 4.50410915260107 2399.21509123113 -Inf -4697.8710608254 -3941.85353549564 -3070.21374709289 -1613.74187839855 4.50410915260107 1622.75009670376 3079.22196539809 3950.86175380083 4706.8792791306 Inf
"86" 90.1010101010101 3.14553224395709 2322.5974713544 -Inf -4549.06186219447 -3817.18734246165 -2973.38289330021 -1563.42265601592 3.14553224395709 1569.71372050384 2979.67395778812 3823.47840694956 4555.35292668238 Inf 1.02788531439171 2399.29984677148 -Inf -4701.51340247018 -3945.46916979179 -3073.79858952652 -1617.27526898 1.02788531439171 1619.33103960878 3075.8543601553 3947.52494042057 4703.56917309896 Inf
"87" 90.8080808080808 0.851329676629415 2322.6080199778 -Inf -4551.37673968374 -3819.49889597043 -2975.69061447236 -1565.72397352161 0.851329676629415 1567.42663287487 2977.39327382562 3821.20155532369 4553.079399037 Inf 0.173100537189734 2399.31020336245 -Inf -4702.38848579268 -3946.34098964521 -3074.66664680909 -1618.13703917166 0.173100537189734 1618.48324024604 3075.01284788347 3946.68719071958 4702.73468686706 Inf
"88" 91.5151515151515 0.205943887802961 2322.60905634612 -Inf -4552.02415671716 -3820.14598643346 -2976.33732842064 -1566.37005833025 0.205943887802961 1566.78194610586 2976.74921619625 3820.55787420906 4552.43604449277 Inf 0.012030252531167 2399.31121847312 -Inf -4702.5515456577 -3946.50372963834 -3074.82901801042 -1618.29879413806 0.012030252531167 1618.32285464312 3074.85307851549 3946.5277901434 4702.57560616277 Inf
"89" 92.2222222222222 0.044523194339691 2322.60913826547 -Inf -4552.18573796958 -3820.30754187225 -2976.49885409796 -1566.53153427747 0.044523194339691 1566.62058066615 2976.58790048664 3820.39658826092 4552.27478435826 Inf -0.00509947052864662 2399.31129854603 -Inf -4702.56883232078 -3946.52099106962 -3074.84625035104 -1618.31597786948 -0.00509947052864662 1618.30577892842 3074.83605140999 3946.51079212856 4702.55863337972 Inf
"90" 92.9292929292929 0.00859798790378115 2322.60914348942 -Inf -4552.22167341479 -3820.34347567133 -2976.53478599917 -1566.56746300741 0.00859798790378115 1566.58465898322 2976.55198197498 3820.36067164713 4552.23886939059 Inf -0.00279069807528391 2399.31130364288 -Inf -4702.56653353797 -3946.51869068074 -3074.84394811047 -1618.3136725348 -0.00279069807528391 1618.30809113865 3074.83836671432 3946.51310928459 4702.56095214182 Inf
"91" 93.6363636363636 0.00148173786426891 2322.60914375878 -Inf -4552.22879019276 -3820.35059236442 -2976.54190259441 -1566.57457943913 0.00148173786426891 1566.57754291486 2976.54486607013 3820.35355584015 4552.23175366848 Inf -0.000866187553919622 2399.31130390526 -Inf -4702.5646095417 -3946.51676660179 -3074.8420239362 -1618.31174820125 -0.000866187553919622 1618.31001582614 3074.84029156109 3946.51503422668 4702.56287716659 Inf
"92" 94.3434343434343 0.000227528827627203 2322.60914377003 -Inf -4552.23004442384 -3820.35184659196 -2976.54315681786 -1566.57583365576 0.000227528827627203 1566.57628871341 2976.54361187552 3820.35230164961 4552.2304994815 Inf -0.000207847970652799 2399.3113039162 -Inf -4702.56395122357 -3946.51610828021 -3074.84136561064 -1618.31108986905 -0.000207847970652799 1618.3106741731 3074.8409499147 3946.51569258426 4702.56353552762 Inf
"93" 95.0505050505051 3.1055623980254e-05 2322.60914377041 -Inf -4552.23024089779 -3820.35204306579 -2976.54335329155 -1566.57603012922 3.1055623980254e-05 1566.57609224046 2976.5434154028 3820.35210517704 4552.23030300904 Inf -4.16319236219613e-05 2399.31130391657 -Inf -4702.56378500824 -3946.51594206477 -3074.84119939507 -1618.31092365325 -4.16319236219613e-05 1618.3108403894 3074.84111613122 3946.51585880092 4702.5637017444 Inf
"94" 95.7575757575758 3.75364871774613e-06 2322.60914377042 -Inf -4552.23026819979 -3820.35207036778 -2976.54338059354 -1566.5760574312 3.75364871774613e-06 1566.5760649385 2976.54338810084 3820.35207787508 4552.23027570709 Inf -7.18154312213487e-06 2399.31130391658 -Inf -4702.56375055788 -3946.5159076144 -3074.8411649447 -1618.31088920288 -7.18154312213487e-06 1618.31087483979 3074.84115058161 3946.51589325132 4702.5637361948 Inf
"95" 96.4646464646465 3.99389335714217e-07 2322.60914377042 -Inf -4552.23027155405 -3820.35207372204 -2976.5433839478 -1566.57606078546 3.99389335714217e-07 1566.57606158424 2976.54338474658 3820.35207452082 4552.23027235283 Inf -1.08399974682662e-06 2399.31130391658 -Inf -4702.56374446034 -3946.51590151686 -3074.84115884716 -1618.31088310533 -1.08399974682662e-06 1618.31088093733 3074.84115667916 3946.51589934886 4702.56374229234 Inf
"96" 97.1717171717172 3.70402733551765e-08 2322.60914377042 -Inf -4552.2302719164 -3820.35207408439 -2976.54338431015 -1566.57606114781 3.70402733551765e-08 1566.57606122189 2976.54338438423 3820.35207415847 4552.23027199048 Inf -1.44504337429348e-07 2399.31130391658 -Inf -4702.56374352085 -3946.51590057737 -3074.84115790766 -1618.31088216584 -1.44504337429348e-07 1618.31088187683 3074.84115761865 3946.51590028835 4702.56374323184 Inf
"97" 97.8787878787879 2.94109127910207e-09 2322.60914377042 -Inf -4552.2302719505 -3820.35207411849 -2976.54338434425 -1566.57606118191 2.94109127910207e-09 1566.57606118779 2976.54338435013 3820.35207412437 4552.23027195638 Inf -1.71131432849191e-08 2399.31130391658 -Inf -4702.56374339345 -3946.51590044997 -3074.84115778027 -1618.31088203845 -1.71131432849191e-08 1618.31088200422 3074.84115774604 3946.51590041575 4702.56374335923 Inf
"98" 98.5858585858586 1.9261854279536e-10 2322.60914377042 -Inf -4552.23027195325 -3820.35207412124 -2976.543384347 -1566.57606118465 1.9261854279536e-10 1566.57606118504 2976.54338434738 3820.35207412162 4552.23027195363 Inf -1.80763030803784e-09 2399.31130391658 -Inf -4702.56374337815 -3946.51590043467 -3074.84115776496 -1618.31088202314 -1.80763030803784e-09 1618.31088201952 3074.84115776135 3946.51590043105 4702.56374337453 Inf
"99" 99.2929292929293 9.41155073202198e-12 2322.60914377042 -Inf -4552.23027195343 -3820.35207412142 -2976.54338434718 -1566.57606118484 9.41155073202198e-12 1566.57606118486 2976.5433843472 3820.35207412144 4552.23027195345 Inf -1.70786663635789e-10 2399.31130391658 -Inf -4702.56374337651 -3946.51590043303 -3074.84115776333 -1618.3108820215 -1.70786663635789e-10 1618.31088202116 3074.84115776299 3946.51590043269 4702.56374337617 Inf
"100" 100 2.02641290537098e-13 2322.60914377042 -Inf -4552.23027195344 -3820.35207412143 -2976.54338434719 -1566.57606118485 2.02641290537098e-13 1566.57606118485 2976.54338434719 3820.35207412143 4552.23027195344 Inf -1.44635220264621e-11 2399.31130391658 -Inf -4702.56374337636 -3946.51590043288 -3074.84115776317 -1618.31088202135 -1.44635220264621e-11 1618.31088202132 3074.84115776314 3946.51590043284 4702.56374337633 Inf
