"mid_age" "mean_left" "std_left" "min_left" "l.q2.5" "l.q5" "l.q10" "l.q25" "l.q50" "l.q75" "l.q90" "l.q95" "l.q97.5" "max_left" "mean_right" "std_right" "min_right" "r.q2.5" "r.q5" "r.q10" "r.q25" "r.q50" "r.q75" "r.q90" "r.q95" "r.q97.5" "max_right"
"1" 30 5.51162784870638e-08 2321.23909608594 -Inf -4549.54502777963 -3818.0985461634 -2974.78759753715 -1565.65197800927 5.51162784870638e-08 1565.6519781195 2974.78759764739 3818.09854627363 4549.54502788987 Inf 4.13319719521295e-08 2391.96844437064 -Inf -4688.17200308143 -3934.43797123519 -3065.43090457515 -1613.35819847913 4.13319719521295e-08 1613.3581985618 3065.43090465781 3934.43797131785 4688.17200316409 Inf
"2" 30.7070707070707 5.03984549189631e-07 2321.23909608594 -Inf -4549.54502733077 -3818.09854571453 -2974.78759708828 -1565.6519775604 5.03984549189631e-07 1565.65197856837 2974.78759809625 3818.0985467225 4549.54502833873 Inf 3.82871926564248e-07 2391.96844437064 -Inf -4688.17200273989 -3934.43797089365 -3065.43090423361 -1613.35819813759 3.82871926564248e-07 1613.35819890334 3065.43090499935 3934.43797165939 4688.17200350563 Inf
"3" 31.4141414141414 4.16387746423097e-06 2321.23909608594 -Inf -4549.54502367087 -3818.09854205464 -2974.78759342839 -1565.65197390051 4.16387746423097e-06 1565.65198222826 2974.78760175615 3818.09855038239 4549.54503199863 Inf 3.20701687813314e-06 2391.96844437064 -Inf -4688.17199991574 -3934.43796806951 -3065.43090140946 -1613.35819531345 3.20701687813314e-06 1613.35820172748 3065.4309078235 3934.43797448354 4688.17200632977 Inf
"4" 32.1212121212121 3.1077547467614e-05 2321.23909608594 -Inf -4549.5449967572 -3818.09851514097 -2974.78756651472 -1565.65194698684 3.1077547467614e-05 1565.65200914193 2974.78762866982 3818.09857729606 4549.5450589123 Inf 2.42860098604266e-05 2391.96844437064 -Inf -4688.17197883675 -3934.43794699051 -3065.43088033047 -1613.35817423445 2.42860098604266e-05 1613.35822280647 3065.43092890249 3934.43799556253 4688.17202740877 Inf
"5" 32.8282828282828 0.000209496255378485 2321.23909608593 -Inf -4549.54481833848 -3818.09833672225 -2974.78738809601 -1565.65176856812 0.000209496255378485 1565.65218756063 2974.78780708852 3818.09875571476 4549.54523733099 Inf 0.000166237900820787 2391.96844437064 -Inf -4688.17183688484 -3934.43780503861 -3065.43073837857 -1613.35803228256 0.000166237900820787 1613.35836475836 3065.43107085437 3934.43813751441 4688.17216936065 Inf
"6" 33.5353535353535 0.00127522010118389 2321.2390960857 -Inf -4549.54375261418 -3818.09727099802 -2974.78632237186 -1565.65070284412 0.00127522010118389 1565.65325328432 2974.78887281207 3818.09982143822 4549.54630305439 Inf 0.00102829385731123 2391.96844437041 -Inf -4688.17097482845 -3934.43694298229 -3065.42987632233 -1613.35717022645 0.00102829385731123 1613.35922681417 3065.43193291005 3934.43899957 4688.17303141617 Inf
"7" 34.2424242424242 0.00700738428704765 2321.23909607882 -Inf -4549.5380204365 -3818.09153882251 -2974.78059019885 -1565.64497067529 0.00700738428704765 1565.65898544387 2974.79460496743 3818.10555359108 4549.55203520508 Inf 0.00574635361847226 2391.96844436381 -Inf -4688.16625675575 -3934.43222491166 -3065.4251582541 -1613.35245216224 0.00574635361847226 1613.36394486947 3065.43665096134 3934.4437176189 4688.17774946298 Inf
"8" 34.9494949494949 0.0347498602329805 2321.23909591217 -Inf -4549.51027763393 -3818.06379607245 -2974.75284750934 -1565.61722808694 0.0347498602329805 1565.68672780741 2974.8223472298 3818.13329579291 4549.57977735439 Inf 0.0290006607103341 2391.96844420365 -Inf -4688.14300213475 -3934.40897034113 -3065.40190374176 -1613.32919774712 0.0290006607103341 1613.38719906854 3065.45990506318 3934.46697166255 4688.20100345617 Inf
"9" 35.6565656565657 0.155460924332366 2321.23909264018 -Inf -4549.38956015686 -3817.94307962642 -2974.63213225202 -1565.49651481592 0.155460924332366 1565.80743666459 2974.94305410069 3818.25400147508 4549.70048200552 Inf 0.13212722851599 2391.96844105285 -Inf -4688.03986939148 -3934.30583859072 -3065.29877313604 -1613.22606905413 0.13212722851599 1613.49032351116 3065.56302759307 3934.57009304775 4688.30412384851 Inf
"10" 36.3636363636364 0.627169275162367 2321.23904061024 -Inf -4548.91774982922 -3817.47128569395 -2974.16035722214 -1565.02477137143 0.627169275162367 1566.27910992176 2975.41469577247 3818.72562424427 4550.17208837955 Inf 0.543186187237609 2391.96839083748 -Inf -4687.62871201245 -3933.89469703507 -3064.88764982373 -1612.81497622566 0.543186187237609 1613.90134860013 3065.97402219821 3934.98106940954 4688.71508438692 Inf
"11" 37.0707070707071 2.28059769124723 2321.23837176211 -Inf -4547.26301049489 -3815.8167571206 -2972.50607164269 -1563.37089182414 2.28059769124723 1567.93208720664 2977.06726702518 3820.37795250309 4551.82420587739 Inf 2.01397848740772 2391.9677436743 -Inf -4686.15665129575 -3932.42284024619 -3063.41602815057 -1611.34374742055 2.01397848740772 1615.37170439537 3067.44398512539 3936.450797221 4690.18460827056 Inf
"12" 37.7777777777778 7.47142274903333 2321.2314366523 -Inf -4542.05859287163 -3810.61452482227 -2967.30635888406 -1558.17538910587 7.47142274903333 1573.11823460393 2982.24920438213 3825.55737032034 4557.0014383697 Inf 6.73078382607666 2391.96101401111 -Inf -4681.4266560596 -3927.69496559662 -3058.69059840151 -1606.62240299304 6.73078382607666 1620.08397064519 3072.15216605366 3941.15653324877 4694.88822371175 Inf
"13" 38.4848484848485 22.0411765303 2321.1735964362 -Inf -4527.37547434996 -3795.94963235177 -2952.6624798833 -1543.56662269169 22.0411765303 1587.64897575229 2996.7448329439 3840.03198541237 4571.45782741056 Inf 20.2637678572569 2391.90470219216 -Inf -4667.78330289138 -3914.0693568658 -3045.0854478706 -1593.05143721717 20.2637678572569 1633.57897293168 3085.61298358511 3954.59689258031 4708.31083860589 Inf
"14" 39.1919191919192 58.5255026449054 2320.78688033859 -Inf -4490.13319861181 -3758.82921486143 -2915.68255714839 -1506.82146053302 58.5255026449054 1623.87246582283 3032.7335624382 3875.88022015123 4607.18420390162 Inf 54.923171823798 2391.52678497657 -Inf -4632.38319479315 -3878.78833439651 -3009.94172350477 -1558.13713196229 54.923171823798 1667.98347560988 3119.78806715237 3988.6346780441 4742.22953844074 Inf
"15" 39.8989898989899 139.826157731025 2318.72236277017 -Inf -4404.78616344612 -3674.13273056497 -2831.73611634036 -1424.12830950789 139.826157731025 1703.78062496994 3111.38843180241 3953.78504602702 4684.43847890817 Inf 133.946981782408 2389.50053495041 -Inf -4549.38800775959 -3796.43163973326 -2928.32116965295 -1477.7466371297 133.946981782408 1745.64060069451 3196.21513321777 4064.32560329807 4817.2819713244 Inf
"16" 40.6060606060606 300.559662408476 2309.95784589051 -Inf -4226.87452134264 -3498.98287850954 -2659.77043133454 -1257.48322802969 300.559662408476 1858.60255284664 3260.88975615149 4100.10220332649 4827.99384615959 Inf 293.82063318512 2380.85625915364 -Inf -4372.57188712277 -3622.33941993385 -2757.36943306988 -1312.04251030419 293.82063318512 1899.68377667443 3345.01069944012 4209.98068630409 4960.21315349301 Inf
"17" 41.3131313131313 581.49539611083 2280.45520328708 -Inf -3888.11467068882 -3169.51961611628 -2341.02553981606 -956.648264287629 581.49539611083 2119.63905650929 3504.01633203772 4332.51040833794 5051.10546291048 Inf 579.666540102284 2351.59877445764 -Inf -4029.38236392322 -3288.36923319901 -2434.02855083667 -1006.46272984306 579.666540102284 2165.79581004763 3593.36163104124 4447.70231340357 5188.71544412779 Inf
"18" 42.020202020202 1013.82376011766 2201.6842458554 -Inf -3301.39806708815 -2607.62455707951 -1807.74813199321 -471.189696879998 1013.82376011766 2498.83721711531 3835.39565222853 4635.27207731482 5329.04558732347 Inf 1029.10791569318 2273.01741663897 -Inf -3425.92435715148 -2709.6730261893 -1883.88111311063 -504.019033846979 1029.10791569318 2562.23486523335 3942.096944497 4767.88885757566 5484.14018853784 Inf
"19" 42.7272727272727 1596.83851883346 2034.0862833605 -Inf -2389.89733800006 -1748.9356818843 -1009.94794205999 224.868169692359 1596.83851883346 2968.80886797456 4203.62497972691 4942.61271955123 5583.57437566699 Inf 1646.72841633391 2104.77703407086 -Inf -2478.55876593201 -1815.32172208171 -1050.65188680192 227.077880405006 1646.72841633391 3066.37895226282 4344.10871946975 5108.77855474953 5772.01559859984 Inf
"20" 43.4343434343434 2282.04896094361 1747.95297808725 -Inf -1143.87592277693 -593.077834803831 41.9570853775463 1103.07259339904 2282.04896094361 3461.02532848817 4522.14083650967 5157.17575669104 5707.97384466414 Inf 2382.70479672942 1815.70121973417 -Inf -1176.00420063499 -603.857940010538 55.7900560178578 1158.0329346002 2382.70479672942 3607.37665885865 4709.61953744099 5369.26753346938 5941.41379409384 Inf
"21" 44.1414141414141 2979.03717413943 1354.69852239389 -Inf 323.876860337783 750.756396154045 1242.92116192459 2065.30690617898 2979.03717413943 3892.76744209989 4715.15318635428 5207.31795212482 5634.19748794108 Inf 3135.22909680483 1415.81224083858 -Inf 360.288095890278 806.425197379212 1320.79270304095 2180.27825215707 3135.22909680483 4090.1799414526 4949.66549056872 5464.03299623045 5910.17009771939 Inf
"22" 44.8484848484848 3585.81690539146 924.621213499142 -Inf 1773.59262759142 2064.95034881112 2400.86714169589 2962.16937407243 3585.81690539146 4209.46443671049 4770.76666908703 5106.68346197179 5398.0411831915 Inf 3785.11260793593 975.651078845552 -Inf 1872.871631921 2180.30939225771 2534.76544041614 3127.04595548686 3785.11260793593 4443.17926038501 5035.45977545573 5389.91582361416 5697.35358395086 Inf
"23" 45.5555555555556 4026.817586844 571.234333206588 -Inf 2907.21886702634 3087.22072202994 3294.75133283027 3641.52588413606 4026.817586844 4412.10928955194 4758.88384085773 4966.41445165806 5146.41630666167 Inf 4245.57942758225 611.702212433209 -Inf 3046.66512194969 3239.41882484725 3461.65149959138 3832.99255512379 4245.57942758225 4658.16630004072 5029.50735557313 5251.74003031726 5444.49373321481 Inf
"24" 46.2626262626263 4275.79984196706 391.60361028495 -Inf 3508.2708695927 3631.66922326257 3773.93962213346 4011.66722069008 4275.79984196706 4539.93246324404 4777.66006180065 4919.93046067155 5043.32881434142 Inf 4494.41024307958 424.81332286907 -Inf 3661.79143010342 3795.65450818109 3949.99006409252 4207.87801105766 4494.41024307958 4780.94247510151 5038.83042206664 5193.16597797808 5327.02905605574 Inf
"25" 46.969696969697 4357.02080450177 350.55831960479 -Inf 3669.9391235955 3780.40368104182 3907.76224119756 4120.57281108237 4357.02080450177 4593.46879792116 4806.27936780597 4933.63792796172 5044.10248540804 Inf 4569.86048277566 380.82446823501 -Inf 3823.45824060342 3943.45997496744 4081.81428931139 4312.99828232727 4569.86048277566 4826.72268322405 5057.90667623993 5196.26099058388 5316.2627249479 Inf
"26" 47.6767676767677 4334.10449179449 341.654945491718 -Inf 3664.47310349072 3772.13211553653 3896.25606152352 4103.66173295652 4334.10449179449 4564.54725063245 4771.95292206545 4896.07686805245 5003.73588009825 Inf 4542.70258611195 371.197870300794 -Inf 3815.16812918443 3932.13642283103 4066.99337430115 4292.33342729945 4542.70258611195 4793.07174492445 5018.41179792276 5153.26874939288 5270.23704303948 Inf
"27" 48.3838383838384 4289.76738351551 336.336352064076 -Inf 3630.56024677834 3736.54331494729 3858.73500497824 4062.91196142995 4289.76738351551 4516.62280560108 4720.79976205279 4842.99145208374 4948.97452025269 Inf 4487.85019090175 365.510247921284 -Inf 3771.46326899573 3886.63933392049 4019.42996045563 4241.31727508722 4487.85019090175 4734.38310671629 4956.27042134787 5089.06104788301 5204.23711280777 Inf
"28" 49.0909090909091 4288.86203013132 334.493807411964 -Inf 3633.2662145522 3738.66867781695 3860.19096757754 4063.24938552789 4288.86203013132 4514.47467473475 4717.5330926851 4839.0553824457 4944.45784571045 Inf 4461.91149496905 363.515008779603 -Inf 3749.43516992127 3863.98251432663 3996.04826636859 4216.72434750477 4461.91149496905 4707.09864243333 4927.77472356951 5059.84047561148 5174.38782001684 Inf
"29" 49.7979797979798 4337.4464708988 333.939739726033 -Inf 3682.9366080291 3788.16447882721 3909.48547465535 4112.20753927044 4337.4464708988 4562.68540252716 4765.40746714226 4886.7284629704 4991.95633376851 Inf 4482.69008937226 362.918511746896 -Inf 3771.38287702547 3885.74225903755 4017.59130247791 4237.90527304256 4482.69008937226 4727.47490570196 4947.78887626661 5079.63791970697 5193.99730171905 Inf
"30" 50.5050505050505 4382.17752785117 333.657166963285 -Inf 3728.22149741946 3833.36032661325 3954.57866317419 4157.12918865497 4382.17752785117 4607.22586704737 4809.77639252814 4930.99472908908 5036.13355828287 Inf 4523.33596228575 362.611846216258 -Inf 3812.62980333431 3926.89255186137 4058.63018308228 4278.75798871321 4523.33596228575 4767.91393585829 4988.04174148921 5119.77937271013 5234.04212123719 Inf
"31" 51.2121212121212 4370.46700173758 333.429065937481 -Inf 3716.95804110129 3822.02499329927 3943.16046028733 4145.5725143453 4370.46700173758 4595.36148912986 4797.77354318783 4918.90901017589 5023.97596237387 Inf 4540.57410493465 362.366379755895 -Inf 3830.34905140493 3944.53445090789 4076.18290365775 4296.16169597364 4540.57410493465 4784.98651389566 5004.96530621154 5136.61375896141 5250.79915846437 Inf
"32" 51.9191919191919 4313.91873508664 333.218687604199 -Inf 3660.82210840671 3765.82276821287 3886.88180431876 4089.16614572382 4313.91873508664 4538.67132444946 4740.95566585452 4862.01470196042 4967.01536176657 Inf 4520.01917599649 362.138745818686 -Inf 3810.24027678536 3924.35394647696 4055.91969934819 4275.76030379292 4520.01917599649 4764.27804820005 4984.11865264478 5115.68440551601 5229.79807520761 Inf
"33" 52.6262626262626 4274.07882402241 333.027778056489 -Inf 3621.3563731803 3726.29687541061 3847.28655368428 4049.45500119274 4274.07882402241 4498.70264685209 4700.87109436055 4821.86077263422 4926.80127486453 Inf 4487.75458248384 361.932992726619 -Inf 3778.37895192287 3892.42778668406 4023.9187890328 4243.63448863194 4487.75458248384 4731.87467633573 4951.59037593488 5083.08137828362 5197.13021304481 Inf
"34" 53.3333333333333 4282.48572293367 332.935529021873 -Inf 3629.94407687701 3734.85551048103 3855.81167449027 4057.9241211323 4282.48572293367 4507.04732473503 4709.15977137707 4830.1159353863 4935.02736899033 Inf 4472.18632386036 361.833441852334 -Inf 3763.00580942761 3877.02327467721 4008.47810998811 4228.13337605279 4472.18632386036 4716.23927166793 4935.89453773261 5067.3493730435 5181.3668382931 Inf
"35" 54.040404040404 4301.72734871008 332.965084231062 -Inf 3649.12777550785 3754.04852226441 3875.01542374207 4077.14581222305 4301.72734871008 4526.3088851971 4728.43927367808 4849.40617515574 4954.3269219123 Inf 4468.48008776683 361.865041360211 -Inf 3759.23763943672 3873.26506201855 4004.73137749579 4224.40582641509 4468.48008776683 4712.55434911858 4932.22879803787 5063.69511351512 5177.72253609694 Inf
"36" 54.7474747474747 4283.19796907864 332.980642663582 -Inf 3630.56790190902 3735.49355128881 3856.46610517708 4058.60593858835 4283.19796907864 4507.78999956893 4709.9298329802 4830.90238686846 4935.82803624826 Inf 4455.38333263323 361.881671725887 -Inf 3746.10828938535 3860.14095236765 3991.61330969103 4211.2978542703 4455.38333263323 4699.46881099617 4919.15335557544 5050.62571289882 5164.65837588112 Inf
"37" 55.4545454545455 4238.83275902301 332.926945143803 -Inf 3586.30793705821 3691.21666579335 3812.16971126199 4014.27694695942 4238.83275902301 4463.3885710866 4665.49580678403 4786.44885225267 4891.3575809878 Inf 4435.22608707904 361.823984870912 -Inf 3726.06410798929 3840.07859324609 3971.52999281614 4191.17951790851 4435.22608707904 4679.27265624958 4898.92218134195 5030.373580912 5144.3880661688 Inf
"38" 56.1616161616162 4222.11893781257 332.899569185018 -Inf 3569.64777174103 3674.54787402801 3795.49097375438 3997.58159055258 4222.11893781257 4446.65628507255 4648.74690187075 4769.69000159713 4874.5901038841 Inf 4432.32575316435 361.794464637381 -Inf 3723.22163266914 3837.22681579459 3968.66749060295 4188.29909508876 4432.32575316435 4676.35241123994 4895.98401572576 5027.42469053411 5141.42987365957 Inf
"39" 56.8686868686869 4248.06321676202 332.901205820924 -Inf 3595.58884294305 3700.48946095095 3821.43315527053 4023.52476560789 4248.06321676202 4472.60166791615 4674.69327825351 4795.63697257308 4900.53759058098 Inf 4451.96516812536 361.795929227581 -Inf 3742.8581770861 3856.86382171909 3988.30502861609 4207.93752219869 4451.96516812536 4695.99281405203 4915.62530763463 5047.06651453162 5161.07215916462 Inf
"40" 57.5757575757576 4271.88596737728 332.886110048885 -Inf 3619.44118072783 3724.33704190161 3845.27525189608 4047.35769816667 4271.88596737728 4496.4142365879 4698.49668285849 4819.43489285296 4924.33075402674 Inf 4466.32146543387 361.779986890452 -Inf 3757.24572080121 3871.24634183865 4002.6817568517 4222.30457245018 4466.32146543387 4710.33835841755 4929.96117401603 5061.39658902908 5175.39721006653 Inf
"41" 58.2828282828283 4254.68495987275 332.896737900498 -Inf 3602.2193430169 3707.1185531368 3828.06062425168 4030.14952228515 4254.68495987275 4479.22039746035 4681.30929549382 4802.2513666087 4907.1505767286 Inf 4451.14115499225 361.791146672168 -Inf 3742.04353758936 3856.04767518961 3987.48714457436 4207.11673485019 4451.14115499225 4695.16557513432 4914.79516541015 5046.2346347949 5160.23877239515 Inf
"42" 58.989898989899 4214.22952625307 332.87322339052 -Inf 3561.8099969899 3666.70179744415 3787.63532568907 3989.70994896143 4214.22952625307 4438.74910354471 4640.82372681707 4761.757255062 4866.64905551625 Inf 4416.73105386032 361.765677717512 -Inf 3707.68335469127 3821.67946676011 3953.10968322114 4172.72381226712 4416.73105386032 4660.73829545352 4880.3524244995 5011.78264096052 5125.77875302936 Inf
"43" 59.6969696969697 4190.34387131032 332.803588275828 -Inf 3538.060824364 3642.93068207236 3763.83891173657 3965.8712621898 4190.34387131032 4414.81648043084 4616.84883088407 4737.75706054828 4842.62691825664 Inf 4388.99047407922 361.690804111746 -Inf 3680.08952448086 3794.06204310102 3925.46505782672 4145.03373396567 4388.99047407922 4632.94721419277 4852.51589033171 4983.91890505742 5097.89142367757 Inf
"44" 60.4040404040404 4188.52762895455 332.773713770403 -Inf 3536.30313496292 3641.16357890519 3762.0609551 3964.07516988173 4188.52762895455 4412.98008802737 4614.9943028091 4735.89167900391 4840.75212294618 Inf 4376.1429031193 361.658352721769 -Inf 3667.30555707655 3781.2678499276 3912.65907499644 4132.20805113567 4376.1429031193 4620.07775510293 4839.62673124217 4971.017956311 5084.98024916205 Inf
"45" 61.1111111111111 4186.90237736652 332.765252495339 -Inf 3534.69446716928 3639.55224487614 3760.44654707228 3962.45562533701 4186.90237736652 4411.34912939604 4613.35820766077 4734.2525098569 4839.11028756377 Inf 4370.63199302351 361.649193591002 -Inf 3661.8125985472 3775.77200526128 3907.15990279902 4126.7033187797 4370.63199302351 4614.56066726732 4834.104083248 4965.49198078575 5079.45138749983 Inf
"46" 61.8181818181818 4179.36490363522 332.740424348217 -Inf 3527.20565571214 3632.05560981269 3752.94089189179 3954.93489793645 4179.36490363522 4403.79490933399 4605.78891537865 4726.67419745776 4831.5241515583 Inf 4369.3768550325 361.622330578751 -Inf 3660.61011109272 3774.5610529934 3905.93919114342 4125.46629961512 4369.3768550325 4613.28741044989 4832.81451892159 4964.19265707161 5078.14359897229 Inf
"47" 62.5252525252525 4177.03701237134 332.708611292062 -Inf 3524.94011689256 3629.7800463696 3750.65377069983 3952.62846425287 4177.03701237134 4401.44556048981 4603.42025404285 4724.29397837307 4829.13390785012 Inf 4371.01718740372 361.588067264025 -Inf 3662.31759832678 3776.25774350211 3907.62343371926 4127.12974224092 4371.01718740372 4614.90463256651 4834.41094108818 4965.77663130532 5079.71677648065 Inf
"48" 63.2323232323232 4175.55872243458 332.699693516863 -Inf 3523.47930547401 3628.31642486772 3749.18690935183 3951.15618926408 4175.55872243458 4399.96125560508 4601.93053551732 4722.80102000143 4827.63813939514 Inf 4362.5687238646 361.57840244476 -Inf 3653.88807748534 3767.82517717601 3899.1873561444 4118.68779752333 4362.5687238646 4606.44965020586 4825.95009158479 4957.31227055318 5071.24937024386 Inf
"49" 63.9393939393939 4156.3840084353 332.716996528355 -Inf 3504.27067819538 3609.11324994723 3729.99002065109 3931.9698045609 4156.3840084353 4380.7982123097 4582.77799621951 4703.65476692336 4808.49733867521 Inf 4332.20872063005 361.597049098113 -Inf 3623.49152748178 3737.43450292606 3868.80345626205 4088.31521731222 4332.20872063005 4576.10222394787 4795.61398499804 4926.98293833403 5040.92591377831 Inf
"50" 64.6464646464646 4122.08693687177 332.723198236777 -Inf 3469.9614515067 3574.80597748111 3695.68500127842 3897.6685500086 4122.08693687177 4346.50532373493 4548.48887246512 4669.36789626242 4774.21242223683 Inf 4292.25080428643 361.603598472049 -Inf 3583.52077460113 3697.46581382097 3828.83714655801 4048.35288348301 4292.25080428643 4536.14872508984 4755.66446201484 4887.03579475188 5000.98083397172 Inf
"51" 65.3535353535354 4099.14041573571 332.671173468231 -Inf 3447.1168970433 3551.94502947428 3672.80515256594 3874.75711904568 4099.14041573571 4323.52371242573 4525.47567890548 4646.33580199713 4751.16393442812 Inf 4268.01316186202 361.547442130945 -Inf 3559.39319658278 3673.3205403579 3804.67147138046 4024.15311793508 4268.01316186202 4511.87320578895 4731.35485234357 4862.70578336613 4976.63312714125 Inf
"52" 66.0606060606061 4098.13521809847 332.61617075366 -Inf 3446.21950274567 3551.0303032516 3671.87044374366 3873.78902017565 4098.13521809847 4322.48141602128 4524.39999245327 4645.24013294534 4750.05093345127 Inf 4263.74706455748 361.488294430193 -Inf 3555.24302664149 3669.15173236347 3800.48117490442 4019.92691514845 4263.74706455748 4507.56721396651 4727.01295421054 4858.34239675148 4972.25110247347 Inf
"53" 66.7676767676768 4097.72803940076 332.623426048463 -Inf 3445.79810393145 3550.61119065592 3671.45396701154 3873.37694785596 4097.72803940076 4322.07913094555 4524.00211178997 4644.84488814559 4749.65797487006 Inf 4259.32507958097 361.495828759746 -Inf 3550.80627465041 3664.71735451767 3796.04953429607 4015.49984834388 4259.32507958097 4503.15031081805 4722.60062486586 4853.93280464426 4967.84388451153 Inf
"54" 67.4747474747475 4078.9223318743 332.623488547479 -Inf 3426.99227390917 3531.80538032773 3652.64817938937 3854.57119817456 4078.9223318743 4303.27346557404 4505.19648435923 4626.03928342087 4730.85238983943 Inf 4242.29548439966 361.495958410342 -Inf 3533.7764253586 3647.68754608011 3779.01977296084 3998.47016571458 4242.29548439966 4486.12080308475 4705.57119583848 4836.90342271921 4950.81454344072 Inf
"55" 68.1818181818182 4052.42797472114 332.60421741518 -Inf 3400.53568748126 3505.34272136642 3626.17851918598 3828.08983920261 4052.42797472114 4276.76611023967 4478.6774302563 4599.51322807585 4704.32026196102 Inf 4222.58593784299 361.475213500256 -Inf 3514.10753807856 3628.01212186403 3759.33681207616 3978.77461138712 4222.58593784299 4466.39726429885 4685.83506360981 4817.15975382194 4931.06433760741 Inf
"56" 68.8888888888889 4037.29264961532 332.609023416469 -Inf 3385.390942786 3490.19949109196 3611.03703494169 3812.95127249819 4037.29264961532 4261.63402673246 4463.54826428896 4584.38580813869 4689.19435644464 Inf 4209.54266217505 361.480380851722 -Inf 3501.05413458786 3614.9603466593 3746.28691418087 3965.72785039359 4209.54266217505 4453.35747395652 4672.79841016924 4804.12497769081 4918.03118976225 Inf
"57" 69.5959595959596 4029.87669078951 332.622588007411 -Inf 3377.94839785048 3482.76122049953 3603.60369239312 3805.52616449482 4029.87669078951 4254.2272170842 4456.1496891859 4576.99216107948 4681.80498372854 Inf 4194.21316915462 361.494952502784 -Inf 3485.69608165615 3599.60688540577 3730.93874683821 3950.38852894388 4194.21316915462 4438.03780936537 4657.48759147104 4788.81945290348 4902.7302566531 Inf
"58" 70.3030303030303 4011.68646168114 332.627030238177 -Inf 3359.7494621298 3464.56368457178 3585.40777033695 3787.33293914733 4011.68646168114 4236.03998421495 4437.96515302533 4558.80923879051 4663.62346123249 Inf 4166.00439183161 361.49984685446 -Inf 3457.47771158012 3571.39005759065 3702.72369715114 3922.17645043082 4166.00439183161 4409.8323332324 4629.28508651208 4760.61872607257 4874.5310720831 Inf
"59" 71.010101010101 3978.34749916723 332.628291980173 -Inf 3326.40802664702 3431.22264667697 3552.06719083562 3753.99312560138 3978.34749916723 4202.70187273309 4404.62780749885 4525.47235165749 4630.28697168745 Inf 4132.30583600812 361.501100045168 -Inf 3423.77669954798 3537.68944045188 3669.02353529914 3888.47704934305 4132.30583600812 4376.1346226732 4595.5881367171 4726.92223156436 4840.83497246826 Inf
"60" 71.7171717171717 3944.04780678498 332.615830203912 -Inf 3292.13275889742 3396.9434520926 3517.78346886224 3719.70183855948 3944.04780678498 4168.39377501048 4370.31214470772 4491.15216147736 4595.96285467254 Inf 4108.06414792582 361.487759437345 -Inf 3399.56115857654 3513.46969571674 3644.79894389368 3864.24435936398 4108.06414792582 4351.88393648766 4571.32935195796 4702.6586001349 4816.56713727509 Inf
"61" 72.4242424242424 3919.93371242746 332.626857010414 -Inf 3267.99705239629 3372.81122025241 3493.65524308358 3695.58030673399 3919.93371242746 4144.28711812092 4346.21218177133 4467.0562046025 4571.87037245862 Inf 4094.95765063959 361.499729334098 -Inf 3386.43120072378 3500.34350970242 3631.67710656752 3851.12978850508 4094.95765063959 4338.78551277409 4558.23819471165 4689.57179157675 4803.4841005554 Inf
"62" 73.1313131313131 3901.58335291608 332.692500106376 -Inf 3249.518034781 3354.35288745656 3475.22075855981 3677.18567162723 3901.58335291608 4125.98103420494 4327.94594727236 4448.81381837561 4553.64867105117 Inf 4082.69208742561 361.570576675377 -Inf 3374.02677927249 3487.96141298218 3619.32074883241 3838.81643948558 4082.69208742561 4326.56773536563 4546.0634260188 4677.42276186903 4791.35739557872 Inf
"63" 73.8383838383838 3880.22410125341 332.779669114051 -Inf 3227.98793500271 3332.85025553545 3453.74979531888 3655.76762536234 3880.22410125341 4104.68057714448 4306.69840718793 4427.59794697136 4532.4602675041 Inf 4064.43072335096 361.664674838026 -Inf 3355.58098618804 3469.54527120341 3600.93879311011 3820.49160716471 4064.43072335096 4308.36983953721 4527.92265359181 4659.31617549851 4773.28046051388 Inf
"64" 74.5454545454545 3856.88806681108 332.842512299077 -Inf 3204.52873018106 3309.4108532523 3430.3332240944 3632.38920383584 3856.88806681108 4081.38692978632 4283.44290952776 4404.36528036986 4509.2474034411 Inf 4040.95209373052 361.732579397063 -Inf 3331.96926607751 3445.95494852275 3577.37314029573 3796.96717661522 4040.95209373052 4284.93701084583 4504.53104716532 4635.94923893829 4749.93492138354 Inf
"65" 75.2525252525253 3839.4491561808 332.92074619589 -Inf 3186.93648393066 3291.8432593131 3412.79405269119 3614.89752524405 3839.4491561808 4064.00078711756 4266.10425967042 4387.05505304851 4491.96182843095 Inf 4015.37670134646 361.817443732347 -Inf 3306.22754265271 3420.239966729 3551.68898988993 3771.33454410684 4015.37670134646 4259.41885858607 4479.06441280299 4610.51343596392 4724.52586004021 Inf
"66" 75.959595959596 3829.98513797873 333.073388291239 -Inf 3177.17329271918 3282.12816720687 3403.13441577285 3605.33055151321 3829.98513797873 4054.63972444425 4256.83586018461 4377.84210875059 4482.79698323829 Inf 3993.1230845869 361.98176811479 -Inf 3283.65185602178 3397.71606041298 3529.22478296078 3748.97009223562 3993.1230845869 4237.27607693818 4457.02138621301 4588.53010876081 4702.59431315201 Inf
"67" 76.6666666666667 3821.67801952421 333.24554180541 -Inf 3168.52875957707 3273.53788142017 3394.60667371272 3596.90731727792 3821.67801952421 4046.4487217705 4248.74936533569 4369.81815762824 4474.82727947135 Inf 3980.89220713703 362.168141802401 -Inf 3271.05569285653 3385.17862552708 3516.75505801978 3736.61350764375 3980.89220713703 4225.17090663031 4445.02935625427 4576.60578874698 4690.72872141753 Inf
"68" 77.3737373737374 3807.74502829684 333.438929315485 -Inf 3154.21673579489 3259.28679604545 3380.42584641906 3582.84388815719 3807.74502829684 4032.64616843649 4235.06421017461 4356.20326054823 4461.27332079878 Inf 3974.70533468302 362.376402392681 -Inf 3264.46063714618 3378.6491948858 3510.30128888026 3730.28616555623 3974.70533468302 4219.12450380982 4439.10938048578 4570.76147448025 4684.95003221987 Inf
"69" 78.0808080808081 3788.78323006444 333.581231586932 -Inf 3134.97603023554 3240.09093140574 3361.28168048791 3563.78610850127 3788.78323006444 4013.78035162761 4216.28477964097 4337.47552872315 4442.59042989334 Inf 3954.62928141066 362.530165169998 -Inf 3244.08321436811 3358.32022435147 3490.02818067991 3710.1064008666 3954.62928141066 4199.15216195472 4419.23038214141 4550.93833846985 4665.17534845321 Inf
"70" 78.7878787878788 3771.67312983851 333.843388621255 -Inf 3117.35211166404 3222.54962123107 3343.83561250423 3546.49918604275 3771.67312983851 3996.84707363427 4199.51064717279 4320.79663844595 4425.99414801298 Inf 3906.59185978324 362.814746997437 -Inf 3195.48802260826 3309.81470727303 3441.62605276601 3661.87703171349 3906.59185978324 4151.306687853 4371.55766680048 4503.36901229346 4617.69569695823 Inf
"71" 79.4949494949495 3764.64440123486 334.790187062047 -Inf 3108.46769221582 3213.96354777809 3335.59351287652 3538.83185159528 3764.64440123486 3990.45695087444 4193.6952895932 4315.32525469163 4420.8211102539 Inf 3848.14174573262 363.834590398228 -Inf 3135.03905222221 3249.68710010569 3381.8689568085 3602.73904374223 3848.14174573262 4093.54444772302 4314.41453465675 4446.59639135955 4561.24443924303 Inf
"72" 80.2020202020202 3768.25000610875 336.773756597934 -Inf 3108.18557223854 3214.30647110657 3336.65707110633 3541.09955914841 3768.25000610875 3995.40045306909 4199.84294111117 4322.19354111093 4428.31443997896 Inf 3811.78678598206 365.97424045578 -Inf 3094.49045541933 3209.81272919756 3342.77192517696 3564.94091195884 3811.78678598206 4058.63266000528 4280.80164678716 4413.76084276656 4529.08311654479 Inf
"73" 80.9090909090909 3758.26701990476 340.343680544091 -Inf 3091.20566367253 3198.4514825518 3322.09904328027 3528.70869583376 3758.26701990476 3987.82534397576 4194.43499652925 4318.08255725772 4425.32837613698 Inf 3788.23326325167 369.822894167296 -Inf 3063.3937100254 3179.9287344509 3314.28615425734 3538.79151174798 3788.23326325167 4037.67501475536 4262.180372246 4396.53779205244 4513.07281647794 Inf
"74" 81.6161616161616 3673.85238343709 364.572550238139 -Inf 2959.30331521842 3074.18390189094 3206.63386092481 3427.95193509862 3673.85238343709 3919.75283177556 4141.07090594936 4273.52086498324 4388.40145165576 Inf 3694.94032887991 395.865217828626 -Inf 2919.0587592037 3043.79998955056 3187.61863922698 3427.93329699536 3694.94032887991 3961.94736076445 4202.26201853284 4346.08066820926 4470.82189855612 Inf
"75" 82.3232323232323 3436.83188219499 497.572779823421 -Inf 2461.60715405361 2618.39749063011 2799.16670723991 3101.22414222752 3436.83188219499 3772.43962216246 4074.49705715008 4255.26627375987 4412.05661033638 Inf 3420.98609882329 534.947290349771 -Inf 2372.50867611044 2541.0761080636 2735.4235613917 3060.1696345872 3420.98609882329 3781.80256305938 4106.54863625488 4300.89608958297 4469.46352153613 Inf
"76" 83.030303030303 3002.50153659632 807.742604004544 -Inf 1419.35512396881 1673.88318475621 1967.33773787722 2457.68742939856 3002.50153659632 3547.31564379407 4037.66533531541 4331.11988843642 4585.64794922382 Inf 2915.96247724993 855.235369169952 -Inf 1239.73195537201 1509.22547837355 1819.93425098106 2339.11498673964 2915.96247724993 3492.80996776023 4011.9907035188 4322.69947612631 4592.19299912785 Inf
"77" 83.7373737373737 2402.20710483751 1227.72077389646 -Inf -4.08139507119085 382.786137010251 828.819624998874 1574.12202674155 2402.20710483751 3230.29218293347 3975.59458467614 4421.62807266476 4808.4956047462 Inf 2239.76078522598 1285.85159681977 -Inf -280.462034004088 124.723122475638 591.875658263578 1372.46706289778 2239.76078522598 3107.05450755418 3887.64591218838 4354.79844797632 4759.98360445605 Inf
"78" 84.4444444444444 1737.12679011906 1642.70188541648 -Inf -1482.5097426333 -964.87736410827 -368.080382859507 629.14120577786 1737.12679011906 2845.11237446025 3842.33396309762 4439.13094434638 4956.76332287141 Inf 1529.98758709047 1708.55773632856 -Inf -1818.72404162079 -1280.33980236556 -659.617254724734 377.582906318638 1529.98758709047 2682.39226786231 3719.59242890568 4340.3149765465 4878.69921580173 Inf
"79" 85.1515151515152 1126.58126386185 1965.26553073906 -Inf -2725.26839644469 -2105.992872297 -1392.00785376763 -198.970193035305 1126.58126386185 2452.13272075901 3645.17038149133 4359.1554000207 4978.4309241684 Inf 921.833619668562 2035.06713819205 -Inf -3066.82467730884 -2425.55394367638 -1686.20985726983 -450.798306002846 921.833619668562 2294.46554533997 3529.87709660695 4269.2211830135 4910.49191664597 Inf
"80" 85.8585858585859 652.530909796904 2165.96217318495 -Inf -3592.6769415217 -2910.15982660605 -2123.26130415865 -808.388375328773 652.530909796904 2113.45019492258 3428.32312375246 4215.22164619986 4897.73876111551 Inf 486.720149789632 2237.00931945202 -Inf -3897.73754941679 -3192.83274283527 -2380.12264569197 -1022.11970727387 486.720149789632 1995.56000685313 3353.56294527123 4166.27304241453 4871.17784899605 Inf
"81" 86.5656565656566 336.892673706778 2265.79184092006 -Inf -4103.97773096124 -3390.00325374763 -2566.8364072225 -1191.36069907171 336.892673706778 1865.14604648527 3240.62175463606 4063.78860116118 4777.76307837479 Inf 223.528478636568 2336.88850731633 -Inf -4356.688831589 -3620.31105840391 -2771.31464641786 -1352.67886689932 223.528478636568 1799.73582417245 3218.371603691 4067.36801567704 4803.74578886214 Inf
"82" 87.2727272727273 154.911253540648 2305.22161254756 -Inf -4363.24008343592 -3636.84087678513 -2799.34911294693 -1399.93709605316 154.911253540648 1709.75960313446 3109.17162002822 3946.66338386642 4673.06259051721 Inf 88.2524628643401 2376.12656275968 -Inf -4568.87002285358 -3820.12793198665 -2956.87625357244 -1514.42054888571 88.2524628643401 1690.92547461439 3133.38117930112 3996.63285771533 4745.37494858226 Inf
"83" 87.979797979798 63.422751604534 2317.5202338238 -Inf -4478.83344013297 -3748.55881053397 -2906.59893223365 -1499.72089198165 63.422751604534 1626.56639519072 3033.44443544272 3875.40431374304 4605.67894334203 Inf 29.2931557537515 2388.3051121842 -Inf -4651.69884822018 -3899.11917028918 -3031.44299976409 -1581.5941627554 29.2931557537515 1640.1804742629 3090.02931127159 3957.70548179668 4710.28515972768 Inf
"84" 88.6868686868687 23.1146608804277 2320.54642256829 -Inf -4525.07275180669 -3793.84453879029 -2950.78523988089 -1542.07011599607 23.1146608804277 1588.29943775693 2997.01456164174 3840.07386055114 4571.30207356754 Inf 7.76583771737741 2391.28856940255 -Inf -4679.07363495392 -3925.553838752 -3056.79377206937 -1605.13379210569 7.76583771737741 1620.66546754045 3072.32544750412 3941.08551418675 4694.60531038868 Inf
"85" 89.3939393939394 7.49610033715936 2321.13549968066 -Inf -4541.84588227432 -3810.43204495839 -2967.15873311974 -1558.08600301371 7.49610033715936 1573.07820368803 2982.15093379406 3825.42424563271 4556.83808294864 Inf 1.3944899584364 2391.8670866687 -Inf -4686.57885571896 -3932.87676273443 -3063.90651953644 -1611.89534383096 1.3944899584364 1614.68432374784 3066.69549945331 3935.6657426513 4689.36783563583 Inf
"86" 90.1010101010101 2.16135406860452 2321.22663077857 -Inf -4547.35924221265 -3815.91668854388 -2972.6102685895 -1563.48221627373 2.16135406860452 1567.80492441094 2976.9329767267 3820.23939668109 4551.68195034986 Inf 0.00706349064631918 2391.95628287866 -Inf -4688.14110354584 -3934.41090391169 -3065.40825554675 -1613.34293222813 0.00706349064631918 1613.35705920942 3065.42238252804 3934.42503089298 4688.15523052713 Inf
"87" 90.8080808080808 0.553216594356946 2321.23788684153 -Inf -4548.9894411649 -3817.54334059411 -2974.23283128885 -1565.09794584707 0.553216594356946 1566.20437903578 2975.33926447756 3818.64977378282 4550.09587435362 Inf -0.124792057927248 2391.96726755097 -Inf -4688.2944886565 -3934.56082763834 -3065.55418851931 -1613.48219682558 -0.124792057927248 1613.23261270973 3065.30460440345 3934.31124352248 4688.04490454065 Inf
"88" 91.5151515151515 0.125376890950164 2321.2390013268 -Inf -4549.4194652193 -3817.97301346265 -2974.6620992626 -1565.52653725937 0.125376890950164 1565.77729104127 2974.9128530445 3818.22376724455 4549.6702190012 Inf -0.0653746258718571 2391.96835235735 -Inf -4688.23719740588 -3934.50319455399 -3065.49616132257 -1613.42351108431 -0.0653746258718571 1613.29276183257 3065.36541207082 3934.37244530224 4688.10644815414 Inf
"89" 92.2222222222222 0.0250515252421082 2321.23909007739 -Inf -4549.51996453297 -3818.07348481009 -2974.76253836676 -1565.62692248644 0.0250515252421082 1565.67702553692 2974.81264141725 3818.12358786057 4549.57006758345 Inf -0.0230295393677746 2391.96843854775 -Inf -4688.19502124947 -3934.46099123809 -3065.45392669352 -1613.38122413235 -0.0230295393677746 1613.33516505362 3065.40786761478 3934.41493215935 4688.14896217074 Inf
"90" 92.9292929292929 0.00438164363360871 2321.23909577719 -Inf -4549.54064558597 -3818.09416406703 -2974.78321555295 -1565.6475962125 0.00438164363360871 1565.65635949977 2974.79197884022 3818.10292735429 4549.54940887324 Inf -0.00649586215637999 2391.96844407196 -Inf -4688.17849839951 -3934.44446664739 -3065.43740009586 -1613.36469418116 -0.00649586215637999 1613.35170245685 3065.42440837155 3934.43147492307 4688.16550667519 Inf
"91" 93.6363636363636 0.000662460625184977 2321.23909607307 -Inf -4549.54436534889 -3818.09788373671 -2974.78693511515 -1565.65131559508 0.000662460625184977 1565.65264051633 2974.7882600364 3818.09920865796 4549.54569027014 Inf -0.0015494088829344 2391.96844435821 -Inf -4688.17355250727 -3934.43952066495 -3065.43245400943 -1613.35974792096 -0.0015494088829344 1613.35664910319 3065.42935519166 3934.43642184718 4688.1704536895 Inf
"92" 94.3434343434343 8.44907773416527e-05 2321.2390960855 -Inf -4549.54494334312 -3818.09846172702 -2974.78751310093 -1565.65189357331 8.44907773416527e-05 1565.65206255487 2974.78768208249 3818.09863070857 4549.54511232467 Inf -0.00032024686027993 2391.96844437022 -Inf -4688.17232336879 -3934.43829152269 -3065.4312248628 -1613.35851876704 -0.00032024686027993 1613.35787827332 3065.43058436908 3934.43765102897 4688.17168287507 Inf
"93" 95.0505050505051 8.59230344380706e-06 2321.23909608593 -Inf -4549.54501924242 -3818.09853762619 -2974.78758899995 -1565.65196947207 8.59230344380706e-06 1565.65198665668 2974.78760618456 3818.0985548108 4549.54503642703 Inf -5.81173400943422e-05 2391.96844437063 -Inf -4688.17206124007 -3934.43802939384 -3065.4309627338 -1613.3582566378 -5.81173400943422e-05 1613.35814040312 3065.43084649912 3934.43791315916 4688.17194500539 Inf
"94" 95.7575757575758 5.774826738883e-07 2321.23909608594 -Inf -4549.54502725727 -3818.09854564103 -2974.78759701479 -1565.6519774869 5.774826738883e-07 1565.65197864187 2974.78759816975 3818.09854679599 4549.54502841223 Inf -9.33422328047573e-06 2391.96844437064 -Inf -4688.17201245698 -3934.43798061074 -3065.4309139507 -1613.35820785469 -9.33422328047573e-06 1613.35818918624 3065.43089528226 3934.4379619423 4688.17199378853 Inf
"95" 96.4646464646465 -5.26794077974562e-09 2321.23909608594 -Inf -4549.54502784002 -3818.09854622378 -2974.78759759754 -1565.65197806965 -5.26794077974562e-09 1565.65197805912 2974.787597587 3818.09854621324 4549.54502782948 Inf -1.33369571431389e-06 2391.96844437064 -Inf -4688.17200445645 -3934.43797261022 -3065.43090595018 -1613.35819985416 -1.33369571431389e-06 1613.35819718677 3065.43090328278 3934.43796994282 4688.17200178906 Inf
"96" 97.1717171717172 -9.44632897224160e-09 2321.23909608594 -Inf -4549.5450278442 -3818.09854622796 -2974.78759760172 -1565.65197807383 -9.44632897224160e-09 1565.65197805494 2974.78759758282 3818.09854620907 4549.5450278253 Inf -1.70138418158904e-07 2391.96844437064 -Inf -4688.1720032929 -3934.43797144666 -3065.43090478662 -1613.3581986906 -1.70138418158904e-07 1613.35819835033 3065.43090444634 3934.43797110638 4688.17200295262 Inf
"97" 97.8787878787879 -1.87713877077883e-09 2321.23909608594 -Inf -4549.54502783663 -3818.09854622039 -2974.78759759415 -1565.65197806626 -1.87713877077883e-09 1565.65197806251 2974.78759759039 3818.09854621663 4549.54502783287 Inf -1.94287222828261e-08 2391.96844437064 -Inf -4688.17200314219 -3934.43797129595 -3065.43090463591 -1613.35819853989 -1.94287222828261e-08 1613.35819850104 3065.43090459705 3934.43797125709 4688.17200310333 Inf
"98" 98.5858585858586 -2.58195726116064e-10 2321.23909608594 -Inf -4549.54502783501 -3818.09854621877 -2974.78759759253 -1565.65197806464 -2.58195726116064e-10 1565.65197806413 2974.78759759201 3818.09854621825 4549.54502783449 Inf -1.98988300485601e-09 2391.96844437064 -Inf -4688.17200312475 -3934.43797127851 -3065.43090461847 -1613.35819852245 -1.98988300485601e-09 1613.35819851847 3065.43090461449 3934.43797127453 4688.17200312077 Inf
"99" 99.2929292929293 -2.86829810935933e-11 2321.23909608594 -Inf -4549.54502783478 -3818.09854621854 -2974.7875975923 -1565.65197806441 -2.86829810935933e-11 1565.65197806435 2974.78759759224 3818.09854621848 4549.54502783472 Inf -1.83063825358426e-10 2391.96844437064 -Inf -4688.17200312294 -3934.43797127671 -3065.43090461666 -1613.35819852065 -1.83063825358426e-10 1613.35819852028 3065.4309046163 3934.43797127634 4688.17200312257 Inf
"100" 100 -2.70582802073944e-12 2321.23909608594 -Inf -4549.54502783475 -3818.09854621852 -2974.78759759227 -1565.65197806439 -2.70582802073944e-12 1565.65197806438 2974.78759759227 3818.09854621851 4549.54502783475 Inf -1.514539637902e-11 2391.96844437064 -Inf -4688.17200312277 -3934.43797127654 -3065.43090461649 -1613.35819852048 -1.514539637902e-11 1613.35819852045 3065.43090461646 3934.4379712765 4688.17200312274 Inf
