"mid_age" "mean_left" "std_left" "min_left" "l.q2.5" "l.q5" "l.q10" "l.q25" "l.q50" "l.q75" "l.q90" "l.q95" "l.q97.5" "max_left" "mean_right" "std_right" "min_right" "r.q2.5" "r.q5" "r.q10" "r.q25" "r.q50" "r.q75" "r.q90" "r.q95" "r.q97.5" "max_right"
"1" 30 5.51555773417831e-08 2324.25706706208 -Inf -4555.46014219923 -3823.06266666951 -2978.65528296636 -1567.68756849903 5.51555773417831e-08 1567.68756860934 2978.65528307667 3823.06266677981 4555.46014230954 Inf 4.19635527611784e-08 2406.34254362713 -Inf -4716.34471993371 -3958.08126053075 -3083.85205397996 -1623.0533810953 4.19635527611784e-08 1623.05338117923 3083.85205406389 3958.08126061467 4716.34472001764 Inf
"2" 30.7070707070707 5.04014986883401e-07 2324.25706706208 -Inf -4555.46014175037 -3823.06266622065 -2978.6552825175 -1567.68756805017 5.04014986883401e-07 1567.6875690582 2978.65528352553 3823.06266722867 4555.4601427584 Inf 3.88628135176977e-07 2406.34254362713 -Inf -4716.34471958704 -3958.08126018408 -3083.85205363329 -1623.05338074864 3.88628135176977e-07 1623.05338152589 3083.85205441055 3958.08126096134 4716.3447203643 Inf
"3" 31.4141414141414 4.16113812520819e-06 2324.25706706208 -Inf -4555.46013809324 -3823.06266256352 -2978.65527886038 -1567.68756439304 4.16113812520819e-06 1567.68757271532 2978.65528718265 3823.0626708858 4555.46014641552 Inf 3.25442743831023e-06 2406.34254362713 -Inf -4716.34471672125 -3958.08125731828 -3083.85205076749 -1623.05337788284 3.25442743831023e-06 1623.05338439169 3083.85205727635 3958.08126382714 4716.3447232301 Inf
"4" 32.1212121212121 3.10327275221863e-05 2324.25706706208 -Inf -4555.46011122165 -3823.06263569193 -2978.65525198879 -1567.68753752145 3.10327275221863e-05 1567.68759958691 2978.65531405424 3823.06269775739 4555.46017328711 Inf 2.46389330424608e-05 2406.34254362713 -Inf -4716.34469533674 -3958.08123593378 -3083.85202938299 -1623.05335649833 2.46389330424608e-05 1623.0534057762 3083.85207866086 3958.08128521164 4716.3447446146 Inf
"5" 32.8282828282828 0.000209016354268756 2324.25706706208 -Inf -4555.45993323801 -3823.0624577083 -2978.65507400515 -1567.68735953782 0.000209016354268756 1567.68777757053 2978.65549203786 3823.062875741 4555.46035127072 Inf 0.00016861257393757 2406.34254362712 -Inf -4716.34455136309 -3958.08109196013 -3083.85188540934 -1623.05321252469 0.00016861257393757 1623.05354974983 3083.85222263449 3958.08142918527 4716.34488858823 Inf
"6" 33.5353535353535 0.00127114092637988 2324.25706706185 -Inf -4555.45887111299 -3823.06139558335 -2978.65401188029 -1567.6862974131 0.00127114092637988 1567.68883969495 2978.65655416214 3823.0639378652 4555.46141339485 Inf 0.00104273861483498 2406.3425436269 -Inf -4716.34367723661 -3958.08021783372 -3083.85101128301 -1623.05233839849 0.00104273861483498 1623.05442387572 3083.85309676024 3958.08230331095 4716.34576271384 Inf
"7" 34.2424242424242 0.00697824749811974 2324.25706705504 -Inf -4555.45316399308 -3823.05568846558 -2978.64830476499 -1567.68059030194 0.00697824749811974 1567.69454679693 2978.66226125999 3823.06964496057 4555.46712048808 Inf 0.00582579837979164 2406.34254362021 -Inf -4716.33889416373 -3958.07543476296 -3083.84622821468 -1623.04755533422 0.00582579837979164 1623.05920693098 3083.85787981144 3958.08708635971 4716.3505457605 Inf
"8" 34.9494949494949 0.0345707068011312 2324.25706689024 -Inf -4555.42557121078 -3823.02809573521 -2978.62071209449 -1567.65299773148 0.0345707068011312 1567.72213914508 2978.68985350809 3823.09723714881 4555.49471262438 Inf 0.0293957688871537 2406.3425434581 -Inf -4716.3153238755 -3958.05186452581 -3083.82265803642 -1623.02398525437 0.0293957688871537 1623.08277679215 3083.8814495742 3958.11065606358 4716.37411541328 Inf
"9" 35.6565656565657 0.154501238734482 2324.25706365353 -Inf -4555.30563433501 -3822.90815987936 -2978.50077741455 -1567.53306501642 0.154501238734482 1567.84206749389 2978.80977989202 3823.21716235683 4555.61463681248 Inf 0.133904105160689 2406.34254026966 -Inf -4716.21080929 -3957.94735094501 -3083.71814561399 -1622.91947476753 0.133904105160689 1623.18728297785 3083.98595382432 3958.21515915533 4716.47861750032 Inf
"10" 36.3636363636364 0.62266191361835 2324.25701216525 -Inf -4554.83737274495 -3822.43991451379 -2978.03255075477 -1567.06486961321 0.62266191361835 1568.31019344045 2979.27787458201 3823.68523834102 4556.08269657218 Inf 0.550410229740304 2406.34248946603 -Inf -4715.79420359213 -3957.5307612559 -3083.30157438194 -1622.50293437642 0.550410229740304 1623.6037548359 3084.40239484142 3958.63158171537 4716.89502405161 Inf
"11" 37.0707070707071 2.26197430117335 2324.25634999784 -Inf -4553.19676253311 -3820.79951295776 -2976.39238976553 -1565.42511060052 2.26197430117335 1569.94905920287 2980.91633836788 3825.3234615601 4557.72071113545 Inf 2.04051237690595 2406.34183489063 -Inf -4714.30281850076 -3956.03958242801 -3081.81063336265 -1621.01239072486 2.04051237690595 1625.09341547867 3085.89165811646 3960.12060718182 4718.38384325457 Inf
"12" 37.7777777777778 7.40362833215481 2324.24948083015 -Inf -4548.04164518086 -3815.64656015139 -2971.24193254195 -1560.27882338635 7.40362833215481 1575.08608005065 2986.04918920626 3830.4538168157 4562.84890184516 Inf 6.81871945073847 2406.3350301527 -Inf -4709.51127438566 -3951.25018255632 -3077.02370566627 -1616.22959392504 6.81871945073847 1629.86703282652 3090.66114456775 3964.88762145779 4723.14871328714 Inf
"13" 38.4848484848485 21.8236781883107 2324.19215901357 -Inf -4533.50924662867 -3801.13222429733 -2956.74842182201 -1545.82011055244 21.8236781883107 1589.46746692906 3000.39577819863 3844.77958067395 4577.15660300529 Inf 20.5261466327646 2406.2781093476 -Inf -4695.69228447567 -3937.44912898157 -3063.24333153736 -1602.4837742434 20.5261466327646 1643.53606750893 3104.29562480289 3978.5014222471 4736.7445777412 Inf
"14" 39.1919191919192 57.9108866775649 2323.80866859183 -Inf -4496.67041072439 -3764.41423019697 -2920.1697505824 -1509.47424170443 57.9108866775649 1625.29601505956 3035.99152393753 3880.2360035521 4612.49218407952 Inf 55.6256198618514 2405.89625361537 -Inf -4659.84438776412 -3901.72155896635 -3027.65449049682 -1567.12674323687 55.6256198618514 1678.37798296057 3138.90573022052 4012.97279869005 4771.09562748782 Inf
"15" 39.8989898989899 138.298099275292 2321.75991018744 -Inf -4412.26770544105 -3680.65710990705 -2837.15694844412 -1427.70516256231 138.298099275292 1704.3013611129 3113.7531469947 3957.25330845763 4688.86390399163 Inf 135.625887023006 2403.84980178692 -Inf -4575.8331487231 -3818.35517809278 -2945.0315897911 -1485.74616529315 135.625887023006 1756.99793933916 3216.28336383711 4089.60695213879 4847.08492276911 Inf
"16" 40.6060606060606 297.222259042997 2313.05525522284 -Inf -4236.28273544486 -3507.41506684945 -2667.07732447899 -1262.90980224199 297.222259042997 1857.35432032798 3261.52184256499 4101.85958493544 4830.72725353086 Inf 297.377004311699 2395.12377731605 -Inf -4396.97933774328 -3642.25102780431 -2772.09762218078 -1318.1094339389 297.377004311699 1912.86344256229 3366.85163080418 4237.00503642771 4991.73334636668 Inf
"17" 41.3131313131313 575.102585440868 2283.72756679514 -Inf -3900.92119597889 -3181.29498577118 -2351.6120530628 -965.248250602691 575.102585440868 2115.45342148443 3501.81722394454 4331.50015665291 5051.12636686063 Inf 586.274438202117 2365.60621083048 -Inf -4050.22853662989 -3304.80151762133 -2445.37190474972 -1009.30270400323 586.274438202117 2181.85158040747 3617.92078115395 4477.35039402556 5222.77741303412 Inf
"18" 42.020202020202 1003.10196244191 2205.3459746037 -Inf -3319.29672123173 -2624.36936256782 -1823.16262387895 -484.381293064474 1003.10196244191 2490.5852179483 3829.36654876277 4630.57328745164 5325.50064611555 Inf 1039.71797848156 2286.37347919361 -Inf -3441.49169594546 -2721.03173133572 -1890.38753319867 -502.41749835469 1039.71797848156 2581.8534553178 3969.82349016179 4800.46768829883 5520.92765290858 Inf
"19" 42.7272727272727 1581.12466545606 2038.39772573185 -Inf -2414.06146314673 -1771.74122688361 -1031.18713115815 206.246292626919 1581.12466545606 2956.00303828519 4193.43646207026 4933.99055779572 5576.31079405884 Inf 1661.1245702568 2116.83852715805 -Inf -2487.80270405979 -1820.76495880973 -1051.71315822773 233.338680868524 1661.1245702568 3088.91045964507 4373.96229874132 5143.01409932333 5810.05184457339 Inf
"20" 43.4343434343434 2262.00463120702 1753.03962108271 -Inf -1173.88988958684 -621.488947720514 15.3939603467561 1079.59737509911 2262.00463120702 3444.41188731493 4508.61530206728 5145.49821013455 5697.89915200087 Inf 2398.62262081339 1825.6909036934 -Inf -1179.66579732805 -604.371683819006 58.9055849845799 1167.21281924597 2398.62262081339 3630.03242238081 4738.3396566422 5401.61692544579 5976.91103895484 Inf
"21" 44.1414141414141 2957.04765936313 1360.31764649999 -Inf 290.874064688864 719.524244711532 1213.73044985312 2039.52734978803 2957.04765936313 3874.56796893822 4700.36486887313 5194.57107401472 5623.22125403739 Inf 3148.64139703654 1423.07490309898 -Inf 359.465839659724 807.891481250577 1324.89752708282 2188.791961135 3148.64139703654 4108.49083293808 4972.38526699026 5489.3913128225 5937.81695441336 Inf
"22" 44.8484848484848 3565.82440565939 930.068638811066 -Inf 1742.9233704395 2035.99763179718 2373.89348552713 2938.5026418025 3565.82440565939 4193.14616951627 4757.75532579164 5095.65117952158 5388.72544087927 Inf 3792.47300432782 979.87192138901 -Inf 1871.95932894329 2180.72712048319 2536.71660943853 3131.55943684599 3792.47300432782 4453.38657180964 5048.2293992171 5404.21888817244 5712.98667971234 Inf
"23" 45.5555555555556 4013.50438098921 575.602330243785 -Inf 2885.34454429406 3066.722800406 3275.84031353417 3625.2665090508 4013.50438098921 4401.74225292763 4751.16844844426 4960.28596157242 5141.66421768436 Inf 4246.91483174265 613.019296651208 -Inf 3045.41908847821 3238.58781825467 3461.29899241024 3833.439599479 4246.91483174265 4660.3900640063 5032.53067107506 5255.24184523063 5448.41057500709 Inf
"24" 46.2626262626263 4272.89562961655 394.682131033285 -Inf 3499.3328674498 3623.70129489352 3767.09012669837 4006.68657764906 4272.89562961655 4539.10468158405 4778.70113253474 4922.08996433959 5046.45839178331 Inf 4494.02946140269 424.368601942319 -Inf 3662.28228542613 3796.00522733354 3950.17921521554 4207.79718908755 4494.02946140269 4780.26173371782 5037.87970758984 5192.05369547184 5325.77663737925 Inf
"25" 46.969696969697 4364.7016499343 353.460507263772 -Inf 3671.93178574005 3783.31085257738 3911.72378349223 4126.29616068578 4364.7016499343 4603.10713918283 4817.67951637638 4946.09244729123 5057.47151412855 Inf 4572.42119757992 380.44230753625 -Inf 3826.76797661356 3946.64928818313 4084.86476275744 4315.81676060578 4572.42119757992 4829.02563455407 5059.97763240241 5198.19310697671 5318.07441854629 Inf
"26" 47.6767676767677 4347.06468811839 344.785336603494 -Inf 3671.29784597802 3779.94327668644 3905.20450021736 4114.51051256142 4347.06468811839 4579.61886367535 4788.92487601942 4914.18609955033 5022.83153025875 Inf 4547.56624108847 371.135651106574 -Inf 3820.15373154077 3937.10241927483 4071.93676638343 4297.23904848474 4547.56624108847 4797.89343369221 5023.19571579352 5158.03006290212 5274.97875063618 Inf
"27" 48.3838383838384 4299.21263801718 339.340872166684 -Inf 3634.11675008807 3741.04657366093 3864.3298120387 4070.33069791815 4299.21263801718 4528.09457811621 4734.09546399566 4857.37870237342 4964.30852594629 Inf 4488.72688047969 365.342936770197 -Inf 3772.66788240401 3887.79122585213 4020.52106790118 4242.30681432166 4488.72688047969 4735.14694663773 4956.9326930582 5089.66253510725 5204.78587855537 Inf
"28" 49.0909090909091 4289.30912510019 337.335008455777 -Inf 3628.14465780235 3734.442412944 3856.99691690069 4061.78011951446 4289.30912510019 4516.83813068592 4721.62133329969 4844.17583725638 4950.47359239803 Inf 4454.36224753264 363.189649649754 -Inf 3742.5236146614 3856.968435035 3988.9159834344 4209.39455146657 4454.36224753264 4699.3299435987 4919.80851163087 5051.75606003027 5166.20088040387 Inf
"29" 49.7979797979798 4332.61261374548 336.712932773063 -Inf 3672.66739238142 3778.76912503224 3901.09762761104 4105.50319183158 4332.61261374548 4559.72203565937 4764.12759987991 4886.45610245872 4992.55783510954 Inf 4471.4986297483 362.524266558288 -Inf 3760.96412377225 3875.19927504197 4006.90508839262 4226.97972775738 4471.4986297483 4716.01753173922 4936.09217110398 5067.79798445462 5182.03313572434 Inf
"30" 50.5050505050505 4381.86014919202 336.375667400252 -Inf 3722.5759558119 3828.57141265049 3950.77738602412 4154.97820931518 4381.86014919202 4608.74208906886 4812.94291235992 4935.14888573355 5041.14434257214 Inf 4519.09546820083 362.161866468301 -Inf 3809.27125334915 3923.39220859693 4054.96636124782 4274.82100135607 4519.09546820083 4763.36993504558 4983.22457515383 5114.79872780473 5228.9196830525 Inf
"31" 51.2121212121212 4379.38171528946 336.110148671677 -Inf 3720.61792905457 3826.52971819165 3948.63922806384 4152.67886507353 4379.38171528946 4606.08456550538 4810.12420251507 4932.23371238726 5038.14550152435 Inf 4547.45281617786 361.877876749406 -Inf 3838.1852109472 3952.21667809311 4083.68765669371 4303.36989748767 4547.45281617786 4791.53573486806 5011.21797566202 5142.68895426262 5256.72042140852 Inf
"32" 51.9191919191919 4325.13163925538 335.862852036423 -Inf 3666.85254551908 3772.686408925 3894.70607541983 4098.59558808519 4325.13163925538 4551.66769042557 4755.55720309093 4877.57686958576 4983.41073299167 Inf 4529.86594666956 361.612589625053 -Inf 3821.11829464819 3935.06616707347 4066.44076631493 4285.9619614256 4529.86594666956 4773.76993191352 4993.29112702418 5124.66572626564 5238.61359869092 Inf
"33" 52.6262626262626 4276.38667257074 335.643931018302 -Inf 3618.53665614542 3724.30153527104 3846.24166730869 4049.99828138338 4276.38667257074 4502.77506375811 4706.53167783279 4828.47180987045 4934.23668899606 Inf 4489.33562768996 361.378330330964 -Inf 3781.04711544805 3894.92117034341 4026.21066270042 4245.58964793875 4489.33562768996 4733.08160744117 4952.4605926795 5083.75008503651 5197.62413993187 Inf
"34" 53.3333333333333 4273.53297345215 335.550922223232 -Inf 3615.86525091542 3721.60082200636 3843.50716375704 4047.20731574374 4273.53297345215 4499.85863116057 4703.55878314727 4825.46512489795 4931.20069598889 Inf 4464.25393840704 361.278697161903 -Inf 3756.16070358816 3870.00336303998 4001.25665846129 4220.57516020715 4464.25393840704 4707.93271660694 4927.25121835279 5058.5045137741 5172.34717322592 Inf
"35" 54.040404040404 4290.24931528992 335.597684278916 -Inf 3632.4899408082 3738.24024710723 3860.16357760913 4063.89211705425 4290.24931528992 4516.60651352559 4720.33505297071 4842.25838347261 4948.00868977164 Inf 4459.63993629711 361.328537142461 -Inf 3751.44901691134 3865.30738145726 3996.57878384625 4215.92754154118 4459.63993629711 4703.35233105305 4922.70108874797 5053.97249113696 5167.83085568288 Inf
"36" 54.7474747474747 4277.89940979568 335.621109898241 -Inf 3620.09412194377 3725.85180989808 3847.78365097577 4051.52641121989 4277.89940979568 4504.27240837148 4708.01516861559 4829.94700969328 4935.70469764759 Inf 4451.85997379479 361.353467804456 -Inf 3743.6201912094 3857.48641166513 3988.76687141501 4208.13076356287 4451.85997379479 4695.5891840267 4914.95307617456 5046.23353592444 5160.09975638017 Inf
"37" 55.4545454545455 4239.01717983189 335.55923348427 -Inf 3581.33316752285 3687.07135757823 3808.98071882717 4012.68591626309 4239.01717983189 4465.34844340068 4669.0536408366 4790.96300208554 4896.70119214092 Inf 4433.96532592612 361.287479162425 -Inf 3725.8548787025 3839.70030545365 3970.95679139385 4190.28062435688 4433.96532592612 4677.65002749536 4896.97386045839 5028.23034639859 5142.07577314974 Inf
"38" 56.1616161616162 4221.5522655226 335.523108725521 -Inf 3563.93905643966 3669.66586320939 3791.56210025902 3995.24536773331 4221.5522655226 4447.85916331189 4651.54243078618 4773.43866783581 4879.16547460554 Inf 4427.9158530437 361.248726191991 -Inf 3719.88136024643 3833.7145755352 3964.95698244136 4184.25728995581 4427.9158530437 4671.57441613159 4890.87472364604 5022.1171305522 5135.95034584097 Inf
"39" 56.8686868686869 4244.89197323787 335.514350039749 -Inf 3587.29593086359 3693.01997768072 3814.91303268175 4018.59098309236 4244.89197323787 4471.19296338338 4674.87091379399 4796.76396879501 4902.48801561214 Inf 4445.70826991784 361.239199109757 -Inf 3737.69244985862 3851.52266306511 3982.76160876266 4202.05613274927 4445.70826991784 4689.36040708641 4908.65493107303 5039.89387677057 5153.72408997706 Inf
"40" 57.5757575757576 4270.61947657671 335.501720736527 -Inf 3613.0481871819 3718.76825437477 3840.6567211239 4044.32700476677 4270.61947657671 4496.91194838664 4700.58223202951 4822.47069877864 4928.19076597151 Inf 4464.18243443515 361.225880699681 -Inf 3756.19271798002 3870.01873441754 4001.25284150925 4220.53928039767 4464.18243443515 4707.82558847264 4927.11202736106 5058.34613445276 5172.17215089029 Inf
"41" 58.2828282828283 4258.97646856215 335.517972614019 -Inf 3601.37332607278 3707.09851440058 3828.9928854903 4032.67303502742 4258.97646856215 4485.27990209688 4688.960051634 4810.85442272372 4916.57961105152 Inf 4454.77347582449 361.243041572218 -Inf 3746.75012467724 3860.58154868345 3991.82189035552 4211.11874695437 4454.77347582449 4698.42820469461 4917.72506129346 5048.96540296553 5162.79682697174 Inf
"42" 58.989898989899 4221.506491636 335.491053076026 -Inf 3563.95611047158 3669.67281617413 3791.55740734021 3995.22121505373 4221.506491636 4447.79176821827 4651.45557593179 4773.34016709787 4879.05687280043 Inf 4421.11769972453 361.214173328287 -Inf 3713.15092929568 3826.97325661922 3958.20311039877 4177.48244218905 4421.11769972453 4664.75295726001 4884.0322890503 5015.26214282984 5129.08447015338 Inf
"43" 59.6969696969697 4195.00414403485 335.415820577137 -Inf 3537.60121585871 3643.29421502164 3765.15147406579 3968.76961100196 4195.00414403485 4421.23867706773 4624.8568140039 4746.71407304806 4852.40707221098 Inf 4389.07276785892 361.133762091225 -Inf 3681.26360055866 3795.06058946854 3926.2612296799 4145.49174687864 4389.07276785892 4632.6537888392 4851.88430603794 4983.0849462493 5096.88193515918 Inf
"44" 60.4040404040404 4188.21383109823 335.379591133166 -Inf 3530.88191132746 3636.56349421734 3758.40759102982 3962.00373445396 4188.21383109823 4414.42392774251 4618.02007116665 4739.86416797912 4845.54575086901 Inf 4372.11426920184 361.094833522644 -Inf 3664.38140049397 3778.16612260868 3909.35261999082 4128.55950514205 4372.11426920184 4615.66903326162 4834.87591841285 4966.06241579499 5079.8471379097 Inf
"45" 61.1111111111111 4183.79126482155 335.369035376181 -Inf 3526.48003395429 3632.15829061582 3753.99855250002 3957.58828792716 4183.79126482155 4409.99424171593 4613.58397714307 4735.42423902727 4841.1024956888 Inf 4365.79279698004 361.08347645779 -Inf 3658.08218771026 3771.8633310962 3903.04570243328 4122.2456931441 4365.79279698004 4609.33990081599 4828.53989152681 4959.72226286389 5073.50340624983 Inf
"46" 61.8181818181818 4176.63446991821 335.347380787875 -Inf 3519.36568126413 3625.03711434059 3746.86950906822 3950.44609882168 4176.63446991821 4402.82284101473 4606.39943076819 4728.23182549582 4833.90325857228 Inf 4366.13194076335 361.060263562788 -Inf 3658.46682793174 3772.24065669404 3903.41459473851 4122.60049378715 4366.13194076335 4609.66338773954 4828.84928678819 4960.02322483265 5073.79705359495 Inf
"47" 62.5252525252525 4176.27567411171 335.320335632961 -Inf 3519.05989298722 3624.72280385525 3746.54537302235 3950.10554469497 4176.27567411171 4402.44580352845 4606.00597520107 4727.82854436817 4833.4914552362 Inf 4370.84168723053 361.03129892318 -Inf 3663.23334404939 3776.99804575374 3908.16146088493 4127.32977660687 4370.84168723053 4614.3535978542 4833.52191357614 4964.68532870733 5078.45003041168 Inf
"48" 63.2323232323232 4177.24957716937 335.30627366537 -Inf 3520.06135699491 3625.7198367913 3747.53729721659 3951.08893240563 4177.24957716937 4403.4102219331 4606.96185712215 4728.77931754744 4834.43779734382 Inf 4367.03537294057 361.016240662274 -Inf 3659.45654340847 3773.21650009884 3904.3744445328 4123.53361895954 4367.03537294057 4610.53712692159 4829.69630134833 4960.8542457823 5074.61420247267 Inf
"49" 63.9393939393939 4160.61241097769 335.318530722105 -Inf 3503.40016741348 3609.0625095354 3730.88442297466 3934.44349895482 4160.61241097769 4386.78132300056 4590.34039898072 4712.16231241998 4817.8246545419 Inf 4341.02276263395 361.029349816976 -Inf 3633.41823963077 3747.18232715157 3878.34503416846 4097.51216666244 4341.02276263395 4584.53335860546 4803.70049109944 4934.86319811633 5048.62728563714 Inf
"50" 64.6464646464646 4127.80627878776 335.326094559964 -Inf 3470.57921037376 3576.24393593933 3698.06859733648 3901.63226503378 4127.80627878776 4353.98029254174 4557.54396023904 4679.36862163619 4785.03334720176 Inf 4301.54037207307 361.037322728968 -Inf 3593.92022244953 3707.68682231747 3838.85242590973 4058.02439845414 4301.54037207307 4545.05634569199 4764.22831823641 4895.39392182866 5009.16052169661 Inf
"51" 65.3535353535354 4103.79441493827 335.273123362394 -Inf 3446.67116816373 3552.31920195629 3674.12461880817 3877.65612971411 4103.79441493827 4329.93270016244 4533.46421106838 4655.26962792026 4760.91766171282 Inf 4273.25864283488 360.980593044544 -Inf 3565.74968134967 3679.49840510647 3810.64339868743 4029.78093280663 4273.25864283488 4516.73635286313 4735.87388698233 4867.01888056329 4980.7676043201 Inf
"52" 66.0606060606061 4098.99005876954 335.221031996912 -Inf 3441.96890919525 3547.60052845901 3669.38702041042 3872.88690863747 4098.99005876954 4325.09320890161 4528.59309712866 4650.37958908008 4756.01120834384 Inf 4264.14841113931 360.924962634622 -Inf 3556.74848325398 3670.47967729242 3801.60446023078 4020.70822325235 4264.14841113931 4507.58859902626 4726.69236204783 4857.81714498619 4971.54833902463 Inf
"53" 66.7676767676768 4093.71814707027 335.230402774429 -Inf 3436.67863110954 3542.31320320235 3664.10309957656 3867.60867644482 4093.71814707027 4319.82761769573 4523.33319456399 4645.1230909382 4750.75766303101 Inf 4257.60671295127 360.93473774745 -Inf 3550.18762619686 3663.9219004746 3795.05023473159 4014.1599318509 4257.60671295127 4501.05349405163 4720.16319117094 4851.29152542794 4965.02579970568 Inf
"54" 67.4747474747475 4071.3823829171 335.224124561054 -Inf 3414.35517202846 3519.98776579122 3641.77538127756 3845.27714688221 4071.3823829171 4297.48761895198 4500.98938455664 4622.77700004298 4728.40959380573 Inf 4240.58456630596 360.928113012875 -Inf 3533.17846379273 3646.91065054799 3778.03657802526 3997.14225352117 4240.58456630596 4484.02687909076 4703.13255458667 4834.25848206394 4947.9906688192 Inf
"55" 68.1818181818182 4044.20319848997 335.204114836741 -Inf 3387.21520594033 3492.8414944317 3614.62184034395 3818.11145880904 4044.20319848997 4270.2949381709 4473.78455663599 4595.56490254824 4701.19119103961 Inf 4219.95393200416 360.906683441907 -Inf 3512.58983067822 3626.31526475371 3757.43340682367 3976.52607324533 4219.95393200416 4463.38179076299 4682.47445718465 4813.59259925461 4927.3180333301 Inf
"56" 68.8888888888889 4030.82492370604 335.208633005633 -Inf 3373.82807570809 3479.45578792128 3601.23777529361 3804.7301365665 4030.82492370604 4256.91971084558 4460.41207211848 4582.1940594908 4687.82177170399 Inf 4203.73164163713 360.911521225423 -Inf 3496.35805842974 3610.08501694092 3741.20491658761 3960.30051984291 4203.73164163713 4447.16276343136 4666.25836668666 4797.37826633334 4911.10522484453 Inf
"57" 69.5959595959596 4026.02047491352 335.225596656267 -Inf 3368.99037877129 3474.62343640649 3596.41158670806 3799.91424596551 4026.02047491352 4252.12670386154 4455.62936311899 4577.41751342056 4683.05057105576 Inf 4185.22351222058 360.929665870514 -Inf 3477.8143661623 3591.54704223908 3722.67353387273 3941.78015204922 4185.22351222058 4428.66687239194 4647.77349056843 4778.89998220208 4892.63265827886 Inf
"58" 70.3030303030303 4010.43983508814 335.241163549292 -Inf 3353.37922839623 3459.01719132066 3580.81099710655 3784.32310643033 4010.43983508814 4236.55656374594 4440.06867306973 4561.86247885562 4667.50044178005 Inf 4157.67486717637 360.946370878769 -Inf 3450.23297990354 3563.97091990145 3695.10348049904 3914.22023964816 4157.67486717637 4401.12949470457 4620.2462538537 4751.37881445128 4865.11675444919 Inf
"59" 71.010101010101 3979.74685224184 335.244921052323 -Inf 3322.67888097931 3428.31802793186 3550.11319882636 3753.62758918675 3979.74685224184 4205.86611529692 4409.38050565732 4531.17567655181 4636.81482350436 Inf 4129.26849589616 360.950351312314 -Inf 3421.81880711695 3535.55800139069 3666.69200808799 3885.81118360633 4129.26849589616 4372.72580818599 4591.84498370433 4722.97899040163 4836.71818467538 Inf
"60" 71.7171717171717 3947.1659373796 335.229042747044 -Inf 3290.12908702356 3395.76323055765 3517.55263283111 3721.05738407867 3947.1659373796 4173.27449068053 4376.77924192809 4498.56864420155 4604.20278773564 Inf 4110.08212817982 360.933404987641 -Inf 3402.66565358663 3516.39950789795 3647.52735796057 3866.63624601228 4110.08212817982 4353.52801034736 4572.63689839907 4703.76474846169 4817.49860277301 Inf
"61" 72.4242424242424 3922.07573817626 335.232073847491 -Inf 3265.03294697251 3370.66804563775 3492.45854911625 3695.96514042915 3922.07573817626 4148.18633592337 4351.69292723628 4473.48343071477 4579.11852938002 Inf 4095.89556114063 360.936720036046 -Inf 3388.47258917196 3502.20748808937 3633.3365425159 3852.44744300692 4095.89556114063 4339.34367927434 4558.45457976536 4689.58363419189 4803.3185331093 Inf
"62" 73.1313131313131 3900.5810249724 335.299812150035 -Inf 3243.40546913528 3349.06191284127 3470.87702578471 3674.42473843453 3900.5810249724 4126.73731151027 4330.28502416009 4452.10013710353 4557.75658080951 Inf 4077.73713612544 361.009320488329 -Inf 3370.17186988504 3483.92964595693 3615.08507627743 3834.24004973081 4077.73713612544 4321.23422252007 4540.38919597345 4671.54462629395 4785.30240236584 Inf
"63" 73.8383838383838 3876.98428561457 335.417525525589 -Inf 3219.57801580087 3325.27155221072 3447.12943066616 3650.74860261143 3876.98428561457 4103.21996861771 4306.83914056299 4428.69701901842 4534.39055542827 Inf 4057.07725636467 361.135360314705 -Inf 3349.26495660395 3463.0624491306 3594.26366997985 3813.49515739903 4057.07725636467 4300.65935533031 4519.89084274949 4651.09206359874 4764.88955612539 Inf
"64" 74.5454545454545 3853.55666829959 335.503303435873 -Inf 3195.98227687107 3301.7028427889 3423.59188453596 3627.26312897517 3853.55666829959 4079.85020762401 4283.52145206322 4405.41049381029 4511.13105972812 Inf 4038.66099828042 361.227263206169 -Inf 3330.66857216236 3444.495024242 3575.72963360116 3795.01691175648 4038.66099828042 4282.30508480436 4501.59236295968 4632.82697231884 4746.65342439848 Inf
"65" 75.2525252525253 3835.88842566457 335.573977154118 -Inf 3178.17551629363 3283.91835223209 3405.83306988668 3609.54721764158 3835.88842566457 4062.22963368756 4265.94378144246 4387.85849909705 4493.60133503551 Inf 4018.27330875892 361.30341508141 -Inf 3310.13162770804 3423.98207603231 3555.24435152473 3774.57785857567 4018.27330875892 4261.96875894218 4481.30226599312 4612.56454148553 4726.41498980981 Inf
"66" 75.959595959596 3824.99554166113 335.719238951048 -Inf 3166.99792439988 3272.78653383511 3394.75402539997 3598.55635604502 3824.99554166113 4051.43472727724 4255.23705792228 4377.20454948714 4482.99315892238 Inf 3992.50712496025 361.458629762326 -Inf 3284.06122872489 3397.96058680277 3529.27925210873 3748.70698406564 3992.50712496025 4236.30726585485 4455.73499781176 4587.05366311772 4700.9530211956 Inf
"67" 76.6666666666667 3817.23745177498 335.900440208833 -Inf 3158.88468657451 3264.73039440288 3386.76371675823 3590.67604776777 3817.23745177498 4043.79885578219 4247.71118679173 4369.74450914707 4475.59021697544 Inf 3972.05598234919 361.653238028831 -Inf 3263.22866092039 3377.18934207872 3508.57870896907 3728.12458017352 3972.05598234919 4215.98738452486 4435.53325572931 4566.92262261966 4680.88330377799 Inf
"68" 77.3737373737374 3808.0593682276 336.112410448958 -Inf 3149.2911489907 3255.20365083723 3377.31398241777 3581.35499246608 3808.0593682276 4034.76374398912 4238.80475403743 4360.91508561797 4466.8275874645 Inf 3966.48841978972 361.879761234577 -Inf 3257.217121036 3371.24918200269 3502.72084524064 3722.40423003359 3966.48841978972 4210.57260954585 4430.2559943388 4561.72765757675 4675.75971854345 Inf
"69" 78.0808080808081 3793.69767776876 336.266593676623 -Inf 3134.62726495861 3240.58835153715 3362.75469820213 3566.88930700053 3793.69767776876 4020.50604853699 4224.64065733539 4346.80700400037 4452.76809057891 Inf 3959.56688339276 362.045312877249 -Inf 3249.97110938181 3364.05533738583 3495.58714587683 3715.37103075052 3959.56688339276 4203.762736035 4423.54662090868 4555.07842939968 4669.1626574037 Inf
"70" 78.7878787878788 3774.2258717471 336.612325396834 -Inf 3114.47783721703 3220.54786744155 3342.83981915318 3547.18430847727 3774.2258717471 4001.26743501694 4205.61192434102 4327.90387605265 4433.97390627717 Inf 3921.93589318421 362.416704367617 -Inf 3211.61220522798 3325.81346253734 3457.48019832238 3677.48954078841 3921.93589318421 4166.38224558001 4386.39158804604 4518.05832383108 4632.25958114044 Inf
"71" 79.4949494949495 3758.08509857698 337.697247914724 -Inf 3096.21065498582 3202.62255553291 3325.30866183176 3530.31176618907 3758.08509857698 3985.85843096488 4190.86153532219 4313.54764162104 4419.95954216813 Inf 3853.70661157938 363.576714864521 -Inf 3141.10934482753 3255.67613345937 3387.76430344919 3608.4778439933 3853.70661157938 4098.93537916546 4319.64891970957 4451.73708969939 4566.30387833123 Inf
"72" 80.2020202020202 3754.59956704895 339.714206095075 -Inf 3088.77195806598 3195.81942302652 3319.23829439006 3525.46581704182 3754.59956704895 3983.73331705608 4189.96083970783 4313.37971107137 4420.42717603191 Inf 3792.07949028273 365.737478139296 -Inf 3075.24720533321 3190.49487285323 3323.36805259498 3545.39331001521 3792.07949028273 4038.76567055025 4260.79092797048 4393.66410771224 4508.91177523226 Inf
"73" 80.9090909090909 3747.7868490267 343.244731929029 -Inf 3075.0395365627 3183.19950678125 3307.90102545812 3516.27179553177 3747.7868490267 3979.30190252163 4187.67267259528 4312.37419127215 4420.5341614907 Inf 3755.8849079396 369.514251604162 -Inf 3031.65028302117 3148.08805097823 3282.33334030524 3506.65133268121 3755.8849079396 4005.11848319798 4229.43647557395 4363.68176490096 4480.11953285803 Inf
"74" 81.6161616161616 3675.89716584884 367.489239743761 -Inf 2955.63149124507 3071.43115699068 3204.94075533443 3428.02944033433 3675.89716584884 3923.76489136336 4146.85357636326 4280.36317470701 4396.16284045262 Inf 3688.45119376564 395.412726353338 -Inf 2913.4564910843 3038.05513668058 3181.70939527126 3421.74936274322 3688.45119376564 3955.15302478805 4195.19299226002 4338.84725085069 4463.44589644697 Inf
"75" 82.3232323232323 3452.05952570941 501.326620970502 -Inf 2469.47740411607 2627.45061491876 2809.58360975548 3113.91985836437 3452.05952570941 3790.19919305445 4094.53544166334 4276.66843650007 4434.64164730276 Inf 3476.93411539323 535.469718062611 -Inf 2427.4327531787 2596.16480751527 2790.70205990837 3115.76527901962 3476.93411539323 3838.10295176685 4163.1661708781 4357.7034232712 4526.43547760777 Inf
"76" 83.030303030303 3023.46460508241 813.174905638479 -Inf 1429.67107689923 1685.91091219704 1981.33903169983 2474.98646611259 3023.46460508241 3571.94274405223 4065.59017846499 4361.01829796778 4617.25813326558 Inf 3041.5886930058 858.795180784149 -Inf 1358.38106857231 1628.99632508455 1940.99838458972 2462.3401460491 3041.5886930058 3620.8372399625 4142.17900142189 4454.18106092705 4724.7963174393 Inf
"77" 83.7373737373737 2419.9434375079 1234.27644859313 -Inf 0.806051299368391 389.739344378713 838.154522498549 1587.43662402342 2419.9434375079 3252.45025099239 4001.73235251725 4450.14753063709 4839.08082371643 Inf 2408.94324690225 1293.15311077282 -Inf -125.59027670841 281.895662443998 751.700853302472 1536.7247282518 2408.94324690225 3281.16176555269 4066.18564050202 4535.9908313605 4943.47677051291 Inf
"78" 84.4444444444444 1746.86647503679 1649.14431957974 -Inf -1485.3969966483 -965.734540390356 -366.597009529605 634.535534886169 1746.86647503679 2859.19741518742 3860.32995960319 4459.46749046394 4979.12994672189 Inf 1701.82739999514 1719.0331862101 -Inf -1667.41573320579 -1125.73057119248 -501.202271015532 542.357135649519 1701.82739999514 2861.29766434077 3904.85707100582 4529.38537118277 5071.07053319607 Inf
"79" 85.1515151515152 1128.7633728984 1970.72995046311 -Inf -2733.7963532637 -2112.79893386274 -1396.82868038323 -200.473779093402 1128.7633728984 2458.0005248902 3654.35542618003 4370.32567965953 4991.32309906049 Inf 1063.54737811313 2047.63561321383 -Inf -2949.74467724757 -2304.51348695665 -1560.60324766594 -317.561855136068 1063.54737811313 2444.65661136233 3687.6980038922 4431.6082431829 5076.83943347383 Inf
"80" 85.8585858585859 650.351138920856 2170.31844157385 -Inf -3603.39484154699 -2919.50502134156 -2131.02385760843 -813.506404582242 650.351138920856 2114.20868242395 3431.72613545015 4220.20729918327 4904.09711938871 Inf 584.978441198424 2250.68417425348 -Inf -3826.28148091267 -3117.0675859447 -2299.38938586258 -933.084965264082 584.978441198424 2103.04184766093 3469.34626825943 4287.02446834154 4996.23836330952 Inf
"81" 86.5656565656566 333.50110491172 2269.37616931934 -Inf -4114.39445432765 -3399.29051811043 -2574.82147768909 -1197.16986063342 333.50110491172 1864.17207045686 3241.82368751253 4066.29272793387 4781.39666415109 Inf 281.94821342495 2351.03682982449 -Inf -4325.99929935827 -3585.16324320835 -2731.02671648964 -1303.80203062516 281.94821342495 1867.69845747505 3294.92314333953 4149.05967005824 4889.89572620816 Inf
"82" 87.2727272727273 152.084483505902 2308.42536939928 -Inf -4372.34610151526 -3644.9373578973 -2806.28166259062 -1404.92476724652 152.084483505902 1709.09373425832 3110.45062960243 3949.1063249091 4676.51506852707 Inf 118.405671591387 2390.43985567617 -Inf -4566.77035274303 -3813.51799502691 -2945.06626779062 -1493.92150952239 118.405671591387 1730.73285270516 3181.87761097339 4050.32933820968 4803.5816959258 Inf
"83" 87.979797979798 61.6432679863709 2320.58556880848 -Inf -4486.62086992164 -3755.3803215195 -2912.30680070034 -1503.56791262789 61.6432679863709 1626.85444860063 3035.59333667308 3878.66685749224 4609.90740589438 Inf 42.9150159021673 2402.66553479873 -Inf -4666.22289919901 -3909.11810336282 -3036.2247616992 -1577.65826046896 42.9150159021673 1663.4882922733 3122.05479350353 3994.94813516715 4752.05293100334 Inf
"84" 88.6868686868687 22.193323117216 2323.57383064468 -Inf -4531.92770036613 -3799.74551970821 -2955.58635720394 -1545.03340947647 22.193323117216 1589.4200557109 2999.97300343837 3844.13216594264 4576.31434660056 Inf 13.1819997078133 2405.66010424538 -Inf -4701.82516365801 -3943.77674797266 -3069.79547305604 -1609.41108306133 13.1819997078133 1635.77508247696 3096.15947247167 3970.14074738828 4728.18916307363 Inf
"85" 89.3939393939394 7.08946243889822 2324.15495085926 -Inf -4548.17053573571 -3815.80523807918 -2971.43495340302 -1560.52922978315 7.08946243889822 1574.70815466095 2985.61387828082 3829.98416295697 4562.34946061351 Inf 3.29716364503714 2406.24078745517 -Inf -4712.84811789839 -3954.61672291916 -3080.4244845954 -1619.68758399722 3.29716364503714 1626.2819112873 3087.01881188548 3961.21105020923 4719.44244518846 Inf
"86" 90.1010101010101 2.00544929283442 2324.24478580117 -Inf -4553.43062213247 -3821.03701655527 -2976.63409465953 -1565.67383567674 2.00544929283442 1569.68473426241 2980.6449932452 3825.04791514093 4557.44152071814 Inf 0.59912099315012 2406.33033123085 -Inf -4715.72166312565 -3957.46205197525 -3083.2372822132 -1622.446023008 0.59912099315012 1623.6442649943 3084.4355241995 3958.66029396154 4716.91990511195 Inf
"87" 90.8080808080808 0.500700652810558 2324.25587606604 -Inf -4554.95710729222 -3822.56000705768 -2978.15305604586 -1567.18606458675 0.500700652810558 1568.18746589237 2979.15445735148 3823.5614083633 4555.95850859784 Inf 0.038646564756074 2406.34136150005 -Inf -4716.30375648442 -3958.04066958195 -3083.81189250036 -1623.01393723991 0.038646564756074 1623.09123036942 3083.88918562987 3958.11796271146 4716.38104961393 Inf
"88" 91.5151515151515 0.109720172112015 2324.25697375267 -Inf -4555.35023919918 -3822.95279307222 -2978.54544326858 -1567.57778544583 0.109720172112015 1567.79722579005 2978.7648836128 3823.17223341644 4555.56967954341 Inf -0.0253244739175068 2406.34245116462 -Inf -4716.36986322641 -3958.10643295934 -3083.87726000037 -1623.07864324617 -0.0253244739175068 1623.02799429834 3083.82661105254 3958.0557840115 4716.31921427857 Inf
"89" 92.2222222222222 0.020899279722104 2324.25706114617 -Inf -4555.43923137968 -3823.04175771413 -2978.63437616025 -1567.66666528424 0.020899279722104 1567.70846384368 2978.67617471969 3823.08355627357 4555.48102993913 Inf -0.0143203409498236 2406.34253777348 -Inf -4716.35902884368 -3958.09557128526 -3083.86636686111 -1623.06769752999 -0.0143203409498236 1623.03905684809 3083.83772617922 3958.06693060336 4716.33038816177 Inf
"90" 92.9292929292929 0.00339853223473169 2324.25706675811 -Inf -4555.45674312637 -3823.05926769243 -2978.65188409972 -1567.68416981692 0.00339853223473169 1567.69096688139 2978.65868116419 3823.0660647569 4555.46354019083 Inf -0.00481753729474708 2406.34254332674 -Inf -4716.34953692423 -3958.08607761592 -3083.85687117426 -1623.05819847195 -0.00481753729474708 1623.04856339736 3083.84723609967 3958.07644254133 4716.33990184963 Inf
"91" 93.6363636363636 0.000454104164429922 2324.25706704941 -Inf -4555.45968812537 -3823.06221259965 -2978.65482890111 -1567.68711444147 0.000454104164429922 1567.6880226498 2978.65573710944 3823.06312080797 4555.4605963337 Inf -0.00126360026087119 2406.34254361462 -Inf -4716.34598355141 -3958.0825241524 -3083.85331760615 -1623.05464472909 -0.00126360026087119 1623.05211752857 3083.85079040563 3958.07999695187 4716.34345635089 Inf
"92" 94.3434343434343 4.48853291480189e-05 2324.25706706165 -Inf -4555.46009736821 -3823.06262183863 -2978.65523813564 -1567.68752366856 4.48853291480189e-05 1567.68761343922 2978.6553279063 3823.06271160928 4555.46018713887 Inf -0.000277449931748993 2406.3425436267 -Inf -4716.34499742477 -3958.08153802195 -3083.85233147131 -1623.05365858691 -0.000277449931748993 1623.05310368705 3083.85177657145 3958.08098312208 4716.34444252491 Inf
"93" 95.0505050505051 1.82989305024789e-06 2324.25706706207 -Inf -4555.46014042446 -3823.06266489475 -2978.65528119161 -1567.68756672428 1.82989305024789e-06 1567.68757038407 2978.65528485139 3823.06266855453 4555.46014408425 Inf -5.25311818682925e-05 2406.34254362712 -Inf -4716.34477250683 -3958.08131310388 -3083.85210655309 -1623.05343366844 -5.25311818682925e-05 1623.05332860608 3083.85200149072 3958.08120804151 4716.34466744447 Inf
"94" 95.7575757575758 -4.60890773436992e-07 2324.25706706208 -Inf -4555.46014271527 -3823.06266718555 -2978.65528348241 -1567.68756901507 -4.60890773436992e-07 1567.68756809329 2978.65528256062 3823.06266626377 4555.46014179349 Inf -8.70869217471813e-06 2406.34254362713 -Inf -4716.34472868436 -3958.0812692814 -3083.85206273061 -1623.05338984596 -8.70869217471813e-06 1623.05337242857 3083.85204531323 3958.08125186402 4716.34471126698 Inf
"95" 96.4646464646465 -1.48786744812495e-07 2324.25706706208 -Inf -4555.46014240317 -3823.06266687345 -2978.6552831703 -1567.68756870297 -1.48786744812495e-07 1567.6875684054 2978.65528287273 3823.06266657587 4555.46014210559 Inf -1.27554605175067e-06 2406.34254362713 -Inf -4716.34472125122 -3958.08126184826 -3083.85205529747 -1623.05338241281 -1.27554605175067e-06 1623.05337986172 3083.85205274638 3958.08125929716 4716.34471870013 Inf
"96" 97.1717171717172 -2.73146406613548e-08 2324.25706706208 -Inf -4555.4601422817 -3823.06266675198 -2978.65528304883 -1567.6875685815 -2.73146406613548e-08 1567.68756852687 2978.6552829942 3823.06266669734 4555.46014222707 Inf -1.66015409769479e-07 2406.34254362713 -Inf -4716.34472014169 -3958.08126073873 -3083.85205418794 -1623.05338130328 -1.66015409769479e-07 1623.05338097125 3083.85205385591 3958.08126040669 4716.34471980966 Inf
"97" 97.8787878787879 -3.88222290097793e-09 2324.25706706208 -Inf -4555.46014225826 -3823.06266672854 -2978.6552830254 -1567.68756855806 -3.88222290097793e-09 1567.6875685503 2978.65528301763 3823.06266672078 4555.4601422505 Inf -1.92759605474878e-08 2406.34254362713 -Inf -4716.34471999495 -3958.08126059199 -3083.8520540412 -1623.05338115654 -1.92759605474878e-08 1623.05338111799 3083.85205400265 3958.08126055343 4716.3447199564 Inf
"98" 98.5858585858586 -4.61087378645234e-10 2324.25706706208 -Inf -4555.46014225484 -3823.06266672512 -2978.65528302198 -1567.68756855464 -4.61087378645234e-10 1567.68756855372 2978.65528302105 3823.0626667242 4555.46014225392 Inf -2.00225308008532e-09 2406.34254362713 -Inf -4716.34471997768 -3958.08126057471 -3083.85205402392 -1623.05338113927 -2.00225308008532e-09 1623.05338113526 3083.85205401992 3958.08126057071 4716.34471997367 Inf
"99" 99.2929292929293 -4.72033858719091e-11 2324.25706706208 -Inf -4555.46014225443 -3823.06266672471 -2978.65528302156 -1567.68756855423 -4.72033858719091e-11 1567.68756855414 2978.65528302147 3823.06266672461 4555.46014225433 Inf -1.86449807602938e-10 2406.34254362713 -Inf -4716.34471997586 -3958.0812605729 -3083.85205402211 -1623.05338113745 -1.86449807602938e-10 1623.05338113708 3083.85205402174 3958.08126057252 4716.34471997549 Inf
"100" 100 -4.23141106371511e-12 2324.25706706208 -Inf -4555.46014225439 -3823.06266672467 -2978.65528302152 -1567.68756855419 -4.23141106371511e-12 1567.68756855418 2978.65528302151 3823.06266672465 4555.46014225438 Inf -1.55896254743536e-11 2406.34254362713 -Inf -4716.34471997569 -3958.08126057273 -3083.85205402194 -1623.05338113728 -1.55896254743536e-11 1623.05338113725 3083.85205402191 3958.08126057269 4716.34471997566 Inf
