"mid_age" "mean_left" "std_left" "min_left" "l.q2.5" "l.q5" "l.q10" "l.q25" "l.q50" "l.q75" "l.q90" "l.q95" "l.q97.5" "max_left" "mean_right" "std_right" "min_right" "r.q2.5" "r.q5" "r.q10" "r.q25" "r.q50" "r.q75" "r.q90" "r.q95" "r.q97.5" "max_right"
"1" 56.0429272265821 4256.16478563633 338.19875618611 -Inf 3593.30740389531 3699.87733489313 3822.74564018078 4028.05319105974 4256.16478563633 4484.27638021293 4689.58393109188 4812.45223637953 4919.02216737735 Inf 4475.87905758454 360.431118833426 -Inf 3769.44704576355 3883.0226245052 4013.96799297257 4232.77196227969 4475.87905758454 4718.98615288939 4937.79012219651 5068.73549066388 5182.31106940553 Inf
"2" 56.4058531127561 4253.96115553528 338.285621792225 -Inf 3590.93352033478 3697.53082358481 3820.43068732623 4025.79097099772 4253.96115553528 4482.13134007285 4687.49162374434 4810.39148748576 4916.98879073578 Inf 4495.31027660758 360.523750075154 -Inf 3788.69671088896 3902.30147869432 4033.28050028276 4252.14070247964 4495.31027660758 4738.47985073553 4957.34005293241 5088.31907452084 5201.9238423262 Inf
"3" 56.7607419282329 4256.26973944315 338.385369192345 -Inf 3593.04660293086 3699.67533761981 3822.61143979731 4028.0322763066 4256.26973944315 4484.5072025797 4689.92803908899 4812.86414126649 4919.49287595543 Inf 4501.02074525667 360.630102211619 -Inf 3794.19873318089 3907.837013646 4038.85467318486 4257.77943770276 4501.02074525667 4744.26205281057 4963.18681732848 5094.20447686733 5207.84275733244 Inf
"4" 57.109588224231 4261.32322292425 338.369739252025 -Inf 3598.13072053207 3704.75453006493 3827.6849538529 4033.09630202223 4261.32322292425 4489.55014382626 4694.9614919956 4817.89191578356 4924.51572531643 Inf 4493.14922023566 360.613434709429 -Inf 3786.35987586389 3899.99290422643 4031.00450842737 4249.91915474115 4493.14922023566 4736.37928573017 4955.29393204394 5086.30553624489 5199.93856460743 Inf
"5" 57.4536810975017 4266.49008940318 338.234302632811 -Inf 3603.56303790685 3710.1441699582 3833.02538934322 4038.35451911263 4266.49008940318 4494.62565969373 4699.95478946315 4822.83600884816 4929.41714089951 Inf 4476.26620281333 360.469043485407 -Inf 3769.75986004033 3883.34738923263 4014.30653580424 4233.13352771944 4476.26620281333 4719.39887790722 4938.22586982242 5069.18501639403 5182.77254558633 Inf
"6" 57.7939544167071 4269.39017897585 338.077976107385 -Inf 3606.76952183918 3713.3013937832 3836.12581941928 4041.36004932438 4269.39017897585 4497.42030862731 4702.65453853242 4825.47896416849 4932.01083611251 Inf 4457.54127439635 360.302399133212 -Inf 3751.36154855188 3864.89656638277 3995.79517071771 4214.52099920994 4457.54127439635 4700.56154958276 4919.28737807499 5050.18598240993 5163.72100024082 Inf
"7" 58.1310590392805 4268.70778082462 337.999553911433 -Inf 3606.2408283676 3712.74798866542 3835.54392335604 4040.73054614051 4268.70778082462 4496.68501550872 4701.87163829319 4824.66757298382 4931.17473328163 Inf 4444.21891035374 360.21881957532 -Inf 3738.20299743258 3851.7116784791 3982.57991818836 4201.25500872246 4444.21891035374 4687.18281198503 4905.85790251912 5036.72614222838 5150.2348232749 Inf
"8" 58.465073114484 4264.49462283859 338.021428111136 -Inf 3601.98479773797 3708.49885082267 3831.30273245514 4036.50263423099 4264.49462283859 4492.4866114462 4697.68651322204 4820.49039485451 4927.00444793921 Inf 4441.19595600676 360.242155211127 -Inf 3735.13430607987 3848.65034042693 3979.52705802078 4198.21631472831 4441.19595600676 4684.17559728521 4902.86485399274 5033.7415715866 5147.25760593366 Inf
"9" 58.7957790763431 4257.93719358145 338.094390211008 -Inf 3595.28436539285 3701.82140959093 3824.65179850469 4029.89599278533 4257.93719358145 4485.97839437757 4691.22258865822 4814.05297757198 4920.59002177006 Inf 4449.41188320903 360.319932782149 -Inf 3743.19779204412 3856.7383349094 3987.64330925514 4206.37978175613 4449.41188320903 4692.44398466193 4911.18045716292 5042.08543150866 5155.62597437393 Inf
"10" 59.1227236698134 4250.72778566969 338.152685973588 -Inf 3587.96069988598 3694.51611368265 3817.36768156713 4022.64726497923 4250.72778566969 4478.80830636015 4684.08788977226 4806.93945765673 4913.49487145341 Inf 4465.66336989106 360.382063526986 -Inf 3759.32750470394 3872.88762561044 4003.81517218386 4222.5893618876 4465.66336989106 4708.73737789453 4927.51156759827 5058.43911417168 5171.99923507818 Inf
"11" 59.4451934234769 4244.32979441055 338.157754315943 -Inf 3581.55277485836 3688.10978574221 3810.96319496591 4016.24585517512 4244.32979441055 4472.41373364598 4677.69639385519 4800.54980307889 4907.10681396274 Inf 4483.87190485946 360.387460394082 -Inf 3777.52546200721 3891.08728352243 4022.01679078879 4240.79425672446 4483.87190485946 4726.94955299447 4945.72701893014 5076.6565261965 5190.21834771172 Inf
"12" 59.7623497895579 4239.4252421735 338.10504990165 -Inf 3576.75152137514 3683.29192455216 3806.1261861535 4011.3768515253 4239.4252421735 4467.47363282169 4672.72429819349 4795.55855979483 4902.09896297185 Inf 4497.29897826659 360.331288308539 -Inf 3791.06263067894 3904.60675178819 4035.51585162008 4254.25921762753 4497.29897826659 4740.33873890565 4959.0821049131 5089.99120474499 5203.53532585425 Inf
"13" 60.0733638821606 4235.73400523601 338.010125297327 -Inf 3573.24633324338 3679.75682469438 3802.55659999129 4007.74964026047 4235.73400523601 4463.71837021155 4668.91141048072 4791.71118577764 4898.22167722864 Inf 4500.81495800077 360.230118691693 -Inf 3794.77689921846 3908.28914073358 4039.16148543511 4257.8434352313 4500.81495800077 4743.78648077023 4962.46843056642 5093.34077526796 5206.85301678307 Inf
"14" 60.3773827707043 4232.21584403347 337.895261918613 -Inf 3569.95330012626 3676.42759693692 3799.18564213156 4004.30895322954 4232.21584403347 4460.12273483739 4665.24604593537 4788.00409113001 4894.47838794067 Inf 4492.36085453081 360.107690752143 -Inf 3786.56275010072 3900.03641330402 4030.86427968275 4249.47190815171 4492.36085453081 4735.24980090991 4953.85742937887 5084.68529575759 5198.15895896089 Inf
"15" 60.6736779179678 4227.50867445906 337.780536671017 -Inf 3565.47098790525 3671.90913360212 3794.62549887782 3999.67916465873 4227.50867445906 4455.33818425939 4660.3918500403 4783.108215316 4889.54636101286 Inf 4473.19008549241 359.985403796136 -Inf 3767.63165909188 3881.06678840875 4011.85022768427 4230.38362041172 4473.19008549241 4715.9965505731 4934.52994330056 5065.31338257608 5178.74851189295 Inf
"16" 60.9616586846157 4220.40728882179 337.676285894412 -Inf 3558.57393003549 3664.97922523286 3787.65771598652 3992.64809510173 4220.40728882179 4448.16648254185 4653.15686165706 4775.83535241072 4882.24064760809 Inf 4447.00746734409 359.874284124146 -Inf 3741.66683149863 3855.06694585593 3985.81001512555 4204.2759513432 4447.00746734409 4689.73898334498 4908.20491956263 5038.94798883226 5152.34810318955 Inf
"17" 61.2409697953457 4210.21365502837 337.579821597159 -Inf 3548.56936279048 3654.94426108865 3777.58770616427 3982.51952548807 4210.21365502837 4437.90778456868 4642.83960389248 4765.48304896809 4871.85794726626 Inf 4418.53004787885 359.77147337321 -Inf 3713.39091740245 3826.75863502725 3957.46435293913 4175.86787667568 4418.53004787885 4661.19221908202 4879.59574281857 5010.30146073045 5123.66917835525 Inf
"18" 61.511756236079 4196.87133620893 337.480970952189 -Inf 3535.42078767504 3641.76453711112 3764.37206954364 3969.24388041546 4196.87133620893 4424.49879200241 4629.37060287423 4751.97813530675 4858.32188474283 Inf 4392.06992625576 359.666125211143 -Inf 3687.13727438284 3800.47179571063 3931.13924041806 4149.4788113081 4392.06992625576 4634.66104120341 4853.00061209346 4983.66805680089 5097.00257812867 Inf
"19" 61.7745893275452 4180.91819083943 337.373567102409 -Inf 3519.6781499829 3625.98805535348 3748.55656774597 3953.36317784177 4180.91819083943 4408.4732038371 4613.27981393289 4735.84832632538 4842.15823169596 Inf 4370.63987941994 359.551656940154 -Inf 3665.93158123554 3779.23003242552 3909.85589057413 4128.12597214779 4370.63987941994 4613.1537866921 4831.42386826575 4962.04972641437 5075.34817760435 Inf
"20" 62.0302966631842 4163.34187174874 337.26394221106 -Inf 3502.31669173107 3608.59205316293 3731.12073860641 3935.86079961666 4163.34187174874 4390.82294388082 4595.56300489107 4718.09169033456 4824.36705176642 Inf 4355.66148547244 359.434810963349 -Inf 3651.18220119431 3764.44383300676 3895.02724077113 4113.22638961399 4355.66148547244 4598.09658133089 4816.29573017375 4946.87913793812 5060.14076975057 Inf
"21" 62.2800104680004 4145.39348288038 337.170292875978 -Inf 3484.55185218664 3590.79770374304 3713.29236619004 3917.97557626492 4145.39348288038 4372.81138949584 4577.49459957072 4699.98926201772 4806.23511357412 Inf 4347.10289849334 359.334983769551 -Inf 3642.81927191973 3756.04944714944 3886.59658748852 4104.7351350539 4347.10289849334 4589.47066193277 4807.60920949815 4938.15634983723 5051.38652506694 Inf
"22" 62.5251263005007 4128.4243082115 337.114146176523 -Inf 3467.69272302655 3573.9208821764 3696.39514641175 3901.04427196933 4128.4243082115 4355.80434445367 4560.45347001126 4682.92773424661 4789.15589339646 Inf 4343.86872730901 359.275128144274 -Inf 3639.70241560522 3752.91372970745 3883.43912437448 4101.54133587532 4343.86872730901 4586.19611874271 4804.29833024355 4934.82372491058 5048.0350390128 Inf
"23" 62.7669983902519 4113.77864428334 337.109658833556 -Inf 3453.05585412899 3559.2825992706 3681.75523324499 3886.40163470801 4113.77864428334 4341.15565385868 4545.80205532169 4668.27468929609 4774.5014344377 Inf 4344.24671252197 359.270341652033 -Inf 3640.08978217058 3753.29958799953 3883.82324372406 4101.92254952823 4344.24671252197 4586.57087551571 4804.67018131987 4935.19383704441 5048.40364287335 Inf
"24" 63.0067573213794 4102.69354867607 337.156202081884 -Inf 3441.87953543127 3548.1209468325 3670.61049006496 3875.2851461568 4102.69354867607 4330.10195119534 4534.77660728718 4657.26615051964 4763.50756192087 Inf 4346.29988409462 359.319957287708 -Inf 3642.04570888424 3755.27114911388 3885.81283030114 4103.94225586317 4346.29988409462 4588.65751232607 4806.7869378881 4937.32861907535 5050.554059305 Inf
"25" 63.2454815543924 4096.17783225621 337.23774409954 -Inf 3435.20399959358 3541.47110572915 3663.99027334471 3868.71443048182 4096.17783225621 4323.6412340306 4528.3653911677 4650.88455878327 4757.15166491884 Inf 4348.20424891202 359.406883535427 -Inf 3643.7797013868 3757.03253297745 3887.60579464969 4105.78798981746 4348.20424891202 4590.62050800658 4808.80270317435 4939.37596484659 5052.62879643724 Inf
"26" 63.4838449927742 4094.90505079311 337.328962878158 -Inf 3433.75243260967 3540.0482827272 3662.60059031307 3867.38012288752 4094.90505079311 4322.4299786987 4527.20951127315 4649.76181885903 4756.05766897655 Inf 4348.51863471622 359.504122296125 -Inf 3643.90350272213 3757.18697525343 3887.79556396788 4106.03678907424 4348.51863471622 4591.00048035819 4809.24170546455 4939.850294179 5053.1337667103 Inf
"27" 63.7222125212965 4099.07537854679 337.405163264501 -Inf 3437.77341035051 3544.09327199902 3666.67326334234 3871.49905426165 4099.07537854679 4326.65170283193 4531.47749375125 4654.05748509456 4760.37734674307 Inf 4346.38297522632 359.58534476076 -Inf 3641.60865012681 3754.91771669799 3885.55581370127 4103.84634586446 4346.38297522632 4588.91960458817 4807.21013675136 4937.84823375465 5051.15730032583 Inf
"28" 63.9605337032201 4108.30394563974 337.450961696822 -Inf 3446.91221416556 3553.24650737446 3675.84313738265 3880.69673078142 4108.30394563974 4335.91116049806 4540.76475389683 4663.36138390502 4769.69567711391 Inf 4341.61603217287 359.634152718581 -Inf 3636.74604523388 3750.07049169809 3880.72632073307 4099.04648234374 4341.61603217287 4584.18558200201 4802.50574361268 4933.16157264765 5046.48601911187 Inf
"29" 64.1983382795634 4121.56920508791 337.463305770507 -Inf 3460.15327967389 3566.49146262826 3689.09257726386 3893.95366427842 4121.56920508791 4349.18474589741 4554.04583291196 4676.64694754756 4782.98513050193 Inf 4334.68395411335 359.647297983306 -Inf 3629.78820292892 3743.11679160221 3873.77739633895 4092.10553793789 4334.68395411335 4577.2623702888 4795.59051188774 4926.25111662448 5039.57970529777 Inf
"30" 64.4349167275847 4137.28514869105 337.447601207436 -Inf 3475.90000365504 3582.23323793892 3704.82864707439 3909.68020044838 4137.28514869105 4364.89009693372 4569.74165030771 4692.33705944317 4798.67029372706 Inf 4326.52142254249 359.630550721727 -Inf 3621.6584953876 3734.9818068253 3865.63632724739 4083.95430222331 4326.52142254249 4569.08854286166 4787.40651783758 4918.06103825968 5031.38434969738 Inf
"31" 64.6693927743744 4153.50113264962 337.41033811798 -Inf 3492.1890219269 3598.51051422534 3721.09238560359 3925.92131797885 4153.50113264962 4381.08094732039 4585.90987969565 4708.4917510739 4814.81324337234 Inf 4318.24999716121 359.590834177955 -Inf 3613.46491300171 3726.7757093451 3857.41580066497 4075.70966524372 4318.24999716121 4560.7903290787 4779.08419365746 4909.72428497733 5023.03508132072 Inf
"32" 64.9007699881757 4168.19481450318 337.354054545379 -Inf 3506.99301755568 3613.29677431743 3735.85819775773 3940.65296252523 4168.19481450318 4395.73666648113 4600.53143124863 4723.09285468893 4829.39661145068 Inf 4310.8785000321 359.53085295234 -Inf 3606.21097691455 3719.50287255249 3850.12117256944 4068.37862483649 4310.8785000321 4553.37837522771 4771.63582749476 4902.25412751171 5015.54602314965 Inf
"33" 65.1281794490049 4179.60419509778 337.277984767613 -Inf 3518.55149217501 3624.83127856189 3747.36506569512 3952.11365140523 4179.60419509778 4407.09473879032 4611.84332450044 4734.37711163367 4840.65689802055 Inf 4305.06859321303 359.449785037944 -Inf 3600.559960288 3713.82631058644 3844.41515846298 4062.62339749475 4305.06859321303 4547.51378893131 4765.72202796308 4896.31087583962 5009.57722613807 Inf
"34" 65.3510022551741 4186.48366605455 337.18289035822 -Inf 3525.61734474932 3631.86716590285 3754.36640504112 3959.05726256644 4186.48366605455 4413.91006954266 4618.60092706798 4741.10016620625 4847.34998735978 Inf 4301.03900469542 359.348435129326 -Inf 3596.72901394111 3709.96342783361 3840.51545507943 4058.66216845169 4301.03900469542 4543.41584093915 4761.56255431141 4892.11458155723 5005.34899544973 Inf
"35" 65.5689464146559 4188.22743203787 337.075477218721 -Inf 3527.57163661753 3633.78761077826 3756.24782650153 3960.87347761139 4188.22743203787 4415.58138646435 4620.20703757422 4742.66725329748 4848.88322745822 Inf 4298.60560382005 359.233946927746 -Inf 3594.52000581749 3707.71834329185 3838.22877673803 4056.3059886948 4298.60560382005 4540.90521894529 4758.98243090207 4889.49286434824 5002.6912018226 Inf
"36" 65.7820774439738 4184.85356706157 336.968884803733 -Inf 3524.40668893563 3630.58907472236 3753.01056520153 3957.57150812645 4184.85356706157 4412.13562599669 4616.69656892161 4739.11805940078 4845.30044518751 Inf 4297.3075794793 359.120326463206 -Inf 3593.44467349515 3706.6072079843 3837.07636288149 4055.0846001928 4297.3075794793 4539.53055876581 4757.53879607711 4888.0079509743 5001.17048546345 Inf
"37" 65.9908337465735 4176.88590875427 336.879117812181 -Inf 3516.61497069877 3622.76906997669 3745.15794792278 3949.66439673485 4176.88590875427 4404.10742077368 4608.61386958575 4731.00274753184 4837.15684680977 Inf 4296.55602027492 359.024637141079 -Inf 3592.88066191584 3706.01304370848 3836.44743447769 4054.39758245539 4296.55602027492 4538.71445809444 4756.66460607215 4887.09899684136 5000.23137863399 Inf
"38" 66.1958426646084 4165.20003192216 336.819866390684 -Inf 3505.04522451882 3611.18065306013 3733.54800484265 3938.01848437923 4165.20003192216 4392.38157946509 4596.85205900166 4719.21941078418 4825.35483932549 Inf 4295.75817507775 358.96147628711 -Inf 3592.20660971769 3705.31908887104 3835.7305331718 4053.64233860684 4295.75817507775 4537.87401154866 4755.7858169837 4886.19726128446 4999.30974043781 Inf
"39" 66.3979848790963 4150.86459949646 336.798141911635 -Inf 3490.75237128965 3596.88095422259 3719.24041345709 3923.69770489198 4150.86459949646 4378.03149410094 4582.48878553583 4704.84824477033 4810.97682770327 Inf 4294.39686146801 358.938320616128 -Inf 3590.8906803891 3703.9958629507 3834.39889474846 4052.29664325983 4294.39686146801 4536.49707967618 4754.39482818755 4884.79785998531 4997.90304254691 Inf
"40" 66.5981952274764 4135.01998013445 336.812448115503 -Inf 3474.8797122833 3581.01280324926 3703.37745995712 3907.8434361421 4135.01998013445 4362.19652412681 4566.66250031179 4689.02715701964 4795.16024798561 Inf 4292.06964974856 358.953575600402 -Inf 3588.5335694499 3701.64355901504 3832.05213298003 4049.95914220986 4292.06964974856 4534.18015728727 4752.08716651709 4882.49574048208 4995.60573004722 Inf
"41" 66.7973773350685 4118.78277457814 336.853543519025 -Inf 3458.56196121616 3564.70800176942 3687.08758852209 3891.57851215733 4118.78277457814 4345.98703699895 4550.47796063419 4672.85754738686 4779.00358794013 Inf 4288.4990198497 358.997388268503 -Inf 3584.87706829949 3698.00086369014 3828.42535488777 4046.35896111543 4288.4990198497 4530.63907858396 4748.57268481162 4878.99717600925 4992.1209713999 Inf
"42" 66.9963678159196 4103.16323066494 336.907345424171 -Inf 3442.83696750657 3548.99996159739 3671.39909469311 3875.92267941056 4103.16323066494 4330.40378191931 4534.92736663676 4657.32649973247 4763.48949382331 Inf 4283.52448765796 359.054743878679 -Inf 3579.7901211775 3692.93198991499 3823.37731852403 4041.34574315252 4283.52448765796 4525.70323216341 4743.6716567919 4874.11698540094 4987.25885413843 Inf
"43" 67.1958587733294 4088.9938922711 336.95901374868 -Inf 3428.56636105755 3534.7456363726 3657.16354067712 3861.71849126144 4088.9938922711 4316.26929328077 4520.82424386509 4643.24214816961 4749.42142348465 Inf 4277.08538044343 359.109820648416 -Inf 3573.2430654779 3686.40228947599 3816.86762758901 4034.86948722132 4277.08538044343 4519.30127366554 4737.30313329785 4867.76847141087 4980.92769540896 Inf
"44" 67.3964081454517 4076.85689012453 336.997060756714 -Inf 3416.35478814551 3522.54605246686 3644.97777932783 3849.55582679792 4076.85689012453 4304.15795345114 4508.73600092123 4631.1677277822 4737.35899210355 Inf 4269.19567648188 359.150372080978 -Inf 3565.273882169 3678.44588434351 3808.92595487557 4026.95243173415 4269.19567648188 4511.4389212296 4729.46539808818 4859.94546862024 4973.11747079475 Inf
"45" 67.5984808632908 4067.02361857864 337.016235163872 -Inf 3406.48393545217 3512.68124182781 3635.11993479043 3839.70962231093 4067.02361857864 4294.33761484634 4498.92730236684 4621.36599532946 4727.56330170511 Inf 4259.91359066177 359.170801979434 -Inf 3555.95175448371 3669.13019433083 3799.61768708712 4017.65656615694 4259.91359066177 4502.17061516661 4720.20949423643 4850.69698699271 4963.87542683983 Inf
"46" 67.802463998872 4059.42391919326 337.018243418833 -Inf 3398.88029995939 3505.07823915698 3627.51766172276 3832.10856837817 4059.42391919326 4286.73927000835 4491.33017666376 4613.76959922954 4719.96753842712 Inf 4249.31330110375 359.172932733633 -Inf 3545.3472887242 3658.52639999404 3789.01466685772 4007.05483942705 4249.31330110375 4491.57176278045 4709.61193534978 4840.10020221346 4953.2793134833 Inf
"47" 68.0086099242109 4053.65608495508 337.010177613222 -Inf 3393.12827440972 3499.32367198842 3621.7601642304 3826.3461744432 4053.65608495508 4280.96599546696 4485.55200567977 4607.98849792175 4714.18389550045 Inf 4237.4698883614 359.164328065082 -Inf 3533.52074082231 3646.69714067196 3777.18228144182 3995.21723044544 4237.4698883614 4479.72254627736 4697.75749528098 4828.24263605084 4941.41903590049 Inf
"48" 68.217257619803 4049.03668923014 337.001412056021 -Inf 3388.52605886119 3494.71869432202 3617.152002019 3821.73269099674 4049.03668923014 4276.34068746353 4480.92137644127 4603.35468413825 4709.54731959908 Inf 4224.44424874883 359.154982816014 -Inf 3520.51341756134 3633.68687262622 3764.16861824782 3982.19789410758 4224.44424874883 4466.69060339008 4684.71987924984 4815.20162487145 4928.37507993632 Inf
"49" 68.4287633950349 4044.70905907871 337.000445949273 -Inf 3384.2003222442 3490.39265327479 3612.82560998319 3817.40571247442 4044.70905907871 4272.01240568301 4476.59250817423 4599.02546488264 4705.21779591322 Inf 4210.30305521352 359.153955989859 -Inf 3506.37423656832 3619.54736806963 3750.02874064318 3968.05739315599 4210.30305521352 4452.54871727106 4670.57736978386 4801.05874235741 4914.23187385873 Inf
"50" 68.6435400767895 4039.78315619902 337.013132026115 -Inf 3379.2495551108 3485.44588365559 3607.88344924187 3812.47125296593 4039.78315619902 4267.09505943211 4471.68286315618 4594.12042874245 4700.31675728725 Inf 4195.15498921407 359.167482600399 -Inf 3491.19965889937 3604.37705277577 3734.86333959481 3952.90020359637 4195.15498921407 4437.40977483177 4655.44663883332 4785.93292565236 4899.11031952877 Inf
"51" 68.861987800848 4033.4985660541 337.042852298024 -Inf 3372.90671430332 3479.11240801363 3601.56077103595 3806.16661680223 4033.4985660541 4260.83051530597 4465.43636107225 4587.88472409458 4694.09041780488 Inf 4179.21113256108 359.199162748085 -Inf 3475.1937102979 3588.38108691696 3718.87888319897 3936.93497900849 4179.21113256108 4421.48728611368 4639.5433819232 4770.0411782052 4883.22855482427 Inf
"52" 69.0844501657088 4025.3882411447 337.091937968357 -Inf 3364.70018324791 3470.92134436134 3593.38754030889 3798.02318411131 4025.3882411447 4252.75329817809 4457.38894198051 4579.85513792805 4686.07629904149 Inf 4162.8489234505 359.251477979475 -Inf 3458.72896521794 3571.93282690828 3702.44962942169 3920.53748381055 4162.8489234505 4405.16036309045 4623.24821747931 4753.76501999271 4866.96888168305 Inf
"53" 69.3111537613267 4015.41612318445 337.162604903818 -Inf 3354.58956063926 3460.832989636 3583.32485902687 3788.00340202742 4015.41612318445 4242.82884434149 4447.50738734203 4569.9992567329 4676.24268572964 Inf 4146.66089039868 359.326790895255 -Inf 3442.39332156362 3555.62091513378 3686.16507898475 3904.29865296898 4146.66089039868 4389.02312782838 4607.15670181261 4737.70086566357 4850.92845923373 Inf
"54" 69.5420544855229 4004.05473707849 337.255557822363 -Inf 3343.04599016069 3449.31870958483 3571.84434896262 3776.57932013064 4004.05473707849 4231.53015402633 4436.26512519435 4558.79076457214 4665.06348399628 Inf 4131.46360228273 359.425857742947 -Inf 3427.00186599414 3540.2606765541 3670.84083159504 3889.03454527968 4131.46360228273 4373.89265928578 4592.08637297041 4722.66652801136 4835.92533857132 Inf
"55" 69.7766782546433 3992.25504900474 337.365903986213 -Inf 3331.03002757996 3437.33751822325 3559.90324658983 3764.7052047004 3992.25504900474 4219.80489330907 4424.60685141964 4547.17257978622 4653.48007042951 Inf 4118.22442110148 359.543470096896 -Inf 3413.53216883501 3526.82804026588 3657.45092411746 3875.71603577119 4118.22442110148 4360.73280643177 4578.99791808549 4709.62080193708 4822.91667336795 Inf
"56" 70.0141901064836 3981.25825111443 337.478893063119 -Inf 3319.81177516828 3426.15486983999 3548.76164737114 3753.63219683584 3981.25825111443 4208.88430539303 4413.75485485773 4536.36163238887 4642.70472706059 Inf 4107.87308098103 359.663909492086 -Inf 3402.94477183767 3516.27859496942 3646.94523470155 3865.28346051316 4107.87308098103 4350.46270144889 4568.8009272605 4699.46756699263 4812.80139012439 Inf
"57" 70.2535526660733 3972.27237927093 337.569856066382 -Inf 3310.64761911445 3417.01937717065 3539.65920174839 3744.58497137899 3972.27237927093 4199.95978716287 4404.88555679347 4527.5253813712 4633.89713942741 Inf 4101.04285138419 359.760878998263 -Inf 3395.92448550112 3509.28886472865 3639.99073368226 3858.38782597833 4101.04285138419 4343.69787679005 4562.09496908611 4692.79683803973 4806.16121726726 Inf
"58" 70.49343736512 3966.11680879934 337.611076581686 -Inf 3304.41125791744 3410.79600498496 3533.45080506088 3738.40159809233 3966.11680879934 4193.83201950635 4398.7828125378 4521.43761261371 4627.82235968124 Inf 4097.83035661177 359.804828443724 -Inf 3392.62585139846 3506.00407955146 3636.72191542921 3855.14568775542 4097.83035661177 4340.51502546813 4558.93879779434 4689.65663367209 4803.03486182509 Inf
"59" 70.732442069531 3962.93893048415 337.58371423311 -Inf 3301.28700881999 3407.66313372807 3530.30799300635 3735.24217540079 3962.93893048415 4190.6356855675 4395.56986796195 4518.21472724023 4624.59085214831 Inf 4097.65390836191 359.775668557514 -Inf 3392.50655547537 3505.8755950462 3636.58283707718 3854.98890754993 4097.65390836191 4340.3189091739 4558.72497964665 4689.43222167763 4802.80126124846 Inf
"60" 70.9693297716191 3962.13809184875 337.487555323346 -Inf 3300.67463818453 3407.02046242416 3529.6303869723 3734.50619496442 3962.13809184875 4189.76998873309 4394.64579672521 4517.25572127335 4623.60154551298 Inf 4099.311114501 359.673169342596 -Inf 3394.36465638414 3507.7013973907 3638.37140124561 3856.71524835888 4099.311114501 4341.90698064312 4560.2508277564 4690.9208316113 4804.25757261787 Inf
"61" 71.2030814880726 3962.5253059133 337.342215976518 -Inf 3301.34671213439 3407.64673844048 3530.20386090431 3734.99143892871 3962.5253059133 4190.0591728979 4394.84675092229 4517.40387338612 4623.70389969221 Inf 4101.22805458575 359.518243749039 -Inf 3396.58524505254 3509.87316739992 3640.48688646733 3858.73668416853 4101.22805458575 4343.71942500298 4561.96922270418 4692.58294177158 4805.87086411896 Inf
"62" 71.4330272697846 3962.6410147823 337.179286397257 -Inf 3301.78175711076 3408.03044261887 3530.52837243069 3735.21704212892 3962.6410147823 4190.06498743568 4394.75365713392 4517.25158694574 4623.50027245384 Inf 4101.81283565711 359.344570654955 -Inf 3397.51041913339 3510.74361528999 3641.2942385643 3859.43860596173 4101.81283565711 4344.18706535249 4562.33143274992 4692.88205602423 4806.11525218083 Inf
"63" 71.6589647029054 3961.10819773319 337.030647177248 -Inf 3300.54026757956 3406.74211532989 3529.18604420668 3733.78448071019 3961.10819773319 4188.4319147562 4393.0303512597 4515.47428013649 4621.67612788683 Inf 4099.79415181675 359.186136375983 -Inf 3395.80226077373 3508.98553264803 3639.47859642219 3857.52678441862 4099.79415181675 4342.06151921488 4560.10970721131 4690.60277098547 4803.78604285977 Inf
"64" 71.8811904009105 3956.90548472748 336.919516963817 -Inf 3296.55536578976 3402.7221952588 3525.12575029997 3729.65672389437 3956.90548472748 4184.15424556058 4388.68521915499 4511.08877419615 4617.25560366519 Inf 4094.44690920667 359.067689478672 -Inf 3390.68716981646 3503.83311784659 3634.28314961879 3852.25943302671 4094.44690920667 4336.63438538662 4554.61066879454 4685.06070056675 4798.20664859688 Inf
"65" 72.1006046837331 3949.50457398036 336.85732820058 -Inf 3289.27634277884 3395.42357592446 3517.80453765974 3722.29775883063 3949.50457398036 4176.71138913009 4381.20461030099 4503.58557203627 4609.73280518189 Inf 4085.67082202955 359.001411415823 -Inf 3382.04098525549 3495.16604838154 3625.59200119688 3843.52804972365 4085.67082202955 4327.81359433545 4545.74964286222 4676.17559567756 4789.30065880361 Inf
"66" 72.3187420493145 3938.88432986342 336.84563088799 -Inf 3278.67902497329 3384.82257217455 3507.19928425206 3711.68540443114 3938.88432986342 4166.0832552957 4370.56937547478 4492.94608755229 4599.08963475355 Inf 4073.95336261604 358.988948934723 -Inf 3370.34795185609 3483.46908792526 3613.89051309553 3831.8189961259 4073.95336261604 4316.08772910617 4534.01621213654 4664.43763730681 4777.55877337598 Inf
"67" 72.5374294064687 3925.50359680653 336.879921663628 -Inf 3265.23108323115 3371.38543581098 3493.77460579797 3698.28154259756 3925.50359680653 4152.72565101551 4357.2325878151 4479.62175780208 4585.77611038192 Inf 4060.31003139677 359.025498701332 -Inf 3356.63298441063 3469.76563768982 3600.20034146565 3818.15101246369 4060.31003139677 4302.46905032986 4520.4197213279 4650.85442510372 4763.98707838292 Inf
"68" 72.7588700038768 3910.25500825384 336.952702842081 -Inf 3249.83984618994 3356.01713287295 3478.43274441209 3682.983863886 3910.25500825384 4137.52615262169 4342.0772720956 4464.49288363474 4570.67017031775 Inf 4046.21181316683 359.103069681661 -Inf 3342.382729853 3455.53982655155 3586.00271202443 3804.0004734026 4046.21181316683 4288.42315293106 4506.42091430924 4636.88379978212 4750.04089648067 Inf
"69" 72.9855360065522 3894.44076408406 337.054889755602 -Inf 3233.82531934996 3340.03480618783 3462.48754244331 3667.10069569044 3894.44076408406 4121.78083247769 4326.39398572482 4448.84672198029 4555.05620881816 Inf 4033.52855312569 359.211982856631 -Inf 3329.48600391147 3442.67742027953 3573.17987413339 3791.24375254128 4033.52855312569 4275.8133537101 4493.87723211799 4624.37968597185 4737.57110233991 Inf
"70" 73.2200422612849 3879.7545881337 337.175687970068 -Inf 3218.90238324985 3325.14993485627 3447.64655735208 3652.33304258257 3879.7545881337 4107.17613368482 4311.86261891532 4434.35924141112 4540.60679301755 Inf 4024.44351500163 359.340737502586 -Inf 3320.1486113185 3433.38059960908 3563.92983029124 3782.07187072823 4024.44351500163 4266.81515927502 4484.95719971202 4615.50643039417 4728.73841868476 Inf
