"mid_age" "mean_left" "std_left" "min_left" "l.q2.5" "l.q5" "l.q10" "l.q25" "l.q50" "l.q75" "l.q90" "l.q95" "l.q97.5" "max_left" "mean_right" "std_right" "min_right" "r.q2.5" "r.q5" "r.q10" "r.q25" "r.q50" "r.q75" "r.q90" "r.q95" "r.q97.5" "max_right"
"1" 30 3.00293603356122e-08 2353.01097054817 -Inf -4611.81675747202 -3870.35862913273 -3015.5048930196 -1587.08178170365 3.00293603356122e-08 1587.0817817637 3015.50489307966 3870.35862919279 4611.81675753208 Inf 3.24890522862109e-08 2454.73466398968 -Inf -4811.19153298932 -4037.67921523444 -3145.86905160009 -1655.69337027957 3.24890522862109e-08 1655.69337034455 3145.86905166506 4037.67921529942 4811.19153305429 Inf
"2" 30.7070707070707 2.79840413070061e-07 2353.01097054817 -Inf -4611.81675722221 -3870.35862888292 -3015.50489276979 -1587.08178145383 2.79840413070061e-07 1587.08178201352 3015.50489332947 3870.3586294426 4611.81675778189 Inf 3.02595346254229e-07 2454.73466398968 -Inf -4811.19153271921 -4037.67921496434 -3145.86905132998 -1655.69337000947 3.02595346254229e-07 1655.69337061466 3145.86905193517 4037.67921556952 4811.1915333244 Inf
"3" 31.4141414141414 2.35984012397408e-06 2353.01097054817 -Inf -4611.81675514221 -3870.35862680292 -3015.50489068979 -1587.08177937383 2.35984012397408e-06 1587.08178409352 3015.50489540947 3870.3586315226 4611.81675986189 Inf 2.54991352968291e-06 2454.73466398968 -Inf -4811.19153047189 -4037.67921271702 -3145.86904908266 -1655.69336776215 2.54991352968291e-06 1655.69337286198 3145.86905418249 4037.67921781684 4811.19153557172 Inf
"4" 32.1212121212121 1.80070557268342e-05 2353.01097054817 -Inf -4611.816739495 -3870.35861115571 -3015.50487504257 -1587.08176372662 1.80070557268342e-05 1587.08179974073 3015.50491105668 3870.35864716981 4611.81677550911 Inf 1.94399404494067e-05 2454.73466398968 -Inf -4811.19151358186 -4037.67919582699 -3145.86903219263 -1655.69335087212 1.94399404494067e-05 1655.693389752 3145.86907107252 4037.67923470687 4811.19155246175 Inf
"5" 32.8282828282828 0.000124326173768319 2353.01097054816 -Inf -4611.81663317587 -3870.35850483658 -3015.50476872345 -1587.0816574075 0.000124326173768319 1587.08190605985 3015.50501737579 3870.35875348892 4611.81688182821 Inf 0.000134069413152864 2454.73466398968 -Inf -4811.19139895238 -4037.67908119751 -3145.86891756316 -1655.69323624265 0.000134069413152864 1655.69350438147 3145.86918570198 4037.67934933633 4811.19166709121 Inf
"6" 33.5353535353535 0.000776610028198778 2353.01097054797 -Inf -4611.81598089162 -3870.3578525524 -3015.50411643934 -1587.08100512351 0.000776610028198778 1587.08255834357 3015.5056696594 3870.35940577245 4611.81753411168 Inf 0.000836329544394626 2454.73466398948 -Inf -4811.19069669187 -4037.67837893706 -3145.86821530277 -1655.69253398238 0.000836329544394626 1655.69420664147 3145.86988796186 4037.68005159614 4811.19236935096 Inf
"7" 34.2424242424242 0.00438844662502359 2353.01097054198 -Inf -4611.81236904329 -3870.35424070595 -3015.50050459507 -1587.07739328287 0.00438844662502359 1587.08617017612 3015.50928148832 3870.3630175992 4611.82114593654 Inf 0.00471815056917189 2454.73466398357 -Inf -4811.18681485925 -4037.6744971063 -3145.86433347417 -1655.68865215737 0.00471815056917189 1655.69808845851 3145.87376977531 4037.68393340744 4811.19625116039 Inf
"8" 34.9494949494949 0.022429268631585 2353.01097039494 -Inf -4611.79432793309 -3870.33619964209 -3015.48246358462 -1587.05935236169 0.022429268631585 1587.10421089895 3015.52732212189 3870.38105817935 4611.83918647036 Inf 0.024067411156529 2454.7346638382 -Inf -4811.16746531375 -4037.65514760661 -3145.84498402729 -1655.66930279873 0.024067411156529 1655.71743762105 3145.8931188496 4037.70328242892 4811.21560013606 Inf
"9" 35.6565656565657 0.10366273140013 2353.01096746629 -Inf -4611.71308873028 -3870.25496136212 -3015.40122636864 -1586.97811692358 0.10366273140013 1587.18544238638 3015.60855183144 3870.46228682492 4611.92041419308 Inf 0.11098033965225 2454.73466093931 -Inf -4811.08054670354 -4037.56822990987 -3145.75806738372 -1655.58238791497 0.11098033965225 1655.80434859427 3145.98002806303 4037.79019058917 4811.30250738285 Inf
"10" 36.3636363636364 0.433124386855586 2353.01092022271 -Inf -4611.3835344791 -3869.92542199788 -3015.0717041681 -1586.64862340281 0.433124386855586 1587.51487217652 3015.93795294181 3870.79167077159 4612.24978325281 Inf 0.46247976888806 2454.73461411037 -Inf -4810.72895549126 -4037.21665345388 -3145.40650794078 -1655.23085690009 0.46247976888806 1656.15581643787 3146.33146747855 4038.14161299165 4811.65391502904 Inf
"11" 37.0707070707071 1.63542556693626 2353.01030421639 -Inf -4610.18002594882 -3868.72210757758 -3013.86861354415 -1585.44590673278 1.63542556693626 1588.71675786665 3017.13946467803 3871.99295871145 4613.45087708269 Inf 1.74104801128431 2454.73400252513 -Inf -4809.44918856382 -4035.93707924328 -3144.12715592036 -1653.95187614972 1.74104801128431 1657.43397217228 3147.60925194292 4039.41917526584 4812.93128458639 Inf
"12" 37.7777777777778 5.57805759118368 2353.00382772584 -Inf -4606.22470023636 -3864.76882267437 -3009.91768156331 -1581.49890638205 5.57805759118368 1592.65502156441 3021.07379674568 3875.92493785673 4617.38081541873 Inf 5.91843480821854 2454.72756050388 -Inf -4805.25917563725 -4031.74909626433 -3139.94151334101 -1649.77014427548 5.91843480821854 1661.60701389192 3151.77838295744 4043.58596588076 4817.09604525369 Inf
"13" 38.4848484848485 17.1762934462154 2352.94908577766 -Inf -4594.51917213445 -3853.08054432733 -2998.24929107889 -1569.86374764406 17.1762934462154 1604.21633453649 3032.60187797132 3887.43313121976 4628.87175902688 Inf 18.1572026620075 2454.67299158745 -Inf -4792.91345467259 -4019.42057053043 -3127.63281260694 -1637.49457024688 18.1572026620075 1673.8089755709 3163.94721793095 4055.73497585445 4829.2278599966 Inf
"14" 39.1919191919192 47.7177987177352 2352.5784354719 -Inf -4563.25120561278 -3821.92937355604 -2967.23277832775 -1539.0722425404 47.7177987177352 1634.50783997587 3062.66837576322 3917.36497099151 4658.68680304825 Inf 50.2415612927944 2454.30257478597 -Inf -4760.10309245163 -3986.72693048024 -3095.07374574431 -1605.16036928019 50.2415612927944 1705.64349186578 3195.5568683299 4087.21005306583 4860.58621503721 Inf
"15" 39.8989898989899 119.50779834777 2350.57654808563 -Inf -4487.53757880454 -3746.84656219795 -2892.87725678379 -1465.93199038727 119.50779834777 1704.94758708281 3131.89285347933 3985.86215889348 4726.55317550008 Inf 125.295481971484 2452.29599990194 -Inf -4681.11635726796 -3908.37248782581 -3017.44829588161 -1528.75303440923 125.295481971484 1779.34399835219 3268.03925982458 4158.96345176877 4931.70732121092 Inf
"16" 40.6060606060606 269.585552057175 2341.98959720721 -Inf -4320.62971063642 -3582.64453119172 -2731.79488273289 -1310.06242632494 269.585552057175 1849.23353043929 3270.96598684724 4121.81563530607 4859.80081475077 Inf 281.39865458961 2443.65910466777 -Inf -4508.08518105261 -3738.06288675615 -2850.27649665468 -1366.82436448213 281.39865458961 1929.62167366135 3413.0738058339 4300.86019593537 5070.88249023183 Inf
"17" 41.3131313131313 547.251322291227 2312.83122693917 -Inf -3985.81458482914 -3257.0175098663 -2416.76115743311 -1012.72963421267 547.251322291227 2107.23227879513 3511.26380201557 4351.52015444875 5080.31722941159 Inf 568.692319876719 2414.21457801091 -Inf -4163.08130397623 -3402.33728500365 -2525.24815213376 -1059.6706677656 568.692319876719 2197.05530751904 3662.6327918872 4539.72192475708 5300.46594372967 Inf
"18" 42.020202020202 998.887863168401 2234.44729081245 -Inf -3380.5483521771 -2676.45086735636 -1864.67156049919 -508.223931838003 998.887863168401 2505.9996581748 3862.44728683599 4674.22659369316 5378.32407851391 Inf 1033.51130547264 2334.71105615389 -Inf -3542.43827889646 -2806.74664312579 -1958.54130363567 -541.227371572626 1033.51130547264 2608.24998251791 4025.56391458095 4873.76925407107 5609.46088984174 Inf
"19" 42.7272727272727 1638.69656676622 2066.88946868621 -Inf -2412.33235188388 -1761.0340723101 -1010.12886763624 244.600805349145 1638.69656676622 3032.7923281833 4287.52200116868 5038.42720584254 5689.72548541632 Inf 1688.61654162727 2163.94751017789 -Inf -2552.64264275651 -1870.76036902144 -1084.59377779755 229.056126049951 1688.61654162727 3148.17695720458 4461.82686105208 5247.99345227597 5929.87572601105 Inf
"20" 43.4343434343434 2417.28988255358 1780.09890478166 -Inf -1071.63985973766 -510.712257308873 136.001344306418 1216.63141694308 2417.28988255358 3617.94834816408 4698.57842080074 5345.29202241603 5906.21962484482 Inf 2482.17870128659 1870.18637967068 -Inf -1183.31924724529 -594.004148389973 85.4384185594395 1220.7571572424 2482.17870128659 3743.60024533078 4878.91898401373 5558.36155096314 6147.67664981847 Inf
"21" 44.1414141414141 3213.56141387505 1385.69513012292 -Inf 497.648865281569 934.295753243359 1437.72165049848 2278.92425171051 3213.56141387505 4148.19857603958 4989.40117725161 5492.82707450673 5929.47396246852 Inf 3291.22380411141 1464.0163039358 -Inf 421.804575617803 883.131276666526 1415.01141781967 2303.75981298677 3291.22380411141 4278.68779523606 5167.43619040316 5699.3163315563 6160.64303260503 Inf
"22" 44.8484848484848 3871.71706036408 954.527307038824 -Inf 2000.87791630798 2301.65935735705 2648.4410956734 3227.89817548412 3871.71706036408 4515.53594524403 5094.99302505475 5441.77476337111 5742.55620442018 Inf 3960.58273001756 1017.41530643342 -Inf 1966.48537208828 2287.08347311461 2656.71255124877 3274.34653413561 3960.58273001756 4646.8189258995 5264.45290878634 5634.08198692051 5954.68008794684 Inf
"23" 45.5555555555556 4275.18144916084 599.145694951797 -Inf 3100.8774655631 3289.67447974702 3507.34534580606 3871.06381904175 4275.18144916084 4679.29907927994 5043.01755251563 5260.68841857467 5449.48543275859 Inf 4377.27200871281 646.881814673896 -Inf 3109.40694969806 3313.2461096375 3548.25960639515 3940.95685512702 4377.27200871281 4813.58716229859 5206.28441103047 5441.29790778812 5645.13706772756 Inf
"24" 46.2626262626263 4411.02919217026 412.559043416368 -Inf 3602.42832557788 3732.42995327521 3882.31350420043 4132.76234603522 4411.02919217026 4689.2960383053 4939.74488014008 5089.6284310653 5219.63005876263 Inf 4532.57426022639 450.069294131064 -Inf 3650.45465318214 3792.27614939542 3955.78725172917 4229.007134457 4532.57426022639 4836.14138599577 5109.3612687236 5272.87237105735 5414.69386727063 Inf
"25" 46.969696969697 4373.02393137133 362.835397511941 -Inf 3661.87961993165 3776.21281178743 3908.0316596549 4128.2951747412 4373.02393137133 4617.75268800145 4838.01620308775 4969.83505095522 5084.16824281101 Inf 4520.51532823211 396.230978660461 -Inf 3743.91688049855 3868.77336587192 4012.72489721253 4253.26159441547 4520.51532823211 4787.76906204875 5028.30575925169 5172.2572905923 5297.11377596567 Inf
"26" 47.6767676767677 4296.32085000284 349.126799395326 -Inf 3612.04489715026 3722.05836775148 3848.89685366419 4060.83840229193 4296.32085000284 4531.80329771375 4743.7448463415 4870.5833322542 4980.59680285542 Inf 4469.03968045043 381.338225965722 -Inf 3721.63049162922 3841.79411637547 3980.33507996206 4211.83095567859 4469.03968045043 4726.24840522226 4957.7442809388 5096.28524452538 5216.44886927164 Inf
"27" 48.3838383838384 4274.45331794536 340.641039896333 -Inf 3606.80914809228 3714.14866798336 3837.90425997748 4044.69442803915 4274.45331794536 4504.21220785157 4711.00237591325 4834.75796790737 4942.09748779845 Inf 4459.18478135466 372.18572819758 -Inf 3729.71415852759 3846.9937364293 3982.2095787097 4208.14932251613 4459.18478135466 4710.22024019319 4936.15998399963 5071.37582628002 5188.65540418173 Inf
"28" 49.0909090909091 4319.8361128431 336.944292648517 -Inf 3659.43743445568 3765.61207099959 3888.02462709807 4092.5706410646 4319.8361128431 4547.10158462159 4751.64759858812 4874.06015468661 4980.23479123051 Inf 4495.54022001815 368.169944093489 -Inf 3773.94038940478 3889.95455214145 4023.71145177867 4247.21336639682 4495.54022001815 4743.86707363947 4967.36898825763 5101.12588789484 5217.14005063151 Inf
"29" 49.7979797979798 4384.61121826257 335.94699685842 -Inf 3726.16720370568 3832.02758201654 3954.07781849866 4158.01841227241 4384.61121826257 4611.20402425273 4815.14461802649 4937.1948545086 5043.05523281946 Inf 4538.58109276245 367.087057915876 -Inf 3819.10368005657 3934.77661414258 4068.1400989992 4290.98463476856 4538.58109276245 4786.17755075635 5009.0220865257 5142.38557138232 5258.05850546834 Inf
"30" 50.5050505050505 4412.3098596398 335.632331909656 -Inf 3754.48257704968 3860.24380117602 3982.1797192336 4185.92929193233 4412.3098596398 4638.69042734727 4842.440000046 4964.37591810358 5070.13714222992 Inf 4555.44595787992 366.742506888291 -Inf 3836.64385277894 3952.20821526744 4085.44652402548 4308.08189602255 4555.44595787992 4802.81001973729 5025.44539173436 5158.6837004924 5274.2480629809 Inf
"31" 51.2121212121212 4382.49136552214 335.192637604527 -Inf 3725.52586793428 3831.1485398309 3952.92471604103 4156.4073671167 4382.49136552214 4608.57536392758 4812.05801500325 4933.83419121338 5039.45686311 Inf 4544.2981569874 366.265840099432 -Inf 3826.4303016252 3941.84446147142 4074.90959620246 4297.25560199337 4544.2981569874 4791.34071198142 5013.68671777233 5146.75185250337 5262.16601234959 Inf
"32" 51.9191919191919 4323.85896626798 334.760892979575 -Inf 3667.73967259554 3773.22629728901 3894.8456197869 4098.06617518677 4323.85896626798 4549.65175734919 4752.87231274906 4874.49163524695 4979.97825994041 Inf 4524.31566469963 365.797664468025 -Inf 3807.36541671344 3922.63204956903 4055.52709512808 4277.58888937029 4524.31566469963 4771.04244002898 4993.10423427119 5125.99927983024 5241.26591268583 Inf
"33" 52.6262626262626 4285.91103743008 334.513256434061 -Inf 3630.27710246811 3735.68569432117 3857.21504995159 4060.2852746606 4285.91103743008 4511.53680019957 4714.60702490858 4836.136380539 4941.54497239206 Inf 4511.36129229908 365.527897561413 -Inf 3794.93977773406 3910.12140424324 4042.91844292902 4264.81647198318 4511.36129229908 4757.90611261497 4979.80414166913 5112.60118035491 5227.78280686409 Inf
"34" 53.3333333333333 4288.43503231786 334.346279392128 -Inf 3633.12836634432 3738.48434200199 3859.95303452887 4062.92189385168 4288.43503231786 4513.94817078405 4716.91703010686 4838.38572263373 4943.7416982914 Inf 4502.95513679726 365.347125078455 -Inf 3786.88792978824 3902.01259301567 4034.74395668575 4256.53224566824 4502.95513679726 4749.37802792629 4971.16631690878 5103.89768057886 5219.02234380629 Inf
"35" 54.040404040404 4301.54898949399 334.369207437846 -Inf 3646.19738537661 3751.56058589896 3873.03760823211 4076.02038629598 4301.54898949399 4527.07759269201 4730.06037075587 4851.53739308902 4956.90059361137 Inf 4486.05387159514 365.371740016867 -Inf 3769.93842019335 3885.07083984283 4017.81114617077 4239.61437794246 4486.05387159514 4732.49336524783 4954.29659701951 5087.03690334746 5202.16932299694 Inf
"36" 54.7474747474747 4287.03031754583 334.426138398739 -Inf 3631.56713079549 3736.94827085329 3858.44597632189 4061.46331499822 4287.03031754583 4512.59732009343 4715.61465876977 4837.11236423837 4942.49350429616 Inf 4459.84386907916 365.432539573452 -Inf 3743.60925273618 3858.76083095568 3991.52322588786 4213.36336674874 4459.84386907916 4706.32437140957 4928.16451227045 5060.92690720264 5176.07848542213 Inf
"37" 55.4545454545455 4252.1188777979 334.312804343619 -Inf 3596.87782171383 3702.22324903698 3823.67978000973 4026.62831790883 4252.1188777979 4477.60943768698 4680.55797558608 4802.01450655882 4907.35993388198 Inf 4444.16503594438 365.310732752102 -Inf 3728.16915658432 3843.28235221278 3976.00049447568 4197.76669106647 4444.16503594438 4690.56338082229 4912.32957741308 5045.04771967597 5160.16091530444 Inf
"38" 56.1616161616162 4239.23706258545 334.266614971522 -Inf 3584.08653600715 3689.41740858075 3810.8571588594 4013.77765695442 4239.23706258545 4464.69646821649 4667.6169663115 4789.05671659015 4894.38758916375 Inf 4456.03315699645 365.260128580548 -Inf 3740.1364599901 3855.23370971997 3987.93346738302 4209.66894411356 4456.03315699645 4702.39736987933 4924.13284660987 5056.83260427292 5171.92985400279 Inf
"39" 56.8686868686869 4262.22292609732 334.279005377873 -Inf 3607.04811476881 3712.38289168779 3833.82714342661 4036.7551632642 4262.22292609732 4487.69068893043 4690.61870876802 4812.06296050684 4917.39773742582 Inf 4481.98642852499 365.273353177385 -Inf 3766.06381178514 3881.16522872244 4013.86979090879 4235.61329578709 4481.98642852499 4728.35956126289 4950.1030661412 5082.80762832754 5197.90904526485 Inf
"40" 57.5757575757576 4282.80761523662 334.247060806491 -Inf 3627.69541411753 3733.0201249712 3854.45277118138 4057.36139868948 4282.80761523662 4508.25383178377 4711.16245929186 4832.59510550205 4937.91981635571 Inf 4488.51761375419 365.239028077881 -Inf 3772.66227297313 3887.75287371605 4020.44496552299 4242.16763294408 4488.51761375419 4734.8675945643 4956.59026198538 5089.28235379232 5204.37295453525 Inf
"41" 58.2828282828283 4263.98233002248 334.207619421176 -Inf 3608.9474325981 3714.25971506274 3835.67803213633 4038.56271628546 4263.98233002248 4489.40194375949 4692.28662790862 4813.70494498221 4919.01722744685 Inf 4461.59806338423 365.195730307441 -Inf 3745.82758467384 3860.90454184084 3993.58090347852 4215.27728647649 4461.59806338423 4707.91884029197 4929.61522328993 5062.29158492761 5177.36854209461 Inf
"42" 58.989898989899 4220.00596848057 334.148991715181 -Inf 3565.08597924844 3670.37978751568 3791.77680502283 3994.62589853033 4220.00596848057 4445.38603843082 4648.23513193831 4769.63214944547 4874.9259577127 Inf 4421.00901798811 365.132485554768 -Inf 3705.36249671517 3820.41952480554 3953.07290949421 4174.7308990178 4421.00901798811 4667.28713695842 4888.94512648201 5021.59851117068 5136.65553926105 Inf
"43" 59.6969696969697 4190.96659023324 334.114901444163 -Inf 3536.11341670453 3641.39648277427 3762.78111521569 3965.60951382137 4190.96659023324 4416.3236666451 4619.15206525078 4740.5366976922 4845.81976376195 Inf 4391.68516921326 365.095099651483 -Inf 3676.11192296429 3791.15717036931 3923.79697268224 4145.43226665152 4391.68516921326 4637.938071775 4859.57336574428 4992.21316805721 5107.25841546223 Inf
"44" 60.4040404040404 4187.9370858332 334.08200327845 -Inf 3533.14839152444 3638.42109104142 3759.79377151142 3962.60219889691 4187.9370858332 4413.27197276948 4616.08040015497 4737.45308062497 4842.72578014195 Inf 4377.709319299 365.059473478498 -Inf 3662.20589906599 3777.2399202949 3909.86677954574 4131.48044622577 4377.709319299 4623.93819237222 4845.55185905226 4978.1787183031 5093.21273953201 Inf
"45" 61.1111111111111 4190.36929860708 334.052798334107 -Inf 3535.63784493741 3640.90134167393 3762.26341192745 3965.0541101064 4190.36929860708 4415.68448710775 4618.47518528671 4739.83725554022 4845.10075227675 Inf 4371.72738537143 365.027738620387 -Inf 3656.28616431737 3771.31018556379 3903.92551547527 4125.51991713472 4371.72738537143 4617.93485360813 4839.52925526759 4972.14458517906 5087.16860642549 Inf
"46" 61.8181818181818 4184.13850371252 334.012541381335 -Inf 3529.48595222041 3634.73676357416 3756.08420839374 3958.85046811387 4184.13850371252 4409.42653931118 4612.1927990313 4733.54024385089 4838.79105520464 Inf 4370.49439762098 364.983718010953 -Inf 3655.13945537599 3770.14960527243 3902.74894240576 4124.31662083414 4370.49439762098 4616.67217440783 4838.23985283621 4970.83918996953 5085.84933986597 Inf
"47" 62.5252525252525 4172.87793584474 333.943553135245 -Inf 3518.36059883032 3623.58967127317 3744.91205252074 3947.63643211096 4172.87793584474 4398.11943957853 4600.84381916874 4722.16620041631 4827.39527285916 Inf 4367.20258525255 364.909154905262 -Inf 3651.99378400929 3766.98043829883 3899.55268650215 4121.07510051623 4367.20258525255 4613.33006998886 4834.85248400294 4967.42473220626 5082.41138649581 Inf
"48" 63.2323232323232 4158.35822357556 333.917500482739 -Inf 3503.89194882176 3609.11281180396 3730.42572806917 3933.13429208886 4158.35822357556 4383.58215506226 4586.29071908196 4707.60363534716 4812.82449832937 Inf 4346.46705809654 364.880578034927 -Inf 3631.31426648993 3746.29191591164 3878.85378207906 4100.35884816636 4346.46705809654 4592.57526802672 4814.08033411402 4946.64220028144 5061.61984970316 Inf
"49" 63.9393939393939 4138.01033954437 333.92564998112 -Inf 3483.52809206725 3588.7515230408 3710.06740003557 3912.78091130454 4138.01033954437 4363.2397677842 4565.95327905317 4687.26915604794 4792.49258702149 Inf 4306.7290207751 364.889550801943 -Inf 3591.55864286829 3706.53911970183 3839.104245694 4060.61475880553 4306.7290207751 4552.84328274466 4774.35379585619 4906.91892184837 5021.8993986819 Inf
"50" 64.6464646464646 4120.55104361002 333.933660283239 -Inf 3466.05309622924 3571.27905133195 3692.59783848599 3895.31621250351 4120.55104361002 4345.78587471652 4548.50424873404 4669.82303588808 4775.0489909908 Inf 4274.37011172236 364.897983389865 -Inf 3559.18320624693 3674.16634027627 3806.73452984502 4028.25016205868 4274.37011172236 4520.49006138605 4742.00569359971 4874.57388316846 4989.5570171978 Inf
"51" 65.3535353535354 4118.35770620718 333.866407723291 -Inf 3463.99157142177 3569.19633454627 3690.49068870665 3893.16823626304 4118.35770620718 4343.54717615133 4546.22472370772 4667.5190778681 4772.7238409926 Inf 4273.19655091968 364.82485570592 -Inf 3558.15297307105 3673.11306380975 3805.65468594017 4027.12592512927 4273.19655091968 4519.26717671008 4740.73841589918 4873.2800380296 4988.2401287683 Inf
"52" 66.0606060606061 4122.62198408561 333.779106620845 -Inf 3468.4269563168 3573.60420995969 3694.86684744959 3897.49139784025 4122.62198408561 4347.75257033098 4550.37712072163 4671.63975821153 4776.81701185442 Inf 4288.37613924766 364.730482261389 -Inf 3573.51752995141 3688.44788264025 3820.95521870374 4042.36916737828 4288.37613924766 4534.38311111704 4755.79705979158 4888.30439585506 5003.23474854391 Inf
"53" 66.7676767676768 4109.66123869263 333.787525929155 -Inf 3455.44970938276 3560.6296160369 3681.89531227887 3884.52497371011 4109.66123869263 4334.79750367516 4537.4271651064 4658.69286134836 4763.87276800251 Inf 4283.67565207679 364.739153594226 -Inf 3568.80004728049 3683.73313239612 3816.2436187727 4037.66283148229 4283.67565207679 4529.68847267129 4751.10768538088 4883.61817175746 4998.5512568731 Inf
"54" 67.4747474747475 4076.19415760692 333.798305446045 -Inf 3421.96150083217 3527.14480422374 3648.4144166864 3851.05062195074 4076.19415760692 4301.3376932631 4503.97389852743 4625.2435109901 4730.42681438167 Inf 4249.75666200739 364.751029388447 -Inf 3534.85778108212 3649.79460838352 3782.30940926062 4003.73583131141 4249.75666200739 4495.77749270337 4717.20391475416 4849.71871563126 4964.65554293265 Inf
"55" 68.1818181818182 4046.60626121335 333.791733659063 -Inf 3392.3864849044 3497.56771745782 3618.83494237673 3821.46715816013 4046.60626121335 4271.74536426657 4474.37758004997 4595.64480496888 4700.8260375223 Inf 4211.84753467343 364.743906392896 -Inf 3496.96261456291 3611.89719733463 3744.40941041277 3965.83150836495 4211.84753467343 4457.86356098192 4679.2856589341 4811.79787201224 4926.73245478396 Inf
"56" 68.8888888888889 4037.99601227965 333.808514773511 -Inf 3383.74334559076 3488.92986604716 3610.20318757954 3812.84559053674 4037.99601227965 4263.14643402256 4465.78883697976 4587.06215851214 4692.24867896854 Inf 4190.67679800076 364.762153967277 -Inf 3475.75611330165 3590.69644607306 3723.21528853258 3944.64846389039 4190.67679800076 4436.70513211113 4658.13830746895 4790.65714992847 4905.59748269988 Inf
"57" 69.5959595959596 4037.22937182489 333.858783438824 -Inf 3382.87818036244 3488.08054099593 3609.37212523805 3812.04504438247 4037.22937182489 4262.41369926731 4465.08661841173 4586.37820265384 4691.58056328734 Inf 4180.20676511016 364.81682861398 -Inf 3465.17892007264 3580.13648139153 3712.6751872629 3934.14155351099 4180.20676511016 4426.27197670933 4647.73834295743 4780.2770488288 4895.23461014769 Inf
"58" 70.3030303030303 4022.56820399965 333.92262487895 -Inf 3368.09188561383 3473.31436334635 3594.62914131526 3797.34081616022 4022.56820399965 4247.79559183907 4450.50726668403 4571.82204465294 4677.04452238546 Inf 4167.72120963893 364.885914535986 -Inf 3452.55795868244 3567.53728969091 3700.10109462017 3921.60940029349 4167.72120963893 4413.83301898438 4635.3413246577 4767.90512958695 4882.88446059542 Inf
"59" 71.010101010101 3992.01338091607 333.899666169061 -Inf 3337.58206077476 3442.79730398 3564.10374100229 3766.80147849114 3992.01338091607 4217.22528334099 4419.92302082985 4541.22945785213 4646.44470105737 Inf 4151.87827016419 364.8610007886 -Inf 3436.7638492553 3551.73532968392 3684.29008339739 3905.783264886 4151.87827016419 4397.97327544239 4619.46645693099 4752.02121064447 4866.99269107309 Inf
"60" 71.7171717171717 3958.03944497665 333.81148976361 -Inf 3303.78094741432 3408.96840532091 3530.24280767332 3732.88701663342 3958.03944497665 4183.19187331989 4385.83608227998 4507.1104846324 4612.29794253899 Inf 4131.97143783042 364.765523662527 -Inf 3417.04414864997 3531.98554324726 3664.50560992401 3885.94083089514 4131.97143783042 4378.0020447657 4599.43726573682 4731.95733241358 4846.89872701086 Inf
"61" 72.4242424242424 3926.70932912521 333.803308636663 -Inf 3272.46686627704 3377.65174622579 3498.92317635792 3701.56241886824 3926.70932912521 4151.85623938217 4354.49548189249 4475.76691202462 4580.95179197337 Inf 4101.21969074016 364.756643159715 -Inf 3386.30980702539 3501.24840328425 3633.76524365603 3855.195073613 4101.21969074016 4347.24430786731 4568.67413782428 4701.19097819606 4816.12957445492 Inf
"62" 73.1313131313131 3896.63503807192 333.917692021499 -Inf 3242.16838790904 3347.38931124709 3468.70229709873 3671.41097739429 3896.63503807192 4121.85909874955 4324.56777904511 4445.88076489675 4551.10168823479 Inf 4063.75178777503 364.880861457551 -Inf 3348.59844067028 3463.5761794014 3596.13814853684 3817.64338667919 4063.75178777503 4309.86018887086 4531.36542701321 4663.92739614866 4778.90513487977 Inf
"63" 73.8383838383838 3871.55482985109 334.070103147994 -Inf 3216.78945936945 3322.05840903206 3443.42676616014 3646.22796943082 3871.55482985109 4096.88169027136 4299.68289354205 4421.05125067012 4526.32020033274 Inf 4039.35013570526 365.046212539435 -Inf 3323.87270643521 3438.90254900487 3571.52459052922 3793.13020699951 4039.35013570526 4285.57006441101 4507.1756808813 4639.79772240564 4754.8275649753 Inf
"64" 74.5454545454545 3858.52948902017 334.162651135461 -Inf 3203.58272781624 3308.88084030829 3430.28282031098 3633.14020593095 3858.52948902017 4083.91877210939 4286.77615772935 4408.17813773205 4513.4762502241 Inf 4035.64715909673 365.147048725768 -Inf 3319.97209453314 3435.03371162953 3567.69238714823 3789.35921741685 4035.64715909673 4281.93510077661 4503.60193104523 4636.26060656394 4751.32222366033 Inf
"65" 75.2525252525253 3854.25505093861 334.309104705917 -Inf 3199.02124601118 3304.36550754018 3425.82069442693 3628.76698641724 3854.25505093861 4079.74311545998 4282.68940745029 4404.14459433704 4509.48885586604 Inf 4032.27701341567 365.306624915029 -Inf 3316.28918526833 3431.40108647479 3564.117736352 3785.88143923176 4032.27701341567 4278.67258759958 4500.43629047934 4633.15294035656 4748.26484156301 Inf
"66" 75.959595959596 3845.747513278 334.548631147301 -Inf 3190.04424515212 3295.46398394371 3417.00619128037 3620.09789062702 3845.747513278 4071.39713592898 4274.48883527563 4396.03104261229 4501.45078140388 Inf 4011.02951021472 365.565614426447 -Inf 3294.53407195263 3409.72758343664 3542.53832473723 3764.45925025995 4011.02951021472 4257.59977016949 4479.52069569221 4612.33143699281 4727.52494847681 Inf
"67" 76.6666666666667 3827.72187917775 334.758842858329 -Inf 3171.60660366912 3277.09258234815 3398.71116003276 3601.93047088231 3827.72187917775 4053.51328747319 4256.73259832274 4378.35117600735 4483.83715468638 Inf 3986.20203638264 365.795710930313 -Inf 3269.25561726 3384.52163453562 3517.41597037039 3739.47657869445 3986.20203638264 4232.92749407082 4454.98810239488 4587.88243822965 4703.14845550527 Inf
"68" 77.3737373737374 3810.19091321565 335.066140278147 -Inf 3153.47334583164 3259.05615711051 3380.7863765812 3584.19223596028 3810.19091321565 4036.18959047102 4239.5954498501 4361.32566932079 4466.90848059966 Inf 3980.68659025902 366.127583444226 -Inf 3263.08971296165 3378.4603067038 3511.47521250701 3733.73728796183 3980.68659025902 4227.63589255621 4449.89796801103 4582.91287381423 4698.28346755638 Inf
"69" 78.0808080808081 3805.18562519588 335.340623886291 -Inf 3147.93007982555 3253.59938373234 3375.4293236637 3579.00181156021 3805.18562519588 4031.36943883154 4234.94192672806 4356.77186665941 4462.4411705662 Inf 3982.91560127358 366.426987716591 -Inf 3264.73190238556 3380.19684151504 3513.32052150759 3735.76435386352 3982.91560127358 4230.06684868365 4452.51068103957 4585.63436103212 4701.0993001616 Inf
"70" 78.7878787878788 3813.99485924407 335.88630567573 -Inf 3155.66979721943 3261.51105111002 3383.53923836035 3587.44298883457 3813.99485924407 4040.54672965358 4244.4504801278 4366.47866737813 4472.31992126872 Inf 3958.95136631717 367.020500536686 -Inf 3239.6044036774 3355.25636484386 3488.59566926741 3711.39980059334 3958.95136631717 4206.502932041 4429.30706336692 4562.64636779048 4678.29832895693 Inf
"71" 79.4949494949495 3830.53683527525 337.374836004772 -Inf 3169.29430741578 3275.60461263064 3398.17358601798 3602.98096641594 3830.53683527525 4058.09270413455 4262.90008453251 4385.46905791985 4491.77936313471 Inf 3906.95208047935 368.634432347274 -Inf 3184.44186961733 3300.60239741374 3434.52804659105 3658.31193429176 3906.95208047935 4155.59222666694 4379.37611436764 4513.30176354496 4629.46229134137 Inf
"72" 80.2020202020202 3843.6804008067 340.70163598983 -Inf 3175.91746479276 3283.27607914053 3407.05368582033 3613.88063945653 3843.6804008067 4073.48016215688 4280.30711579308 4404.08472247288 4511.44333682065 Inf 3863.27637525716 372.247000881538 -Inf 3133.68566017629 3250.98454573535 3386.22264850814 3612.19958862133 3863.27637525716 4114.35316189299 4340.33010200617 4475.56820477896 4592.86709033802 Inf
"73" 80.9090909090909 3821.35805189814 347.37427385138 -Inf 3140.51698599368 3249.97821764406 3376.18000741398 3587.05766470357 3821.35805189814 4055.6584390927 4266.53609638229 4392.73788615221 4502.1991178026 Inf 3832.62805922613 379.44875456535 -Inf 3088.92216629947 3208.49039903709 3346.34491376896 3576.69376354713 3832.62805922613 4088.56235490513 4318.9112046833 4456.76571941516 4576.33395215279 Inf
"74" 81.6161616161616 3697.72067783394 373.758985960632 -Inf 2965.16652645289 3082.94185417089 3218.72926423973 3445.62407275981 3697.72067783394 3949.81728290806 4176.71209142815 4312.49950149699 4430.27482921499 Inf 3731.99446606764 408.155934683394 -Inf 2932.0235340119 3060.63769654189 3208.92158898781 3456.69747164198 3731.99446606764 4007.29146049329 4255.06734314746 4403.35123559338 4531.96539812337 Inf
"75" 82.3232323232323 3398.21075828451 509.012482461901 -Inf 2400.56462497786 2560.95973034348 2745.88501450372 3054.8870561421 3398.21075828451 3741.53446042692 4050.5365020653 4235.46178622554 4395.85689159116 Inf 3435.68186633275 551.16971552639 -Inf 2355.40907453184 2529.08836068336 2729.32945451914 3063.92354259171 3435.68186633275 3807.44019007379 4142.03427814637 4342.27537198215 4515.95465813366 Inf
"76" 83.030303030303 2895.4966390518 828.122400347949 -Inf 1272.40655957896 1533.35650527971 1834.21508042333 2336.93656810933 2895.4966390518 3454.05670999426 3956.77819768026 4257.63677282388 4518.58671852464 Inf 2886.27808450482 884.273357421385 -Inf 1153.13415147059 1431.7778453337 1753.03617893207 2289.84476855262 2886.27808450482 3482.71140045702 4019.51999007758 4340.77832367594 4619.42201753905 Inf
"77" 83.7373737373737 2245.33411108908 1259.18811577698 -Inf -222.629245594655 174.153971839121 631.619609999933 1396.02463342879 2245.33411108908 3094.64358874937 3859.04861217822 4316.51425033903 4713.29746777281 Inf 2157.42159533752 1331.62113232391 -Inf -452.50786506978 -32.9002538906825 450.880448495546 1259.25679044055 2157.42159533752 3055.5864002345 3863.9627421795 4347.74344456573 4767.35105574483 Inf
"78" 84.4444444444444 1565.29339189312 1680.87552570349 -Inf -1729.16210098055 -1199.50081301423 -588.835269557791 431.560078450666 1565.29339189312 2699.02670533558 3719.42205334403 4330.08759680047 4859.74888476679 Inf 1410.46911602482 1766.98189701748 -Inf -2052.75176346371 -1495.95746604198 -854.009300386902 218.657937704501 1410.46911602482 2602.28029434514 3674.94753243654 4316.89569809162 4873.68999551335 Inf
"79" 85.1515151515152 973.768101490346 2004.44571684938 -Inf -2954.87331250002 -2323.25170589671 -1595.03244498715 -378.209989349002 973.768101490346 2325.74619232969 3542.56864796784 4270.7879088774 4902.40951548071 Inf 794.876734401105 2099.37924784932 -Inf -3319.83098127434 -2658.2948357705 -1895.58602735203 -621.133050047619 794.876734401105 2210.88651884983 3485.33949615424 4248.04830457271 4909.58445007655 Inf
"80" 85.8585858585859 538.208733835602 2202.91219435137 -Inf -3779.41982819718 -3085.25937889887 -2284.93683759269 -947.632961836354 538.208733835602 2024.05042950756 3361.35430526389 4161.67684657008 4855.83729586838 Inf 378.790470981105 2302.28555487731 -Inf -4133.60629870524 -3408.13227423683 -2571.70718620263 -1174.07753780814 378.790470981105 1931.65847977035 3329.28812816485 4165.71321619903 4891.18724066745 Inf
"81" 86.5656565656566 263.511421539592 2300.14839673841 -Inf -4244.69659516524 -3519.8960113622 -2684.24735728542 -1287.91509599042 263.511421539592 1814.9379390696 3211.27020036461 4046.91885444138 4771.71943824442 Inf 147.039774356885 2401.24255377042 -Inf -4559.30914917812 -3802.6527494026 -2930.27637967991 -1472.57371589593 147.039774356885 1766.6532646097 3224.35592839368 4096.73229811637 4853.38869789189 Inf
"82" 87.2727272727273 113.982098344436 2337.95715053858 -Inf -4468.32971410906 -3731.61520037607 -2882.23054810447 -1462.94603609147 113.982098344436 1690.91023278034 3110.19474479334 3959.57939706494 4696.29391079793 Inf 42.0023478756202 2439.55474918804 -Inf -4739.43709884659 -3970.70812947302 -3084.41286017808 -1603.45232549389 42.0023478756202 1687.45702124513 3168.41755592932 4054.71282522426 4823.44179459783 Inf
"83" 87.979797979798 43.4088090474363 2349.56574669051 -Inf -4561.65543377492 -3821.28293115739 -2967.68085197375 -1541.34920450711 43.4088090474363 1628.16682260199 3054.49847006863 3908.10054925226 4648.47305186979 Inf 5.07401869684415 2451.27162823413 -Inf -4799.33008896691 -4026.90900964731 -3136.35697404167 -1648.28356949354 5.07401869684415 1658.43160688722 3146.50501143536 4037.05704704099 4809.47812636059 Inf
"84" 88.6868686868687 14.4781833595523 2352.37827850698 -Inf -4596.09852052846 -3854.83976000452 -3000.21588221418 -1572.17685407731 14.4781833595523 1601.13322079642 3029.17224893329 3883.79612672362 4625.05488724757 Inf -3.33084974755051 2454.10049634531 -Inf -4813.27943702623 -4039.96695206454 -3148.38718284266 -1658.59648048358 -3.33084974755051 1651.93478098848 3141.72548334756 4033.30525256944 4806.61773753113 Inf
"85" 89.3939393939394 4.19067895181423 2352.91763789956 -Inf -4607.44314992037 -3866.01443166536 -3011.19460349587 -1582.82815086701 4.19067895181423 1591.20950877064 3019.57596139949 3874.39578956899 4615.824507824 Inf -3.08712495142371 2454.64134537832 -Inf -4814.09575685588 -4040.612844762 -3148.83658397152 -1658.71755281662 -3.08712495142371 1652.54330291377 3142.66233406867 4034.43859485915 4807.92150695303 Inf
"86" 90.1010101010101 1.03490174941025 2352.999888726 -Inf -4610.7601357803 -3869.30549943796 -3014.45578937367 -1586.0394054088 1.03490174941025 1588.10920890762 3016.52559287249 3871.37530293678 4612.82993927912 Inf -1.59721342406489 2454.72360783527 -Inf -4812.76707678142 -4039.25824293532 -3147.45209602465 -1657.2831264733 -1.59721342406489 1654.08869962517 3144.25766917652 4036.06381608718 4809.57264993329 Inf
"87" 90.8080808080808 0.210325113468434 2353.00990923776 -Inf -4611.60435225841 -3870.14655834902 -3015.29320781215 -1586.87074077722 0.210325113468434 1587.29139100415 3015.71385803908 3870.56720857596 4612.02500248535 Inf -0.635948886554686 2454.73360714468 -Inf -4811.82541053022 -4038.31342579815 -3146.50364611777 -1656.3286063675 -0.635948886554686 1655.05670859439 3145.23174834466 4037.04152802504 4810.55351275711 Inf
"88" 91.5151515151515 0.0319101963080227 2353.01088840516 -Inf -4611.7846863084 -3870.32658385323 -3015.47287758282 -1587.04981613275 0.0319101963080227 1587.11363652536 3015.53669797543 3870.39040424584 4611.84850670102 Inf -0.210811077437817 2454.73458232824 -Inf -4811.40218404576 -4037.88989202326 -3146.07975805667 -1655.9041263097 -0.210811077437817 1655.48250415482 3145.65813590179 4037.46826986838 4810.98056189089 Inf
"89" 92.2222222222222 0.00218991536512423 2353.01096540134 -Inf -4611.81455749909 -3870.35643078162 -3015.50269653834 -1587.07958834683 0.00218991536512423 1587.08396817756 3015.50707636907 3870.36081061235 4611.81893732982 Inf -0.0600758141405893 2454.7346588805 -Inf -4811.25159882214 -4037.73928267722 -3145.92912089904 -1655.75344268011 -0.0600758141405893 1655.63329105183 3145.80896927076 4037.61913104893 4811.13144719385 Inf
"90" 92.9292929292929 -0.000644530015562618 2353.01097028671 -Inf -4611.81740151962 -3870.35927326272 -3015.50553724457 -1587.08242608734 -0.000644530015562618 1587.08113702731 3015.50424818454 3870.35798420269 4611.81611245959 Inf -0.0149611786407693 2454.73466373047 -Inf -4811.20649369241 -4037.69417601921 -3145.88401247903 -1655.70833131587 -0.0149611786407693 1655.67840895859 3145.85409012174 4037.66425366193 4811.17657133512 Inf
"91" 93.6363636363636 -0.000332141223351199 2353.01097053739 -Inf -4611.81708962214 -3870.35896128625 -3015.50522517703 -1587.08211386763 -0.000332141223351199 1587.08144958518 3015.50456089459 3870.3582970038 4611.81642533969 Inf -0.00328746883678552 2454.734663979 -Inf -4811.19482046971 -4037.6825027182 -3145.87233908773 -1655.6966577737 -0.00328746883678552 1655.69008283602 3145.86576415005 4037.67592778053 4811.18824553204 Inf
"92" 94.3434343434343 -9.28611852567734e-05 2353.01097054781 -Inf -4611.81685036253 -3870.35872202335 -3015.50498591035 -1587.08187459462 -9.28611852567734e-05 1587.08168887225 3015.50480018798 3870.35853630098 4611.81666464016 Inf -0.000641290622920612 2454.73466398932 -Inf -4811.19217431173 -4037.67985655697 -3145.86969292274 -1655.69401160244 -0.000641290622920612 1655.6927290212 3145.86841034149 4037.67857397572 4811.19089173048 Inf
"93" 95.0505050505051 -1.99312718205428e-05 2353.01097054816 -Inf -4611.8167774333 -3870.35864909402 -3015.50491298089 -1587.08180166494 -1.99312718205428e-05 1587.0817618024 3015.50487311834 3870.35860923147 4611.81673757076 Inf -0.000111522826347854 2454.73466398967 -Inf -4811.19164454461 -4037.67932678974 -3145.86916315539 -1655.69348183488 -0.000111522826347854 1655.69325878923 3145.86894010974 4037.67910374409 4811.19142149896 Inf
"94" 95.7575757575758 -3.56334130902302e-06 2353.01097054817 -Inf -4611.81676106539 -3870.3586327261 -3015.50489661297 -1587.08178529702 -3.56334130902302e-06 1587.08177817033 3015.50488948629 3870.35862559942 4611.81675393871 Inf -1.73415206084246e-05 2454.73466398968 -Inf -4811.19155036333 -4037.67923260845 -3145.8690689741 -1655.69338765358 -1.73415206084246e-05 1655.69335297054 3145.86903429105 4037.67919792541 4811.19151568028 Inf
"95" 96.4646464646465 -5.48215002586464e-07 2353.01097054817 -Inf -4611.81675805027 -3870.35862971098 -3015.50489359784 -1587.08178228189 -5.48215002586464e-07 1587.08178118546 3015.50489250141 3870.35862861454 4611.81675695383 Inf -2.41650187873236e-06 2454.73466398968 -Inf -4811.19153543831 -4037.67921768343 -3145.86905404908 -1655.69337272856 -2.41650187873236e-06 1655.69336789556 3145.86904921607 4037.67921285043 4811.1915306053 Inf
"96" 97.1717171717172 -7.37800256585995e-08 2353.01097054817 -Inf -4611.81675757583 -3870.35862923654 -3015.50489312341 -1587.08178180745 -7.37800256585995e-08 1587.08178165989 3015.50489297585 3870.35862908898 4611.81675742827 Inf -3.02271168806133e-07 2454.73466398968 -Inf -4811.19153332408 -4037.6792155692 -3145.86905193485 -1655.69337061433 -3.02271168806133e-07 1655.69337000979 3145.8690513303 4037.67921496466 4811.19153271953 Inf
"97" 97.8787878787879 -8.76857538821803e-09 2353.01097054817 -Inf -4611.81675751082 -3870.35862917153 -3015.5048930584 -1587.08178174244 -8.76857538821803e-09 1587.08178172491 3015.50489304086 3870.35862915399 4611.81675749328 Inf -3.39850169710422e-08 2454.73466398968 -Inf -4811.19153305579 -4037.67921530092 -3145.86905166656 -1655.69337034605 -3.39850169710422e-08 1655.69337027808 3145.86905159859 4037.67921523294 4811.19153298782 Inf
"98" 98.5858585858586 -9.25794644213638e-10 2353.01097054817 -Inf -4611.81675750298 -3870.35862916369 -3015.50489305055 -1587.0817817346 -9.25794644213638e-10 1587.08178173275 3015.5048930487 3870.35862916183 4611.81675750112 Inf -3.43806021855293e-09 2454.73466398968 -Inf -4811.19153302524 -4037.67921527037 -3145.86905163601 -1655.6933703155 -3.43806021855293e-09 1655.69337030862 3145.86905162914 4037.67921526349 4811.19153301837 Inf
"99" 99.2929292929293 -8.7184976644881e-11 2353.01097054817 -Inf -4611.81675750214 -3870.35862916285 -3015.50489304972 -1587.08178173376 -8.7184976644881e-11 1587.08178173359 3015.50489304954 3870.35862916267 4611.81675750196 Inf -3.13213913670765e-10 2454.73466398968 -Inf -4811.19153302212 -4037.67921526724 -3145.86905163289 -1655.69337031238 -3.13213913670765e-10 1655.69337031175 3145.86905163226 4037.67921526662 4811.19153302149 Inf
"100" 100 -7.3441908335402e-12 2353.01097054817 -Inf -4611.81675750206 -3870.35862916277 -3015.50489304964 -1587.08178173368 -7.3441908335402e-12 1587.08178173367 3015.50489304962 3870.35862916275 4611.81675750204 Inf -2.57140030586941e-11 2454.73466398968 -Inf -4811.19153302183 -4037.67921526696 -3145.8690516326 -1655.69337031209 -2.57140030586941e-11 1655.69337031204 3145.86905163255 4037.6792152669 4811.19153302178 Inf
