"mid_age" "mean_left" "std_left" "min_left" "l.q2.5" "l.q5" "l.q10" "l.q25" "l.q50" "l.q75" "l.q90" "l.q95" "l.q97.5" "max_left" "mean_right" "std_right" "min_right" "r.q2.5" "r.q5" "r.q10" "r.q25" "r.q50" "r.q75" "r.q90" "r.q95" "r.q97.5" "max_right"
"1" 30 3.20053087389959e-08 2336.13448680731 -Inf -4578.73945715227 -3842.59928363941 -2993.87680885863 -1575.69876639911 3.20053087389959e-08 1575.69876646312 2993.87680892264 3842.59928370342 4578.73945721628 Inf 3.73310914626821e-08 2425.94861203539 -Inf -4754.77190789697 -3990.33037326698 -3108.97824164738 -1636.27747328295 3.73310914626821e-08 1636.27747335762 3108.97824172204 3990.33037334164 4754.77190797164 Inf
"2" 30.7070707070707 2.97590098821716e-07 2336.13448680731 -Inf -4578.73945688669 -3842.59928337382 -2993.87680859304 -1575.69876613352 2.97590098821716e-07 1575.6987667287 2993.87680918822 3842.599283969 4578.73945748187 Inf 3.47010033264555e-07 2425.94861203539 -Inf -4754.7719075873 -3990.3303729573 -3108.9782413377 -1636.27747297327 3.47010033264555e-07 1636.27747366729 3108.97824203172 3990.33037365132 4754.77190828132 Inf
"3" 31.4141414141414 2.50329686467391e-06 2336.13448680731 -Inf -4578.73945468098 -3842.59928116812 -2993.87680638734 -1575.69876392781 2.50329686467391e-06 1575.69876893441 2993.87681139393 3842.59928617471 4578.73945968758 Inf 2.91766670779619e-06 2425.94861203539 -Inf -4754.77190501664 -3990.33037038664 -3108.97823876705 -1636.27747040262 2.91766670779619e-06 1636.27747623795 3108.97824460238 3990.33037622197 4754.77191085197 Inf
"4" 32.1212121212121 1.90490849419369e-05 2336.13448680731 -Inf -4578.7394381352 -3842.59926462233 -2993.87678984155 -1575.69874738203 1.90490849419369e-05 1575.6987854802 2993.87682793972 3842.5993027205 4578.73947623336 Inf 2.21872714900138e-05 2425.94861203539 -Inf -4754.77188574703 -3990.33035111704 -3108.97821949744 -1636.27745113301 2.21872714900138e-05 1636.27749550756 3108.97826387198 3990.33039549158 4754.77193012158 Inf
"5" 32.8282828282828 0.000131119070858597 2336.1344868073 -Inf -4578.7393260652 -3842.59915255233 -2993.87667777156 -1575.69863531204 0.000131119070858597 1575.69889755018 2993.8769400097 3842.59941479047 4578.73958830334 Inf 0.00015257646944518 2425.94861203539 -Inf -4754.77175535783 -3990.33022072783 -3108.97808910824 -1636.27732074381 0.00015257646944518 1636.27762589675 3108.97839426117 3990.33052588077 4754.77206051076 Inf
"6" 33.5353535353535 0.000816280073834209 2336.1344868071 -Inf -4578.73864090381 -3842.598467391 -2993.8759926103 -1575.6979501509 0.000816280073834209 1575.69958271105 2993.87762517045 3842.60009995115 4578.74027346395 Inf 0.000948666978475412 2425.9486120352 -Inf -4754.77095926694 -3990.32942463701 -3108.97729301748 -1636.27652465317 0.000948666978475412 1636.27842198713 3108.97919035144 3990.33132197096 4754.77285660089 Inf
"7" 34.2424242424242 0.00459549868626308 2336.13448680112 -Inf -4578.73486167347 -3842.59468816255 -2993.87221338402 -1575.69417092825 0.00459549868626308 1575.70336192562 2993.88140438139 3842.60387915992 4578.74405267084 Inf 0.00533203665607173 2425.94861202935 -Inf -4754.76657588579 -3990.32504125771 -3108.9729096403 -1636.27214127955 0.00533203665607173 1636.28280535286 3108.98357371362 3990.33570533101 4754.77723995911 Inf
"8" 34.9494949494949 0.0233920661988099 2336.13448665419 -Inf -4578.71606481799 -3842.57589135337 -2993.85341662821 -1575.67537426164 0.0233920661988099 1575.72215839404 2993.90020076061 3842.62267548576 4578.76284895038 Inf 0.0270842223207605 2425.94861188555 -Inf -4754.74482341829 -3990.30328883551 -3108.95115727035 -1636.25038899689 0.0270842223207605 1636.30455744154 3109.005325715 3990.35745728015 4754.79899186293 Inf
"9" 35.6565656565657 0.10763402991144 2336.13448372772 -Inf -4578.6318171185 -3842.49164457604 -2993.76917091408 -1575.59113032405 0.10763402991144 1575.80639838388 2993.9844389739 3842.70691263586 4578.84708517832 Inf 0.124294197268949 2425.94860901743 -Inf -4754.64760782193 -3990.20607414293 -3108.85394361976 -1636.15317708743 0.124294197268949 1636.40176548197 3109.1025320143 3990.45466253746 4754.89619621647 Inf
"10" 36.3636363636364 0.447563267826113 2336.13443651869 -Inf -4578.29179535258 -3842.15163768617 -2993.42918117535 -1575.25116924413 0.447563267826113 1576.14629577978 2994.324307711 3843.04676422182 4579.18692188823 Inf 0.51515327589387 2425.94856267671 -Inf -4754.25665791717 -3989.81513884061 -3108.46302515312 -1635.76228675246 0.51515327589387 1636.79259330425 3109.49333170491 3990.84544539239 4755.28696446896 Inf
"11" 37.0707070707071 1.6812551616508 2336.1338209556 -Inf -4577.05689697728 -3840.91693328118 -2992.19470040569 -1574.01706215931 1.6812551616508 1577.37957248261 2995.557210729 3844.27944360448 4580.41940730058 Inf 1.92744286862832 2425.94795734033 -Inf -4752.84318188693 -3988.40185355813 -3107.0499597906 -1634.34958886654 1.92744286862832 1638.2044746038 3110.90484552785 3992.25673929538 4756.69806762418 Inf
"12" 37.7777777777778 5.70302587960103 2336.12734909887 -Inf -4573.02244165322 -3836.88451730621 -2988.16463566962 -1569.99092624033 5.70302587960103 1581.39697799954 2999.57068742882 3848.29056906541 4584.42849341242 Inf 6.50667289416723 2425.94157967699 -Inf -4748.25145187094 -3983.81213320991 -3102.46255646062 -1629.76605717245 6.50667289416723 1642.77940296079 3115.47590224895 3996.82547899824 4761.26479765927 Inf
"13" 38.4848484848485 17.4603194148057 2336.07264707291 -Inf -4561.15793411724 -3825.0372469452 -2976.3372386674 -1558.1967367493 17.4603194148057 1593.11737557891 3011.25787749701 3859.9578857748 4596.07857294685 Inf 19.8063340220115 2425.88754283398 -Inf -4734.84588047695 -3970.42358938485 -3089.09364433202 -1616.42994874787 19.8063340220115 1656.04261679189 3128.70631237604 4010.03625742887 4774.45854852098 Inf
"14" 39.1919191919192 48.2192744735776 2335.70228492884 -Inf -4529.67308259485 -3793.66910037046 -2945.10364542307 -1527.18797622049 48.2192744735776 1623.62652516764 3041.54219437023 3890.10764931761 4626.111631542 Inf 54.3269390380708 2425.52064867931 -Inf -4699.60617613161 -3935.29949718779 -3054.10284553766 -1581.66187738508 54.3269390380708 1690.31575546122 3162.7567236138 4043.95337526392 4808.26005420775 Inf
"15" 39.8989898989899 120.040031095409 2333.7021691803 -Inf -4453.93217114097 -3718.55844610532 -2870.71963733243 -1454.01816202706 120.040031095409 1694.09822421788 3110.79969952325 3958.63850829614 4694.01223333179 Inf 134.171802841659 2423.53271322949 -Inf -4615.86503044279 -3852.18477054942 -2971.71033994615 -1500.47617149653 134.171802841659 1768.81977717985 3240.05394562947 4120.52837623273 4884.2086361261 Inf
"16" 40.6060606060606 269.195487591849 2325.12454309126 -Inf -4287.96487643717 -3555.2940502257 -2710.57151069293 -1299.07718465255 269.195487591849 1837.46815983625 3248.96248587663 4093.68502540939 4826.35585162086 Inf 298.127248741352 2414.97458216777 -Inf -4435.13595588714 -3674.15245173292 -2796.78720778617 -1330.74835391487 298.127248741352 1927.00285139758 3393.04170526887 4270.40694921562 5031.39045336984 Inf
"17" 41.3131313131313 543.454344232701 2296.00761272995 -Inf -3956.63788494778 -3233.14210507434 -2398.99780636368 -1005.17925692582 543.454344232701 2092.08794539122 3485.90649482908 4320.05079353974 5043.54657341318 Inf 595.56647005552 2385.79636513437 -Inf -4080.50848005442 -3328.71933430339 -2461.95459675305 -1013.62872428268 595.56647005552 2204.76166439372 3653.08753686409 4519.85227441443 5271.64142016546 Inf
"18" 42.020202020202 987.221406966693 2217.77557753695 -Inf -3359.53885079824 -2660.69479550935 -1854.97235645236 -508.645488317173 987.221406966693 2483.08830225056 3829.41517038575 4635.13760944273 5333.98166473163 Inf 1069.20407852087 2307.01802642626 -Inf -3452.46816495926 -2725.50288968878 -1887.35848498531 -486.855933821231 1069.20407852087 2625.26409086297 4025.76664202705 4863.91104673052 5590.87632200101 Inf
"19" 42.7272727272727 1613.74223878529 2050.67053779779 -Inf -2405.49815945577 -1759.31063299394 -1014.29779934566 230.585980011589 1613.74223878529 2996.89849755898 4241.78227691623 4986.79511056451 5632.98263702634 Inf 1725.38096334895 2137.86496097486 -Inf -2464.7573639719 -1791.09397164302 -1014.40322431133 283.412959868062 1725.38096334895 3167.34896682984 4465.16515100923 5241.85589834092 5915.5192906698 Inf
"20" 43.4343434343434 2376.08338754687 1764.9798460696 -Inf -1083.21354418859 -527.050113756958 114.17070266171 1185.62257207027 2376.08338754687 3566.54420302347 4637.99607243203 5279.2168888507 5835.38031928233 Inf 2506.41821784161 1847.07224714189 -Inf -1113.77686339996 -531.745267111133 139.299887842938 1260.58691927276 2506.41821784161 3752.24951641046 4873.53654784029 5544.58170279436 6126.61329908318 Inf
"21" 44.1414141414141 3160.32776696929 1372.77220242209 -Inf 469.743691244271 902.318430837159 1401.04940181916 2234.40698708149 3160.32776696929 4086.24854685709 4919.60613211943 5418.33710310142 5850.91184269431 Inf 3290.29530609131 1445.52236584057 -Inf 457.123530196659 912.622599798974 1437.78385511859 2315.30528665266 3290.29530609131 4265.28532552997 5142.80675706403 5667.96801238365 6123.46708198597 Inf
"22" 44.8484848484848 3819.89416111167 945.187302719429 -Inf 1967.36108913703 2265.19939808513 2608.5878935787 3182.37501341193 3819.89416111167 4457.4133088114 5031.20042864463 5374.5889241382 5672.42723308631 Inf 3933.65543219402 1005.00965204859 -Inf 1963.87271006365 2280.56166090066 2645.68373922371 3255.78672303912 3933.65543219402 4611.52414134893 5221.62712516433 5586.74920348738 5903.43815432439 Inf
"23" 45.5555555555556 4242.16168231183 594.219450025513 -Inf 3077.51296134862 3264.75766473225 3480.63881585458 3841.36675390247 4242.16168231183 4642.95661072119 5003.68454876908 5219.5656998914 5406.81040327503 Inf 4341.08991184346 640.820014369354 -Inf 3085.10576310708 3287.03478698493 3519.8460191961 3908.86338043082 4341.08991184346 4773.31644325609 5162.33380449082 5395.14503670198 5597.07406057983 Inf
"24" 46.2626262626263 4406.2417351902 410.291244308913 -Inf 3602.0856731726 3731.37269388225 3880.43234871687 4129.50449630864 4406.2417351902 4682.97897407175 4932.05112166353 5081.11077649814 5210.39779720779 Inf 4512.58288260881 447.474962091932 -Inf 3635.54807292519 3776.55206824192 3939.12064439788 4210.76560720842 4512.58288260881 4814.4001580092 5086.04512081973 5248.61369697569 5389.61769229242 Inf
"25" 46.969696969697 4388.28536907696 360.000977678724 -Inf 3682.69641842745 3796.13645523603 3926.9255525352 4145.46839957209 4388.28536907696 4631.10233858182 4849.64518561871 4980.43428291788 5093.87431972646 Inf 4529.91830158457 393.088889053055 -Inf 3759.47823631772 3883.34461671133 4026.15462042044 4264.78387500232 4529.91830158457 4795.05272816682 5033.6819827487 5176.49198645781 5300.35836685142 Inf
"26" 47.6767676767677 4309.3604782711 345.767068647888 -Inf 3631.66947668125 3740.62426132525 3866.24215013163 4076.14413451276 4309.3604782711 4542.57682202945 4752.47880641057 4878.09669521696 4987.05147986095 Inf 4494.31324090447 377.641094998923 -Inf 3754.15029562431 3873.14891610956 4010.34670439462 4239.59819307487 4494.31324090447 4749.02828873406 4978.27977741431 5115.47756569937 5234.47618618462 Inf
"27" 48.3838383838384 4265.87145360897 337.837135171202 -Inf 3603.72283603322 3710.17881650372 3832.91574413121 4038.00376870038 4265.87145360897 4493.73913851755 4698.82716308672 4821.56409071421 4928.02007118471 Inf 4470.30264203452 369.096206653552 -Inf 3746.88737016321 3863.1934078264 3997.28682056109 4221.35103381045 4470.30264203452 4719.2542502586 4943.31846350796 5077.41187624265 5193.71791390584 Inf
"28" 49.0909090909091 4288.95565136545 334.723865240673 -Inf 3632.9089307277 3738.38388759712 3859.98975784113 4063.18783511461 4288.95565136545 4514.7234676163 4717.92154488978 4839.52741513379 4945.00237200321 Inf 4475.26269143375 365.714855194205 -Inf 3758.47474664183 3873.71528543753 4006.5802462167 4228.59177011082 4475.26269143375 4721.93361275669 4943.9451366508 5076.81009742997 5192.05063622567 Inf
"29" 49.7979797979798 4348.49449705271 333.889262393629 -Inf 3694.08356793656 3799.2955328044 3920.59819011363 4123.28961186768 4348.49449705271 4573.69938223775 4776.3908039918 4897.69346130103 5002.90542616887 Inf 4500.90100511818 364.808818282938 -Inf 3785.888860041 3900.84389722161 4033.3796929232 4254.84119640519 4500.90100511818 4746.96081383117 4968.42231731315 5100.95811301475 5215.91315019535 Inf
"30" 50.5050505050505 4389.19706527301 333.560713661741 -Inf 3735.43007983852 3840.53851559797 3961.72181047563 4164.21378284007 4389.19706527301 4614.18034770594 4816.67232007039 4937.85561494805 5042.9640507075 Inf 4531.03937499455 364.450486107375 -Inf 3816.72954807598 3931.57167107661 4063.97728396016 4285.22125766115 4531.03937499455 4776.85749232796 4998.10146602895 5130.5070789125 5245.34920191312 Inf
"31" 51.2121212121212 4377.25207333534 333.234537432445 -Inf 3724.12438156288 3829.13003581409 3950.19483019526 4152.48879342582 4377.25207333534 4602.01535324485 4804.30931647542 4925.37411085659 5030.37976510779 Inf 4547.76222145719 364.097032093713 -Inf 3834.14515167559 3948.87589765558 4081.15309996735 4302.18250523317 4547.76222145719 4793.34193768122 5014.37134294704 5146.6485452588 5261.3792912388 Inf
"32" 51.9191919191919 4328.68023452778 332.939298668427 -Inf 3676.13120009964 3781.04382155834 3902.00135508794 4104.11609013845 4328.68023452778 4553.2443789171 4755.35911396762 4876.31664749722 4981.22926895592 Inf 4540.49781494891 363.776574469384 -Inf 3827.50883056957 3942.13859703296 4074.29937642922 4295.13424410787 4540.49781494891 4785.86138578995 5006.6962534686 5138.85703286486 5253.48679932826 Inf
"33" 52.6262626262626 4290.7581046244 332.704561809231 -Inf 3638.66914598613 3743.50779942919 3864.38005257395 4066.35228784059 4290.7581046244 4515.1639214082 4717.13615667485 4838.00840981961 4942.84706326267 Inf 4515.39615995842 363.521479316661 -Inf 3802.90715289104 3917.45653622965 4049.52463903106 4270.20464818322 4515.39615995842 4760.58767173363 4981.26768088578 5113.33578368719 5227.8851670258 Inf
"34" 53.3333333333333 4287.48770167947 332.530497487382 -Inf 3635.73990284301 3740.52370681537 3861.33272203319 4063.19928949663 4287.48770167947 4511.77611386231 4713.64268132575 4834.45169654357 4939.23550051592 Inf 4487.72492434668 363.333019666429 -Inf 3775.6052914063 3890.09528915713 4022.09492417912 4242.66052667389 4487.72492434668 4732.78932201948 4953.35492451424 5085.35455953624 5199.84455728707 Inf
"35" 54.040404040404 4292.14182358182 332.551820183836 -Inf 3640.35223302826 3745.14275600312 3865.95951780051 4067.83902945877 4292.14182358182 4516.44461770486 4718.32412936312 4839.14089116051 4943.93141413538 Inf 4464.33437943796 363.355860406166 -Inf 3752.16997947031 3866.66717457481 3998.67510768464 4219.25457592033 4464.33437943796 4709.4141829556 4929.99365119129 5062.00158430112 5176.49877940561 Inf
"36" 54.7474747474747 4268.57697358874 332.609773107327 -Inf 3616.67379739234 3721.48258193365 3842.32039814761 4044.23509081281 4268.57697358874 4492.91885636468 4694.83354902987 4815.67136524384 4920.48014978514 Inf 4443.52613547875 363.417874141963 -Inf 3731.24019082239 3845.75692709735 3977.78738992523 4198.40450433195 4443.52613547875 4688.64776662555 4909.26488103227 5041.29534386015 5155.81208013511 Inf
"37" 55.4545454545455 4228.58760010893 332.519424555138 -Inf 3576.86150382088 3681.6418185976 3802.44681099631 4004.30665650539 4228.58760010893 4452.86854371247 4654.72838922156 4775.53338162027 4880.31369639699 Inf 4431.11743340438 363.320888300959 -Inf 3719.0215775034 3833.50775253531 3965.50298020723 4186.06121821324 4431.11743340438 4676.17364859551 4896.73188660153 5028.72711427344 5143.21328930536 Inf
"38" 56.1616161616162 4219.1675505223 332.469118955891 -Inf 3567.54005139699 3672.30451435834 3793.09123062914 3994.92053752983 4219.1675505223 4443.41456351477 4645.24387041545 4766.03058668626 4870.79504964761 Inf 4439.73861450139 363.265927705892 -Inf 3727.75047938731 3842.21933576646 3974.19459614089 4194.71946966829 4439.73861450139 4684.75775933448 4905.28263286189 5037.25789323632 5151.72674961547 Inf
"39" 56.8686868686869 4251.97403622969 332.476069277634 -Inf 3600.33291472408 3705.0995678038 3825.88880914082 4027.72233531644 4251.97403622969 4476.22573714294 4678.05926331856 4798.84850465557 4903.61515773529 Inf 4465.31746418026 363.273402365559 -Inf 3753.31467900243 3867.78589072426 3999.76386665796 4220.29327776583 4465.31746418026 4710.34165059468 4930.87106170255 5062.84903763625 5177.32024935808 Inf
"40" 57.5757575757576 4279.63322782014 332.46660851274 -Inf 3628.01064907299 3732.7743209677 3853.56012518933 4055.38790809584 4279.63322782014 4503.87854754443 4705.70633045094 4826.49213467257 4931.25580656729 Inf 4479.81177713677 363.263222055958 -Inf 3767.82894499912 3882.29694879995 4014.27122620618 4234.79445723683 4479.81177713677 4724.82909703672 4945.35232806736 5077.32660547359 5191.79460927443 Inf
"41" 58.2828282828283 4258.53892387184 332.4466599454 -Inf 3606.95544359822 3711.71282949274 3832.49138635874 4034.30705925174 4258.53892387184 4482.77078849193 4684.58646138494 4805.36501825093 4910.12240414546 Inf 4460.44384818472 363.241385236843 -Inf 3748.50381542607 3862.96493821902 3994.93128226385 4215.44125699544 4460.44384818472 4705.44643937399 4925.95641410558 5057.92275815042 5172.38388094337 Inf
"42" 58.989898989899 4206.774543903 332.410543107978 -Inf 3555.26185132996 3660.00785643493 3780.77329197944 3982.56703971956 4206.774543903 4430.98204808644 4632.77579582656 4753.54123137107 4858.28723647604 Inf 4417.06725687412 363.202364516784 -Inf 3705.20370332144 3819.65253028134 3951.60469801814 4172.09098476057 4417.06725687412 4662.04352898767 4882.52981573011 5014.4819834669 5128.93081042681 Inf
"43" 59.6969696969697 4174.13397826976 332.368503708433 -Inf 3522.70368140576 3627.43643946051 3748.1866020045 3949.95482923041 4174.13397826976 4398.3131273091 4600.08135453502 4720.83151707901 4825.56427513375 Inf 4378.85497144958 363.156493530311 -Inf 3667.08132337832 3781.51569591527 3913.45119862813 4133.90963884624 4378.85497144958 4623.80030405293 4844.25874427104 4976.19424698389 5090.62861952085 Inf
"44" 60.4040404040404 4175.26878015146 332.329620667734 -Inf 3523.91469264684 3628.63519825273 3749.37123450788 3951.11585732452 4175.26878015146 4399.42170297839 4601.16632579503 4721.90236205019 4826.62286765607 Inf 4361.93264200868 363.11452711919 -Inf 3650.24124659177 3764.66239507791 3896.58265130709 4117.01561531948 4361.93264200868 4606.84966869787 4827.28263271026 4959.20288893944 5073.62403742558 Inf
"45" 61.1111111111111 4183.36860859246 332.315031029813 -Inf 3532.04311625272 3636.75902451258 3757.4897603222 3959.22552632676 4183.36860859246 4407.51169085816 4609.24745686272 4729.97819267234 4834.69410093221 Inf 4361.4417183256 363.098372566238 -Inf 3649.78198525067 3764.19804326985 3896.11243051664 4116.5355877168 4361.4417183256 4606.34784893441 4826.77100613456 4958.68539338136 5073.10145140054 Inf
"46" 61.8181818181818 4178.03130274116 332.272112101039 -Inf 3526.78992995606 3631.49231401694 3752.20745729126 3953.917168853 4178.03130274116 4402.14543662931 4603.85514819105 4724.57029146538 4829.27267552625 Inf 4366.18367099626 363.051803998699 -Inf 3654.61521063652 3769.01659441773 3900.91406320794 4121.30895040894 4366.18367099626 4611.05839158358 4831.45327878459 4963.3507475748 5077.75213135601 Inf
"47" 62.5252525252525 4166.11698557087 332.218920173 -Inf 3514.97986704901 3619.66548978241 3740.36130831963 3942.03872909297 4166.11698557087 4390.19524204877 4591.87266282212 4712.56848135933 4817.25410409274 Inf 4366.29648357566 362.994248383884 -Inf 3654.84083014806 3769.2240775589 3901.1006362756 4121.4605836606 4366.29648357566 4611.13238349072 4831.49233087571 4963.36888959241 5077.75213700325 Inf
"48" 63.2323232323232 4157.05640285406 332.207729483369 -Inf 3505.94121768083 3610.62331411203 3731.31506704863 3932.98569438162 4157.05640285406 4381.12711132651 4582.79773865949 4703.4894915961 4808.17158802729 Inf 4352.97544345209 362.981859941047 -Inf 3641.54407092628 3755.92341461047 3887.79547258035 4108.14789941474 4352.97544345209 4597.80298748944 4818.15541432383 4950.02747229371 5064.40681597791 Inf
"49" 63.9393939393939 4147.24183333071 332.215062375404 -Inf 3496.11227595319 3600.79668305462 3721.49110004601 3923.16617889775 4147.24183333071 4371.31748776367 4572.9925666154 4693.6869836068 4798.37139070823 Inf 4326.10056678839 362.989980753023 -Inf 3614.65327776357 3729.03518039973 3860.91018867735 4081.2675453466 4326.10056678839 4570.93358823017 4791.29094489943 4923.16595317704 5037.5478558132 Inf
"50" 64.6464646464646 4133.89658310922 332.225856016854 -Inf 3482.74587058319 3587.43367887284 3708.13201721642 3909.81364847573 4133.89658310922 4357.9795177427 4559.66114900201 4680.35948734559 4785.04729563524 Inf 4299.01979726028 363.001398985388 -Inf 3587.55012891126 3701.9356295507 3833.81478609567 4054.1790743378 4299.01979726028 4543.86052018276 4764.22480842488 4896.10396496985 5010.48946560929 Inf
"51" 65.3535353535354 4121.65061587506 332.16975507961 -Inf 3470.60985916553 3575.27998946878 3695.95794622622 3897.60552074872 4121.65061587506 4345.6957110014 4547.3432855239 4668.02124228134 4772.69137258458 Inf 4283.43120585594 362.940483936588 -Inf 3572.08092880869 3686.44723448532 3818.30426046749 4038.6315695095 4283.43120585594 4528.23084220237 4748.55815124439 4880.41517722656 4994.78148290319 Inf
"52" 66.0606060606061 4109.51822502006 332.09868751362 -Inf 3458.61675818035 3563.26449435746 3683.91663212167 3885.52106423855 4109.51822502006 4333.51538580157 4535.11981791845 4655.77195568266 4760.41969185978 Inf 4273.77655099257 362.863725240526 -Inf 3562.5767182251 3676.91883644157 3808.74797583123 4029.02868759987 4273.77655099257 4518.52441438527 4738.80512615391 4870.63426554357 4984.97638376004 Inf
"53" 66.7676767676768 4089.68671489106 332.110862751111 -Inf 3438.76138502436 3543.41295774491 3664.06951879801 3865.68134203666 4089.68671489106 4313.69208774546 4515.30391098411 4635.96047203721 4740.61204475776 Inf 4257.97873598034 362.87650054117 -Inf 3546.75386408372 3661.10000792974 3792.93378861246 4013.2222557783 4257.97873598034 4502.73521618238 4723.02368334822 4854.85746403094 4969.20360787696 Inf
"54" 67.4747474747475 4064.14815197095 332.117813118998 -Inf 3413.20919963351 3517.86296248697 3638.52204862305 3840.13809116464 4064.14815197095 4288.15821277725 4489.77425531885 4610.43334145492 4715.08710430839 Inf 4236.77369890406 362.884189822527 -Inf 3525.53375629291 3639.88232311113 3771.71889732562 3992.01203236056 4236.77369890406 4481.53536544756 4701.8285004825 4833.66507469699 4948.01364151521 Inf
"55" 68.1818181818182 4045.99911205306 332.100755037703 -Inf 3395.0935929406 3499.74198061597 3620.39486951594 3822.00055674775 4045.99911205306 4269.99766735837 4471.60335459017 4592.25624349014 4696.90463116551 Inf 4218.30574650934 362.865689603432 -Inf 3507.10206366132 3621.44480086889 3753.27465391564 3973.55655817399 4218.30574650934 4463.05493484469 4683.33683910304 4815.16669214979 4929.50942935736 Inf
"56" 68.8888888888889 4038.9622605689 332.106077214244 -Inf 3388.0463101821 3492.69637493042 3613.35119738811 3814.96011551006 4038.9622605689 4262.96440562773 4464.57332374969 4585.22814620737 4689.87821095569 Inf 4200.42468331359 362.871521538494 -Inf 3489.20957008289 3603.5541449936 3735.38611679438 3955.67156139782 4200.42468331359 4445.17780522936 4665.4632498328 4797.29522163358 4911.63979654429 Inf
"57" 69.5959595959596 4030.04946854076 332.146084485143 -Inf 3379.05510534388 3483.71777679764 3604.38713397931 3806.02033898777 4030.04946854076 4254.07859809375 4455.7118031022 4576.38116028388 4681.04383173764 Inf 4175.65782456619 362.914916391404 -Inf 3464.35765898668 3578.715908065 3710.5636453053 3930.87543326692 4175.65782456619 4420.44021586546 4640.75200382708 4772.59974106738 4886.95799014571 Inf
"58" 70.3030303030303 4008.12028898813 332.185404222265 -Inf 3357.04886052261 3461.72392203279 3582.40756415602 3784.06463867547 4008.12028898813 4232.17593930079 4433.83301382024 4554.51665594346 4659.19171745365 Inf 4149.08257746239 362.957455157833 -Inf 3437.69903743272 3552.07069091695 3683.93388257878 3904.27149420117 4149.08257746239 4393.8936607236 4614.23127234599 4746.09446400782 4860.46611749205 Inf
"59" 71.010101010101 3977.59451841264 332.16569426587 -Inf 3326.56172075179 3431.23057145057 3551.907052906 3753.55216226354 3977.59451841264 4201.63687456173 4403.28198391927 4523.95846537471 4628.62731607349 Inf 4131.83970454125 362.936162163162 -Inf 3420.49789801427 3534.86284185533 3666.71829772831 3887.0429831867 4131.83970454125 4376.63642589581 4596.9611113542 4728.81656722718 4843.18151106824 Inf
"60" 71.7171717171717 3948.34854753553 332.123652732298 -Inf 3297.39814976634 3402.05375274244 3522.71496042206 3724.33454796991 3948.34854753553 4172.36254710115 4373.982134649 4494.64334232862 4599.29894530472 Inf 4118.84285513472 362.890660753396 -Inf 3407.59022973212 3521.94083560768 3653.77976072469 3874.07682401467 4118.84285513472 4363.60888625477 4583.90594954475 4715.74487466176 4830.09548053732 Inf
"61" 72.4242424242424 3922.60868355858 332.137891571294 -Inf 3271.63037817777 3376.29046795952 3496.9568486387 3698.585080042 3922.60868355858 4146.63228707515 4348.26051847845 4468.92689915763 4573.58698893938 Inf 4094.20128758901 362.906132029978 -Inf 3382.91833904151 3497.27382007657 3629.11836594025 3849.42482125148 4094.20128758901 4338.97775392654 4559.28420923776 4691.12875510145 4805.4842361365 Inf
"62" 73.1313131313131 3898.33033272289 332.220585753055 -Inf 3247.1899497241 3351.87609729903 3472.57252094491 3674.25095282831 3898.33033272289 4122.40971261746 4324.08814450086 4444.78456814674 4549.47071572167 Inf 4060.45378204568 362.995889591912 -Inf 3348.99491190946 3463.37867648195 3595.25583145291 3815.61677515263 4060.45378204568 4305.29078893874 4525.65173263845 4657.52888760942 4771.91265218191 Inf
"63" 73.8383838383838 3877.59179025521 332.330494543751 -Inf 3226.23598998507 3330.95677095834 3451.69312469445 3653.43827800785 3877.59179025521 4101.74530250256 4303.49045581596 4424.22680955207 4528.94759052534 Inf 4039.61066938006 363.115160148632 -Inf 3327.91803324824 3442.33938120851 3574.2598674186 3794.69321571899 4039.61066938006 4284.52812304112 4504.96147134151 4636.8819575516 4751.30330551187 Inf
"64" 74.5454545454545 3863.85833060867 332.405451114331 -Inf 3212.35561815979 3317.10001872482 3437.86360433754 3639.65426092275 3863.85833060867 4088.06240029459 4289.8530568798 4410.61664249251 4515.36104305755 Inf 4038.27708206457 363.196574217781 -Inf 3326.42487728939 3440.8718796661 3572.82194377534 3793.30471544835 4038.27708206457 4283.2494486808 4503.7322203538 4635.68228446304 4750.12928683975 Inf
"65" 75.2525252525253 3854.38758237385 332.507416620501 -Inf 3202.68502120521 3307.46155215736 3428.26218204866 3630.11473799914 3854.38758237385 4078.66042674856 4280.51298269904 4401.31361259035 4506.09014354249 Inf 4034.56718536338 363.307880301681 -Inf 3322.4968246725 3436.97890074911 3568.96940258807 3789.51974393443 4034.56718536338 4279.61462679233 4500.16496813869 4632.15546997765 4746.63754605426 Inf
"66" 75.959595959596 3842.05774591506 332.696240286823 -Inf 3189.985097161 3294.82112840616 3415.69035832468 3617.65754191282 3842.05774591506 4066.45794991729 4268.42513350544 4389.29436342396 4494.13039466912 Inf 4012.77258291161 363.511895034591 -Inf 3300.30236069191 3414.84872392396 3546.91334473595 3767.58753563643 4012.77258291161 4257.9576301868 4478.63182108728 4610.69644189926 4725.24280513132 Inf
"67" 76.6666666666667 3824.62213607976 332.889604334023 -Inf 3172.17050075729 3277.06746301651 3398.00694249197 3600.09151000964 3824.62213607976 4049.15276214989 4251.23732966755 4372.17680914302 4477.07377140224 Inf 3989.84653614383 363.723105554497 -Inf 3276.96234891196 3391.57526676646 3523.71662079572 3744.51902953783 3989.84653614383 4235.17404274983 4455.97645149194 4588.1178055212 4702.73072337571 Inf
"68" 77.3737373737374 3807.541067886 333.166314269064 -Inf 3154.54709105669 3259.53124748248 3380.57125624776 3582.82380380091 3807.541067886 4032.25833197109 4234.51087952425 4355.55088828953 4460.53504471532 Inf 3986.25597357866 364.022089708945 -Inf 3272.78578817212 3387.49291903045 3519.74289461934 3740.72680522502 3986.25597357866 4231.7851419323 4452.76905253798 4585.01902812687 4699.7261589852 Inf
"69" 78.0808080808081 3796.92124956681 333.393952726082 -Inf 3143.48110956024 3248.53699722162 3369.65970750759 3572.05044567571 3796.92124956681 4021.79205345791 4224.18279162602 4345.30550191199 4450.36138957338 Inf 3985.6504745282 364.269811443599 -Inf 3271.69476344355 3386.47995398626 3518.81992739202 3739.95422040363 3985.6504745282 4231.34672865276 4452.48102166438 4584.82099507013 4699.60618561285 Inf
"70" 78.7878787878788 3794.148374848 333.8493211379 -Inf 3139.81572915457 3245.01510811904 3366.30325468772 3568.97042963057 3794.148374848 4019.32632006544 4221.99349500828 4343.28164157696 4448.48102054143 Inf 3952.42111248735 364.765945523945 -Inf 3237.49299647372 3352.43452400391 3484.95474394379 3706.39022101087 3952.42111248735 4198.45200396384 4419.88748103092 4552.4077009708 4667.34922850098 Inf
"71" 79.4949494949495 3798.30424598223 335.252012788813 -Inf 3141.2223751716 3246.86375680377 3368.66150414075 3572.18019962357 3798.30424598223 4024.42829234089 4227.94698782371 4349.74473516069 4455.38611679287 Inf 3886.4567938236 366.284232068595 -Inf 3168.55289086425 3283.97284621044 3417.04466278179 3639.40183363489 3886.4567938236 4133.51175401231 4355.86892486541 4488.94074143677 4604.36069678296 Inf
"72" 80.2020202020202 3804.06510351588 338.166166090831 -Inf 3141.27159718786 3247.8312587091 3370.68772394796 3575.97549062451 3804.06510351588 4032.15471640725 4237.4424830838 4360.29894832266 4466.8586098439 Inf 3828.05147548299 369.449097632748 -Inf 3103.94455000198 3220.36178726781 3354.5834060227 3578.86184591051 3828.05147548299 4077.24110505547 4301.51954494327 4435.74116369816 4552.15840096399 Inf
"73" 80.9090909090909 3785.14357797907 344.264302027747 -Inf 3110.39794484187 3218.87919215882 3343.9511227543 3552.94083490295 3785.14357797907 4017.3463210552 4226.33603320385 4351.40796379933 4459.88921111628 Inf 3790.33185986176 376.034021424551 -Inf 3053.31872090788 3171.81093586444 3308.4248710071 3536.70076668589 3790.33185986176 4043.96295303763 4272.23884871643 4408.85278385908 4527.34499881564 Inf
"74" 81.6161616161616 3681.29462652437 371.330103561019 -Inf 2953.50099716924 3070.51095888576 3205.41595097191 3430.83627773321 3681.29462652437 3931.75297531552 4157.17330207683 4292.07829416297 4409.08825587949 Inf 3702.78936187276 405.420975776769 -Inf 2908.17885077321 3035.93119942414 3183.22147566143 3429.33706919684 3702.78936187276 3976.24165454869 4222.3572480841 4369.64752432139 4497.39987297232 Inf
"75" 82.3232323232323 3418.55723795291 505.466723719168 -Inf 2427.86066407988 2587.13846414015 2770.77556683991 3077.62511373913 3418.55723795291 3759.48936216668 4066.33890906591 4249.97601176566 4409.25381182593 Inf 3446.82221110355 546.875250561423 -Inf 2374.96641596684 2547.2924717276 2745.97337758896 3077.96045996396 3446.82221110355 3815.68396224314 4147.67104461814 4346.3519504795 4518.67800624026 Inf
"76" 83.030303030303 2960.21175853082 819.064154828991 -Inf 1354.87551403826 1612.97111275441 1910.53880862826 2407.76138134565 2960.21175853082 3512.66213571599 4009.88470843338 4307.45240430723 4565.54800302338 Inf 2956.11552097353 872.861723294769 -Inf 1245.33797983222 1520.38574958502 1837.49821298116 2367.37923527272 2956.11552097353 3544.85180667434 4074.7328289659 4391.84529236205 4666.89306211485 Inf
"77" 83.7373737373737 2345.73620239878 1244.50019436986 -Inf -93.4393573192401 298.715543947704 750.845029983526 1506.33357717928 2345.73620239878 3185.13882761828 3940.62737481403 4392.75686084985 4784.91176211679 Inf 2281.45370059429 1312.11088082943 -Inf -290.236369554522 123.223359299507 599.915947099225 1396.44836035408 2281.45370059429 3166.45904083449 3962.99145408935 4439.68404188906 4853.14377074309 Inf
"78" 84.4444444444444 1679.75199207546 1663.09558135175 -Inf -1579.85545022169 -1055.79680687795 -451.590753856193 558.011068857304 1679.75199207546 2801.49291529361 3811.0947380071 4415.30079102885 4939.3594343726 Inf 1562.34821492694 1741.80097088529 -Inf -1851.51895624513 -1302.65942946133 -669.859546178212 387.521313183227 1562.34821492694 2737.17511667066 3794.5559760321 4427.35585931521 4976.21538609901 Inf
"79" 85.1515151515152 1078.88106848483 1985.96923252138 -Inf -2813.54710166173 -2187.747626642 -1466.24091057636 -260.634823055621 1078.88106848483 2418.39696002528 3624.00304754602 4345.50976361166 4971.3092386314 Inf 941.288104130462 2071.41899202896 -Inf -3118.61851713856 -2465.89293784454 -1713.34214800307 -455.86277435457 941.288104130462 2338.43898261549 3595.91835626399 4348.46914610546 5001.19472539948 Inf
"80" 85.8585858585859 619.02501383157 2184.89534852023 -Inf -3663.29117925716 -2974.80802469132 -2181.03104061564 -854.664503996418 619.02501383157 2092.71453165956 3419.08106827878 4212.85805235446 4901.3412069203 Inf 495.626025714646 2273.44490269767 -Inf -3960.24410440896 -3243.85806816196 -2417.91084851695 -1037.78925879046 495.626025714646 2029.04131021975 3409.16289994624 4235.11011959125 4951.49615583825 Inf
"81" 86.5656565656566 316.643870596278 2282.72876545958 -Inf -4157.42229617807 -3438.11081861637 -2608.79075249214 -1223.03328418396 316.643870596278 1856.32102537652 3242.07849368469 4071.39855980892 4790.71003737063 Inf 226.253567767612 2372.31103642902 -Inf -4423.39062376016 -3675.85084475968 -2813.98535492674 -1373.84591058081 226.253567767612 1826.35304611603 3266.49249046196 4128.3579802949 4875.89775929539 Inf
"82" 87.2727272727273 144.257023856691 2320.89178220196 -Inf -4404.60728127414 -3673.27024186008 -2830.08547308383 -1421.16069455285 144.257023856691 1709.67474226623 3118.59952079722 3961.78428957346 4693.12132898752 Inf 88.3634731899071 2410.69742913619 -Inf -4636.51666554032 -3876.88093660734 -3001.06959117392 -1537.6272335865 88.3634731899071 1714.35417996631 3177.79653755373 4053.60788298715 4813.24361192013 Inf
"83" 87.979797979798 58.5001107319328 2332.63973854135 -Inf -4513.38976571604 -3778.35082357894 -2930.89799804728 -1514.84148381428 58.5001107319328 1631.84170527814 3047.89821951115 3895.35104504281 4630.38998717991 Inf 28.7484068566006 2422.46392125419 -Inf -4719.19363264929 -3955.85016017744 -3075.76402390202 -1605.17867824916 28.7484068566006 1662.67549196236 3133.26083761522 4013.34697389064 4776.69044636249 Inf
"84" 88.6868686868687 21.1044255480989 2335.49181841609 -Inf -4556.3754247354 -3820.4377626891 -2971.94877065965 -1554.16086764036 21.1044255480989 1596.36971873656 3014.15762175585 3862.6466137853 4598.5842758316 Inf 7.29830789181172 2425.30974611154 -Inf -4746.22144584079 -3981.98122448051 -3100.86119416801 -1628.54825691108 7.29830789181172 1643.14487269471 3115.45780995164 3996.57784026414 4760.81806162442 Inf
"85" 89.3939393939394 6.7668172039446 2336.03958831353 -Inf -4571.78664235035 -3835.67637233579 -2986.98837437343 -1568.86794116581 6.7668172039446 1582.4015755737 3000.52200878131 3849.21000674368 4585.32027675824 Inf 1.13268629472167 2425.85452733671 -Inf -4753.45481901866 -3989.04293145171 -3107.72498099709 -1635.08132786065 1.13268629472167 1637.34670045009 3109.99035358654 3991.30830404115 4755.7201916081 Inf
"86" 90.1010101010101 1.92533072718498 2336.12321142732 -Inf -4576.79202711841 -3840.65540659456 -2991.93702818257 -1573.76583057569 1.92533072718498 1577.61649203006 2995.78768963694 3844.50606804893 4580.64268857278 Inf -0.109345650156197 2425.93745951012 -Inf -4754.85939503658 -3990.42137468282 -3109.07329479864 -1636.37929670645 -0.109345650156197 1636.16060540614 3108.85460349833 3990.2026833825 4754.64070373627 Inf
"87" 90.8080808080808 0.484838036132694 2336.1334065008 -Inf -4578.25250178631 -3842.11266868922 -2993.39058638602 -1575.21319973932 0.484838036132694 1576.18287581158 2994.36026245828 3843.08234476148 4579.22217785858 Inf -0.168423775676641 2425.94754569037 -Inf -4754.93824171215 -3990.49704309851 -3109.14529888426 -1636.44517785717 -0.168423775676641 1636.10833030582 3108.8084513329 3990.16019554716 4754.60139416079 Inf
"88" 91.5151515151515 0.107592300300021 2336.13440317509 -Inf -4578.63170096784 -3842.49155380835 -2993.76910941133 -1575.59111772174 0.107592300300021 1575.80630232234 2993.98429401193 3842.70673840895 4578.84688556844 Inf -0.0795295970948339 2425.94852963258 -Inf -4754.85127602484 -3990.40976736083 -3109.05766567835 -1636.35694733752 -0.0795295970948339 1636.19788814333 3108.89860648416 3990.25070816664 4754.69221683065 Inf
"89" 92.2222222222222 0.0208887756655408 2336.13448156678 -Inf -4578.71855813738 -3842.57838627585 -2993.85591339897 -1575.67787412077 0.0208887756655408 1575.7196516721 2993.8976909503 3842.62016382718 4578.76033568871 Inf -0.0270602847916426 2425.94860688009 -Inf -4754.79895811488 -3990.35742510937 -3109.00529536271 -1636.30453012787 -0.0270602847916426 1636.25040955829 3108.95117479313 3990.30330453979 4754.74483754529 Inf
"90" 92.9292929292929 0.00350299956538119 2336.1344865411 -Inf -4578.73595366297 -3842.59578023398 -2993.87330554992 -1575.69526325199 0.00350299956538119 1575.70226925112 2993.88031154905 3842.60278623311 4578.7429596621 Inf -0.00751164111798903 2425.94861177389 -Inf -4754.77941906288 -3990.33788451528 -3108.98575299069 -1636.28498478502 -0.00751164111798903 1636.26996150278 3108.97072970846 3990.32286123305 4754.76439578064 Inf
"91" 93.6363636363636 0.000494937091568606 2336.13448679633 -Inf -4578.73896222567 -3842.59878871627 -2993.87631393948 -1575.69827148662 0.000494937091568606 1575.6992613608 2993.87730381366 3842.59977859045 4578.73995209986 Inf -0.00177712424881584 2425.94861202463 -Inf -4754.77368503745 -3990.33215041084 -3108.98001879516 -1636.27925043727 -0.00177712424881584 1636.27569618877 3108.97646454666 3990.32859616234 4754.77013078895 Inf
"92" 94.3434343434343 5.55995036561969e-05 2336.13448680694 -Inf -4578.73940158405 -3842.5992280713 -2993.87675329066 -1575.69871083136 5.55995036561969e-05 1575.69882203037 2993.87686448967 3842.59933927031 4578.73951278306 Inf -0.000365813423402023 2425.94861203503 -Inf -4754.77227374702 -3990.33073911714 -3108.97860749767 -1636.27783913347 -0.000365813423402023 1636.27710750662 3108.97787587083 3990.33000749029 4754.77154212017 Inf
"93" 95.0505050505051 4.08041396417079e-06 2336.1344868073 -Inf -4578.73945310385 -3842.59927959098 -2993.87680481021 -1575.69876235069 4.08041396417079e-06 1575.69877051152 2993.87681297104 3842.59928775181 4578.73946126467 Inf -6.6275313985747e-05 2425.94861203538 -Inf -4754.7719742096 -3990.33043957961 -3108.97830796001 -1636.27753959559 -6.6275313985747e-05 1636.27740704496 3108.97817540938 3990.33030702898 4754.77184165897 Inf
"94" 95.7575757575758 -6.10882561395e-08 2336.1344868073 -Inf -4578.73945724537 -3842.5992837325 -2993.87680895172 -1575.6987664922 -6.10882561395e-08 1575.69876637002 2993.87680882955 3842.59928361032 4578.73945712319 Inf -1.06432014246782e-05 2425.94861203539 -Inf -4754.77191857751 -3990.33038394751 -3108.97825232791 -1636.27748396349 -1.06432014246782e-05 1636.27746267708 3108.97823104151 3990.33036266111 4754.7718972911 Inf
"95" 96.4646464646465 -8.72223937547375e-08 2336.13448680731 -Inf -4578.7394572715 -3842.59928375864 -2993.87680897786 -1575.69876651833 -8.72223937547375e-08 1575.69876634389 2993.87680880341 3842.59928358419 4578.73945709706 Inf -1.52216528896913e-06 2425.94861203539 -Inf -4754.77190945647 -3990.33037482648 -3108.97824320688 -1636.27747484245 -1.52216528896913e-06 1636.27747179812 3108.97824016255 3990.33037178214 4754.77190641214 Inf
"96" 97.1717171717172 -1.89876837271312e-08 2336.13448680731 -Inf -4578.73945720327 -3842.5992836904 -2993.87680890962 -1575.6987664501 -1.89876837271312e-08 1575.69876641212 2993.87680887165 3842.59928365242 4578.73945716529 Inf -1.94512564632769e-07 2425.94861203539 -Inf -4754.77190812882 -3990.33037349882 -3108.97824187922 -1636.2774735148 -1.94512564632769e-07 1636.27747312577 3108.9782414902 3990.33037310979 4754.77190773979 Inf
"97" 97.8787878787879 -2.88500653751721e-09 2336.13448680731 -Inf -4578.73945718716 -3842.5992836743 -2993.87680889352 -1575.698766434 -2.88500653751721e-09 1575.69876642823 2993.87680888775 3842.59928366853 4578.73945718139 Inf -2.22622863009406e-08 2425.94861203539 -Inf -4754.77190795657 -3990.33037332657 -3108.97824170697 -1636.27747334255 -2.22622863009406e-08 1636.27747329802 3108.97824166245 3990.33037328205 4754.77190791204 Inf
"98" 98.5858585858586 -3.54794033978899e-10 2336.13448680731 -Inf -4578.73945718463 -3842.59928367177 -2993.87680889099 -1575.69876643147 -3.54794033978899e-10 1575.69876643076 2993.87680889028 3842.59928367106 4578.73945718392 Inf -2.28618142448865e-09 2425.94861203539 -Inf -4754.77190793659 -3990.3303733066 -3108.978241687 -1636.27747332257 -2.28618142448865e-09 1636.277473318 3108.97824168243 3990.33037330202 4754.77190793202 Inf
"99" 99.2929292929293 -3.70828577279936e-11 2336.13448680731 -Inf -4578.73945718432 -3842.59928367145 -2993.87680889067 -1575.69876643115 -3.70828577279936e-11 1575.69876643107 2993.8768088906 3842.59928367137 4578.73945718424 Inf -2.10947710584066e-10 2425.94861203539 -Inf -4754.77190793452 -3990.33037330452 -3108.97824168492 -1636.2774733205 -2.10947710584066e-10 1636.27747332007 3108.9782416845 3990.3303733041 4754.77190793409 Inf
"100" 100 -3.36841175391358e-12 2336.13448680731 -Inf -4578.73945718428 -3842.59928367142 -2993.87680889064 -1575.69876643111 -3.36841175391358e-12 1575.69876643111 2993.87680889063 3842.59928367141 4578.73945718428 Inf -1.7508095763919e-11 2425.94861203539 -Inf -4754.77190793432 -3990.33037330433 -3108.97824168473 -1636.2774733203 -1.7508095763919e-11 1636.27747332027 3108.97824168469 3990.33037330429 4754.77190793429 Inf
