"mid_age" "mean_left" "std_left" "min_left" "l.q2.5" "l.q5" "l.q10" "l.q25" "l.q50" "l.q75" "l.q90" "l.q95" "l.q97.5" "max_left" "mean_right" "std_right" "min_right" "r.q2.5" "r.q5" "r.q10" "r.q25" "r.q50" "r.q75" "r.q90" "r.q95" "r.q97.5" "max_right"
"1" 30 3.72502828939395e-09 2396.67825868671 -Inf -4697.40306955239 -3942.18492643285 -3071.46677452293 -1616.53491999825 3.72502828939395e-09 1616.5349200057 3071.46677453038 3942.18492644029 4697.40306955984 Inf 3.94130260870856e-09 2570.3899073847 -Inf -5037.87164469532 -4227.91516183725 -3294.08720986496 -1733.7016465345 3.94130260870856e-09 1733.70164654238 3294.08720987285 4227.91516184513 5037.8716447032 Inf
"2" 30.7070707070707 3.81107847472516e-08 2396.67825868671 -Inf -4697.40306951801 -3942.18492639846 -3071.46677448855 -1616.53491996387 3.81107847472516e-08 1616.53492004009 3071.46677456477 3942.18492647468 4697.40306959423 Inf 4.06658829781476e-08 2570.3899073847 -Inf -5037.87164465859 -4227.91516180052 -3294.08720982824 -1733.70164649777 4.06658829781476e-08 1733.7016465791 3294.08720990957 4227.91516188185 5037.87164473993 Inf
"3" 31.4141414141414 3.52503968958115e-07 2396.67825868671 -Inf -4697.40306920361 -3942.18492608407 -3071.46677417415 -1616.53491964947 3.52503968958115e-07 1616.53492035448 3071.46677487916 3942.18492678907 4697.40306990862 Inf 3.79445841885687e-07 2570.3899073847 -Inf -5037.87164431981 -4227.91516146174 -3294.08720948946 -1733.70164615899 3.79445841885687e-07 1733.70164691788 3294.08721024835 4227.91516222063 5037.87164507871 Inf
"4" 32.1212121212121 2.94736774739764e-06 2396.67825868671 -Inf -4697.40306660875 -3942.1849234892 -3071.46677157929 -1616.53491705461 2.94736774739764e-06 1616.53492294934 3071.46677747402 3942.18492938394 4697.40307250348 Inf 3.20141661258119e-06 2570.3899073847 -Inf -5037.87164149784 -4227.91515863977 -3294.08720666749 -1733.70164333702 3.20141661258119e-06 1733.70164973985 3294.08721307032 4227.9151650426 5037.87164790068 Inf
"5" 32.8282828282828 2.22745328206208e-05 2396.67825868671 -Inf -4697.40304728158 -3942.18490416204 -3071.46675225212 -1616.53489772744 2.22745328206208e-05 1616.53494227651 3071.46679680119 3942.1849487111 4697.40309183065 Inf 2.44196488856695e-05 2570.3899073847 -Inf -5037.87162027961 -4227.91513742154 -3294.08718544926 -1733.70162211879 2.44196488856695e-05 1733.70167095809 3294.08723428856 4227.91518626083 5037.87166911891 Inf
"6" 33.5353535353535 0.000152134934467979 2396.6782586867 -Inf -4697.40291742117 -3942.18477430163 -3071.46662239172 -1616.53476786704 0.000152134934467979 1616.53507213691 3071.46692666159 3942.1850785715 4697.40322169104 Inf 0.000168368046103609 2570.3899073847 -Inf -5037.87147633121 -4227.91499347313 -3294.08704150085 -1733.70147817039 0.000168368046103609 1733.70181490648 3294.08737823695 4227.91533020922 5037.8718130673 Inf
"7" 34.2424242424242 0.000938920246376553 2396.67825868657 -Inf -4697.40213063559 -3942.18398751609 -3071.46583560623 -1616.53398108163 0.000938920246376553 1616.53585892213 3071.46771344672 3942.18586535658 4697.40400847608 Inf 0.00104907086386387 2570.38990738455 -Inf -5037.8705956281 -4227.91411277007 -3294.08616079785 -1733.70059746747 0.00104907086386387 1733.7026956092 3294.08825893957 4227.9162109118 5037.87269376982 Inf
"8" 34.9494949494949 0.00523517559080493 2396.67825868238 -Inf -4697.39783437204 -3942.17969125386 -3071.46153934552 -1616.52968482347 0.00523517559080493 1616.54015517465 3071.4720096967 3942.19016160503 4697.40830472322 Inf 0.00590551078515615 2570.38990738001 -Inf -5037.86573917928 -4227.90925632269 -3294.08130435211 -1733.69574102449 0.00590551078515615 1733.70755204606 3294.09311537368 4227.92106734425 5037.87755020085 Inf
"9" 35.6565656565657 0.026366282270623 2396.67825857885 -Inf -4697.37670306245 -3942.15855997689 -3071.44040810617 -1616.50855364696 0.026366282270623 1616.5612862115 3071.49314067071 3942.21129254143 4697.429435627 Inf 0.0300246263799172 2570.38990726791 -Inf -5037.84161984397 -4227.8851370227 -3294.05718509285 -1733.67162183328 0.0300246263799172 1733.73167108604 3294.11723434561 4227.94518627545 5037.90166909673 Inf
"10" 36.3636363636364 0.119917295647896 2396.6782564982 -Inf -4697.28314797108 -3942.06500554115 -3071.34685442633 -1616.41500123021 0.119917295647896 1616.6548358215 3071.58668901762 3942.30484013245 4697.52298256237 Inf 0.137815807097325 2570.38990501562 -Inf -5037.73382424884 -4227.77734213729 -3293.94939102571 -1733.56382913342 0.137815807097325 1733.83946074761 3294.2250226399 4228.05297375149 5038.00945586304 Inf
"11" 37.0707070707071 0.492399284385723 2396.67822253579 -Inf -4696.91059941724 -3941.69246768922 -3070.97432891301 -1616.04249633417 0.492399284385723 1617.02729490294 3071.95912748178 3942.67726625799 4697.89539798601 Inf 0.570854378529421 2570.38986826585 -Inf -5037.30071364919 -4227.34424311787 -3293.51630535755 -1733.13076577464 0.570854378529421 1734.2724745317 3294.65801411461 4228.48595187493 5038.44242240625 Inf
"12" 37.7777777777778 1.82486240531246 2396.67777300763 -Inf -4695.57725523731 -3940.35926516027 -3069.64128969856 -1614.70973001111 1.82486240531246 1618.35945482173 3073.29101450919 3944.00898997089 4699.22698004793 Inf 2.13268157821511 2570.38938205049 -Inf -5035.73793348491 -4225.78161616509 -3291.95385504781 -1731.56861062768 2.13268157821511 1735.83397378411 3296.21921820424 4230.04697932151 5040.00329664134 Inf
"13" 38.4848484848485 6.1021444758739 2396.67295789073 -Inf -4691.29053571104 -3936.07406292721 -3065.3578368074 -1610.42920019355 6.1021444758739 1622.6334891453 3077.56212575915 3948.27835187896 4703.49482466279 Inf 7.18179457070237 2570.38417637144 -Inf -5030.67861754897 -4220.72394059253 -3286.89807070919 -1726.51598645803 7.18179457070237 1740.87957559944 3301.26165985059 4235.08752973394 5045.04220669037 Inf
"14" 39.1919191919192 18.404662168114 2396.63132467857 -Inf -4678.9064184224 -3923.70306469494 -3053.00196400694 -1598.09860132644 18.404662168114 1634.90792566267 3089.81128834317 3960.51238903117 4715.71574275863 Inf 21.7840415573756 2570.33918900221 -Inf -5015.98819693884 -4206.04769596841 -3272.23817008904 -1711.88339595192 21.7840415573756 1755.45147906667 3315.80625320379 4249.61577908316 5059.55628005359 Inf
"15" 39.8989898989899 50.0513875302922 2396.34169402336 -Inf -4646.6920274072 -3891.57993929907 -3020.98406202515 -1566.25652305598 50.0513875302922 1666.35929811657 3121.08683708573 3991.68271435965 4746.79480246778 Inf 59.4697546627491 2570.02639774188 -Inf -4977.68942422855 -4167.84748702401 -3234.15159885431 -1673.98670834751 59.4697546627491 1792.92621767301 3353.09110817981 4286.78699634951 5096.62893355405 Inf
"16" 40.6060606060606 122.688651080722 2394.72705686148 -Inf -4570.89013317138 -3816.28683395671 -2946.27755769212 -1492.53020328958 122.688651080722 1737.90750545102 3191.65485985357 4061.66413611815 4816.26743533282 Inf 145.99192322904 2568.28370190726 -Inf -4887.7516345904 -4078.45883889348 -3145.3960757129 -1586.28910930306 145.99192322904 1878.27295576114 3437.37992217098 4370.44268535156 5179.73548104848 Inf
"17" 41.3131313131313 271.004066129447 2387.5462473965 -Inf -4408.50059019145 -3656.16003841507 -2788.75956503168 -1339.37140585861 271.004066129447 1881.37953811751 3330.76769729057 4198.16817067396 4950.50872245035 Inf 321.994657966303 2560.538502263 -Inf -4696.5685874973 -3889.71638442988 -2959.46746824607 -1405.06231679251 321.994657966303 2049.05163272512 3603.45678417867 4533.70570036248 5340.55790342991 Inf
"18" 42.020202020202 539.352375847323 2362.16872572768 -Inf -4090.4132519858 -3346.06942013719 -2487.88865268948 -1053.90621788974 539.352375847323 2132.61096958438 3566.59340438413 4424.77417183183 5169.11800368045 Inf 637.531240687005 2533.18588515283 -Inf -4327.42186035775 -3529.1887502489 -2608.87709624608 -1071.07667418996 637.531240687005 2346.13915556397 3883.93957762009 4804.2512316229 5602.48434173176 Inf
"19" 42.7272727272727 967.284173939318 2290.99226846266 -Inf -3522.97816110722 -2801.06276815927 -1968.74055435958 -577.966628917217 967.284173939318 2512.53497679585 3903.30890223822 4735.63111603791 5457.54650898585 Inf 1132.54534364425 2456.52723184663 -Inf -3682.15955781702 -2908.08238336374 -2015.62097613174 -524.357095313857 1132.54534364425 2789.44778260235 4280.71166342023 5173.17307065223 5947.25024510551 Inf
"20" 43.4343434343434 1564.22702910085 2132.13352317925 -Inf -2614.67788656097 -1942.82052964536 -1168.21202547964 126.124821666989 1564.22702910085 3002.32923653472 4296.66608368135 5071.27458784707 5743.13194476268 Inf 1805.39446896865 2285.56272949063 -Inf -2674.22616524004 -1954.02167625912 -1123.67202516046 263.805834497038 1805.39446896865 3346.98310344025 4734.46096309775 5564.81061419641 6285.01510317733 Inf
"21" 44.1414141414141 2284.51718746083 1848.53712688205 -Inf -1338.54900531314 -756.055810245566 -84.4784614621799 1037.69784252197 2284.51718746083 3531.33653239969 4653.51283638384 5325.09018516723 5907.5833802348 Inf 2586.52948200518 1980.58400210675 -Inf -1295.34383048024 -671.241297342163 48.3089534126898 1250.64587318185 2586.52948200518 3922.41309082852 5124.75001059767 5844.30026135252 6468.4027944906 Inf
"22" 44.8484848484848 3023.1395994371 1442.95696529875 -Inf 194.995916210339 649.686601530562 1173.915841545 2049.87991636905 3023.1395994371 3996.39928250515 4872.3633573292 5396.59259734363 5851.28328266386 Inf 3344.30805333964 1544.74063754299 -Inf 316.672038299942 803.435812977726 1364.64327093606 2302.39632660554 3344.30805333964 4386.21978007375 5323.97283574323 5885.18029370156 6371.94406837934 Inf
"23" 45.5555555555556 3647.6545588792 984.996736398421 -Inf 1717.0964306488 2027.4791044789 2385.33044929148 2983.28435620188 3647.6545588792 4312.02476155653 4909.97866846692 5267.83001327951 5578.2126871096 Inf 3936.84983256008 1052.94014150223 -Inf 1873.12507733921 2204.91742184735 2587.45274579315 3226.65249954682 3936.84983256008 4647.04716557335 5286.24691932702 5668.78224327282 6000.57458778096 Inf
"24" 46.2626262626263 4058.41724741203 602.918170797993 -Inf 2876.71934702319 3066.70510742 3285.74652173057 3651.75512100181 4058.41724741203 4465.07937382225 4831.08797309348 5050.12938740405 5240.11514780086 Inf 4286.35095062686 642.890381436709 -Inf 3026.30895700369 3228.89037498847 3462.45377582308 3852.72797784815 4286.35095062686 4719.97392340557 5110.24812543064 5343.81152626524 5546.39294425002 Inf
"25" 46.969696969697 4241.77582135962 414.035071066156 -Inf 3430.28199373347 3560.74873303134 3711.16852784442 3962.51340970379 4241.77582135962 4521.03823301545 4772.38311487482 4922.8029096879 5053.26964898577 Inf 4420.9083303181 440.54049216304 -Inf 3557.46483194699 3696.28370396473 3856.33297290076 4123.76828380779 4420.9083303181 4718.0483768284 4985.48368773543 5145.53295667146 5284.3518286892 Inf
"26" 47.6767676767677 4275.55907190455 370.853666742772 -Inf 3548.6992415541 3665.55907309445 3800.2909747024 4025.42207486392 4275.55907190455 4525.69606894518 4750.82716910671 4885.55907071465 5002.418902255 Inf 4444.25241151884 394.596544429856 -Inf 3670.85739601236 3795.19885423087 3938.55659224626 4178.10108683811 4444.25241151884 4710.40373619957 4949.94823079141 5093.3059688068 5217.64742702531 Inf
"27" 48.3838383838384 4275.65707876016 353.413610172839 -Inf 3582.97913117512 3694.34342025335 3822.73931335839 4037.28322111879 4275.65707876016 4514.03093640154 4728.57484416193 4856.97073726697 4968.3350263452 Inf 4455.3130231378 375.998096692632 -Inf 3718.37029536463 3836.85119006607 3973.45207367956 4201.70616082538 4455.3130231378 4708.91988545021 4937.17397259603 5073.77485620952 5192.25575091097 Inf
"28" 49.0909090909091 4318.50071692813 343.312428539347 -Inf 3645.62072154603 3753.80202366767 3878.52813666261 4086.94000276342 4318.50071692813 4550.06143109284 4758.47329719365 4883.19941018859 4991.38071231023 Inf 4488.37425380812 365.22048036414 -Inf 3772.55526587799 3887.64002204421 4020.32537542851 4242.03678324082 4488.37425380812 4734.71172437543 4956.42313218774 5089.10848557204 5204.19324173826 Inf
"29" 49.7979797979798 4398.16627895782 341.226982105855 -Inf 3729.37368347705 3836.8978398273 3960.866305834 4168.01217703708 4398.16627895782 4628.32038087856 4835.46625208164 4959.43471808834 5066.95887443859 Inf 4522.56497483468 363.003280627644 -Inf 3811.09161853461 3925.47771209901 4057.35755224849 4277.72298276378 4522.56497483468 4767.40696690558 4987.77239742086 5119.65223757034 5234.03833113475 Inf
"30" 50.5050505050505 4452.55138251149 341.166128591542 -Inf 3783.87805772711 3891.3830385047 4015.32939630421 4222.43832566242 4452.55138251149 4682.66443936057 4889.77336871878 5013.71972651828 5121.22470729588 Inf 4535.40722953262 362.937091707997 -Inf 3824.06360113123 3938.4288378815 4070.28463146003 4290.6098812096 4535.40722953262 4780.20457785563 5000.5298276052 5132.38562118373 5246.750857934 Inf
"31" 51.2121212121212 4434.27599046758 340.66421384355 -Inf 3766.58640051257 3873.93322275445 3997.69723389136 4204.5014699715 4434.27599046758 4664.05051096366 4870.8547470438 4994.61875818072 5101.96558042259 Inf 4533.3793029188 362.405283607119 -Inf 3823.07799924183 3937.27565775126 4068.93824435046 4288.9406537089 4533.3793029188 4777.81795212871 4997.82036148714 5129.48294808635 5243.68060659578 Inf
"32" 51.9191919191919 4359.60737571965 339.551129954327 -Inf 3694.09939009929 3801.0954680788 3924.45509354424 4130.58361889796 4359.60737571965 4588.63113254134 4794.75965789506 4918.11928336049 5025.11536134001 Inf 4531.6185168566 361.216471629635 -Inf 3823.64724183988 3937.47029338198 4068.70098213914 4287.98170914041 4531.6185168566 4775.25532457278 4994.53605157405 5125.76674033121 5239.58979187331 Inf
"33" 52.6262626262626 4289.3205113919 339.439904332441 -Inf 3624.0305239846 3730.99155361863 3854.31077058635 4060.37177511213 4289.3205113919 4518.26924767167 4724.33025219745 4847.64946916518 4954.61049879921 Inf 4523.56689763479 361.099735034822 -Inf 3815.82442213959 3929.61068877155 4060.79896688318 4280.00882755529 4523.56689763479 4767.1249677143 4986.33482838641 5117.52310649804 5231.30937313 Inf
"34" 53.3333333333333 4266.07497272877 339.188987511645 -Inf 3601.27677325334 3708.15873639824 3831.38679476773 4037.29547727278 4266.07497272877 4494.85446818476 4700.76315068981 4823.9912090593 4930.8731722042 Inf 4490.63172016861 360.832961987293 -Inf 3783.41211023861 3897.11431392017 4028.2056728337 4247.25358577529 4490.63172016861 4734.00985456193 4953.05776750352 5084.14912641705 5197.85133009861 Inf
"35" 54.040404040404 4278.65002652493 338.363024728096 -Inf 3615.47068435782 3722.09237807465 3845.02036246223 4050.42763450048 4278.65002652493 4506.87241854937 4712.27969058762 4835.20767497521 4941.82936869203 Inf 4440.37638023958 359.951481443555 -Inf 3734.88444042837 3848.30888046059 3979.07999567549 4197.592795438 4440.37638023958 4683.15996504115 4901.67276480366 5032.44388001856 5145.86832005078 Inf
"36" 54.7474747474747 4288.2649507688 338.119984249714 -Inf 3625.56195918611 3732.10706833089 3854.94675561167 4060.20648705591 4288.2649507688 4516.3234144817 4721.58314592594 4844.42283320672 4950.96794235149 Inf 4413.79572601377 359.693870308685 -Inf 3708.80869474893 3822.15195884432 3952.82948340288 4171.1858972822 4413.79572601377 4656.40555474534 4874.76196862466 5005.43949318322 5118.78275727861 Inf
"37" 55.4545454545455 4277.36592018579 337.911090123839 -Inf 3615.0723535664 3721.55163800847 3844.3154336227 4049.44835341968 4277.36592018579 4505.2834869519 4710.41640674888 4833.18020236311 4939.65948680518 Inf 4439.19766572588 359.470835708 -Inf 3734.64777424568 3847.9207578283 3978.51725345666 4196.73827154641 4439.19766572588 4681.65705990534 4899.87807799509 5030.47457362346 5143.74755720607 Inf
"38" 56.1616161616162 4261.03621449566 337.835372786604 -Inf 3598.89105113026 3705.34647625511 3828.08276360465 4033.16971829743 4261.03621449566 4488.9027106939 4693.98966538668 4816.72595273621 4923.18137786107 Inf 4489.05191590656 359.390116030634 -Inf 3784.66023208685 3897.90778006306 4028.47495006625 4246.64696632212 4489.05191590656 4731.456865491 4949.62888174687 5080.19605175006 5193.44359972627 Inf
"39" 56.8686868686869 4257.14175833592 337.972477347737 -Inf 3594.72787496858 3701.22650316072 3824.01260087994 4029.18278651649 4257.14175833592 4485.10073015535 4690.2709157919 4813.05701351112 4919.55564170326 Inf 4505.48289999722 359.536803253121 -Inf 3800.80371450444 3914.09748514379 4044.71794691728 4262.97901138473 4505.48289999722 4747.98678860972 4966.24785307716 5096.86831485066 5210.16208549 Inf
"40" 57.5757575757576 4262.48754863528 337.770888199986 -Inf 3600.4687727372 3706.90387810091 3829.6167380672 4034.66454662976 4262.48754863528 4490.31055064079 4695.35835920336 4818.07121916964 4924.50632453335 Inf 4471.95898668328 359.321431224864 -Inf 3767.70192260916 3880.92782729166 4011.47004396333 4229.60036429632 4471.95898668328 4714.31760907023 4932.44792940323 5062.99014607489 5176.21605075739 Inf
"41" 58.2828282828283 4262.6511758617 337.62847895234 -Inf 3600.91151696007 3707.30174769483 3829.96287008789 4034.92422743405 4262.6511758617 4490.37812428935 4695.33948163551 4818.00060402856 4924.39083476332 Inf 4436.46246721213 359.169976568527 -Inf 3732.50224880973 3845.68042856132 3976.16762144412 4194.2059994385 4436.46246721213 4678.71893498577 4896.75731298015 5027.24450586295 5140.42268561454 Inf
"42" 58.989898989899 4252.49158699936 337.695330121256 -Inf 3590.62090221433 3697.03219844483 3819.71760800536 4024.71954814349 4252.49158699936 4480.26362585522 4685.26556599335 4807.95097555388 4914.36227178438 Inf 4447.01257536015 359.241174226842 -Inf 3742.91281211166 3856.11342698282 3986.62648612166 4204.70808549574 4447.01257536015 4689.31706522456 4907.39866459864 5037.91172373748 5151.11233860864 Inf
"43" 59.6969696969697 4237.55718153311 337.729840152483 -Inf 3575.61885832977 3682.04102902856 3804.73897615457 4009.7618660149 4237.55718153311 4465.35249705132 4670.37538691165 4793.07333403766 4899.49550473645 Inf 4482.86806332724 359.277975439689 -Inf 3778.69617102698 3891.90838234148 4022.43481143681 4240.53875142197 4482.86806332724 4725.19737523251 4943.30131521767 5073.82774431299 5187.0399556275 Inf
"44" 60.4040404040404 4221.32269785612 337.605435179571 -Inf 3559.62820391919 3666.01117332248 3788.66392386538 3993.61129221702 4221.32269785612 4449.03410349523 4653.98147184687 4776.63422238977 4883.01719179305 Inf 4479.71553457449 359.14561511054 -Inf 3775.80306375235 3888.9735669562 4019.4519092711 4237.47549835456 4479.71553457449 4721.95557079441 4939.97915987788 5070.45750219278 5183.62800539663 Inf
"45" 61.1111111111111 4199.95680239607 337.350618107085 -Inf 3538.76174074386 3645.06441464831 3767.6245896235 3972.41726826053 4199.95680239607 4427.49633653161 4632.28901516864 4754.84919014383 4861.15186404828 Inf 4417.77320828086 358.87400718965 -Inf 3714.39307920158 3827.47799593636 3957.8576625337 4175.71636881965 4417.77320828086 4659.83004774208 4877.68875402802 5008.06842062537 5121.15333736015 Inf
"46" 61.8181818181818 4169.36940687715 337.018761700816 -Inf 3508.82477182927 3615.02287434287 3737.46248520157 3942.05370648618 4169.36940687715 4396.68510726813 4601.27632855274 4723.71593941143 4829.91404192504 Inf 4349.1048880764 358.520892234579 -Inf 3646.41685159146 3759.39049814648 3889.64187735273 4107.28622103303 4349.1048880764 4590.92355511978 4808.56789880007 4938.81927800633 5051.79292456134 Inf
"47" 62.5252525252525 4134.60882551099 336.705176609816 -Inf 3474.67880594756 3580.778094551 3703.10377929971 3907.50463504971 4134.60882551099 4361.71301597228 4566.11387172227 4688.43955647099 4794.53884507443 Inf 4327.35831491779 358.186543272912 -Inf 3625.32559035598 3738.19388009013 3868.32378962938 4085.76516282204 4327.35831491779 4568.95146701353 4786.3928402062 4916.52274974545 5029.39103947959 Inf
"48" 63.2323232323232 4112.90693114704 336.830087637547 -Inf 3452.73209046798 3558.87073983004 3681.24180501262 3885.71848947787 4112.90693114704 4340.09537281621 4544.57205728146 4666.94312246404 4773.0817718261 Inf 4343.6926524564 358.319819526506 -Inf 3641.39871123755 3754.30899769963 3884.48732677654 4102.00960689366 4343.6926524564 4585.37569801913 4802.89797813625 4933.07630721317 5045.98659367524 Inf
"49" 63.9393939393939 4122.90808088894 337.086530267871 -Inf 3462.23062189034 3568.45007898134 3690.91431030015 3895.5466712941 4122.90808088894 4350.26949048378 4554.90185147773 4677.36608279653 4783.58553988754 Inf 4354.12823339702 358.593138195873 -Inf 3651.29859742991 3764.29500943562 3894.57263574854 4112.26083719325 4354.12823339702 4595.99562960078 4813.68383104549 4943.96145735841 5056.95786936412 Inf
"50" 64.6464646464646 4161.12475229462 337.057137433888 -Inf 3500.50490219203 3606.71509729661 3729.16865013824 3933.78316786503 4161.12475229462 4388.46633672421 4593.080854451 4715.53440729263 4821.74460239721 Inf 4342.57884014326 358.561508501964 -Inf 3639.81119723706 3752.79764239862 3883.06377757854 4100.73277784384 4342.57884014326 4584.42490244268 4802.09390270799 4932.36003788791 5045.34648304946 Inf
"51" 65.3535353535354 4191.97993513232 336.857824735802 -Inf 3531.75073073964 3637.89812034865 3760.2792624762 3964.77278507467 4191.97993513232 4419.18708518997 4623.68060778844 4746.06174991599 4852.209139525 Inf 4325.36534511702 358.349546900238 -Inf 3623.01313931631 3735.93279318175 3866.12192227482 4083.6622487454 4325.36534511702 4567.06844148864 4784.60876795922 4914.7978970523 5027.71755091774 Inf
"52" 66.0606060606061 4178.19498159988 336.561274964432 -Inf 3518.54700407871 3624.60094778322 3746.87435276752 3951.18785132344 4178.19498159988 4405.20211187631 4609.51561043223 4731.78901541653 4837.84295912105 Inf 4310.86562966228 358.033428510942 -Inf 3609.13300451944 3721.95304620619 3852.02732883678 4069.37575190409 4310.86562966228 4552.35550742047 4769.70393048778 4899.77821311837 5012.59825480512 Inf
"53" 66.7676767676768 4124.55796056927 336.522709104638 -Inf 3464.98557074433 3571.02736194697 3693.28675587491 3897.57684256998 4124.55796056927 4351.53907856857 4555.82916526363 4678.08855919157 4784.13035039421 Inf 4289.4723785462 357.992433540589 -Inf 3587.8201020688 3700.62722581578 3830.68661488914 4048.01015147532 4289.4723785462 4530.93460561708 4748.25814220326 4878.31753127662 4991.1246550236 Inf
"54" 67.4747474747475 4073.11864605576 336.673229344711 -Inf 3413.25124198133 3519.34046367065 3641.65454191209 3846.03600369734 4073.11864605576 4300.20128841418 4504.58275019943 4626.89682844087 4732.98605013019 Inf 4257.17994191564 358.152926667795 -Inf 3555.21310468915 3668.07080148283 3798.18849804015 4015.60946387549 4257.17994191564 4498.7504199558 4716.17138579114 4846.28908234845 4959.14677914214 Inf
"55" 68.1818181818182 4048.58960585994 336.681730345421 -Inf 3388.70554013029 3494.79744057298 3617.1146072455 3821.50122966367 4048.58960585994 4275.67798205621 4480.06460447438 4602.3817711469 4708.47367158959 Inf 4219.87228619929 358.161763033477 -Inf 3517.8881300143 3630.74861123834 3760.86951806552 3978.29584812105 4219.87228619929 4461.44872427753 4678.87505433305 4808.99596116024 4921.85644238427 Inf
"56" 68.8888888888889 4031.57581111412 336.676026258514 -Inf 3371.70292518937 3477.7930282152 3600.10812258119 3804.49128226601 4031.57581111412 4258.66033996224 4463.04349964706 4585.35859401305 4691.44869703887 Inf 4178.26324987248 358.155776660636 -Inf 3476.29082676266 3589.14942161861 3719.2681535842 3936.69084954136 4178.26324987248 4419.83565020359 4637.25834616076 4767.37707812635 4880.2356729823 Inf
"57" 69.5959595959596 3999.29567002933 336.828377789739 -Inf 3339.12418059039 3445.2622911617 3567.63273515304 3772.10838163498 3999.29567002933 4226.48295842369 4430.95860490562 4553.32904889697 4659.46715946827 Inf 4134.14282482691 358.317851923833 -Inf 3431.85274003844 3544.76240648853 3674.94002073134 3892.46110639201 4134.14282482691 4375.82454326181 4593.34562892248 4723.52324316529 4836.43290961538 Inf
"58" 70.3030303030303 3965.83530198206 337.100091845838 -Inf 3305.13126277908 3411.35499326376 3533.8241515318 3738.46474524189 3965.83530198206 4193.20585872224 4397.84645243233 4520.31561070037 4626.53934118505 Inf 4104.34848561773 358.607583019823 -Inf 3401.49053831592 3514.49150203528 3644.77437618251 3862.47134652827 4104.34848561773 4346.22562470719 4563.92259505295 4694.20546920019 4807.20643291954 Inf
"59" 71.010101010101 3954.64170094048 337.047343425975 -Inf 3294.04104674066 3400.24815565191 3522.69815031027 3727.30672246884 3954.64170094048 4181.97667941212 4386.58525157069 4509.03524622905 4615.24235514029 Inf 4099.14010783587 358.551412261283 -Inf 3396.39225319779 3509.37551692933 3639.6379841242 3857.30085534731 4099.14010783587 4340.97936032444 4558.64223154755 4688.90469874242 4801.88796247396 Inf
"60" 71.7171717171717 3951.59308474083 336.673541942223 -Inf 3291.72506798654 3397.81438817857 3520.12857998733 3724.51023153859 3951.59308474083 4178.67593794308 4383.05758949434 4505.3717813031 4611.46110149513 Inf 4093.82251137567 358.152978596405 -Inf 3391.85557237097 3504.7132855279 3634.83100095099 3852.2519983102 4093.82251137567 4335.39302444114 4552.81402180036 4682.93173722344 4795.78945038037 Inf
"61" 72.4242424242424 3923.43110660668 336.519224278912 -Inf 3263.86554691465 3369.90624001261 3492.16436789618 3696.45233908661 3923.43110660668 4150.40987412674 4354.69784531717 4476.95597320074 4582.9966662987 Inf 4058.50977361693 357.98870403726 -Inf 3356.86480683173 3469.67075537358 3599.72878951069 3817.05006205781 4058.50977361693 4299.96948517604 4517.29075772316 4647.34879186027 4760.15474040212 Inf
"62" 73.1313131313131 3876.15597890426 336.759693677592 -Inf 3216.11910785144 3322.23557534761 3444.58106625942 3649.01501723955 3876.15597890426 4103.29694056897 4307.7308915491 4430.07638246091 4536.19284995708 Inf 4014.65754582784 358.24476616451 -Inf 3312.51070649543 3425.39734286576 3555.54840490155 3773.02512298849 4014.65754582784 4256.2899686672 4473.76668675413 4603.91774878992 4716.80438516025 Inf
"63" 73.8383838383838 3855.29075955484 337.103470733413 -Inf 3194.5800978539 3300.80489306106 3423.27527888592 3627.91792378963 3855.29075955484 4082.66359532006 4287.30624022377 4409.77662604863 4516.00142125579 Inf 4017.61044340976 358.611178437074 -Inf 3314.74544921963 3427.74754589219 3558.03172626193 3775.73087924821 4017.61044340976 4259.4900075713 4477.18916055758 4607.47334092732 4720.47543759989 Inf
"64" 74.5454545454545 3880.60397979916 337.422806838582 -Inf 3219.26743083313 3325.59285215457 3448.17925344472 3653.01575510414 3880.60397979916 4108.19220449418 4313.0287061536 4435.61510744375 4541.9405287652 Inf 4070.13088861952 358.950646230071 -Inf 3366.6005497812 3479.70961627141 3610.11712599012 3828.02235691107 4070.13088861952 4312.23942032796 4530.14465124891 4660.55216096762 4773.66122745783 Inf
"65" 75.2525252525253 3914.03616936159 338.127737058899 -Inf 3251.31798255212 3357.86553468737 3480.70803857971 3685.97247645837 3914.03616936159 4142.09986226481 4347.36430014348 4470.20680403581 4576.75435617106 Inf 4098.01503763896 359.70201814103 -Inf 3393.01203691616 3506.35786847792 3637.03835316077 3855.39971327799 4098.01503763896 4340.63036199993 4558.99172211715 4689.67220679999 4803.01803836175 Inf
"66" 75.959595959596 3908.80167082702 338.834375775736 -Inf 3244.69849758247 3351.46871889646 3474.5679460913 3680.2613573522 3908.80167082702 4137.34198430184 4343.03539556274 4466.13462275758 4572.90484407157 Inf 4042.88928923658 360.454531507411 -Inf 3336.41138941779 3449.99434573552 3580.94822007561 3799.7664023231 4042.88928923658 4286.01217615006 4504.83035839755 4635.78423273764 4749.36718905536 Inf
"67" 76.6666666666667 3865.93434358292 339.458784382257 -Inf 3200.60735195795 3307.57433089123 3430.90040701997 3636.97287290307 3865.93434358292 4094.89581426277 4300.96828014587 4424.29435627461 4531.26133520789 Inf 3946.91114219485 361.118685765753 -Inf 3239.13152394954 3352.92376215311 3484.11892510434 3703.34029004157 3946.91114219485 4190.48199434813 4409.70335928536 4540.8985222366 4654.69076044017 Inf
"68" 77.3737373737374 3822.69139814838 340.499924311391 -Inf 3155.32380975944 3262.61886266809 3386.3231870793 3593.02768925781 3822.69139814838 4052.35510703896 4259.05960921747 4382.76393362868 4490.05898653733 Inf 3902.68535802049 362.229054365655 -Inf 3192.72945730981 3306.87158415994 3438.47014631245 3658.36557362764 3902.68535802049 4147.00514241335 4366.90056972854 4498.49913188104 4612.64125873118 Inf
"69" 78.0808080808081 3802.91109563733 341.69126824189 -Inf 3133.20851605141 3240.87897377201 3365.01611588901 3572.44383747667 3802.91109563733 4033.37835379798 4240.80607538564 4364.94321750265 4472.61367522325 Inf 3932.9539792801 363.496003582932 -Inf 3220.51490373331 3335.05625940434 3467.11510681918 3687.77965062617 3932.9539792801 4178.12830793402 4398.79285174101 4530.85169915585 4645.39305482688 Inf
"70" 78.7878787878788 3801.26693846221 343.276786285016 -Inf 3128.45680061493 3236.62687149306 3361.34003558353 3569.73026463272 3801.26693846221 4032.80361229171 4241.1938413409 4365.90700543137 4474.0770763095 Inf 3963.97639777485 365.187385082429 -Inf 3248.22227540493 3363.29660290509 3495.96993270532 3717.66124963584 3963.97639777485 4210.29154591386 4431.98286284438 4564.65619264461 4679.73052014477 Inf
"71" 79.4949494949495 3803.72401886869 345.295907994593 -Inf 3126.95647519023 3235.76279223228 3361.20950740208 3570.82546814169 3803.72401886869 4036.6225695957 4246.23853033531 4371.6852455051 4480.49156254715 Inf 3921.10105167525 367.335269574085 -Inf 3201.13715305873 3316.88830120912 3450.34196187284 3673.33717746202 3921.10105167525 4168.86492588849 4391.86014147767 4525.31380214138 4641.06495029177 Inf
"72" 80.2020202020202 3791.98507049304 351.072223616315 -Inf 3103.89615623267 3214.52265015582 3342.06791269832 3555.19045408529 3791.98507049304 4028.77968690079 4241.90222828775 4369.44749083025 4480.07398475341 Inf 3809.4346215532 373.49056924353 -Inf 3077.40655727051 3195.09730410081 3330.78719782301 3557.51906080354 3809.4346215532 4061.35018230286 4288.08204528339 4423.77193900559 4541.46268583588 Inf
"73" 80.9090909090909 3720.70998967652 365.570813333836 -Inf 3004.20436174319 3119.39951145676 3252.21214153113 3474.13622311201 3720.70998967652 3967.28375624104 4189.20783782192 4322.02046789628 4437.21561760986 Inf 3676.76716500398 388.943746117117 -Inf 2914.45143060234 3037.01163352314 3178.3156982588 3414.42859484511 3676.76716500398 3939.10573516284 4175.21863174915 4316.52269648481 4439.08289940562 Inf
"74" 81.6161616161616 3514.64916664394 415.798110038957 -Inf 2699.69984612776 2830.7221372668 2981.78244777303 3234.19760327176 3514.64916664394 3795.10073001612 4047.51588551485 4198.57619602109 4329.59848716012 Inf 3521.09393039388 442.436206893041 -Inf 2653.934899427 2793.35113079121 2954.08911679649 3222.67524372889 3521.09393039388 3819.51261705887 4088.09874399127 4248.83672999655 4388.25296136075 Inf
"75" 82.3232323232323 3114.08885838314 601.9933487467 -Inf 1934.20357590695 2123.89791529647 2342.60333984937 2708.05051496727 3114.08885838314 3520.127201799 3885.57437691691 4104.27980146981 4293.97414085933 Inf 3268.61330446888 641.722469617421 -Inf 2010.86037594863 2213.07377282241 2446.21286888552 2835.77807624141 3268.61330446888 3701.44853269634 4091.01374005223 4324.15283611535 4526.36623298912 Inf
"76" 83.030303030303 2530.95275103905 963.963691272302 -Inf 641.618633741055 945.373577200279 1295.58357336088 1880.76912171471 2530.95275103905 3181.1363803634 3766.32192871722 4116.53192487783 4420.28686833705 Inf 2847.00284284106 1029.98684220016 -Inf 828.265727578603 1152.82524973583 1527.0215927291 2152.28727494022 2847.00284284106 3541.7184107419 4166.98409295302 4541.18043594629 4865.73995810352 Inf
"77" 83.7373737373737 1857.84872240097 1406.25867400613 -Inf -898.367631598104 -455.240957969987 55.6557171677343 909.341660659498 1857.84872240097 2806.35578414244 3660.0417276342 4170.93840277192 4614.06507640004 Inf 2265.64103637796 1504.91711832705 -Inf -683.942315260857 -209.727343963644 337.012147371062 1250.58986517174 2265.64103637796 3280.69220758418 4194.26992538486 4741.00941671957 5215.22438801678 Inf
"78" 84.4444444444444 1220.027014023 1810.88658665815 -Inf -2329.24547591365 -1758.61635603943 -1100.71752613247 -1.39742744548971 1220.027014023 2441.4514554915 3540.77155417848 4198.67038408544 4769.29950395966 Inf 1621.0842558347 1939.80492728827 -Inf -2180.86353868364 -1569.61091439374 -864.875785582705 312.705714998912 1621.0842558347 2929.46279667049 4107.04429725211 4811.77942606314 5423.03205035304 Inf
"79" 85.1515151515152 712.653363137247 2104.53668391212 -Inf -3412.16274147386 -2749.00143444803 -1984.41891887637 -706.835059073128 712.653363137247 2132.14178534762 3409.72564515087 4174.30816072252 4837.46946774835 Inf 1034.88248490968 2255.69736221655 -Inf -3386.20310505675 -2675.40950263708 -1855.91000103376 -486.562265449718 1034.88248490968 2556.32723526908 3925.67497085312 4745.17447245643 5455.96807487611 Inf
"80" 85.8585858585859 368.84403615743 2275.74142532541 -Inf -4091.52719560621 -3374.41750129278 -2547.63595024305 -1166.12022932118 368.84403615743 1903.80830163604 3285.32402255791 4112.10557360764 4829.21526792107 Inf 587.84331828679 2440.02854938044 -Inf -4194.52475974839 -3425.64649102677 -2539.17908914524 -1057.93092845613 587.84331828679 2233.61756502971 3714.86572571882 4601.33312760035 5370.21139632197 Inf
"81" 86.5656565656566 168.527281275204 2355.70942974294 -Inf -4448.57835906235 -3706.26991828126 -2850.43582638004 -1420.37458352667 168.527281275204 1757.42914607708 3187.49038893045 4043.32448083167 4785.63292161276 Inf 297.043810345026 2526.19888853081 -Inf -4654.21502896048 -3858.18359385566 -2940.41033012866 -1406.85144692574 297.043810345026 2000.93906761579 3534.49795081872 4452.27121454571 5248.30264965053 Inf
"82" 87.2727272727273 67.6477112218275 2385.43654705478 -Inf -4607.72200841113 -3856.04624506383 -2989.41223016354 -1541.30478950976 67.6477112218275 1676.60021195341 3124.70765260719 3991.34166750748 4743.01743085479 Inf 133.642002767728 2558.25645227167 -Inf -4880.44850690196 -4074.31540142333 -3144.89555870561 -1591.8757526625 133.642002767728 1859.15975819796 3412.17956424106 4341.59940695879 5147.73251243741 Inf
"83" 87.979797979798 23.669281131751 2394.19258416469 -Inf -4668.86195588393 -3914.42707455186 -3044.61197331978 -1591.1890768828 23.669281131751 1638.52763914631 3091.95053558329 3961.76563681536 4716.20051814743 Inf 53.5983721253042 2567.70554431327 -Inf -4979.01201763252 -4169.90140538178 -3237.04868804692 -1678.29269903565 53.5983721253042 1785.48944328626 3344.24543229753 4277.09814963239 5086.20876188313 Inf
"84" 88.6868686868687 7.11720140974885 2396.23589043961 -Inf -4689.41884231416 -3934.34009401114 -3063.7826553973 -1609.11934574375 7.11720140974885 1623.35374856325 3078.0170582168 3948.57449683064 4703.65324513366 Inf 19.1846431917872 2569.91194181662 -Inf -5017.75020620819 -4207.94433525119 -3274.29002915507 -1714.19462047003 19.1846431917872 1752.56390685361 3312.65931553865 4246.31362163476 5056.11949259176 Inf
"85" 89.3939393939394 1.78692802956188 2396.61483204577 -Inf -4695.49182759465 -3940.29367086661 -3069.5985619861 -1614.70521135321 1.78692802956188 1618.27906741234 3073.17241804522 3943.86752692573 4699.06568365377 Inf 6.13424019743878 2570.32134717715 -Inf -5031.60302896424 -4221.66815013768 -3287.86510623014 -1727.52116318373 6.13424019743878 1739.78964357861 3300.13358662502 4233.93663053256 5043.87150935911 Inf
"86" 90.1010101010101 0.348720933530194 2396.6709196189 -Inf -4697.039964314 -3941.82413381074 -3071.10864819929 -1616.18124894243 0.348720933530194 1616.8786908095 3071.80609006635 3942.5215756778 4697.73740618106 Inf 1.75325684760786 2570.38197133902 -Inf -5036.10283348795 -4226.14885136006 -3292.32378256954 -1731.94303690936 1.75325684760786 1735.44955060458 3295.83029626475 4229.65536505528 5039.60934718316 Inf
"87" 90.8080808080808 0.0399191140452182 2396.67757216508 -Inf -4697.36180488442 -3942.14387809494 -3071.42597559975 -1616.49453783613 0.0399191140452182 1616.57437606422 3071.50581382784 3942.22371632303 4697.44164311251 Inf 0.44803615954315 2570.38916477829 -Inf -5037.42215305789 -4227.46590420279 -3293.63822202095 -1733.25310949848 0.44803615954315 1734.14918181757 3294.53429434004 4228.36197652187 5038.31822537698 Inf
"88" 91.5151515151515 -0.00453830932634948 2396.67820668556 -Inf -4697.40750594507 -3942.18937921162 -3071.47124619383 -1616.53942323706 -0.00453830932634948 1616.53034661841 3071.46216957518 3942.18030259296 4697.39842932641 Inf 0.102345811813434 2570.38985111949 -Inf -5037.76918860965 -4227.81272348133 -3293.98479195032 -1733.59926277631 0.102345811813434 1733.80395439994 3294.18948357394 4228.01741510495 5037.97388023328 Inf
"89" 92.2222222222222 -0.00438864787687554 2396.67825549268 -Inf -4697.40745194382 -3942.18930983074 -3071.47115908123 -1616.53930649552 -0.00438864787687554 1616.53052919976 3071.46238178547 3942.18053253499 4697.39867464806 Inf 0.0208824136826071 2570.38990392792 -Inf -5037.85075551041 -4227.8942737416 -3294.06632302518 -1733.68076179319 0.0208824136826071 1733.72252662056 3294.10808785254 4227.93603856897 5037.89252033777 Inf
"90" 92.9292929292929 -0.00160046608528127 2396.67825852742 -Inf -4697.40466971001 -3942.18652664065 -3071.46837478861 -1616.53652036063 -0.00160046608528127 1616.53331942846 3071.46517385644 3942.18332570848 4697.40146877784 Inf 0.00380008604873149 2570.38990721228 -Inf -5037.86784427526 -4227.91136147152 -3294.08340956189 -1733.69784633609 0.00380008604873149 1733.70544650819 3294.09100973398 4227.91896164362 5037.87544444736 Inf
"91" 93.6363636363636 -0.000428885570001258 2396.67825868025 -Inf -4697.40349842903 -3942.18535531152 -3071.46720340395 -1616.53534888319 -0.000428885570001258 1616.53449111205 3071.46634563281 3942.18449754038 4697.40264065789 Inf 0.000615197492456905 2570.38990737771 -Inf -5037.87102948807 -4227.9145466322 -3294.08659466245 -1733.70103133623 0.000615197492456905 1733.70226173121 3294.08782505744 4227.91577702718 5037.87225988305 Inf
"92" 94.3434343434343 -9.44739145768769e-05 2396.67825868649 -Inf -4697.40316402961 -3942.18502091013 -3071.4668690003 -1616.53501447575 -9.44739145768769e-05 1616.53482552792 3071.46668005247 3942.1848319623 4697.40297508178 Inf 8.82426445308758e-05 2570.38990738447 -Inf -5037.87155645616 -4227.91507359816 -3294.08712162597 -1733.70155829564 8.82426445308758e-05 1733.70173478093 3294.08729811126 4227.91525008345 5037.87173294145 Inf
"93" 95.0505050505051 -1.78157005975164e-05 2396.6782586867 -Inf -4697.40308737181 -3942.18494425226 -3071.46679234235 -1616.53493781767 -1.78157005975164e-05 1616.53490218627 3071.46675671095 3942.18490862086 4697.4030517404 Inf 1.11405023504774e-05 2570.3899073847 -Inf -5037.87163355875 -4227.91515070067 -3294.0871987284 -1733.70163539793 1.11405023504774e-05 1733.70165767894 3294.0872210094 4227.91517298168 5037.87165583975 Inf
"94" 95.7575757575758 -2.93260792036552e-06 2396.67825868671 -Inf -4697.40307248872 -3942.18492936918 -3071.46677745926 -1616.53492293458 -2.93260792036552e-06 1616.53491706937 3071.46677159405 3942.18492350396 4697.40306662351 Inf 1.22394177259482e-06 2570.3899073847 -Inf -5037.87164347532 -4227.91516061725 -3294.08720864496 -1733.7016453145 1.22394177259482e-06 1733.70164776238 3294.08721109285 4227.91516306513 5037.8716459232 Inf
"95" 96.4646464646465 -4.25965323145996e-07 2396.67825868671 -Inf -4697.40306998208 -3942.18492686254 -3071.46677495262 -1616.53492042794 -4.25965323145996e-07 1616.53491957601 3071.46677410069 3942.1849260106 4697.40306913015 Inf 1.14549853211032e-07 2570.3899073847 -Inf -5037.87164458471 -4227.91516172664 -3294.08720975436 -1733.70164642389 1.14549853211032e-07 1733.70164665299 3294.08720998346 4227.91516195573 5037.87164481381 Inf
"96" 97.1717171717172 -5.4962412657985e-08 2396.67825868671 -Inf -4697.40306961108 -3942.18492649153 -3071.46677458162 -1616.53492005694 -5.4962412657985e-08 1616.53491994701 3071.46677447169 3942.1849263816 4697.40306950115 Inf 8.71497626989045e-09 2570.3899073847 -Inf -5037.87164469055 -4227.91516183247 -3294.08720986019 -1733.70164652972 8.71497626989045e-09 1733.70164654715 3294.08720987762 4227.9151618499 5037.87164470797 Inf
"97" 97.8787878787879 -6.32770482311647e-09 2396.67825868671 -Inf -4697.40306956244 -3942.1849264429 -3071.46677453298 -1616.5349200083 -6.32770482311647e-09 1616.53491999565 3071.46677452033 3942.18492643024 4697.40306954979 Inf 4.68368379011731e-10 2570.3899073847 -Inf -5037.87164469879 -4227.91516184072 -3294.08720986844 -1733.70164653797 4.68368379011731e-10 1733.70164653891 3294.08720986937 4227.91516184165 5037.87164469973 Inf
"98" 98.5858585858586 -6.52002664191036e-10 2396.67825868671 -Inf -4697.40306955677 -3942.18492643722 -3071.46677452731 -1616.53492000263 -6.52002664191036e-10 1616.53492000132 3071.466774526 3942.18492643592 4697.40306955546 Inf 5.05291435802756e-12 2570.3899073847 -Inf -5037.87164469925 -4227.91516184118 -3294.0872098689 -1733.70164653843 5.05291435802756e-12 1733.70164653844 3294.08720986891 4227.91516184119 5037.87164469926 Inf
"99" 99.2929292929293 -6.02615513264141e-11 2396.67825868671 -Inf -4697.40306955618 -3942.18492643663 -3071.46677452672 -1616.53492000204 -6.02615513264141e-11 1616.53492000192 3071.4667745266 3942.18492643651 4697.40306955606 Inf -2.71985560641669e-12 2570.3899073847 -Inf -5037.87164469926 -4227.91516184119 -3294.08720986891 -1733.70164653844 -2.71985560641669e-12 1733.70164653843 3294.0872098689 4227.91516184118 5037.87164469926 Inf
"100" 100 -5.00425184921296e-12 2396.67825868671 -Inf -4697.40306955612 -3942.18492643658 -3071.46677452666 -1616.53492000198 -5.00425184921296e-12 1616.53492000197 3071.46677452665 3942.18492643656 4697.40306955611 Inf -4.40108745788172e-13 2570.3899073847 -Inf -5037.87164469926 -4227.91516184119 -3294.08720986891 -1733.70164653844 -4.40108745788172e-13 1733.70164653844 3294.08720986891 4227.91516184118 5037.87164469926 Inf
