"mid_age" "mean_left" "std_left" "min_left" "l.q2.5" "l.q5" "l.q10" "l.q25" "l.q50" "l.q75" "l.q90" "l.q95" "l.q97.5" "max_left" "mean_right" "std_right" "min_right" "r.q2.5" "r.q5" "r.q10" "r.q25" "r.q50" "r.q75" "r.q90" "r.q95" "r.q97.5" "max_right"
"1" 55.7925323213162 4271.42096216199 331.77509973692 -Inf 3621.15371571044 3725.69948602753 3846.23406368542 4047.64205801915 4271.42096216199 4495.19986630482 4696.60786063855 4817.14243829645 4921.68820861354 Inf 4466.87758070742 364.203009066078 -Inf 3753.05279987679 3867.81694029844 4000.13264426273 4221.22638410178 4466.87758070742 4712.52877731306 4933.62251715211 5065.9382211164 5180.70236153805 Inf
"2" 56.1676804507645 4273.80660295176 331.786819669436 -Inf 3623.51638585458 3728.0658492438 3848.60468477733 4050.01979383457 4273.80660295176 4497.59341206895 4699.00852112619 4819.54735665973 4924.09682004894 Inf 4479.74677854787 364.21487868759 -Inf 3765.89873368657 3880.6666143489 4012.98663057116 4234.08757600418 4479.74677854787 4725.40598109156 4946.50692652459 5078.82694274684 5193.59482340917 Inf
"3" 56.5372809704385 4283.23944438688 331.787393318286 -Inf 3632.94810295861 3737.49774711052 3858.03679105186 4059.45224834942 4283.23944438688 4507.02664042434 4708.44209772189 4828.98114166323 4933.53078581514 Inf 4491.47458041761 364.215447025713 -Inf 3777.62542163406 3892.39348138561 4024.71370408628 4245.81499453568 4491.47458041761 4737.13416629954 4958.23545674894 5090.55567944961 5205.32373920116 Inf
"4" 56.9023113861927 4295.05801393172 331.754478212378 -Inf 3644.83118492558 3749.3704571867 3869.89754300221 4071.29301879582 4295.05801393172 4518.82300906762 4720.21848486122 4840.74557067674 4945.28484293786 Inf 4497.90847725733 364.180120472855 -Inf 3784.12855724508 3898.88548523393 4031.19287372512 4252.27271877322 4497.90847725733 4743.54423574145 4964.62408078954 5096.93146928073 5211.68839726958 Inf
"5" 57.2632723280057 4302.91562865673 331.701580355133 -Inf 3652.79247754565 3757.31508114405 3877.82294905899 4079.18631258335 4302.91562865673 4526.6449447301 4728.00830825446 4848.5161761694 4953.0387797678 Inf 4496.34787051813 364.122670004579 -Inf 3782.68055135459 3897.41937610584 4029.70589272348 4250.75086178601 4496.34787051813 4741.94487925024 4962.98984831277 5095.27636493041 5210.01518968166 Inf
"6" 57.6204237277333 4301.44480913177 331.653403990849 -Inf 3651.4160819596 3755.92350468662 3876.4138700291 4077.7479875223 4301.44480913177 4525.14163074124 4726.47574823444 4846.96611357692 4951.47353630395 Inf 4486.28287357483 364.069848345084 -Inf 3772.7190829615 3887.44126306074 4019.7085894606 4240.72149251063 4486.28287357483 4731.84425463903 4952.85715768906 5085.12448408891 5199.84666418815 Inf
"7" 57.9739221243768 4288.41387473126 331.621124746814 -Inf 3638.44841371484 3742.94566491774 3863.42430314432 4064.73882514104 4288.41387473126 4512.08892432148 4713.4034463182 4833.88208454478 4938.37933574768 Inf 4469.45960117177 364.034401082309 -Inf 3755.96528591684 3870.67629621643 4002.93074455265 4223.92212892298 4469.45960117177 4714.99707342056 4935.98845779089 5068.24290612711 5182.9539164267 Inf
"8" 58.3236584908869 4265.54479093773 331.603163400887 -Inf 3615.61453351244 3720.10612490919 3840.57823774178 4041.88185609123 4265.54479093773 4489.20772578422 4690.51134413367 4810.98345696626 4915.47504836302 Inf 4449.24508025108 364.014910621642 -Inf 3735.7889655971 3850.49383425066 3982.74120166234 4203.72075411824 4449.24508025108 4694.76940638392 4915.74895883982 5047.9963262515 5162.70119490507 Inf
"9" 58.6694002073599 4237.75845273805 331.595737160868 -Inf 3587.84275047574 3692.33200178735 3812.80141665163 4014.10052681433 4237.75845273805 4461.41637866177 4662.71548882448 4783.18490368875 4887.67415500036 Inf 4429.48637544903 364.006967788066 -Inf 3716.04582846279 3830.74819424722 3962.99267601109 4183.96740667602 4429.48637544903 4675.00534422203 4895.98007488696 5028.22455665083 5142.92692243527 Inf
"10" 59.0108639463493 4211.26605372619 331.594718967442 -Inf 3561.35234708633 3665.84127755464 3786.31032250715 3987.6088145635 4211.26605372619 4434.92329288888 4636.22178494524 4756.69082989775 4861.17976036606 Inf 4413.29082308552 364.005755448629 -Inf 3699.85265224091 3814.55463600463 3946.79867732308 4167.77267202303 4413.29082308552 4658.808974148 4879.78296884795 5012.0270101664 5126.72899393012 Inf
"11" 59.3476866558641 4191.38423791342 331.592559691663 -Inf 3541.47476337631 3645.96301343447 3766.43127391763 3967.72845516011 4191.38423791342 4415.04002066673 4616.33720190921 4736.80546239238 4841.29371245053 Inf 4402.19229969111 364.003134064219 -Inf 3688.75926666553 3803.46042440387 3935.70351336797 4156.67591672554 4402.19229969111 4647.70868265667 4868.68108601425 5000.92417497834 5115.62533271668 Inf
"12" 59.6793531709964 4180.92741408741 331.581265158783 -Inf 3531.04007642797 3635.52476746183 3755.98892461792 3957.27924938077 4180.92741408741 4404.57557879406 4605.86590355691 4726.330060713 4830.81475174686 Inf 4395.97120443152 363.990687354201 -Inf 3682.56256650931 3797.25980216041 3929.49836920909 4150.46321664429 4395.97120443152 4641.47919221876 4862.44403965395 4994.68260670264 5109.37984235374 Inf
"13" 60.0052919299991 4179.67227381935 331.559487560221 -Inf 3529.82761946876 3634.30544815575 3754.76169346539 3956.03879787972 4179.67227381935 4403.30574975899 4604.58285417332 4725.03909948295 4829.51692816994 Inf 4393.10945799354 363.967048105935 -Inf 3679.74715214655 3794.43693882567 3926.66691768673 4147.61741463696 4393.10945799354 4638.60150135011 4859.55199830035 4991.78197716141 5106.47176384053 Inf
"14" 60.3248897016193 4184.92812403635 331.533296256715 -Inf 3535.13480369734 3639.60437923331 3760.05110918839 3961.31231386247 4184.92812403635 4408.54393421022 4609.8051388843 4730.25186883938 4834.72144437536 Inf 4391.61692669277 363.938654193422 -Inf 3678.31027189169 3792.99111135489 3925.210774649 4146.14403473915 4391.61692669277 4637.08981864639 4858.02307873655 4990.24274203066 5104.92358149386 Inf
"15" 60.6375789948489 4192.79342892272 331.508237688366 -Inf 3543.04922247517 3647.51090179672 3767.94852792226 3969.19452049635 4192.79342892272 4416.39233734908 4617.63832992317 4738.07595604871 4842.53763537025 Inf 4389.83197700808 363.911318773939 -Inf 3676.57889864468 3791.25112443407 3923.46085671393 4144.37752251472 4389.83197700808 4635.28643150144 4856.20309730222 4988.41282958208 5103.08505537147 Inf
"16" 60.942825168631 4199.51106113896 331.481755551233 -Inf 3549.81875872643 3654.27209325227 3774.70009836281 3975.93001464265 4199.51106113896 4423.09210763527 4624.32202391512 4744.75002902565 4849.20336355149 Inf 4386.88695461957 363.882193862061 -Inf 3673.6909600345 3788.3540082625 3920.55315940184 4141.45214458074 4386.88695461957 4632.32176465839 4853.2207498373 4985.41990097664 5100.08294920463 Inf
"17" 61.2401513374125 4202.44740534873 331.44465839444 -Inf 3552.82781202744 3657.26945685494 3777.68398449194 3978.89138050444 4202.44740534873 4426.00343019302 4627.21082620552 4747.62535384251 4852.06699867001 Inf 4382.7393169715 363.841404245557 -Inf 3669.62326856573 3784.27346356307 3916.45779575066 4137.33201911092 4382.7393169715 4628.14661483207 4849.02083819234 4981.20517037992 5095.85536537727 Inf
"18" 61.5294218547599 4200.48621837001 331.390042038763 -Inf 3550.97367113882 3655.39810578695 3775.79279118934 3976.96703169781 4200.48621837001 4424.0054050422 4625.17964555068 4745.57433095307 4849.9987656012 Inf 4377.87399776709 363.781639105647 -Inf 3664.87508688307 3779.50644926582 3911.66906865487 4132.5070108808 4377.87399776709 4623.24098465338 4844.07892687931 4976.24154626837 5090.87290865111 Inf
"19" 61.8107658256671 4193.88362972199 331.320778612927 -Inf 3544.50683631088 3648.90944533613 3769.27896719313 3970.41116052058 4193.88362972199 4417.35609892339 4618.48829225084 4738.85781410784 4843.26042313309 Inf 4372.90221802073 363.706144291709 -Inf 3660.05127425305 3774.65884743797 3906.7940394055 4127.58615161263 4372.90221802073 4618.21828442882 4839.01039663596 4971.14558860348 5085.75316178841 Inf
"20" 62.0844771444527 4183.83195020891 331.249126035214 -Inf 3534.59559326952 3638.97562382538 3759.3191141532 3960.40780993675 4183.83195020891 4407.25609048107 4608.34478626462 4728.68827659243 4833.0683071483 Inf 4368.24917999033 363.628214981346 -Inf 3655.55097486431 3770.13399171638 3902.2408718048 4122.98567610332 4368.24917999033 4613.51268387735 4834.25748817587 4966.36436826429 5080.94738511636 Inf
"21" 62.3511316929845 4171.9538878545 331.189532877673 -Inf 3522.83433135762 3627.19558349229 3747.51742350313 3948.56994255628 4171.9538878545 4395.33783315272 4596.39035220587 4716.7121922167 4821.07344435138 Inf 4364.01401538481 363.563411483008 -Inf 3651.44282278159 3766.00541938013 3898.08875622402 4118.7942207932 4364.01401538481 4609.23380997642 4829.93927454559 4962.02261138948 5076.58520798802 Inf
"22" 62.6114714199208 4159.89109117096 331.150793806569 -Inf 3510.84746185824 3615.19650691037 3735.50427293682 3936.53327497914 4159.89109117096 4383.24890736279 4584.27790940511 4704.58567543155 4808.93472048369 Inf 4359.99988347485 363.521154709264 -Inf 3647.51151262628 3762.06079367773 3894.12877854861 4114.808590644 4359.99988347485 4605.19117630569 4825.87098840109 4957.93897327197 5072.48825432342 Inf
"23" 62.8663909029627 4149.03846896577 331.132697777756 -Inf 3500.03030721778 3604.3736500238 3724.67484172568 3925.6928583599 4149.03846896577 4372.38407957164 4573.40209620586 4693.70328790774 4798.04663071376 Inf 4355.84354513688 363.501193927784 -Inf 3643.39429670112 3757.93728790358 3889.9980209814 4110.66571564855 4355.84354513688 4601.02137462521 4821.68906929237 4953.74980237019 5068.29279357265 Inf
"24" 63.1167846455322 4140.42031425101 331.128305026282 -Inf 3491.4207621377 3595.76272074223 3716.06231654844 3917.07766651098 4140.42031425101 4363.76296199103 4564.77831195357 4685.07790775978 4789.41986636431 Inf 4351.17685742637 363.496099809867 -Inf 3638.73759327825 3753.2789792714 3885.33786164568 4106.00246386836 4351.17685742637 4596.35125098438 4817.01585320706 4949.07473558134 5063.61612157449 Inf
"25" 63.3635113237506 4134.65334508235 331.129307161496 -Inf 3485.65182882012 3589.99410320784 3710.29406309184 3911.31002141239 4134.65334508235 4357.99666875231 4559.01262707287 4679.31258695687 4783.65486134458 Inf 4345.7645166111 363.497006909417 -Inf 3633.32347458054 3747.86514641014 3879.92435833556 4100.58951122375 4345.7645166111 4590.93952199846 4811.60467488664 4943.66388681206 5058.20555864167 Inf
"26" 63.6072892008391 4131.96212869072 331.130780541411 -Inf 3482.95772465691 3587.3004633219 3707.60095848787 3908.61781124111 4131.96212869072 4355.30644614033 4556.32329889357 4676.62379405953 4780.96653272452 Inf 4339.59242972559 363.498657674254 -Inf 3627.14815225539 3741.6903442581 3873.75015590979 4094.41631091427 4339.59242972559 4584.7685485369 4805.43470354139 4937.49451519307 5052.03670719578 Inf
"27" 63.8486862114419 4132.21441682487 331.132646559524 -Inf 3483.20635546278 3587.5496821294 3707.85085522359 3908.86884076517 4132.21441682487 4355.55999288457 4556.57797842616 4676.87915152035 4781.22247818697 Inf 4332.89113637297 363.500913978046 -Inf 3620.44243662861 3734.985339616 3867.04597098751 4087.71349570787 4332.89113637297 4578.06877703807 4798.73630175843 4930.79693312993 5045.33983611733 Inf
"28" 64.0879634422281 4134.96692736962 331.137419522293 -Inf 3485.94951117239 3590.29434184902 3710.59724897043 3911.61813199545 4134.96692736962 4358.31572274379 4559.33660576881 4679.63951289021 4783.98434356685 Inf 4326.09889188717 363.506334545761 -Inf 3613.63956802531 3728.18417908974 3860.24677976467 4080.91759510471 4326.09889188717 4571.28018866963 4791.95100400967 4924.0136046846 5038.55821574903 Inf
"29" 64.3251293129794 4139.52024189459 331.146091680235 -Inf 3490.48582858013 3594.83339194355 3715.13944967781 3916.16559723878 4139.52024189459 4362.8748865504 4563.90103411137 4684.20709184563 4788.55465520905 Inf 4319.76294936047 363.515813454536 -Inf 3607.28504717879 3721.83264514556 3853.89868952759 4074.57525915119 4319.76294936047 4564.95063956974 4785.62720919335 4917.69325357537 5032.24085154214 Inf
"30" 64.5599807731868 4144.99470130361 331.155157545192 -Inf 3495.94251922035 3600.29293933171 3720.6022907134 3921.63394181481 4144.99470130361 4368.35546079241 4569.38711189382 4689.69646327551 4794.04688338687 Inf 4314.40553465925 363.525466873763 -Inf 3601.90871212357 3716.45935198271 3848.52890347185 4069.21133331765 4314.40553465925 4559.59973600085 4780.28216584665 4912.35171733579 5026.90235719493 Inf
"31" 64.7921267987477 4150.4265440341 331.157036900847 -Inf 3501.37067848144 3605.72169079724 3726.03172495271 3927.06451693917 4150.4265440341 4373.78857112902 4574.82136311549 4695.13139727096 4799.48240958676 Inf 4310.38943181937 363.527138536918 -Inf 3597.88933288411 3712.44049950163 3844.51065830943 4065.19410295811 4310.38943181937 4555.58476068063 4776.2682053293 4908.33836413711 5022.88953075463 Inf
"32" 65.0211038558494 4154.88046375427 331.143817333732 -Inf 3505.85050807705 3610.19735477033 3730.50258622981 3931.52735312187 4154.88046375427 4378.23357438668 4579.25834127873 4699.56357273822 4803.9104194315 Inf 4307.81949112803 363.512406058314 -Inf 3595.34826732024 3709.89479158116 3841.95959804911 4062.63409917258 4307.81949112803 4553.00488308348 4773.67938420695 4905.74419067491 5020.29071493583 Inf
"33" 65.246481384656 4157.55998549984 331.111872865698 -Inf 3508.59263982946 3612.92942049 3733.2230464584 3934.22842108369 4157.55998549984 4380.89154991598 4581.89692454128 4702.19055050967 4806.52733117021 Inf 4306.51204453516 363.477481455446 -Inf 3594.10927169116 3708.64479084799 3840.69690913573 4061.35020886638 4306.51204453516 4551.67388020395 4772.3271799346 4904.37929822234 5018.91481737916 Inf
"34" 65.4679718940417 4157.89422099276 331.064352886194 -Inf 3509.02001277076 3613.34181939356 3733.61818125545 3934.59470831573 4157.89422099276 4381.1937336698 4582.17026073007 4702.44662259196 4806.76842921476 Inf 4306.03702654301 363.425825634596 -Inf 3593.73549724747 3708.25473912011 3840.28809074165 4060.91003219593 4306.03702654301 4551.16402089009 4771.78596234436 4903.81931396591 5018.33855583855 Inf
"35" 65.6854340816596 4155.58517648947 331.010152280627 -Inf 3506.81719950232 3611.12192695292 3731.37859762307 3932.32222156534 4155.58517648947 4378.84813141359 4579.79175535586 4700.04842602601 4804.35315347661 Inf 4305.81260311292 363.367023060124 -Inf 3593.62632474554 3708.12703731792 3840.13902584294 4060.72527049961 4305.81260311292 4550.89993572624 4771.4861803829 4903.49816890793 5017.9988814803 Inf
"36" 65.898935301172 4150.61347835376 330.960220401749 -Inf 3501.9433660509 3606.23235944929 3726.47088976491 3927.38420197015 4150.61347835376 4373.84275473738 4574.75606694261 4694.99459725824 4799.28359065663 Inf 4305.21818260094 363.312838349884 -Inf 3593.13810431415 3707.6217427231 3839.6140458312 4060.1673970193 4305.21818260094 4550.26896818259 4770.82231937069 4902.81462247878 5017.29826088774 Inf
"37" 66.1087044286472 4143.20905899216 330.923423036792 -Inf 3494.61106819933 3598.88846636689 3719.11362812398 3920.00460205404 4143.20905899216 4366.41351593027 4567.30448986033 4687.52965161742 4791.80704978498 Inf 4303.69584524227 363.272805390415 -Inf 3591.69423011423 3706.16525372301 3838.1430127744 4058.67206148146 4303.69584524227 4548.71962900308 4769.24867771013 4901.22643676153 5015.69746037031 Inf
"38" 66.315053534954 4133.80243810738 330.903864947553 -Inf 3485.24278046507 3589.51401567614 3709.73207193909 3910.61117289999 4133.80243810738 4356.99370331478 4557.87280427568 4678.09086053862 4782.36209574969 Inf 4300.8227763338 363.251369167447 -Inf 3588.86317543074 3703.32744426364 3835.29741549104 4055.81345108567 4300.8227763338 4545.83210158194 4766.34813717656 4898.31810840397 5012.78237723686 Inf
"39" 66.5184990170626 4122.95585333769 330.900435609344 -Inf 3474.40291707476 3578.67307166584 3698.88988204314 3899.76690118377 4122.95585333769 4346.14480549161 4547.02182463223 4667.23863500954 4771.50878960062 Inf 4296.34619693561 363.247388715793 -Inf 3584.39439757443 3698.85741212578 3830.82593724689 4051.33955646131 4296.34619693561 4541.3528374099 4761.86645662432 4893.83498174543 5008.29799629678 Inf
"40" 66.7195874538324 4111.30518449907 330.908271746293 -Inf 3462.73688968994 3567.00951352894 3687.22917079095 3888.1109469511 4111.30518449907 4334.49942204705 4535.38119820719 4655.6008554692 4759.8734793082 Inf 4290.18993027257 363.25568130316 -Inf 3578.22187773881 3692.68750537033 3824.65904320553 4045.17769653309 4290.18993027257 4535.20216401204 4755.7208173396 4887.6923551748 5002.15798280632 Inf
"41" 66.9188526416387 4099.50314028377 330.921063165369 -Inf 3450.90977475394 3555.18642930157 3675.41073371251 3876.30027505474 4099.50314028377 4322.7060055128 4523.59554685503 4643.81985126596 4748.09650581359 Inf 4282.43955384098 363.269472825906 -Inf 3570.44447041935 3684.91444390254 3816.89099222638 4037.41801786077 4282.43955384098 4527.46108982119 4747.98811545558 4879.96466377942 4994.43463726261 Inf
"42" 67.1168303630421 4088.16386678865 330.933242293676 -Inf 3439.54663060598 3543.82712292309 3664.05585203644 3864.95278686241 4088.16386678865 4311.37494671489 4512.27188154087 4632.50061065422 4736.78110297133 Inf 4273.31080636404 363.2827384967 -Inf 3561.28972270542 3675.76387633888 3807.74524410826 4028.28032282485 4273.31080636404 4518.34128990322 4738.87636861981 4870.8577363892 4985.33189002265 Inf
"43" 67.3139972363274 4077.81796778725 330.941354335013 -Inf 3429.18483229571 3533.46788080107 3653.69955703576 3854.60141637227 4077.81796778725 4301.03451920222 4501.93637853873 4622.16805477342 4726.45110327878 Inf 4263.11212775458 363.291685729851 -Inf 3551.07350784123 3665.55048084052 3797.53509915815 4018.07560939834 4263.11212775458 4508.14864611082 4728.68915635101 4860.67377466864 4975.15074766793 Inf
"44" 67.5106944926635 4068.87401993294 330.944371770072 -Inf 3420.23497037737 3524.51896970776 3644.75174218283 3845.65543328895 4068.87401993294 4292.09260657693 4492.99629768305 4613.22907015812 4717.51306948851 Inf 4252.20573498576 363.29512011643 -Inf 3540.1603837984 3654.63843900848 3786.62430504583 4007.16690017097 4252.20573498576 4497.24456980054 4717.78716492568 4849.77303096304 4964.25108617311 Inf
"45" 67.7072065006857 4061.5804725282 330.943128230567 -Inf 3412.94386026527 3517.22746774348 3637.45978843809 3838.36272463885 4061.5804725282 4284.79822041754 4485.70115661831 4605.93347731291 4710.21708479113 Inf 4240.96020586568 363.293870280263 -Inf 3528.9173043122 3643.39496568595 3775.38037765525 3995.92221405258 4240.96020586568 4485.99819767878 4706.54003407611 4838.52544604541 4953.00310741916 Inf
"46" 67.90382018734 4056.00502965638 330.939307090286 -Inf 3407.37590669078 3511.65831008812 3631.88924255458 3832.78985908699 4056.00502965638 4279.22020022577 4480.12081675818 4600.35174922465 4704.63415262198 Inf 4229.70740861339 363.289725489405 -Inf 3517.67263070071 3632.14898600794 3764.13289216617 3984.67221241924 4229.70740861339 4474.74260480754 4695.2819250606 4827.26583121884 4941.74218652606 Inf
"47" 68.1007594568558 4052.03629258052 330.934544311962 -Inf 3403.4165044889 3507.69740708546 3627.92660922474 3828.82433445629 4052.03629258052 4275.24825070475 4476.1459759363 4596.37517807558 4700.65608067214 Inf 4218.71689264977 363.284475938209 -Inf 3506.69240366838 3621.16710478765 3753.14910377311 3973.6852372241 4218.71689264977 4463.74854807545 4684.28468152643 4816.2666805119 4930.74138163117 Inf
"48" 68.298436625898 4049.39746119262 330.930037226431 -Inf 3400.78650682632 3505.06598919354 3625.29355389936 3826.18854305139 4049.39746119262 4272.60637933386 4473.50136848589 4593.7289331917 4698.00841555893 Inf 4208.1671363594 363.279477531765 -Inf 3496.15244407461 3610.62557014424 3742.60575319834 3963.13885230764 4208.1671363594 4453.19542041116 4673.72851952046 4805.70870257456 4920.18182864419 Inf
"49" 68.4972729915647 4047.68693368397 330.926766149717 -Inf 3399.08239051021 3503.36084212728 3623.58721844419 3824.48022185045 4047.68693368397 4270.89364551749 4471.78664892375 4592.01302524065 4696.29147685772 Inf 4198.1576803736 363.275863747256 -Inf 3486.15007097629 3600.62205830499 3732.60092846373 3953.13183378244 4198.1576803736 4443.18352696475 4663.71443228346 4795.6933024422 4910.1652897709 Inf
"50" 68.6977918043009 4046.42256622617 330.926075938969 -Inf 3397.81937584062 3502.09760996514 3622.32373552705 3823.21631993272 4046.42256622617 4269.62881251961 4470.52139692528 4590.7475224872 4695.02575661171 Inf 4188.72032619193 363.275146040902 -Inf 3476.71412347323 3591.18588464523 3723.16449405977 3943.69496368636 4188.72032619193 4433.7456886975 4654.27615832409 4786.25476773863 4900.72652891063 Inf
"51" 68.900597263177 4045.09414708298 330.930194911508 -Inf 3396.4828836596 3500.76241571503 3620.99003770816 3821.88512258478 4045.09414708298 4268.30317158118 4469.1982564578 4589.42587845093 4693.70541050636 Inf 4179.84745601647 363.279756918499 -Inf 3467.83221614374 3582.30543025102 3714.2857148069 3934.81898352121 4179.84745601647 4424.87592851172 4645.40919722603 4777.38948178191 4891.86269588919 Inf
"52" 69.1061972285665 4043.21861984808 330.942232345139 -Inf 3394.58376348832 3498.86708866376 3619.09908388134 3820.00147622427 4043.21861984808 4266.43576347189 4467.33815581482 4587.5701510324 4691.85347620784 Inf 4171.53176777639 363.29304531765 -Inf 3459.49048311992 3573.96788453941 3705.95299679809 3926.49433239212 4171.53176777639 4416.56920316067 4637.11053875469 4769.09565101337 4883.57305243286 Inf
"53" 69.3149681756788 4040.39552229283 330.965356230307 -Inf 3391.71534395096 3496.00595570213 3616.24635187486 3817.1627818455 4040.39552229283 4263.62826274017 4464.54469271081 4584.78508888354 4689.0757006347 Inf 4163.79704621173 363.318398077748 -Inf 3451.70607105856 3566.19146139535 3698.18578436403 3918.74251065063 4163.79704621173 4408.85158177283 4629.40830805942 4761.40263102811 4875.8880213649 Inf
"54" 69.5270921065057 4036.35859816628 331.00119894428 -Inf 3387.60816939591 3491.91007555749 3612.16349346209 3813.10168217574 4036.35859816628 4259.61551415681 4460.55370287046 4580.80712077506 4685.10902693664 Inf 4156.72049898731 363.357531503806 -Inf 3444.55282372847 3559.05054541314 3691.05908563618 3911.63956833144 4156.72049898731 4401.80142964317 4622.38191233843 4754.39045256148 4868.88817424614 Inf
"55" 69.7424538364381 4031.01386934232 331.04800033407 -Inf 3382.17171153354 3486.48836529779 3606.75878624378 3807.72538629408 4031.01386934232 4254.30235239055 4455.26895244085 4575.53937338684 4679.8560271511 Inf 4150.43578889331 363.408494701367 -Inf 3438.16822760271 3552.68200831879 3684.70906357656 3905.32048408305 4150.43578889331 4395.55109370356 4616.16251421005 4748.18956946782 4862.7033501839 Inf
"56" 69.9606141987519 4024.4483063215 331.099465414288 -Inf 3375.50527880903 3479.83814975311 3600.12726806883 3801.12511060416 4024.4483063215 4247.77150203884 4448.76934457416 4569.05846288988 4673.39133383397 Inf 4145.10295763585 363.464438340319 -Inf 3432.72574882775 3547.2571579639 3679.30453766103 3899.94991941453 4145.10295763585 4390.25599585717 4610.90137761068 4742.94875730781 4857.48016644396 Inf
"57" 70.1809070533966 4016.89364846186 331.145377510754 -Inf 3367.86063489386 3472.20797321508 3592.5137714901 3793.53948550605 4016.89364846186 4240.24781141768 4441.27352543363 4561.57932370864 4665.92666202986 Inf 4140.84390509301 363.514278300197 -Inf 3428.36901175856 3542.91612598229 3674.98161263958 3895.6572503296 4140.84390509301 4386.03055985642 4606.70619754645 4738.77168420374 4853.31879842747 Inf
"58" 70.4024428258253 4008.65273733874 331.174256977858 -Inf 3359.56312105532 3463.91955959575 3584.23584984069 3785.27909547837 4008.65273733874 4232.02637919911 4433.06962483678 4553.38591508173 4657.74235362215 Inf 4137.66205832365 363.545574766106 -Inf 3425.12582504317 3539.68280110747 3671.75965783534 3892.45429441477 4137.66205832365 4382.86982223254 4603.56445881197 4735.64131553984 4850.19829160414 Inf
"59" 70.6241748136287 4000.00435736052 331.177287525338 -Inf 3350.90880131319 3455.26619481051 3575.58358605961 3776.62867142694 4000.00435736052 4223.3800432941 4424.42512866143 4544.74251991052 4649.09991340785 Inf 4135.36873484974 363.548785177832 -Inf 3422.8262092779 3537.38419697618 3669.46222005325 3890.15880555106 4135.36873484974 4380.57866414843 4601.27524964623 4733.3532727233 4847.91126042158 Inf
"60" 70.8451819754626 3991.11125721992 331.151718746301 -Inf 3342.06581505863 3446.41515156885 3566.72325362781 3767.75281716572 3991.11125721992 4214.46969727411 4415.49926081203 4535.80736287099 4640.15669938121 Inf 4133.55027623358 363.520947535324 -Inf 3421.06231143847 3535.61152720726 3667.67943681143 3888.35912313943 4133.55027623358 4378.74142932772 4599.42111565573 4731.48902525989 4846.03824102869 Inf
"61" 71.0646983621306 3981.97996968563 331.102031000636 -Inf 3333.03191371632 3437.36559310323 3557.65564350177 3758.65504350659 3981.97996968563 4205.30489586466 4406.30429586949 4526.59434626802 4630.92802565494 Inf 4131.60191604317 363.466933087591 -Inf 3419.21981762026 3533.75201287712 3665.80029892107 3886.44719514038 4131.60191604317 4376.75663694595 4597.40353316527 4729.45181920922 4843.98401446608 Inf
"62" 71.2823042942299 3972.46870092964 331.038454133428 -Inf 3323.64525333031 3427.95889898786 3548.22585177948 3749.18665669589 3972.46870092964 4195.75074516339 4396.7115500798 4516.97850287142 4621.29214852897 Inf 4128.81727806327 363.397833740752 -Inf 3416.57061187152 3531.08103320848 3663.10421531729 3883.70916396167 4128.81727806327 4373.92539216487 4594.53034080924 4726.55352291805 4841.06394425502 Inf
"63" 71.4979905065941 3962.34362452099 330.973816945107 -Inf 3313.64686348282 3417.94014129285 3538.18361126071 3739.10517740824 3962.34362452099 4185.58207163374 4386.50363778126 4506.74710774912 4611.04038555915 Inf 4124.50844853394 363.327552305834 -Inf 3412.39953142341 3526.88780635229 3658.88545507091 3879.44773853983 4124.50844853394 4369.56915852806 4590.13144199697 4722.12909071559 4836.61736564447 Inf
"64" 71.7122036328018 3951.35560350008 330.920333623972 -Inf 3302.76366784512 3407.0400925067 3527.26413187374 3728.15323033925 3951.35560350008 4174.55797666092 4375.44707512643 4495.67111449346 4599.94753915505 Inf 4118.12162947752 363.269338550071 -Inf 3406.12680923169 3520.59674040317 3652.57323994433 3873.10018406499 4118.12162947752 4363.14307489005 4583.67001901072 4715.64651855187 4830.11644972335 Inf
"65" 71.9258735514565 3939.31527764907 330.887518455113 -Inf 3290.78765854322 3395.05374280521 3515.26586035375 3716.13503798328 3939.31527764907 4162.49551731486 4363.36469494439 4483.57681249294 4587.84289675493 Inf 4109.32607587493 363.233549905069 -Inf 3397.40140008436 3511.86005388312 3643.82355133577 3864.32876953662 4109.32607587493 4354.32338221324 4574.82860041409 4706.79209786674 4821.2507516655 Inf
"66" 72.1405502983329 3926.14846914756 330.881537761373 -Inf 3277.63257198604 3381.89677166948 3502.10671641966 3702.97226339839 3926.14846914756 4149.32467489672 4350.19022187545 4470.40016662563 4574.66436630908 Inf 4098.06645010015 363.226955420279 -Inf 3386.15469926227 3500.61127507056 3632.57237673329 3853.07359167424 4098.06645010015 4343.05930852606 4563.56052346701 4695.52162512974 4809.97820093803 Inf
"67" 72.3580675818227 3911.97215860341 330.905550740288 -Inf 3263.40919686805 3367.68096328987 3487.8996320048 3688.7797563461 3911.97215860341 4135.16456086072 4336.04468520202 4456.26335391695 4560.53512033877 Inf 4084.62521048309 363.253083904224 -Inf 3372.6622487577 3487.12705792192 3619.09765211673 3839.61472866257 4084.62521048309 4329.6356923036 4550.15276884945 4682.12336304426 4796.58817220847 Inf
"68" 72.5804289805127 3897.16538806083 330.959973128993 -Inf 3248.49576040366 3352.78467588384 3473.02311636477 3673.93627846015 3897.16538806083 4120.39449766151 4321.30765975689 4441.54610023782 4545.835015718 Inf 4069.69277538993 363.31245923554 -Inf 3357.6134401536 3472.09695909969 3604.08912447476 3824.64224551703 4069.69277538993 4314.74330526283 4535.29642630509 4667.28859168017 4781.77211062626 Inf
"69" 72.809782962763 3882.43832895563 331.042039497461 -Inf 3233.60785417192 3337.92262961482 3458.19088497658 3659.15386643059 3882.43832895563 4105.72279148068 4306.68577293468 4426.95402829644 4531.26880373934 Inf 4054.43721045166 363.402061117817 -Inf 3342.18225875312 3456.69401218038 3588.71873010399 3809.32624502757 4054.43721045166 4299.54817587576 4520.15569079934 4652.18040872295 4766.69216215021 Inf
"70" 73.0484538734115 3868.88626666766 331.144347683226 -Inf 3219.85527152453 3324.20228533643 3444.50770947298 3645.53279831996 3868.88626666766 4092.23973501536 4293.26482386235 4413.57024799889 4517.91726181079 Inf 4040.54386527323 363.513706787915 -Inf 3328.07009208226 3442.61702621655 3574.68230524225 3795.35759598899 4040.54386527323 4285.73013455746 4506.4054253042 4638.4707043299 4753.01763846419 Inf
