"mid_age" "mean_left" "std_left" "min_left" "l.q2.5" "l.q5" "l.q10" "l.q25" "l.q50" "l.q75" "l.q90" "l.q95" "l.q97.5" "max_left" "mean_right" "std_right" "min_right" "r.q2.5" "r.q5" "r.q10" "r.q25" "r.q50" "r.q75" "r.q90" "r.q95" "r.q97.5" "max_right"
"1" 30 3.07049010629847e-08 2335.58085591575 -Inf -4577.65436054541 -3841.68864186075 -2993.16730232413 -1575.32534803866 3.07049010629847e-08 1575.32534810007 2993.16730238554 3841.68864192216 4577.65436060682 Inf 3.69886383922006e-08 2438.73416397394 -Inf -4779.83112921934 -4011.36073474602 -3125.36358575092 -1644.90119701645 3.69886383922006e-08 1644.90119709042 3125.3635858249 4011.36073481999 4779.83112929331 Inf
"2" 30.7070707070707 2.85767477538692e-07 2335.58085591575 -Inf -4577.65436029034 -3841.68864160569 -2993.16730206907 -1575.3253477836 2.85767477538692e-07 1575.32534835514 2993.1673026406 3841.68864217722 4577.65436086188 Inf 3.44009268931234e-07 2438.73416397394 -Inf -4779.83112891232 -4011.360734439 -3125.3635854439 -1644.90119670942 3.44009268931234e-07 1644.90119739744 3125.36358613192 4011.36073512701 4779.83112960033 Inf
"3" 31.4141414141414 2.40640305291646e-06 2335.58085591575 -Inf -4577.65435816971 -3841.68863948505 -2993.16729994843 -1575.32534566296 2.40640305291646e-06 1575.32535047577 2993.16730476124 3841.68864429785 4577.65436298251 Inf 2.89414465023201e-06 2438.73416397394 -Inf -4779.83112636218 -4011.36073188886 -3125.36358289376 -1644.90119415929 2.89414465023201e-06 1644.90119994758 3125.36358868205 4011.36073767715 4779.83113215047 Inf
"4" 32.1212121212121 1.83337283760851e-05 2335.58085591575 -Inf -4577.65434224238 -3841.68862355773 -2993.16728402111 -1575.32532973564 1.83337283760851e-05 1575.3253664031 2993.16732068856 3841.68866022518 4577.65437890984 Inf 2.20228187692236e-05 2438.73416397394 -Inf -4779.83110723351 -4011.36071276019 -3125.36356376509 -1644.90117503062 2.20228187692236e-05 1644.90121907625 3125.36360781073 4011.36075680582 4779.83115127914 Inf
"5" 32.8282828282828 0.000126365455123202 2335.58085591575 -Inf -4577.65423421065 -3841.68851552599 -2993.16717598937 -1575.32522170391 0.000126365455123202 1575.32547443482 2993.16742872028 3841.6887682569 4577.65448694156 Inf 0.000151555222090475 2438.73416397394 -Inf -4779.83097770109 -4011.36058322777 -3125.36343423268 -1644.90104549821 0.000151555222090475 1644.90134860865 3125.36373734312 4011.36088633822 4779.83128081154 Inf
"6" 33.5353535353535 0.000787878128411797 2335.58085591555 -Inf -4577.65357269759 -3841.68785401299 -2993.16651447645 -1575.3245601911 0.000787878128411797 1575.32613594736 2993.1680902327 3841.68942976925 4577.65514845384 Inf 0.000943067835212689 2438.73416397374 -Inf -4779.8301861881 -4011.35979171484 -3125.36264271982 -1644.90025398546 0.000943067835212689 1644.90214012113 3125.36452885549 4011.36167785051 4779.83207232377 Inf
"7" 34.2424242424242 0.00444311624846422 2335.58085590959 -Inf -4577.64991744777 -3841.68419876506 -2993.16285923068 -1575.32090494896 0.00444311624846422 1575.32979118146 2993.17174546318 3841.69308499755 4577.65880368027 Inf 0.00530518682819692 2438.73416396786 -Inf -4779.82582405757 -4011.35542958617 -3125.35828059328 -1644.8958918625 0.00530518682819692 1644.90650223616 3125.36889096694 4011.36603995983 4779.83643443123 Inf
"8" 34.9494949494949 0.0226590999549729 2335.58085576312 -Inf -4577.63170117701 -3841.66598254045 -2993.14464305928 -1575.30268886647 0.0226590999549729 1575.34800706638 2993.18996125919 3841.71130074035 4577.67701937692 Inf 0.0269733823157934 2438.73416382324 -Inf -4779.80415557864 -4011.33376115281 -3125.33661221246 -1644.87422356947 0.0269733823157934 1644.9281703341 3125.39055897709 4011.38770791744 4779.85810234327 Inf
"9" 35.6565656565657 0.104479713249077 2335.58085284582 -Inf -4577.5498748459 -3841.58415712861 -2993.0628187073 -1575.22086628548 0.104479713249077 1575.42982571198 2993.2717781338 3841.79311655511 4577.7588342724 Inf 0.123912179913171 2438.73416093897 -Inf -4779.70721112797 -4011.23681761101 -3125.23966971852 -1644.77728282646 0.123912179913171 1645.02510718629 3125.48749407835 4011.48464197083 4779.9550354878 Inf
"10" 36.3636363636364 0.435450396372829 2335.58080578322 -Inf -4577.21881192177 -3841.2531090344 -2992.73178771103 -1574.88986385911 0.435450396372829 1575.76076465186 2993.60268850378 3842.12400982714 4578.08971271452 Inf 0.514132009364528 2438.73411434028 -Inf -4779.31689996676 -4010.84652113353 -3124.84939017044 -1644.38703156667 0.514132009364528 1645.4152955854 3125.87765418917 4011.87478515225 4780.34516398549 Inf
"11" 37.0707070707071 1.63989490689184 2335.58019210733 -Inf -4576.01316462861 -3840.04765511686 -2991.52655674321 -1573.6850054305 1.63989490689184 1576.96479524428 2994.806346557 3843.32744493064 4579.29295444239 Inf 1.92584939256687 2438.73350567704 -Inf -4777.90398962554 -4009.43380258839 -3123.43689275391 -1642.97490364635 1.92584939256687 1646.82660243149 3127.28859153905 4013.28550137352 4781.75568841067 Inf
"12" 37.7777777777778 5.57804936482588 2335.57373979196 -Inf -4572.06236386494 -3836.0988875446 -2987.58013331042 -1569.74249895198 5.57804936482588 1580.89859768163 2998.73623204007 3847.25498627424 4583.21846259459 Inf 6.50915401618076 2438.7270934519 -Inf -4773.3081172716 -4004.83995079301 -3118.84537053314 -1638.38727404261 6.50915401618076 1651.40558207497 3131.8636785655 4017.85825882537 4786.32642530396 Inf
"13" 38.4848484848485 17.1284121325914 2335.51919961837 -Inf -4560.40510432123 -3824.45881417449 -2975.95987449781 -1558.15534939616 17.1284121325914 1592.41217366134 3010.21669876299 3858.71563843967 4594.66192858641 Inf 19.8384794493562 2438.6727681505 -Inf -4759.87231620422 -3991.42126819078 -3105.4464244249 -1625.02130675046 19.8384794493562 1664.69826564917 3145.12338332361 4031.09822708949 4799.54927510293 Inf
"14" 39.1919191919192 47.4524568815154 2335.1499033901 -Inf -4529.35725226526 -3793.52733118506 -2945.16255758938 -1527.58221812647 47.4524568815154 1622.48713188951 3040.06747135242 3888.43224494809 4624.26216602829 Inf 54.4829294584396 2438.30394580488 -Inf -4724.50498768104 -3956.17015940881 -3070.32930956139 -1590.12808984962 54.4829294584396 1699.0939487665 3179.29516847827 4065.13601832569 4833.47084659791 Inf
"15" 39.8989898989899 118.524317571564 2333.15532596116 -Inf -4454.37609165012 -3719.1746825768 -2871.53454307269 -1455.16503540464 118.524317571564 1692.21367054777 3108.58317821581 3956.22331771992 4691.42472679325 Inf 134.720386139605 2436.3057214961 -Inf -4640.35108332161 -3872.64591622587 -2987.53102538898 -1508.54285135358 134.720386139605 1777.98362363279 3256.97179766819 4142.08668850508 4909.79185560082 Inf
"16" 40.6060606060606 266.709110862692 2324.60018589866 -Inf -4289.42353195379 -3556.91793612478 -2712.385896641 -1301.20988782986 266.709110862692 1834.62810955524 3245.80411836638 4090.33615785016 4822.84175367917 Inf 299.68442474194 2427.70388939274 -Inf -4458.52776359563 -3693.5331228899 -2811.54329538804 -1337.77696516462 299.68442474194 1937.1458146485 3410.91214487192 4292.90197237378 5057.89661307951 Inf
"17" 41.3131313131313 540.29161305029 2295.55385134017 -Inf -3958.91126014865 -3235.55846518901 -2401.57901892664 -1008.03593070179 540.29161305029 2088.61915680237 3482.16224502722 4316.14169128959 5039.49448624923 Inf 599.261630217638 2398.37806680579 -Inf -4101.47300203251 -3345.71923176872 -2474.38353606515 -1018.41979293796 599.261630217638 2216.94305337324 3672.90679650043 4544.242492204 5299.99626246778 Inf
"18" 42.020202020202 984.740946919566 2217.491406298 -Inf -3361.46234545159 -2662.70783546342 -1857.08863640333 -510.93427777633 984.740946919566 2480.41617161546 3826.57053024247 4632.18972930255 5330.94423929072 Inf 1076.62192882051 2319.20207162348 -Inf -3468.93060443219 -2738.12601032274 -1895.55511688284 -487.656097123044 1076.62192882051 2640.89995476407 4048.79897452386 4891.36986796376 5622.17446207321 Inf
"19" 42.7272727272727 1614.5228117235 2050.69359270911 -Inf -2404.7627733134 -1758.56798201022 -1013.54677246514 231.351002648431 1614.5228117235 2997.69462079858 4242.59239591214 4987.61360545723 5633.80839676041 Inf 1737.97476341671 2149.18757232047 -Inf -2474.35547435248 -1797.12420991364 -1016.31993453958 288.369774637757 1737.97476341671 3187.57975219567 4492.26946137301 5273.07373674706 5950.3050011859 Inf
"20" 43.4343434343434 2382.94157624475 1765.40746418978 -Inf -1077.19347160541 -520.895294275012 120.480876688213 1192.19233672909 2382.94157624475 3573.69081576042 4645.40227580129 5286.77844676452 5843.07662409491 Inf 2524.30614248721 1856.87781464271 -Inf -1115.10749790394 -529.986065733572 144.621472106812 1271.86108914421 2524.30614248721 3776.75119583022 4903.99081286761 5578.59835070799 6163.71978287836 Inf
"21" 44.1414141414141 3174.03132749914 1373.54148370473 -Inf 481.939488166163 914.756636259111 1413.76708871689 2247.59167527118 3174.03132749914 4100.4709797271 4934.29556628139 5433.30601873917 5866.12316683212 Inf 3311.00363503669 1453.14140252676 -Inf 462.898821640225 920.798728617204 1448.72799567085 2330.87465344683 3311.00363503669 4291.13261662654 5173.27927440253 5701.20854145617 6159.10844843315 Inf
"22" 44.8484848484848 3836.96510612061 946.036609396136 -Inf 1982.7674236478 2280.8733579265 2624.57040828649 3198.87310977266 3836.96510612061 4475.05710246856 5049.35980395474 5393.05685431472 5691.16278859342 Inf 3952.07339436328 1010.08244229426 -Inf 1972.34818605027 2290.63562563556 2657.60065911195 3270.78314018277 3952.07339436328 4633.36364854378 5246.5461296146 5613.511163091 5931.79860267629 Inf
"23" 45.5555555555556 4255.44292037422 594.875676039023 -Inf 3089.50802005882 3276.95950705623 3493.07906644201 3854.20537424494 4255.44292037422 4656.68046650351 5017.80677430644 5233.92633369222 5421.37782068963 Inf 4351.7091373516 643.675403826932 -Inf 3090.12852811654 3292.95731478741 3526.80591587464 3917.55667501701 4351.7091373516 4785.86159968619 5176.61235882855 5410.46095991578 5613.28974658666 Inf
"24" 46.2626262626263 4409.65053858272 410.785395153113 -Inf 3604.52595870757 3733.96869146643 3883.20787232139 4132.5800000217 4409.65053858272 4686.72107714374 4936.09320484405 5085.33238569901 5214.77511845788 Inf 4513.38631634994 449.238040232245 -Inf 3632.89593700939 3774.45549650936 3937.66460258812 4210.37986281512 4513.38631634994 4816.39276988477 5089.10803011176 5252.31713619052 5393.8766956905 Inf
"25" 46.969696969697 4382.91181768849 360.470666811909 -Inf 3676.40229325401 3789.99033397331 3920.95007030278 4139.77804767751 4382.91181768849 4626.04558769947 4844.8735650742 4975.83330140368 5089.42134212297 Inf 4525.0348105576 394.64768333975 -Inf 3751.53956462952 3875.89713724822 4019.27345413499 4258.84899320631 4525.0348105576 4791.22062790889 5030.79616698021 5174.17248386698 5298.53005648568 Inf
"26" 47.6767676767677 4304.58969819955 346.199445427531 -Inf 3626.05125369385 3735.14228473949 3860.91725692123 4071.08172073511 4304.58969819955 4538.09767566399 4748.26213947788 4874.03711165961 4983.12814270525 Inf 4492.28079480681 379.114603040231 -Inf 3749.22982683476 3868.69276496582 4006.42588175978 4236.57188090652 4492.28079480681 4747.9897087071 4978.13570785384 5115.8688246478 5235.33176277886 Inf
"27" 48.3838383838384 4272.08161371737 338.307130906203 -Inf 3609.01182142814 3715.61590242276 3838.52358046963 4043.8969215029 4272.08161371737 4500.26630593185 4705.63964696512 4828.54732501199 4935.15140600661 Inf 4478.06410859806 370.581932912046 -Inf 3751.73686676921 3868.51107216499 4003.14425231208 4228.11039324103 4478.06410859806 4728.01782395509 4952.98396488404 5087.61714503112 5204.39135042691 Inf
"28" 49.0909090909091 4307.30170211809 335.238533859279 -Inf 3650.24624952389 3755.88338380576 3877.67623421985 4081.18674715924 4307.30170211809 4533.41665707693 4736.92717001632 4858.72002043042 4964.35715471229 Inf 4492.60294988068 367.238314962261 -Inf 3772.82907881147 3888.54967555946 4021.96811241283 4244.90447055935 4492.60294988068 4740.301429202 4963.23778734853 5096.6562242019 5212.37682094989 Inf
"29" 49.7979797979798 4368.77344618212 334.466061423737 -Inf 3713.23201174063 3818.62573195711 3940.13794154299 4143.17951596335 4368.77344618212 4594.36737640088 4797.40895082124 4918.92116040712 5024.3148806236 Inf 4520.75702380897 366.397850432404 -Inf 3802.63043294857 3918.08619061801 4051.19928497515 4273.62542919844 4520.75702380897 4767.8886184195 4990.3147626428 5123.42785699993 5238.88361466938 Inf
"30" 50.5050505050505 4399.62866240851 334.21597839609 -Inf 3744.57738169435 3849.89229815856 3971.31365206498 4174.20341062859 4399.62866240851 4625.05391418843 4827.94367275204 4949.36502665845 5054.67994312266 Inf 4545.72918110578 366.122783261877 -Inf 3828.14171199294 3943.51079314792 4076.52395503498 4298.78311648238 4545.72918110578 4792.67524572918 5014.93440717659 5147.94756906365 5263.31665021863 Inf
"31" 51.2121212121212 4375.94885793002 333.817821000762 -Inf 3721.67795137089 3826.86740431588 3948.14410681981 4150.79215923222 4375.94885793002 4601.10555662783 4803.75360904024 4925.03031154416 5030.21976448916 Inf 4554.86576097974 365.690438450926 -Inf 3838.12567212526 3953.35851695226 4086.21460707826 4308.21130849988 4554.86576097974 4801.5202134596 5023.51691488121 5156.37300500722 5271.60584983421 Inf
"32" 51.9191919191919 4323.55268524894 333.417250728069 -Inf 3670.06688199756 3775.13011110068 3896.2612855988 4098.6661670943 4323.55268524894 4548.43920340358 4750.84408489907 4871.97525939719 4977.03848850031 Inf 4542.72834749071 365.254864648085 -Inf 3826.84196760242 3941.93755861264 4074.63540387818 4296.36768507632 4542.72834749071 4789.0890099051 5010.82129110325 5143.51913636879 5258.61472737901 Inf
"33" 52.6262626262626 4288.95696269937 333.166248668783 -Inf 3635.96311444424 3740.94725019871 3861.98723513127 4064.239742861 4288.95696269937 4513.67418253774 4715.92669026747 4836.96667520003 4941.9508109545 Inf 4516.16079639557 364.98094102987 -Inf 3800.81129693348 3915.82057177442 4048.41890002479 4269.984892654 4516.16079639557 4762.33670013713 4983.90269276634 5116.50102101671 5231.51029585765 Inf
"34" 53.3333333333333 4288.90713506077 332.992284843368 -Inf 3636.25424963806 3741.18356758929 3862.16035110547 4064.30725203954 4288.90713506077 4513.50701808199 4715.65391901606 4836.63070253224 4941.56002048347 Inf 4488.5924295859 364.792118164876 -Inf 3773.61301613866 3888.56279093909 4021.09251945337 4242.54388493137 4488.5924295859 4734.64097424042 4956.09233971843 5088.6220682327 5203.57184303313 Inf
"35" 54.040404040404 4294.46351337474 333.011684669574 -Inf 3641.77260499136 3746.70803602877 3867.6918675418 4069.85054536958 4294.46351337474 4519.07648137989 4721.23515920767 4842.2189907207 4947.15442175811 Inf 4466.34836267667 364.812894211567 -Inf 3751.32822892618 3866.28455047411 3998.82182696898 4220.28580479161 4466.34836267667 4712.41092056174 4933.87489838437 5066.41217487923 5181.36849642717 Inf
"36" 54.7474747474747 4273.75817272212 333.067977890199 -Inf 3620.95693165375 3725.91010126803 3846.91438422416 4049.10723551664 4273.75817272212 4498.40910992759 4700.60196122008 4821.6062441762 4926.55941379049 Inf 4448.23352356731 364.87331465539 -Inf 3733.09496792299 3848.07032857858 3980.62955594524 4202.13021271218 4448.23352356731 4694.33683442244 4915.83749118937 5048.39671855603 5163.37207921162 Inf
"37" 55.4545454545455 4239.57104743499 332.97074460854 -Inf 3586.96038009676 3691.8829104969 3812.85186840136 4014.98569308137 4239.57104743499 4464.1564017886 4666.29022646861 4787.25918437308 4892.18171477321 Inf 4438.73504554253 364.768523187138 -Inf 3723.80187740187 3838.74421718043 3971.26537359066 4192.70241545864 4438.73504554253 4684.76767562641 4906.2047174944 5038.72587390462 5153.66821368318 Inf
"38" 56.1616161616162 4232.69796603383 332.915044409734 -Inf 3580.1964690792 3685.10144776977 3806.05016967719 4008.15018089339 4232.69796603383 4457.24575117427 4659.34576239048 4780.29448429789 4885.19946298846 Inf 4447.8226529805 364.707518599006 -Inf 3733.00905163547 3847.93216823645 3980.43116155405 4201.83116986602 4447.8226529805 4693.81413609497 4915.21414440694 5047.71313772454 5162.63625432552 Inf
"39" 56.8686868686869 4260.76322905112 332.91038405067 -Inf 3608.27086623241 3713.17437639556 3834.12140518493 4036.2185872751 4260.76322905112 4485.30787082713 4687.40505291731 4808.35208170667 4913.25559186983 Inf 4471.22611927939 364.702353523129 -Inf 3756.42264129707 3871.34413032914 4003.84124716403 4225.23811995566 4471.22611927939 4717.21411860313 4938.61099139476 5071.10810822965 5186.02959726172 Inf
"40" 57.5757575757576 4281.99310885706 332.894503740894 -Inf 3629.53187087357 3734.43037698664 3855.37163642672 4057.45917818721 4281.99310885706 4506.5270395269 4708.61458128739 4829.55584072748 4934.45434684054 Inf 4484.04042630956 364.685256979431 -Inf 3769.27045693714 3884.18655867121 4016.67746429653 4238.06395842931 4484.04042630956 4730.01689418981 4951.40338832258 5083.8942939479 5198.81039568197 Inf
"41" 58.2828282828283 4260.56763627748 332.879124773477 -Inf 3608.13654051625 3713.0302005574 3833.96587278692 4036.04407856353 4260.56763627748 4485.09119399143 4687.16939976805 4808.10507199757 4912.99873203871 Inf 4465.90063877788 364.668151757706 -Inf 3751.16419502399 3866.07490672552 3998.55959798853 4219.93570819436 4465.90063877788 4711.8655693614 4933.24167956722 5065.72637083023 5180.63708253177 Inf
"42" 58.989898989899 4213.24073460667 332.834183945188 -Inf 3560.89772125033 3665.777219971 3786.69656510496 3988.74748902077 4213.24073460667 4437.73398019258 4639.78490410839 4760.70424924235 4865.58374796302 Inf 4425.11122125017 364.619555255734 -Inf 3710.47002488992 3825.36542333034 3957.83245938401 4179.17906850912 4425.11122125017 4671.04337399121 4892.38998311633 5024.85701916999 5139.75241761042 Inf
"43" 59.6969696969697 4181.89865864807 332.796199668486 -Inf 3529.63009310603 3634.49762258769 3755.40316795562 3957.43103306746 4181.89865864807 4406.36628422867 4608.39414934051 4729.29969470844 4834.1672241901 Inf 4387.52411860262 364.577953349064 -Inf 3672.96446048113 3787.84674972987 3920.29867172508 4141.62002592121 4387.52411860262 4633.42821128403 4854.74956548016 4987.20148747537 5102.08377672411 Inf
"44" 60.4040404040404 4178.83766424048 332.765475749257 -Inf 3526.6293164736 3631.48716453008 3752.38154783482 3954.39076162848 4178.83766424048 4403.28456685247 4605.29378064613 4726.18816395087 4831.04601200736 Inf 4368.3759832551 364.544607669916 -Inf 3653.88168146378 3768.75346314364 3901.19327058488 4122.49438189249 4368.3759832551 4614.25758461771 4835.55869592532 4967.99850336656 5082.87028504642 Inf
"45" 61.1111111111111 4183.14532658272 332.74297875496 -Inf 3530.98107211443 3635.83183113499 3756.71804123533 3958.71359796279 4183.14532658272 4407.57705520266 4609.57261193012 4730.45882203046 4835.30958105102 Inf 4364.73834688926 364.520001834785 -Inf 3650.29227164861 3765.15629977496 3897.58716786558 4118.87334191025 4364.73834688926 4610.60335186828 4831.88952591295 4964.32039400357 5079.18442212992 Inf
"46" 61.8181818181818 4178.57247760881 332.700232113178 -Inf 3526.49200501886 3631.32929412985 3752.19997428711 3954.16958116061 4178.57247760881 4402.975374057 4604.9449809305 4725.81566108776 4830.65295019875 Inf 4367.00465660428 364.473312730432 -Inf 3652.65009032663 3767.49940623261 3899.91331207537 4121.17114294759 4367.00465660428 4612.83817026097 4834.09600113319 4966.50990697595 5081.35922288193 Inf
"47" 62.5252525252525 4168.24108568185 332.639799256725 -Inf 3516.27905931403 3621.09730540601 3741.94603018195 3943.8789505759 4168.24108568185 4392.60322078779 4594.53614118175 4715.38486595768 4820.20311204966 Inf 4364.85196242021 364.407788014575 -Inf 3650.62582222574 3765.45449061507 3897.84459119349 4119.06264451275 4364.85196242021 4610.64128032767 4831.85933364693 4964.24943422534 5079.07810261468 Inf
"48" 63.2323232323232 4156.79844737681 332.628667747548 -Inf 3504.85823836607 3609.67297680422 3730.51765747992 3932.44382035971 4156.79844737681 4381.15307439391 4583.07923727369 4703.9239179494 4808.73865638754 Inf 4348.70847338762 364.395444492594 -Inf 3634.50652605167 3749.33130486938 3881.71692102081 4102.92748105922 4348.70847338762 4594.48946571601 4815.70002575442 4948.08564190585 5062.91042072356 Inf
"49" 63.9393939393939 4142.91476455583 332.640798183805 -Inf 3490.95078032691 3595.76934119116 3716.61842887937 3918.55195568381 4142.91476455583 4367.27757342785 4569.21110023229 4690.06018792049 4794.87874878474 Inf 4319.5720693465 364.408677393031 -Inf 3605.34418600228 3720.17313464398 3852.56355833542 4073.78215156239 4319.5720693465 4565.36198713061 4786.58058035757 4918.97100404901 5033.79995269071 Inf
"50" 64.6464646464646 4129.75675026299 332.637504517445 -Inf 3477.79922150152 3582.61674449738 3703.46463558981 3905.39616293517 4129.75675026299 4354.11733759081 4556.04886493617 4676.89675602859 4781.71427902446 Inf 4293.16168506711 364.404968254904 -Inf 3578.94107150004 3693.76885135389 3826.15792750781 4047.37426905865 4293.16168506711 4538.94910107557 4760.16544262641 4892.55451878032 5007.38229863418 Inf
"51" 65.3535353535354 4122.27698395892 332.57559536151 -Inf 3470.44079491339 3575.23880969299 3696.06420906145 3897.95815372222 4122.27698395892 4346.59581419562 4548.48975885639 4669.31515822484 4774.11317300444 Inf 4281.71352878588 364.337455871254 -Inf 3567.62523705927 3682.43174306178 3814.79629182754 4035.9716491882 4281.71352878588 4527.45540838356 4748.63076574422 4880.99531450999 4995.80182051249 Inf
"52" 66.0606060606061 4113.16031653817 332.504529103049 -Inf 3461.46341479974 3566.23903586522 3687.03861671548 3888.88941976439 4113.16031653817 4337.43121331195 4539.28201636085 4660.08159721111 4764.85721827659 Inf 4276.46920101555 364.260466979479 -Inf 3562.53180474403 3677.31405074932 3809.65062929199 4030.77924963625 4276.46920101555 4522.15915239485 4743.28777273911 4875.62435128178 4990.40659728707 Inf
"53" 66.7676767676768 4090.39122677208 332.518500480384 -Inf 3438.66694163726 3543.44696522846 3664.2516219089 3866.11090644749 4090.39122677208 4314.67154709667 4516.53083163526 4637.3354883157 4742.1155119069 Inf 4261.11614295775 364.275264755934 -Inf 3547.14974357733 3661.93665251525 3794.27860712061 4015.41621062991 4261.11614295775 4506.81607528559 4727.95367879489 4860.29563340026 4975.08254233818 Inf
"54" 67.4747474747475 4059.99036542161 332.530362155575 -Inf 3408.24283183062 3513.02659315853 3633.83555921002 3835.70204451868 4059.99036542161 4284.27868632454 4486.1451716332 4606.95413768469 4711.7378990126 Inf 4236.55741286416 364.28828368632 -Inf 3522.56549684906 3637.35650818679 3769.7031925964 3990.84869940121 4236.55741286416 4482.2661263271 4703.41163313191 4835.75831754153 4950.54932887925 Inf
"55" 68.1818181818182 4042.06529490228 332.51396694556 -Inf 3390.34989533244 3495.12849035986 3615.93149999776 3817.78803240046 4042.06529490228 4266.3425574041 4468.19908980681 4589.00209944471 4693.78069447212 Inf 4216.3122931314 364.27050087649 -Inf 3502.35523078311 3617.14063857328 3749.48086245142 3970.61557399141 4216.3122931314 4462.00901227138 4683.14372381138 4815.48394768952 4930.26935547969 Inf
"56" 68.8888888888889 4040.83180889821 332.523218691257 -Inf 3389.09827624001 3493.87978658832 3614.6861574045 3816.54830618875 4040.83180889821 4265.11531160768 4466.97746039192 4587.78383120811 4692.56534155641 Inf 4202.02619407716 364.280601666546 -Inf 3488.04933454415 3602.83792519788 3735.18181871387 3956.32266205782 4202.02619407716 4447.72972609651 4668.87056944045 4801.21446295645 4916.00305361017 Inf
"57" 69.5959595959596 4036.79460769599 332.573989249916 -Inf 3384.96156657134 3489.75907524855 3610.58389111335 3812.4768607651 4036.79460769599 4261.11235462688 4463.00532427864 4583.83014014344 4688.62764882064 Inf 4182.75406700598 364.335877438578 -Inf 3468.66886895057 3583.47487757259 3715.83885289051 3937.01325204497 4182.75406700598 4428.494881967 4649.66928112146 4782.03325643937 4896.8392650614 Inf
"58" 70.3030303030303 4014.36368791263 332.620279730337 -Inf 3362.43991911353 3467.25201440057 3588.09364769234 3790.01471852717 4014.36368791263 4238.7126572981 4440.63372813293 4561.47536142469 4666.28745671173 Inf 4157.25608768809 364.386037027973 -Inf 3443.07257864398 3557.89439307215 3690.27659147229 3911.48144059815 4157.25608768809 4403.03073477802 4624.23558390388 4756.61778230402 4871.43959673219 Inf
"59" 71.010101010101 3980.66276165297 332.587173278503 -Inf 3328.80388030713 3433.60554340829 3554.43514905785 3756.33612222994 3980.66276165297 4204.98940107601 4406.89037424809 4527.71997989766 4632.52164299882 Inf 4136.09649821487 364.350182156905 -Inf 3421.98326342673 3536.79377961365 3669.16295186523 3890.34603486796 4136.09649821487 4381.84696156178 4603.03004456451 4735.39921681608 4850.20973300301 Inf
"60" 71.7171717171717 3949.68404779135 332.530917445618 -Inf 3297.93542585188 3402.71936215743 3523.52852994694 3725.39535235098 3949.68404779135 4173.97274323172 4375.83956563577 4496.64873342528 4601.43266973083 Inf 4119.38930564758 364.28905744853 -Inf 3405.39587308642 3520.18712824463 3652.53409376365 3873.68007028996 4119.38930564758 4365.09854100521 4586.24451753151 4718.59148305053 4833.38273820874 Inf
"61" 72.4242424242424 3923.35967098182 332.54544465166 -Inf 3271.58257624171 3376.37109022034 3497.18553577376 3699.06117708987 3923.35967098182 4147.65816487376 4349.53380618988 4470.34825174329 4575.13676572193 Inf 4094.73465824628 364.304889960387 -Inf 3380.71019453209 3495.50643867878 3627.85915618199 3849.01474402169 4094.73465824628 4340.45457247087 4561.61016031057 4693.96287781378 4808.75912196046 Inf
"62" 73.1313131313131 3898.68922124451 332.641484424221 -Inf 3246.72389200909 3351.5426691148 3472.39200611557 3674.32594951036 3898.68922124451 4123.05249297865 4324.98643637345 4445.83577337421 4550.65455047992 Inf 4063.52418906652 364.409431247971 -Inf 3349.29482819378 3464.12401438298 3596.51471195147 3817.73376281498 4063.52418906652 4309.31461531807 4530.53366618158 4662.92436375007 4777.75354993927 Inf
"63" 73.8383838383838 3880.67081575181 332.761347988155 -Inf 3228.47055824802 3333.32710560423 3454.21998928485 3656.22669727236 3880.67081575181 4105.11493423125 4307.12164221876 4428.01452589938 4532.87107325559 Inf 4045.79094456234 364.539844767812 -Inf 3331.30597788761 3446.17625872768 3578.61433579677 3799.91255572838 4045.79094456234 4291.6693333963 4512.96755332792 4645.405630397 4760.27591123707 Inf
"64" 74.5454545454545 3874.17299848747 332.8404506293 -Inf 3221.81770265596 3326.69917607371 3447.62079790692 3649.67552608736 3874.17299848747 4098.67047088758 4300.72519906802 4421.64682090124 4526.52829431898 Inf 4046.92922245291 364.626178189179 -Inf 3332.27504538164 3447.17253077699 3579.64197295602 3800.99260261114 4046.92922245291 4292.86584229468 4514.2164719498 4646.68591412884 4761.58339952418 Inf
"65" 75.2525252525253 3870.05429723182 332.957516937805 -Inf 3217.46955565184 3322.38791787592 3443.35207014033 3645.47786480653 3870.05429723182 4094.63072965711 4296.75652432331 4417.72067658773 4522.6390388118 Inf 4042.49079748285 364.754031045729 -Inf 3327.58603341742 3442.52380657212 3575.0396979575 3796.46794219981 4042.49079748285 4288.5136527659 4509.94189700821 4642.45778839359 4757.39556154829 Inf
"66" 75.959595959596 3853.61636139174 333.156231679486 -Inf 3200.64214607487 3305.62312537226 3426.65947111196 3628.90589790998 3853.61636139174 4078.32682487351 4280.57325167153 4401.60959741123 4506.59057670862 Inf 4014.49752634068 364.969690745783 -Inf 3299.17007703023 3414.17580679013 3546.7700477891 3768.32921080042 4014.49752634068 4260.66584188095 4482.22500489227 4614.81924589124 4729.82497565114 Inf
"67" 76.6666666666667 3825.24540528488 333.376403621562 -Inf 3171.83966089113 3276.89001864792 3398.00635330804 3600.38643808491 3825.24540528488 4050.10437248486 4252.48445726173 4373.60079192185 4478.65114967863 Inf 3982.58214153574 365.210502140168 -Inf 3266.78271056522 3381.86432248972 3514.54605076468 3736.25140117823 3982.58214153574 4228.91288189325 4450.6182323068 4583.29996058176 4698.38157250626 Inf
"68" 77.3737373737374 3800.92083326434 333.660864408029 -Inf 3146.9575559741 3252.09755027103 3373.31723012127 3575.87000017956 3800.92083326434 4025.97166634912 4228.52443640742 4349.74411625765 4454.88411055458 Inf 3973.28936605944 365.518772814479 -Inf 3256.88573566978 3372.06448687669 3504.8582105231 3726.75070029182 3973.28936605944 4219.82803182706 4441.72052159578 4574.51424524219 4689.6929964491 Inf
"69" 78.0808080808081 3792.01335783943 333.911468774163 -Inf 3137.5589050172 3242.77786734555 3364.0885922786 3566.79349467833 3792.01335783943 4017.23322100052 4219.93812340025 4341.2488483333 4446.46781066166 Inf 3972.70543411582 365.793025741098 -Inf 3255.76427786734 3371.02944901202 3503.92280931202 3725.98178756024 3972.70543411582 4219.4290806714 4441.48805891962 4574.38141921962 4689.64659036431 Inf
"70" 78.7878787878788 3795.83536722534 334.494229823131 -Inf 3140.23872373553 3245.64132010642 3367.16376332987 3570.2224377099 3795.83536722534 4021.44829674077 4224.50697112081 4346.02941434425 4451.43201071514 Inf 3942.78683558458 366.427700483994 -Inf 3224.60173969812 3340.06690342799 3473.19084237041 3695.63510742021 3942.78683558458 4189.93856374895 4412.38282879875 4545.50676774117 4660.97193147104 Inf
"71" 79.4949494949495 3806.88791446528 335.941365189558 -Inf 3148.45493777653 3254.3135414902 3376.36173197541 3580.29890697804 3806.88791446528 4033.47692195251 4237.41409695515 4359.46228744035 4465.32089115403 Inf 3882.23556689185 368.000440406501 -Inf 3160.96795740023 3276.92870776947 3410.62402636779 3634.02304177002 3882.23556689185 4130.44809201367 4353.8471074159 4487.54242601422 4603.50317638346 Inf
"72" 80.2020202020202 3819.74962408703 338.952946265716 -Inf 3155.41405695249 3262.22164105598 3385.36394515425 3591.12933603204 3819.74962408703 4048.36991214202 4254.13530301981 4377.27760711808 4484.08519122157 Inf 3833.01131458756 371.279361649477 -Inf 3105.31713755156 3222.31110996619 3357.19766741127 3582.58719069565 3833.01131458756 4083.43543847948 4308.82496176385 4443.71151920893 4560.70549162356 Inf
"73" 80.9090909090909 3805.87812335771 345.167348283672 -Inf 3129.36255208252 3238.12835862809 3363.52836778989 3573.06628483801 3805.87812335771 4038.68996187741 4248.22787892553 4373.62788808733 4482.3936946329 Inf 3805.59117107891 378.008162327755 -Inf 3064.70878705434 3183.82307425684 3321.15421885914 3550.62854009839 3805.59117107891 4060.55380205944 4290.02812329868 4427.35926790098 4546.47355510348 Inf
"74" 81.6161616161616 3695.69926251447 371.855373779636 -Inf 2966.87612244871 3084.05160225164 3219.14742609101 3444.88662434478 3695.69926251447 3946.51190068417 4172.25109893794 4307.3469227773 4424.52240258024 Inf 3718.64799326989 407.083845574688 -Inf 2920.77831725544 3049.05465340301 3196.94905366573 3444.07411195936 3718.64799326989 3993.22187458042 4240.34693287405 4388.24133313677 4516.51766928434 Inf
"75" 82.3232323232323 3406.91666047667 506.497482836528 -Inf 2414.19983585688 2573.80243879122 2757.81401840312 3065.28929980332 3406.91666047667 3748.54402115002 4056.01930255022 4240.03088216212 4399.63348509646 Inf 3443.32027067996 549.685931251561 -Inf 2365.95564261854 2539.16737297663 2738.86940492668 3072.56274422379 3443.32027067996 3814.07779713613 4147.77113643324 4347.47316838329 4520.68489874138 Inf
"76" 83.030303030303 2907.33410444403 821.625299082982 -Inf 1296.97810945443 1555.8807512523 1854.37891611318 2353.15626171077 2907.33410444403 3461.51194717729 3960.28929277487 4258.78745763576 4517.69009943362 Inf 2915.86818970844 879.03321092179 -Inf 1192.99475508713 1469.98722451294 1789.34180208593 2322.96929885975 2915.86818970844 3508.76708055714 4042.39457733096 4361.74915490395 4638.74162432975 Inf
"77" 83.7373737373737 2253.70459301879 1247.69196624106 -Inf -191.726724613656 201.433937028965 654.723000365137 1412.1491503872 2253.70459301879 3095.26003565038 3852.68618567245 4305.97524900862 4699.13591065124 Inf 2203.18943981686 1321.5284214673 -Inf -386.95867080512 29.4686226469144 509.582622373754 1311.83206494436 2203.18943981686 3094.54681468936 3896.79625725996 4376.9102569868 4793.33755043884 Inf
"78" 84.4444444444444 1567.95534340189 1665.6785508656 -Inf -1696.71462611556 -1171.84206232467 -566.697611153985 444.472233721577 1567.95534340189 2691.4384530822 3702.60829795776 4307.75274912844 4832.62531291933 Inf 1462.39281986664 1753.25347066961 -Inf -1973.92083841566 -1421.45251032954 -784.491910266513 279.841324404274 1462.39281986664 2644.944315329 3709.27754999979 4346.23815006281 4898.70647814893 Inf
"79" 85.1515151515152 972.170445904691 1987.39893443949 -Inf -2923.05988850999 -2296.8098996076 -1574.78376988791 -368.309764925362 972.170445904691 2312.65065673474 3519.12466169729 4241.15079141698 4867.40078031938 Inf 842.88970130342 2083.81083749195 -Inf -3241.30449077504 -2584.67411262599 -1827.62133978319 -562.619349932409 842.88970130342 2248.39875253925 3513.40074239003 4270.45351523283 4927.08389338188 Inf
"80" 85.8585858585859 534.969651023543 2185.31583774258 -Inf -3748.17068579689 -3059.55503072183 -2265.62528204487 -939.00348247499 534.969651023543 2008.94278452208 3335.56458409196 4129.49433276892 4818.10998784397 Inf 416.370129629236 2286.15279103456 -Inf -4064.40700395423 -3344.0165804692 -2513.45255879527 -1125.61649530574 416.370129629236 1958.35675456421 3346.19281805374 4176.75683972767 4897.1472632127 Inf
"81" 86.5656565656566 260.531352293291 2282.54921087429 -Inf -4213.18289396063 -3493.9279959085 -2664.67316233524 -1279.02469475957 260.531352293291 1800.08739934615 3185.73586692183 4014.99070049508 4734.24559854721 Inf 172.395591865485 2385.0897824675 -Inf -4502.29448166529 -3750.72798743109 -2884.21995282017 -1436.32301970625 172.395591865485 1781.11420343722 3229.01113655114 4095.51917116205 4847.08566539626 Inf
"82" 87.2727272727273 111.978344863128 2320.45048194934 -Inf -4436.02102766619 -3704.82304653253 -2861.79860304777 -1453.14172104926 111.978344863128 1677.09841077551 3085.75529277403 3928.77973625879 4659.97771739244 Inf 56.9094327461573 2423.48387615977 -Inf -4693.03168164052 -3929.36681081365 -3048.91012281849 -1577.70560148908 56.9094327461573 1691.52446698139 3162.72898831081 4043.18567630596 4806.85054713283 Inf
"83" 87.979797979798 42.3175927675692 2332.11252499123 -Inf -4528.53896411002 -3793.66615242322 -2946.40486466112 -1530.66840164292 42.3175927675692 1615.30358717806 3031.04005019626 3878.30133795836 4613.17414964516 Inf 12.7659767788293 2435.24974225275 -Inf -4760.23581139702 -3992.86339429825 -3108.13214289727 -1629.7850135383 12.7659767788293 1655.31696709596 3133.66409645493 4018.39534785591 4785.76776495468 Inf
"84" 88.6868686868687 13.9762406905044 2334.94307663398 -Inf -4562.42809546325 -3826.66334763613 -2978.37371462731 -1560.91893179042 13.9762406905044 1588.87141317143 3006.32619600831 3854.61582901714 4590.38057684426 Inf 0.171191222952375 2438.09527662832 -Inf -4778.40774184577 -4010.13866739239 -3124.37362748697 -1644.29908286433 0.171191222952375 1644.64146531023 3124.71600993287 4010.48104983829 4778.75012429167 Inf
"85" 89.3939393939394 3.99128475042222 2335.48667417383 -Inf -4573.47848300351 -3837.54244196123 -2989.0553188456 -1571.27053869936 3.99128475042222 1579.25310820021 2997.03788834645 3845.52501146207 4581.46105250436 Inf -1.67444910081332 2438.64005722866 -Inf -4781.32113252568 -4012.88039206252 -3126.91743224197 -1646.51217211913 -1.67444910081332 1643.1632739175 3123.56853404035 4009.53149386089 4777.97223432405 Inf
"86" 90.1010101010101 0.965561516489373 2335.56966430761 -Inf -4576.66686391073 -3840.70467181771 -2992.1873982154 -1574.3522379279 0.965561516489373 1576.28336096087 2994.11852124838 3842.63579485069 4578.5979869437 Inf -1.09063817966529 2438.72300597119 -Inf -4780.89989815246 -4012.43301968138 -3126.43992441168 -1645.98430927461 -1.09063817966529 1643.80303291528 3124.25864805235 4010.25174332204 4778.71862179313 Inf
"87" 90.8080808080808 0.189022197639794 2335.57978345785 -Inf -4577.46323639961 -3841.49785565755 -2992.97690574709 -1575.13560250987 0.189022197639794 1575.51364690515 2993.35495014237 3841.87590005282 4577.84128079489 Inf -0.474026222612764 2438.73309679969 -Inf -4780.30306385584 -4011.83300566018 -3125.83624437169 -1645.37450347795 -0.474026222612764 1644.42645103273 3124.88819192647 4010.88495321496 4779.35501141062 Inf
"88" 91.5151515151515 0.0260902754608216 2335.5807728756 -Inf -4577.62810754494 -3841.6624150271 -2993.14110565914 -1575.29920178418 0.0260902754608216 1575.3513823351 2993.19328621006 3841.71459557802 4577.68028809586 Inf -0.164571484461907 2438.73408148256 -Inf -4779.99553906065 -4011.52517058122 -3125.52805155541 -1645.06571289831 -0.164571484461907 1644.73656992938 3125.19890858649 4011.19602761229 4779.66639609173 Inf
"89" 92.2222222222222 0.000769064625126968 2335.58085071132 -Inf -4577.65358131098 -3841.6878642663 -2993.16652662046 -1575.32457549441 0.000769064625126968 1575.32611362366 2993.16806474971 3841.68940239554 4577.65511944023 Inf -0.0482567457855002 2438.73415881157 -Inf -4779.87937588405 -4011.40898303745 -3125.41183591785 -1644.94945031726 -0.0482567457855002 1644.85293682568 3125.31532242628 4011.31246954588 4779.78286239248 Inf
"90" 92.9292929292929 -0.00095568217728019 2335.58085565133 -Inf -4577.65531574003 -3841.6895971387 -2993.16825769814 -1575.3263035732 -0.00095568217728019 1575.32439220884 2993.16634633379 3841.68768577434 4577.65340437568 Inf -0.0122528219936004 2438.734163712 -Inf -4779.84338156492 -4011.37298717414 -3125.37583827421 -1644.91344969875 -0.0122528219936004 1644.88894405476 3125.35133263022 4011.34848153015 4779.81887592094 Inf
"91" 93.6363636363636 -0.000393442784955534 2335.58085590485 -Inf -4577.65475399752 -3841.6890353163 -2993.16769578364 -1575.3257415048 -0.000393442784955534 1575.32495461923 2993.16690889807 3841.68824843073 4577.65396711195 Inf -0.00273032666885165 2438.73416396315 -Inf -4779.83385956184 -4011.36346509193 -3125.36631610075 -1644.90392737282 -0.00273032666885165 1644.89846671949 3125.36085544741 4011.35800443859 4779.82839890851 Inf
"92" 94.3434343434343 -0.000103751697767203 2335.58085591539 -Inf -4577.65446432709 -3841.68874564255 -2993.16740610606 -1575.32545182082 -0.000103751697767203 1575.32524431742 2993.16719860267 3841.68853813915 4577.6542568237 Inf -0.000538285200636121 2438.73416397358 -Inf -4779.83166754082 -4011.36127306761 -3125.36412407265 -1644.90173533839 -0.000538285200636121 1644.90065876799 3125.36304750224 4011.36019649721 4779.83059097041 Inf
"93" 95.0505050505051 -2.16790314379961e-05 2335.58085591574 -Inf -4577.65438225512 -3841.68866357047 -2993.16732403385 -1575.32536974839 -2.16790314379961e-05 1575.32532639033 2993.16728067579 3841.6886202124 4577.65433889706 Inf -9.43907049105757e-05 2438.73416397393 -Inf -4779.83122364701 -4011.36082917369 -3125.3636801786 -1644.90129144413 -9.43907049105757e-05 1644.90110266272 3125.36349139719 4011.36064039228 4779.8310348656 Inf
"94" 95.7575757575758 -3.8170655359936e-06 2335.58085591575 -Inf -4577.65436439318 -3841.68864570852 -2993.1673061719 -1575.32535188643 -3.8170655359936e-06 1575.3253442523 2993.16729853777 3841.68863807439 4577.65435675905 Inf -1.47759676079005e-05 2438.73416397394 -Inf -4779.83114403229 -4011.36074955897 -3125.36360056388 -1644.9012118294 -1.47759676079005e-05 1644.90118227747 3125.36357101194 4011.36072000704 4779.83111448036 Inf
"95" 96.4646464646465 -5.81566827446786e-07 2335.58085591575 -Inf -4577.65436115768 -3841.68864247302 -2993.1673029364 -1575.32534865093 -5.81566827446786e-07 1575.3253474878 2993.16730177327 3841.68864130989 4577.65435999455 Inf -2.07033959360013e-06 2438.73416397394 -Inf -4779.83113132666 -4011.36073685335 -3125.36358785825 -1644.90119912377 -2.07033959360013e-06 1644.90119498309 3125.36358371757 4011.36073271266 4779.83112718598 Inf
"96" 97.1717171717172 -7.77523988470021e-08 2335.58085591575 -Inf -4577.65436065387 -3841.68864196921 -2993.16730243259 -1575.32534814712 -7.77523988470021e-08 1575.32534799162 2993.16730227708 3841.6886418137 4577.65436049836 Inf -2.60162278452993e-07 2438.73416397394 -Inf -4779.83112951649 -4011.36073504317 -3125.36358604807 -1644.9011973136 -2.60162278452993e-07 1644.90119679327 3125.36358552775 4011.36073452284 4779.83112899616 Inf
"97" 97.8787878787879 -9.19745543037193e-09 2335.58085591575 -Inf -4577.65436058531 -3841.68864190065 -2993.16730236403 -1575.32534807857 -9.19745543037193e-09 1575.32534806017 2993.16730234564 3841.68864188225 4577.65436056691 Inf -2.9364481473333e-08 2438.73416397394 -Inf -4779.83112928569 -4011.36073481237 -3125.36358581727 -1644.9011970828 -2.9364481473333e-08 1644.90119702407 3125.36358575854 4011.36073475364 4779.83112922696 Inf
"98" 98.5858585858586 -9.67777117985324e-10 2335.58085591575 -Inf -4577.65436057708 -3841.68864189242 -2993.1673023558 -1575.32534807034 -9.67777117985324e-10 1575.3253480684 2993.16730235387 3841.68864189048 4577.65436057514 Inf -2.98051639561789e-09 2438.73416397394 -Inf -4779.83112925931 -4011.36073478599 -3125.36358579089 -1644.90119705641 -2.98051639561789e-09 1644.90119705045 3125.36358578493 4011.36073478002 4779.83112925334 Inf
"99" 99.2929292929293 -9.09111763366284e-11 2335.58085591575 -Inf -4577.6543605762 -3841.68864189155 -2993.16730235493 -1575.32534806946 -9.09111763366284e-11 1575.32534806928 2993.16730235474 3841.68864189136 4577.65436057602 Inf -2.72309975304593e-10 2438.73416397394 -Inf -4779.8311292566 -4011.36073478328 -3125.36358578818 -1644.90119705371 -2.72309975304593e-10 1644.90119705316 3125.36358578764 4011.36073478273 4779.83112925605 Inf
"100" 100 -7.64403564559096e-12 2335.58085591575 -Inf -4577.65436057612 -3841.68864189146 -2993.16730235484 -1575.32534806938 -7.64403564559096e-12 1575.32534806936 2993.16730235483 3841.68864189144 4577.6543605761 Inf -2.24115523205411e-11 2438.73416397394 -Inf -4779.83112925635 -4011.36073478303 -3125.36358578793 -1644.90119705346 -2.24115523205411e-11 1644.90119705341 3125.36358578789 4011.36073478298 4779.8311292563 Inf
