"mid_age" "mean_left" "std_left" "min_left" "l.q2.5" "l.q5" "l.q10" "l.q25" "l.q50" "l.q75" "l.q90" "l.q95" "l.q97.5" "max_left" "mean_right" "std_right" "min_right" "r.q2.5" "r.q5" "r.q10" "r.q25" "r.q50" "r.q75" "r.q90" "r.q95" "r.q97.5" "max_right"
"1" 30 5.3043836597034e-08 2317.79085166275 -Inf -4542.78659290236 -3812.42668881937 -2970.36849450031 -1563.32617249173 5.3043836597034e-08 1563.32617259781 2970.36849460639 3812.42668892546 4542.78659300845 Inf 3.96236725485189e-08 2393.59634033801 -Inf -4691.36262054974 -3937.11562182312 -3067.51713720237 -1614.45619762521 3.96236725485189e-08 1614.45619770446 3067.51713728162 3937.11562190236 4691.36262062899 Inf
"2" 30.7070707070707 4.84786949048938e-07 2317.79085166275 -Inf -4542.78659247062 -3812.42668838763 -2970.36849406856 -1563.32617205998 4.84786949048938e-07 1563.32617302956 2970.36849503814 3812.4266893572 4542.78659344019 Inf 3.66969275148233e-07 2393.59634033801 -Inf -4691.3626202224 -3937.11562149577 -3067.51713687503 -1614.45619729787 3.66969275148233e-07 1614.45619803181 3067.51713760897 3937.11562222971 4691.36262095634 Inf
"3" 31.4141414141414 4.003221345262e-06 2317.79085166275 -Inf -4542.78658895218 -3812.42668486919 -2970.36849055013 -1563.32616854155 4.003221345262e-06 1563.32617654799 2970.36849855657 3812.42669287563 4542.78659695863 Inf 3.07326765358261e-06 2393.59634033801 -Inf -4691.3626175161 -3937.11561878947 -3067.51713416873 -1614.45619459157 3.07326765358261e-06 1614.4562007381 3067.51714031527 3937.11562493601 4691.36262366264 Inf
"4" 32.1212121212121 2.98634634396457e-05 2317.79085166275 -Inf -4542.78656309194 -3812.42665900895 -2970.36846468989 -1563.32614268131 2.98634634396457e-05 1563.32620240823 2970.36852441681 3812.42671873588 4542.78662281887 Inf 2.32701442030338e-05 2393.59634033801 -Inf -4691.36259731922 -3937.1155985926 -3067.51711397185 -1614.45617439469 2.32701442030338e-05 1614.45622093498 3067.51716051214 3937.11564513288 4691.36264385951 Inf
"5" 32.8282828282828 0.000201215434146277 2317.79085166274 -Inf -4542.78639173996 -3812.42648765697 -2970.36829333791 -1563.32597132933 0.000201215434146277 1563.3263737602 2970.36869576878 3812.42689008784 4542.78679417083 Inf 0.000159273745758651 2393.596340338 -Inf -4691.36246131561 -3937.11546258898 -3067.51697796824 -1614.45603839109 0.000159273745758651 1614.45635693858 3067.51729651574 3937.11578113647 4691.3627798631 Inf
"6" 33.5353535353535 0.00122427645103747 2317.79085166251 -Inf -4542.78536867849 -3812.42546459558 -2970.3672702766 -1563.32494826816 0.00122427645103747 1563.32739682106 2970.3697188295 3812.42791314848 4542.7878172314 Inf 0.000985231379647851 2393.59634033778 -Inf -4691.36163535754 -3937.11463663099 -3067.51615201033 -1614.4552124333 0.000985231379647851 1614.45718289606 3067.51812247309 3937.11660709374 4691.3636058203 Inf
"7" 34.2424242424242 0.00672492758780559 2317.79085165569 -Inf -4542.77986801398 -3812.41996393321 -2970.36176961671 -1563.31944761242 0.00672492758780559 1563.3328974676 2970.37521947189 3812.43341378839 4542.79331786915 Inf 0.00550637366576856 2393.59634033117 -Inf -4691.3571142023 -3937.11011547783 -3067.51163085957 -1614.45069128656 0.00550637366576856 1614.46170403389 3067.5226436069 3937.12112822516 4691.36812694963 Inf
"8" 34.9494949494949 0.0333398222916711 2317.79085149046 -Inf -4542.75325279544 -3812.39334876674 -2970.33515451026 -1563.29283260627 0.0333398222916711 1563.35951225086 2970.40183415485 3812.46002841132 4542.81993244002 Inf 0.0277965568228737 2393.59634017093 -Inf -4691.33482370508 -3937.0878250311 -3067.48934047106 -1614.42840099532 0.0277965568228737 1614.48399410897 3067.5449335847 3937.14341814474 4691.39041681873 Inf
"9" 35.6565656565657 0.14913101614229 2317.790848246 -Inf -4542.63745524257 -3812.27755223623 -2970.21935915847 -1563.17703922407 0.14913101614229 1563.47530125635 2970.51762119076 3812.57581426851 4542.93571727485 Inf 0.126694285844934 2393.59633701872 -Inf -4691.23591979785 -3936.98892211716 -3067.39043870232 -1614.32950114017 0.126694285844934 1614.58288971186 3067.64382727401 3937.24231068885 4691.48930836954 Inf
"10" 36.3636363636364 0.601654324828961 2317.79079664506 -Inf -4542.18483079788 -3811.82494405154 -2969.76676972051 -1562.72448111107 0.601654324828961 1563.92778976073 2970.97007837017 3813.02825270119 4543.38813944754 Inf 0.521175501538068 2393.59628678357 -Inf -4690.84134012306 -3936.59435827199 -3066.99589310769 -1613.93498604138 0.521175501538068 1614.97733704445 3068.03824411076 3937.63670927506 4691.88369112614 Inf
"11" 37.0707070707071 2.18842482316794 2317.79013317496 -Inf -4540.59675992206 -3810.23708224201 -2968.17914895104 -1561.13726310896 2.18842482316794 1565.51411275529 2972.55599859737 3814.61393188834 4544.97360956839 Inf 1.93406022021091 2393.59563939361 -Inf -4689.42718654339 -3935.1804086916 -3065.5821787254 -1612.52166466482 1.93406022021091 1616.38978510524 3069.45029916582 3939.04852913202 4693.29530698381 Inf
"12" 37.7777777777778 7.17371362757247 2317.78325209705 -Inf -4535.59798445276 -3805.24047507164 -2963.18504169045 -1556.14733308803 7.17371362757247 1570.49476034317 2977.5324689456 3819.58790232678 4549.9454117079 Inf 6.47133403636785 2393.5889075902 -Inf -4684.87671863499 -3930.63206204418 -3061.03627775604 -1607.97985031626 6.47133403636785 1620.92251838899 3073.97894582878 3943.57473011691 4697.81938670772 Inf
"13" 38.4848484848485 21.1840345703481 2317.72584488163 -Inf -4521.47514743531 -3791.13572766236 -2949.10115044088 -1542.09829156686 21.1840345703481 1584.46636070756 2991.46921958158 3833.50379680305 4563.843216576 Inf 19.5129026442467 2393.53257882438 -Inf -4671.72474767481 -3917.49784086154 -3047.92252093014 -1594.90028853319 19.5129026442467 1633.92609382168 3086.94832621863 3956.52364615003 4710.7505529633 Inf
"14" 39.1919191919192 56.3342237242044 2317.34188015832 -Inf -4485.57240125245 -3755.35397274076 -2913.45889069476 -1506.6891221427 56.3342237242044 1619.35756959111 3026.12733814317 3868.02242018917 4598.24084870085 Inf 52.9934104801798 2393.15454689021 -Inf -4637.5033108629 -3883.39552582759 -3013.95754567715 -1561.16480203241 52.9934104801798 1667.15162299277 3119.94436663751 3989.38234678794 4743.49013182326 Inf
"15" 39.8989898989899 134.877249272907 2315.29112314352 -Inf -4403.00996581368 -3673.43775207826 -2832.28771428319 -1426.76288200737 134.877249272907 1696.51738055318 3102.042212829 3943.19225062407 4672.76446435949 Inf 129.564919474809 2391.12762806029 -Inf -4556.95911396205 -3803.49003204403 -2934.78843568281 -1483.22615706253 129.564919474809 1742.35599601214 3193.91827463242 4062.61987099365 4816.08895291167 Inf
"16" 40.6060606060606 290.7535658688 2306.58032771774 -Inf -4230.06080390657 -3503.23345203265 -2665.24806417225 -1265.01122318074 290.7535658688 1846.51835491834 3246.75519590985 4084.74058377024 4811.56793564417 Inf 285.088878783287 2382.4800367093 -Inf -4384.48618705261 -3633.74205073749 -2768.18214214028 -1321.86948602392 285.088878783287 1892.0472435905 3338.35989970685 4203.91980830406 4954.66394461918 Inf
"17" 41.3131313131313 564.611487509875 2277.24017641924 -Inf -3898.69724241947 -3181.11527611292 -2353.78922570126 -971.363670219618 564.611487509875 2100.58664523937 3483.01220072101 4310.33825113267 5027.92021743922 Inf 564.546310957769 2353.20896412524 -Inf -4047.6585068245 -3306.13798865834 -2451.21232107051 -1022.66901541424 564.546310957769 2151.76163732978 3580.30494298605 4435.23061057388 5176.75112874004 Inf
"18" 42.020202020202 988.918966509641 2198.84840474958 -Inf -3320.74471426288 -2627.86480715916 -1829.01864899243 -494.181744728953 988.918966509641 2472.01967774824 3806.85658201171 4605.70274017844 5298.58264728216 Inf 1006.68122740962 2274.58289862821 -Inf -3451.41933375239 -2734.67470320078 -1908.31404728833 -527.5016236864 1006.68122740962 2540.86407850564 3921.67650210757 4748.03715802001 5464.78178857162 Inf
"19" 42.7272727272727 1566.06510474239 2031.93284983043 -Inf -2416.45009992908 -1776.16701302303 -1037.9616200393 195.547224445052 1566.06510474239 2936.58298503973 4170.09182952408 4908.29722250781 5548.58030941387 Inf 1618.89467054126 2106.22671277832 -Inf -2509.23382978044 -1845.53997715424 -1080.34347061166 198.266341183092 1618.89467054126 3039.52299989942 4318.13281169417 5083.32931823676 5747.02317086296 Inf
"20" 43.4343434343434 2251.44058837707 1746.74602836203 -Inf -1172.11871735089 -621.700951737297 12.8954811208946 1073.27829605116 2251.44058837707 3429.60288070297 4489.98569563324 5124.58212849143 5674.99989410503 Inf 2355.00994121977 1816.91727711548 -Inf -1206.08248481515 -633.553031914417 26.5367602673969 1129.51786085121 2355.00994121977 3580.50202158834 4683.48312217215 5343.57291435396 5916.10236725469 Inf
"21" 44.1414141414141 2956.55696819568 1354.49452917262 -Inf 301.796473760818 728.611729200178 1220.70238381292 2042.96429157209 2956.55696819568 3870.14964481928 4692.41155257845 5184.50220719118 5611.31746263055 Inf 3115.19313308809 1416.66538750211 -Inf 338.579995439477 784.985932278632 1299.66338788191 2159.66684976036 3115.19313308809 4070.71941641582 4930.72287829426 5445.40033389754 5891.8062707367 Inf
"22" 44.8484848484848 3576.69356737403 925.208732589137 -Inf 1763.31777331737 2054.86062788761 2390.99086766888 2952.64976045075 3576.69356737403 4200.73737429731 4762.39626707917 5098.52650686044 5390.06936143068 Inf 3777.88478868094 976.080537090897 -Inf 1864.80208997227 2172.37517705024 2526.98724827449 3119.52847104725 3777.88478868094 4436.24110631464 5028.7823290874 5383.39440031164 5690.96748738961 Inf
"23" 45.5555555555556 4029.27929378238 572.247138302983 -Inf 2907.69551245242 3088.01651283211 3295.91507781177 3643.30446441798 4029.27929378238 4415.25412314678 4762.64350975298 4970.54207473264 5150.86307511234 Inf 4249.625630055 611.777719429253 -Inf 3050.56333342961 3243.34082936369 3465.60093595513 3836.98782890163 4249.625630055 4662.26343120836 5033.65032415486 5255.91043074631 5448.68792668039 Inf
"24" 46.2626262626263 4281.514728239 392.654202058455 -Inf 3511.92663382612 3635.65603984542 3778.30812087333 4016.67349357915 4281.514728239 4546.35596289885 4784.72133560468 4927.37341663259 5051.10282265189 Inf 4501.39763656824 424.702766138106 -Inf 3668.99551080301 3802.82375130965 3957.11914173282 4214.93997392816 4501.39763656824 4787.85529920831 5045.67613140365 5199.97152182682 5333.79976233346 Inf
"25" 46.969696969697 4357.11269576666 351.515213582764 -Inf 3668.15553712653 3778.92162177643 3906.62782348692 4120.0192871671 4357.11269576666 4594.20610436622 4807.59756804639 4935.30376975689 5046.06985440678 Inf 4570.15094530124 380.689187632311 -Inf 3824.01384823811 3943.97295428303 4082.27812090515 4313.37999023278 4570.15094530124 4826.92190036971 5058.02376969734 5196.32893631946 5316.28804236438 Inf
"26" 47.6767676767677 4325.87730264699 342.657976371378 -Inf 3654.28000994371 3762.25508740867 3886.7434365819 4094.75800976156 4325.87730264699 4556.99659553241 4765.01116871207 4889.4995178853 4997.47459535027 Inf 4532.41381046502 371.13848018141 -Inf 3804.99575603253 3921.94533523737 4056.78071015469 4282.08470967931 4532.41381046502 4782.74291125074 5008.04691077536 5142.88228569267 5259.83186489752 Inf
"27" 48.3838383838384 4277.8298570324 337.380152785422 -Inf 3616.57690847435 3722.88888906185 3845.45979404656 4050.27040205904 4277.8298570324 4505.38931200575 4710.19992001823 4832.77082500294 4939.08280559045 Inf 4471.1624425918 365.502228129087 -Inf 3754.79123918965 3869.96477699483 4002.75248992293 4224.6349360449 4471.1624425918 4717.6899491387 4939.57239526067 5072.36010818877 5187.53364599395 Inf
"28" 49.0909090909091 4279.97187041243 335.493524930185 -Inf 3622.41664450288 3728.13412911228 3850.01961830808 4053.68492658987 4279.97187041243 4506.258814235 4709.92412251679 4831.80961171258 4937.52709632199 Inf 4446.71056142804 363.46501891758 -Inf 3734.33221470941 3848.86380679147 3980.91139741352 4201.55713161331 4446.71056142804 4691.86399124277 4912.50972544256 5044.55731606461 5159.08890814666 Inf
"29" 49.7979797979798 4334.8844704779 334.905979190443 -Inf 3678.48081305751 3784.01315591877 3905.68518853614 4108.99382023457 4334.8844704779 4560.77512072124 4764.08375241966 4885.75578503704 4991.28812789829 Inf 4474.27048635139 362.833956961775 -Inf 3763.12899833815 3877.46173626165 4009.28006077428 4229.54270135758 4474.27048635139 4718.99827134519 4939.26091192849 5071.07923644112 5185.41197436462 Inf
"30" 50.5050505050505 4384.83304113994 334.608505283095 -Inf 3729.01242186429 3834.45102761623 3956.01498734985 4159.14303399806 4384.83304113994 4610.52304828182 4813.65109493003 4935.21505466365 5040.65366041558 Inf 4521.96956427457 362.511961357544 -Inf 3811.45917604881 3925.69044982232 4057.39179266817 4277.45896201543 4521.96956427457 4766.48016653371 4986.54733588097 5118.24867872682 5232.47995250033 Inf
"31" 51.2121212121212 4375.4997110994 334.356417793964 -Inf 3720.1731742234 3825.5323445965 3947.00472042566 4149.97973438509 4375.4997110994 4601.01968781371 4803.99470177314 4925.4670776023 5030.8262479754 Inf 4543.49990392166 362.241366593871 -Inf 3833.5198716871 3947.66587824787 4079.26891345827 4299.17181505707 4543.49990392166 4787.82799278625 5007.73089438505 5139.33392959545 5253.47993615622 Inf
"32" 51.9191919191919 4318.77299161919 334.132995306273 -Inf 3663.8843547724 3769.17312240551 3890.56432838433 4093.40371108279 4318.77299161919 4544.14227215559 4746.98165485405 4868.37286083287 4973.66162846597 Inf 4524.10999581839 362.000227893175 -Inf 3814.60258675247 3928.67260801104 4060.18803703439 4279.9445525358 4524.10999581839 4768.27543910098 4988.03195460239 5119.54738362574 5233.6174048843 Inf
"33" 52.6262626262626 4276.85506284251 333.935354800689 -Inf 3622.35379426856 3727.58028333127 3848.899686107 4051.61908880136 4276.85506284251 4502.09103688367 4704.81043957803 4826.12984235375 4931.35633141647 Inf 4490.59040231008 361.787712653597 -Inf 3781.4995154599 3895.50257096533 4026.94079276406 4246.56829837834 4490.59040231008 4734.61250624181 4954.24001185609 5085.67823365482 5199.68128916025 Inf
"34" 53.3333333333333 4282.58152003057 333.842523428091 -Inf 3628.26219760354 3733.45943453924 3854.74511148594 4057.40815979873 4282.58152003057 4507.75488026242 4710.4179285752 4831.7036055219 4936.9008424576 Inf 4472.54485254958 361.687788865326 -Inf 3763.64981272561 3877.62138121039 4009.02330049086 4228.59014618883 4472.54485254958 4716.49955891033 4936.0664046083 5067.46832388877 5181.43989237355 Inf
"35" 54.040404040404 4300.64011391246 333.878023023109 -Inf 3646.25121355773 3751.45963678351 3872.75821080625 4075.44280956764 4300.64011391246 4525.83741825727 4728.52201701866 4849.8205910414 4955.02901426718 Inf 4466.96958744733 361.725703953391 -Inf 3758.00023541629 3871.98375133802 4003.39944524814 4222.98930774831 4466.96958744733 4710.94986714636 4930.53972964652 5061.95542355664 5175.93893947837 Inf
"36" 54.7474747474747 4283.28614121294 333.896581379024 -Inf 3628.860867149 3734.07513830495 3855.38045461666 4058.07631944727 4283.28614121294 4508.4959629786 4711.19182780921 4832.49714412092 4937.71141527687 Inf 4453.89408747137 361.745576628222 -Inf 3744.88578571339 3858.87556372079 3990.29847741464 4209.90040385687 4453.89408747137 4697.88777108588 4917.48969752811 5048.91261122196 5162.90238922936 Inf
"37" 55.4545454545455 4240.56206897181 333.844813263569 -Inf 3586.23825854971 3691.43621703629 3812.72272588493 4015.3871642694 4240.56206897181 4465.73697367421 4668.40141205868 4789.68792090732 4894.8858793939 Inf 4434.86606443301 361.690056958489 -Inf 3725.96657922813 3839.93886241255 3971.34160569594 4190.90982826667 4434.86606443301 4678.82230059934 4898.39052317007 5029.79326645346 5143.76554963789 Inf
"38" 56.1616161616162 4223.50213178151 333.814528078459 -Inf 3569.2376792315 3674.42609454257 3795.70160072103 3998.34765412605 4223.50213178151 4448.65660943698 4651.302662842 4772.57816902046 4877.76658433153 Inf 4432.30326602095 361.657483407038 -Inf 3723.46762380377 3837.42964272474 3968.82055196974 4188.3690003812 4432.30326602095 4676.23753166071 4895.78598007216 5027.17688931716 5141.13890823814 Inf
"39" 56.8686868686869 4247.49355994316 333.812471222884 -Inf 3593.233138756 3698.42090593057 3819.69566484916 4022.3404696157 4247.49355994316 4472.64665027062 4675.29145503716 4796.56621395576 4901.75398113033 Inf 4451.21554985321 361.655022135466 -Inf 3742.38473163966 3856.34597498847 3987.73599004843 4207.2829443159 4451.21554985321 4695.14815539052 4914.69510965798 5046.08512471794 5160.04636806676 Inf
"40" 57.5757575757576 4270.60119442185 333.800160655258 -Inf 3616.36490150386 3721.54878949107 3842.81907595507 4045.45640744608 4270.60119442185 4495.74598139763 4698.38331288864 4819.65359935264 4924.83748733984 Inf 4465.70808796985 361.642051416418 -Inf 3756.90269189849 3870.85984803938 4002.24515081038 4221.78423104959 4465.70808796985 4709.63194489011 4929.17102512932 5060.55632790031 5174.51348404121 Inf
"41" 58.2828282828283 4255.4164046242 333.812816550752 -Inf 3601.15530660685 3706.34318259781 3827.61806697473 4030.26308137663 4255.4164046242 4480.56972787177 4683.21474227367 4804.48962665059 4909.67750264155 Inf 4452.84124793619 361.655404922577 -Inf 3744.00967947369 3857.97104344268 3989.36119756999 4208.90838421289 4452.84124793619 4696.77411165948 4916.32129830238 5047.71145242969 5161.67281639869 Inf
"42" 58.989898989899 4217.85269058811 333.785503059508 -Inf 3563.64512602989 3668.82439525686 3790.08935658611 3992.71779001043 4217.85269058811 4442.98759116579 4645.61602459012 4766.88098591937 4872.06025514633 Inf 4421.2497540381 361.625899625713 -Inf 3712.47601489481 3826.42808143916 3957.8075162313 4177.33679133512 4421.2497540381 4665.16271674109 4884.69199184491 5016.07142663705 5130.0234931814 Inf
"43" 59.6969696969697 4194.84550881271 333.712013995128 -Inf 3540.78198017394 3645.93809223555 3767.17635483622 3969.76017585571 4194.84550881271 4419.93084176972 4622.51466278921 4743.75292538988 4848.90903745149 Inf 4393.77797742755 361.547075528327 -Inf 3685.15873067625 3799.08595893108 3930.43675676615 4149.91818077032 4393.77797742755 4637.63777408477 4857.11919808895 4988.46999592402 5102.39722417885 Inf
"44" 60.4040404040404 4191.21122770345 333.686777648157 -Inf 3537.19716139583 3642.34532122312 3763.57441540692 3966.1429164038 4191.21122770345 4416.27953900309 4618.84803999998 4740.07713418377 4845.22529401106 Inf 4377.93607775133 361.519679981734 -Inf 3669.37052528469 3783.28912091904 3914.62996589556 4134.09475910949 4377.93607775133 4621.77739639318 4841.24218960711 4972.58303458362 5086.50163021798 Inf
"45" 61.1111111111111 4186.78752047252 333.680585287329 -Inf 3532.78559096911 3637.93179951937 3759.15864400571 3961.72338585679 4186.78752047252 4411.85165508825 4614.41639693934 4735.64324142567 4840.78944997593 Inf 4368.87496811236 361.512985261557 -Inf 3660.32253705615 3774.23902311483 3905.57743588571 4125.03816499065 4368.87496811236 4612.71177123407 4832.17250033901 4963.51091310989 5077.42739916857 Inf
"46" 61.8181818181818 4177.35514346516 333.651628977371 -Inf 3523.40996728639 3628.54705140346 3749.7633760027 3952.31053958369 4177.35514346516 4402.39974734662 4604.94691092761 4726.16323552685 4831.30031964392 Inf 4366.67328619019 361.481774064255 -Inf 3658.18202795661 3772.08867904375 3903.4157527223 4122.85753470115 4366.67328619019 4610.48903767923 4829.93081965808 4961.25789333663 5075.16454442377 Inf
"47" 62.5252525252525 4174.7270575666 333.616373192304 -Inf 3520.85098145681 3625.97695611084 3747.18047221069 3949.7062333508 4174.7270575666 4399.7478817824 4602.27364292251 4723.47715902236 4828.60313367639 Inf 4370.1797493107 361.443856287643 -Inf 3661.76280855364 3775.65751135664 3906.97080942879 4126.38957297333 4370.1797493107 4613.96992564806 4833.3886891926 4964.70198726475 5078.59669006775 Inf
"48" 63.2323232323232 4174.48592371848 333.604142817695 -Inf 3520.63381870244 3625.75593943876 3746.9550122183 3949.473348765 4174.48592371848 4399.49849867197 4602.01683521866 4723.2159079982 4828.33802873452 Inf 4363.84711656711 361.430671111871 -Inf 3655.4560182797 3769.34656629724 3900.65507416786 4120.06583349566 4363.84711656711 4607.62839963856 4827.03915896636 4958.34766683698 5072.23821485452 Inf
"49" 63.9393939393939 4157.61758748716 333.621639469343 -Inf 3503.73118966404 3608.85882377652 3730.06425312567 3932.59321122148 4157.61758748716 4382.64196375285 4585.17092184866 4706.37635119781 4811.50398531028 Inf 4333.8680738064 361.449474497301 -Inf 3625.44012156077 3739.33659471982 3870.65193389912 4090.07410804422 4333.8680738064 4577.66203956859 4797.08421371369 4928.39955289299 5042.29602605204 Inf
"50" 64.6464646464646 4125.36470134224 333.631887955256 -Inf 3471.45821685584 3576.58908037237 3697.79823301758 3900.33341257785 4125.36470134224 4350.39599010663 4552.9311696669 4674.14032231211 4779.27118582864 Inf 4293.43001524234 361.460383559504 -Inf 3584.98068162768 3698.88059234522 3830.19989480931 4049.62869142951 4293.43001524234 4537.23133905517 4756.66013567538 4887.97943813946 5001.87934885701 Inf
"51" 65.3535353535354 4102.57063701227 333.583962036267 -Inf 3448.75808560101 3553.87384716407 3675.06558822412 3877.57167378901 4102.57063701227 4327.56960023553 4530.07568580042 4651.26742686046 4756.38318842353 Inf 4269.94976269194 361.408774379508 -Inf 3561.60158121134 3675.48522934172 3806.78578208432 4026.18324874203 4269.94976269194 4513.71627664184 4733.11374329955 4864.41429604216 4978.29794417253 Inf
"52" 66.0606060606061 4099.80258514091 333.531367504972 -Inf 3446.09311711677 3551.19230559827 3672.36493895668 3874.83909638992 4099.80258514091 4324.7660738919 4527.24023132514 4648.41286468355 4753.51205316505 Inf 4267.73594010988 361.352354873781 -Inf 3559.49833882854 3673.36420858829 3804.64426400816 4024.0074805383 4267.73594010988 4511.46439968147 4730.82761621161 4862.10767163148 4975.97354139123 Inf
"53" 66.7676767676768 4097.67390019276 333.539217336309 -Inf 3443.94904678192 3549.05070882658 3670.2261940449 3872.705116811 4097.67390019276 4322.64268357453 4525.12160634063 4646.29709155895 4751.39875360361 Inf 4264.37543425396 361.360525810455 -Inf 3556.12181823101 3669.99026273754 3801.27328667555 4020.64146346934 4264.37543425396 4508.10940503858 4727.47758183237 4858.76060577038 4972.62905027691 Inf
"54" 67.4747474747475 4078.7203603781 333.536892453401 -Inf 3425.00006365402 3530.100993104 3651.27563368756 3853.75314510602 4078.7203603781 4303.68757565017 4506.16508706863 4627.3397276522 4732.44065710217 Inf 4245.96703295977 361.358086788924 -Inf 3537.71819733118 3651.58587327676 3782.86801111322 4002.23470727018 4245.96703295977 4489.69935864937 4709.06605480632 4840.34819264278 4954.21586858836 Inf
"55" 68.1818181818182 4052.93328439234 333.514203222548 -Inf 3399.25745774358 3504.3512375819 3625.51763512113 3827.98137277392 4052.93328439234 4277.88519601076 4480.34893366356 4601.51533120278 4706.60911104111 Inf 4223.87738683627 361.333703730228 -Inf 3515.67634112456 3629.5363337158 3760.80961313677 3980.16150726984 4223.87738683627 4467.5932664027 4686.94516053577 4818.21843995675 4932.07843254799 Inf
"56" 68.8888888888889 4037.8758217782 333.516952763186 -Inf 3384.19460612881 3489.28925237587 3610.45664882887 3812.9220556228 4037.8758217782 4262.8295879336 4465.29499472752 4586.46239118053 4691.55703742759 Inf 4209.70183379444 361.336649997158 -Inf 3501.49501350566 3615.35593449612 3746.63028430195 3965.98396700117 4209.70183379444 4453.41970058772 4672.77338328694 4804.04773309276 4917.90865408323 Inf
"57" 69.5959595959596 4029.88338275248 333.531678179023 -Inf 3376.17330581839 3481.2725921965 3602.44533842344 3804.91968445503 4029.88338275248 4254.84708104993 4457.32142708152 4578.49417330846 4683.59345968657 Inf 4194.621958543 361.352439420451 -Inf 3486.38419155323 3600.25008795451 3731.53017409036 3950.89344194556 4194.621958543 4438.35047514045 4657.71374299564 4788.99382913149 4902.85972553278 Inf
"58" 70.3030303030303 4011.47050489305 333.538254191411 -Inf 3357.74753921152 3462.84889775924 3584.02403306503 3786.50237114265 4011.47050489305 4236.43863864345 4438.91697672106 4560.09211202685 4665.19347057458 Inf 4166.67971154922 361.359602395153 -Inf 3458.427905387 3572.29605891581 3703.57874737513 3922.94636359875 4166.67971154922 4410.41305949968 4629.7806757233 4761.06336418262 4874.93151771143 Inf
"59" 71.010101010101 3978.5793238625 333.54027366139 -Inf 3324.85240009254 3429.95439499617 3551.13026397957 3753.60982800029 3978.5793238625 4203.5488197247 4406.02838374543 4527.20425272882 4632.30624763246 Inf 4132.98066252669 361.36169196973 -Inf 3424.72476087357 3538.59357284896 3669.87702045504 3889.2459051796 4132.98066252669 4376.71541987379 4596.08430459835 4727.36775220443 4841.23656417982 Inf
"60" 71.7171717171717 3944.91336027907 333.528415124385 -Inf 3291.20967881455 3396.30793697035 3517.4794977228 3719.95186287853 3944.91336027907 4169.87485767961 4372.34722283533 4493.51878358779 4598.61704174359 Inf 4109.14552631032 361.349006553057 -Inf 3400.914487617 3514.77930228622 3646.05814125427 3865.41932514675 4109.14552631032 4352.8717274739 4572.23291136638 4703.51175033443 4817.37656500364 Inf
"61" 72.4242424242424 3921.16094475293 333.534737512923 -Inf 3267.44487163458 3372.54512204049 3493.71897972973 3696.19518296612 3921.16094475293 4146.12670653973 4348.60290977612 4469.77676746537 4574.87701787128 Inf 4096.14141096752 361.355882911826 -Inf 3387.89689485867 3501.76387633975 3633.04521350312 3852.41057177044 4096.14141096752 4339.8722501646 4559.23760843192 4690.51894559529 4804.38592707637 Inf
"62" 73.1313131313131 3902.42023631364 333.598717360411 -Inf 3248.57876499848 3353.69917611701 3474.89627781673 3677.41132077548 3902.42023631364 4127.42915185179 4329.94419481054 4451.14129651027 4556.2617076288 Inf 4081.96072037548 361.424803211291 -Inf 3373.58112296187 3487.46982194316 3618.7761979934 3838.18339514283 4081.96072037548 4325.73804560813 4545.14524275756 4676.45161880779 4790.34031778909 Inf
"63" 73.8383838383838 3879.50842065359 333.69676849864 -Inf 3225.47477263886 3330.62608068662 3451.85880456699 3654.43337062771 3879.50842065359 4104.58347067948 4307.1580367402 4428.39076062057 4533.54206866833 Inf 4060.42833321252 361.530317605957 -Inf 3351.84193138552 3465.76387904544 3597.10858869277 3816.57983960217 4060.42833321252 4304.27682682287 4523.74807773227 4655.0927873796 4769.01473503952 Inf
"64" 74.5454545454545 3854.24147465651 333.765071980809 -Inf 3200.07395427671 3305.24678545916 3426.5043241354 3629.120354632 3854.24147465651 4079.36259468102 4281.97862517762 4403.23616385386 4508.40899503631 Inf 4035.66822284297 361.603964640856 -Inf 3326.93747548 3440.88263008343 3572.25409585035 3791.77005506245 4035.66822284297 4279.56639062349 4499.08234983559 4630.45381560251 4744.39897020594 Inf
"65" 75.2525252525253 3836.31635357557 333.843525364911 -Inf 3181.99506738846 3287.19262004483 3408.47866099724 3611.14231754761 3836.31635357557 4061.49038960352 4264.1540461539 4385.44008710631 4490.63763976268 Inf 4012.09363182743 361.688837668724 -Inf 3303.19653638658 3417.16843536017 3548.57073567307 3768.13821805954 4012.09363182743 4256.04904559532 4475.61652798179 4607.0188282947 4720.99072726829 Inf
"66" 75.959595959596 3828.25135989125 333.998089445857 -Inf 3173.62713367218 3278.87339107136 3400.215585473 3602.97307197494 3828.25135989125 4053.52964780755 4256.28713430949 4377.62932871113 4482.87558611031 Inf 3991.96272848768 361.854827773257 -Inf 3282.74029842015 3396.76450259494 3528.22710745499 3747.89535609565 3991.96272848768 4236.03010087971 4455.69834952037 4587.16095438043 4701.18515855521 Inf
"67" 76.6666666666667 3821.39924787186 334.168770573058 -Inf 3166.44049279064 3271.74053358085 3393.14473678784 3596.00583728471 3821.39924787186 4046.79265845901 4249.65375895588 4371.05796216287 4476.35800295308 Inf 3979.60572071543 362.039167849682 -Inf 3270.02199073721 3384.10428237939 3515.63385836921 3735.4140128313 3979.60572071543 4223.79742859956 4443.57758306166 4575.10715905148 4689.18945069366 Inf
"68" 77.3737373737374 3807.81334821087 334.357787502592 -Inf 3152.48412675529 3257.84372873776 3379.3166021849 3582.29244764213 3807.81334821087 4033.33424877961 4236.31009423685 4357.78296768398 4463.14256966645 Inf 3974.55985176698 362.242179006483 -Inf 3264.57822723296 3378.72448979336 3510.32782015493 3730.23121493841 3974.55985176698 4218.88848859555 4438.79188337902 4570.3952137406 4684.541476301 Inf
"69" 78.0808080808081 3789.67835087504 334.506221355105 -Inf 3134.05820441445 3239.46457944126 3360.99137921299 3564.0573331942 3789.67835087504 4015.29936855588 4218.36532253708 4339.89212230881 4445.29849733563 Inf 3960.90258988323 362.402385218574 -Inf 3250.60696694341 3364.80371214059 3496.46524574927 3716.46589560669 3960.90258988323 4205.33928415977 4425.33993401719 4557.00146762586 4671.19821282304 Inf
"70" 78.7878787878788 3775.03806159998 334.807618122703 -Inf 3118.82718832984 3224.32853659986 3345.96483443857 3549.21375488865 3775.03806159998 4000.8623683113 4204.11128876138 4325.74758660009 4431.24893487011 Inf 3919.12298037747 362.728003569168 -Inf 3208.18915719779 3322.48850810986 3454.26833953654 3674.46665986098 3919.12298037747 4163.77930089397 4383.97762121841 4515.75745264509 4630.05680355716 Inf
"71" 79.4949494949495 3769.06794188456 335.799568679733 -Inf 3110.9128812482 3216.72680341296 3338.72347893384 3542.57457468981 3769.06794188456 3995.5613090793 4199.41240483527 4321.40908035616 4427.22300252092 Inf 3854.54271152555 363.794588011583 -Inf 3141.51842125226 3256.15386396938 3388.32118772266 3609.16699073493 3854.54271152555 4099.91843231617 4320.76423532845 4452.93155908172 4567.56700179884 Inf
"72" 80.2020202020202 3768.13794036615 337.891631381339 -Inf 3105.88251218124 3212.355664972 3335.11239118497 3540.2334983224 3768.13794036615 3996.04238240989 4201.16348954732 4323.92021576029 4430.39336855106 Inf 3797.82811213253 366.04496219953 -Inf 3080.39316949912 3195.73772843131 3328.722617766 3550.93453701803 3797.82811213253 4044.72168724702 4266.93360649905 4399.91849583374 4515.26305476593 Inf
"73" 80.9090909090909 3750.19466930095 341.526660305603 -Inf 3080.81471534172 3188.43330339665 3312.51064311108 3519.83843750612 3750.19466930095 3980.55090109578 4187.87869549081 4311.95603520524 4419.57462326018 Inf 3758.73763623944 369.95369532709 -Inf 3033.64171745084 3150.21795867657 3284.622898814 3509.20766069415 3758.73763623944 4008.26761178472 4232.85237366488 4367.2573138023 4483.83355502804 Inf
"74" 81.6161616161616 3664.13578670071 365.599227959079 -Inf 2947.57446712527 3062.77857058156 3195.60152374786 3417.54285476271 3664.13578670071 3910.72871863871 4132.67004965357 4265.49300281986 4380.69710627616 Inf 3681.19352775128 395.78000338697 -Inf 2905.47897531168 3030.19335370535 3173.98104479946 3414.2439721342 3681.19352775128 3948.14308336836 4188.4060107031 4332.1937017972 4456.90808019088 Inf
"75" 82.3232323232323 3440.38533206966 498.911998586977 -Inf 2462.53578338428 2619.74812166426 2801.00387921153 3103.8743027729 3440.38533206966 3776.89636136642 4079.76678492778 4261.02254247506 4418.23488075503 Inf 3462.25589075394 535.262656160397 -Inf 2413.16036241031 2581.82716939683 2776.28919577402 3101.22671551102 3462.25589075394 3823.28506599686 4148.22258573386 4342.68461211105 4511.35141909756 Inf
"76" 83.030303030303 3032.31182730752 809.618359118155 -Inf 1445.48900221352 1700.60813286552 1994.74415168599 2486.23254251175 3032.31182730752 3578.39111210328 4069.87950292904 4364.01552174951 4619.13465240151 Inf 3030.43928953281 856.719118699029 -Inf 1351.30067201582 1621.26173986205 1932.50956173208 2452.5910251733 3030.43928953281 3608.28755389233 4128.36901733354 4439.61683920358 4709.5779070498 Inf
"77" 83.7373737373737 2459.21309248001 1229.28985958027 -Inf 49.8492411423836 437.211208374738 883.814748426814 1630.06968217314 2459.21309248001 3288.35650278688 4034.6114365332 4481.21497658528 4868.57694381763 Inf 2410.99450966404 1288.17057458372 -Inf -113.773422464316 292.142467927848 760.137493117788 1542.13666060313 2410.99450966404 3279.85235872496 4061.8515262103 4529.84655140024 4935.7624417924 Inf
"78" 84.4444444444444 1809.47226476496 1643.07831762815 -Inf -1410.90206156488 -893.151065351026 -296.217325503784 701.232780755349 1809.47226476496 2917.71174877456 3915.1618550337 4512.09559488094 5029.84659109479 Inf 1718.3990813768 1711.05809989284 -Inf -1635.21316986871 -1096.04104015664 -474.410105278644 564.307931009092 1718.3990813768 2872.4902317445 3911.20826803224 4532.83920291023 5072.0113326223 Inf
"79" 85.1515151515152 1197.56017914145 1964.16717728843 -Inf -2652.13674795958 -2033.20732636046 -1319.62134190386 -127.250449611169 1197.56017914145 2522.37080789407 3714.74170018676 4428.32768464336 5047.25710624247 Inf 1088.36723810693 2037.34464259175 -Inf -2904.75488546853 -2262.76648661027 -1522.59497816043 -285.800840938106 1088.36723810693 2462.53531715197 3699.3294543743 4439.50096282412 5081.48936168239 Inf
"80" 85.8585858585859 709.612120128091 2163.67299907215 -Inf -3531.10903237509 -2849.3132599327 -2063.2463991594 -749.763140522089 709.612120128091 2168.98738077827 3482.47063941559 4268.53750018888 4950.33327263127 Inf 609.795241031701 2238.98587063273 -Inf -3778.53642730251 -3073.00878897165 -2259.58060670992 -900.377779543927 609.795241031701 2119.96826160733 3479.17108877332 4292.59927103505 4998.12690936591 Inf
"81" 86.5656565656566 375.674507252552 2262.79906976429 -Inf -4059.33017373619 -3346.29874971166 -2524.21918311674 -1150.56027205669 375.674507252552 1901.90928656179 3275.56819762185 4097.64776421676 4810.6791882413 Inf 301.306734169296 2338.65782384893 -Inf -4282.37837273742 -3545.44306958705 -2695.80386125743 -1276.09399723268 301.306734169296 1878.70746557127 3298.41732959602 4148.05653792564 4884.99184107601 Inf
"82" 87.2727272727273 177.580055826834 2301.91493260655 -Inf -4334.09030755695 -3608.73307000481 -2772.44262980559 -1375.03797203959 177.580055826834 1730.19808369326 3127.60274145925 3963.89318165847 4689.25041921062 Inf 130.88169367542 2377.79842540028 -Inf -4529.51758260519 -3780.24867050374 -2916.3896009458 -1472.91897228945 130.88169367542 1734.68235964029 3178.15298829664 4042.01205785457 4791.28096995603 Inf
"83" 87.979797979798 74.9599215641512 2314.1066845317 -Inf -4460.60583650138 -3731.40685164047 -2890.68712283468 -1485.88131801272 74.9599215641512 1635.80116114102 3040.60696596298 3881.32669476877 4610.52567962968 Inf 49.7524085134655 2389.94356162352 -Inf -4634.45089735203 -3881.35492703231 -3013.0835044484 -1562.24002734872 49.7524085134655 1661.74484437565 3112.58832147533 3980.85974405924 4733.95571437896 Inf
"84" 88.6868686868687 28.2703840780806 2317.10489490496 -Inf -4513.17175833711 -3783.02800633336 -2941.21902151843 -1534.59311766449 28.2703840780806 1591.13388582065 2997.75978967459 3839.56877448952 4569.71252649327 Inf 16.423267803647 2392.9184360667 -Inf -4673.610684829 -3919.57730075972 -3050.22510015818 -1597.57569037858 16.423267803647 1630.42222598588 3083.07163576547 3952.42383636701 4706.4572204363 Inf
"85" 89.3939393939394 9.53159833256202 2317.68828695173 -Inf -4533.05397148316 -3802.72638660293 -2960.70545425481 -1553.72539536589 9.53159833256202 1572.78859203102 2979.76865091993 3821.78958326806 4552.11716814828 Inf 4.64103489608952 2393.49527122873 -Inf -4686.52349387915 -3932.30834307569 -3062.74657707069 -1609.74699269048 4.64103489608952 1619.02906248266 3072.02864686287 3941.59041286786 4695.80556367133 Inf
"86" 90.1010101010101 2.87463658801891 2317.77851271269 -Inf -4539.88777246967 -3809.53175651764 -2967.47804496457 -1560.44321346141 2.87463658801891 1566.19248663745 2973.22731814061 3815.28102969368 4545.63704564571 Inf 1.09019434661264 2393.58421223073 -Inf -4690.24865558929 -3936.00547855488 -3066.41140010051 -1613.35782303417 1.09019434661264 1615.5382117274 3068.59178879374 3938.1858672481 4692.42904428251 Inf
"87" 90.8080808080808 0.77586846193443 2317.78965481339 -Inf -4542.00837871183 -3811.64885176847 -2969.59109226724 -1562.54949682021 0.77586846193443 1564.10123374408 2971.14282919111 3813.20058869234 4543.5601156357 Inf 0.197679822393244 2393.59516658734 -Inf -4691.16264025793 -3936.9160113923 -3067.3179531976 -1614.25772615965 0.197679822393244 1614.65308580443 3067.71331284238 3937.31137103708 4691.55799990272 Inf
"88" 91.5151515151515 0.187463818357486 2317.79075788111 -Inf -4542.59894532841 -3812.23907079698 -2970.18091054898 -1563.13864547166 0.187463818357486 1563.51357310837 2970.5558381857 3812.6139984337 4542.97387296512 Inf 0.0205087248944686 2393.59624854998 -Inf -4691.34193196324 -3937.09496215997 -3067.49651088601 -1614.43562702986 0.0205087248944686 1614.47664447965 3067.5375283358 3937.13597960976 4691.38294941303 Inf
"89" 92.2222222222222 0.0405530252148578 2317.79084571636 -Inf -4542.74602827549 -3812.38612606627 -2970.32793390753 -1563.28561550878 0.0405530252148578 1563.36672155921 2970.40903995796 3812.46723211669 4542.82713432592 Inf -0.00252803641857304 2393.59633452837 -Inf -4691.36513723911 -3937.11814034316 -3067.51965783307 -1614.45872178272 -0.00252803641857304 1614.45366570988 3067.51460176023 3937.11308427032 4691.36008116627 Inf
"90" 92.9292929292929 0.00785341802600099 2317.79085135719 -Inf -4542.7787389385 -3812.41883495179 -2970.36064074374 -1563.31831892065 0.00785341802600099 1563.3340257567 2970.37634757979 3812.43454178784 4542.79444577455 Inf -0.0021022484404159 2393.59634003995 -Inf -4691.36472225363 -3937.11772362092 -3067.51923910847 -1614.45829971224 -0.0021022484404159 1614.45409521536 3067.51503461159 3937.11351912404 4691.36051775675 Inf
"91" 93.6363636363636 0.00136100398730127 2317.79085165001 -Inf -4542.78523192645 -3812.42532784747 -2970.36713353303 -1563.32481153219 0.00136100398730127 1563.32753354016 2970.36985554101 3812.42804985544 4542.78795393442 Inf -0.00070296455244203 2393.5963403256 -Inf -4691.3633235296 -3937.11632480688 -3067.51784019065 -1614.45690062102 -0.00070296455244203 1614.45549469191 3067.51643426154 3937.11491887777 4691.36191760049 Inf
"92" 94.3434343434343 0.000210919282823225 2317.79085166232 -Inf -4542.78638203528 -3812.42647795242 -2970.36828363351 -1563.3259616252 0.000210919282823225 1563.32638346376 2970.36870547208 3812.42689979099 4542.78680387384 Inf -0.000173488546211087 2393.59634033759 -Inf -4691.36279407709 -3937.1157953506 -3067.51731073001 -1614.4563711531 -0.000173488546211087 1614.45602417601 3067.51696375291 3937.1154483735 4691.3624471 Inf
"93" 95.0505050505051 2.9196727017298e-05 2317.79085166274 -Inf -4542.78656375866 -3812.42665967567 -2970.36846535661 -1563.32614334804 2.9196727017298e-05 1563.32620174149 2970.36852375006 3812.42671806912 4542.78662215211 Inf -3.51955851561018e-05 2393.59634033799 -Inf -4691.36265578493 -3937.11565705831 -3067.51717243757 -1614.45623286041 -3.51955851561018e-05 1614.45616246924 3067.5171020464 3937.11558666713 4691.36258539376 Inf
"94" 95.7575757575758 3.60383480011982e-06 2317.79085166275 -Inf -4542.78658935157 -3812.42668526858 -2970.36849094951 -1563.32616894094 3.60383480011982e-06 1563.32617614861 2970.36849815718 3812.42669247625 4542.78659655924 Inf -6.10656861521916e-06 2393.59634033801 -Inf -4691.36262669594 -3937.11562796931 -3067.51714334857 -1614.45620377141 -6.10656861521916e-06 1614.45619155827 3067.51713113543 3937.11561575617 4691.3626144828 Inf
"95" 96.4646464646465 3.95636232502144e-07 2317.79085166275 -Inf -4542.78659255977 -3812.42668847678 -2970.36849415771 -1563.32617214913 3.95636232502144e-07 1563.32617294041 2970.36849494899 3812.42668926805 4542.78659335104 Inf -9.23657018321577e-07 2393.59634033801 -Inf -4691.36262151303 -3937.1156227864 -3067.51713816566 -1614.45619858849 -9.23657018321577e-07 1614.45619674118 3067.51713631834 3937.11562093908 4691.36261966571 Inf
"96" 97.1717171717172 3.84819432236232e-08 2317.79085166275 -Inf -4542.78659291692 -3812.42668883393 -2970.36849451487 -1563.32617250629 3.84819432236232e-08 1563.32617258325 2970.36849459183 3812.42668891089 4542.78659299389 Inf -1.23113749491875e-07 2393.59634033801 -Inf -4691.36262071248 -3937.11562198585 -3067.51713736511 -1614.45619778795 -1.23113749491875e-07 1614.45619754172 3067.51713711888 3937.11562173962 4691.36262046625 Inf
"97" 97.8787878787879 3.29653013745391e-09 2317.79085166275 -Inf -4542.78659295211 -3812.42668886912 -2970.36849455005 -1563.32617254147 3.29653013745391e-09 1563.32617254807 2970.36849455665 3812.42668887571 4542.7865929587 Inf -1.4557689377572e-08 2393.59634033801 -Inf -4691.36262060393 -3937.1156218773 -3067.51713725656 -1614.45619767939 -1.4557689377572e-08 1614.45619765028 3067.51713722744 3937.11562184818 4691.36262057481 Inf
"98" 98.5858585858586 2.4629254440222e-10 2317.79085166275 -Inf -4542.78659295516 -3812.42668887217 -2970.3684945531 -1563.32617254452 2.4629254440222e-10 1563.32617254502 2970.3684945536 3812.42668887266 4542.78659295565 Inf -1.53393620281675e-09 2393.59634033801 -Inf -4691.3626205909 -3937.11562186427 -3067.51713724353 -1614.45619766637 -1.53393620281675e-09 1614.4561976633 3067.51713724046 3937.1156218612 4691.36262058783 Inf
"99" 99.2929292929293 1.57708107273861e-11 2317.79085166275 -Inf -4542.78659295539 -3812.4266888724 -2970.36849455333 -1563.32617254476 1.57708107273861e-11 1563.32617254479 2970.36849455337 3812.42668887243 4542.78659295542 Inf -1.44481828706768e-10 2393.59634033801 -Inf -4691.36262058951 -3937.11562186288 -3067.51713724214 -1614.45619766498 -1.44481828706768e-10 1614.45619766469 3067.51713724185 3937.11562186259 4691.36262058922 Inf
"100" 100 8.3500850049746e-13 2317.79085166275 -Inf -4542.7865929554 -3812.42668887241 -2970.36849455335 -1563.32617254477 8.3500850049746e-13 1563.32617254477 2970.36849455335 3812.42668887241 4542.78659295541 Inf -1.2192883478033e-11 2393.59634033801 -Inf -4691.36262058938 -3937.11562186275 -3067.51713724201 -1614.45619766485 -1.2192883478033e-11 1614.45619766482 3067.51713724199 3937.11562186273 4691.36262058936 Inf
