"mid_age" "mean_left" "std_left" "min_left" "l.q2.5" "l.q5" "l.q10" "l.q25" "l.q50" "l.q75" "l.q90" "l.q95" "l.q97.5" "max_left" "mean_right" "std_right" "min_right" "r.q2.5" "r.q5" "r.q10" "r.q25" "r.q50" "r.q75" "r.q90" "r.q95" "r.q97.5" "max_right"
"1" 55.7521429606582 4236.67742446028 333.740004866127 -Inf 3582.55903472245 3687.72396699743 3808.97239873923 4011.57321194768 4236.67742446028 4461.78163697287 4664.38245018132 4785.63088192313 4890.79581419811 Inf 4442.77720819973 365.489244883789 -Inf 3726.43145149077 3841.60089814088 3974.3838942292 4196.25845871871 4442.77720819973 4689.29595768075 4911.17052217027 5043.95351825859 5159.1229649087 Inf
"2" 56.1184240820739 4232.80923870505 333.726901098797 -Inf 3578.71653187925 3683.87733502142 3805.12100613754 4007.71386454921 4232.80923870505 4457.90461286089 4660.49747127256 4781.74114238868 4886.90194553085 Inf 4448.43921926061 365.474569173899 -Inf 3732.12222641447 3847.28704859639 3980.06471296906 4201.93036839548 4448.43921926061 4694.94807012573 4916.81372555216 5049.59138992482 5164.75621210674 Inf
"3" 56.4792402057367 4241.21272103667 333.732316689369 -Inf 3587.10939984839 3692.27190949924 3813.51754811058 4016.1136941205 4241.21272103667 4466.31174795284 4668.90789396276 4790.1535325741 4895.31604222495 Inf 4459.71878428215 365.480088024113 -Inf 3743.39097468836 3858.55753591715 3991.33720529947 4213.20621100913 4459.71878428215 4706.23135755518 4928.10036326484 5060.88003264716 5176.04659387594 Inf
"4" 56.8351599707801 4257.14285159343 333.734395606129 -Inf 3603.03545580318 3708.19862054223 3829.44501442832 4032.04242246922 4257.14285159343 4482.24328071765 4684.84068875855 4806.08708264463 4911.25024738369 Inf 4472.50106240124 365.482470697521 -Inf 3756.16858285339 3871.33589488724 4004.11642989973 4225.98688203942 4472.50106240124 4719.01524276306 4940.88569490276 5073.66622991524 5188.8335419491 Inf
"5" 57.1864294710966 4273.16147985591 333.727827499026 -Inf 3619.06695731902 3724.2280523795 3845.47206005873 4048.06548085261 4273.16147985591 4498.25747885921 4700.85089965308 4822.09490733232 4927.2560023928 Inf 4482.11400313238 365.475634208683 -Inf 3765.79492285643 3880.96008064184 4013.73813194384 4235.60443391221 4482.11400313238 4728.62357235255 4950.48987432093 5083.26792562293 5198.43308340834 Inf
"6" 57.533039525117 4282.21003183537 333.718300883792 -Inf 3628.13418112124 3733.29227424658 3854.53282088686 4057.1204584364 4282.21003183537 4507.29960523434 4709.88724278388 4831.12778942416 4936.28588254951 Inf 4484.94825661351 365.465263960302 -Inf 3768.64950165089 3883.81139166363 4016.58567543301 4238.44568201958 4484.94825661351 4731.45083120744 4953.310837794 5086.08512156339 5201.24701157612 Inf
"7" 57.8748681779667 4280.21708843559 333.707086987295 -Inf 3626.16321655471 3731.31777606512 3852.55424867369 4055.13507869486 4280.21708843559 4505.29909817631 4707.87992819748 4829.11640080605 4934.27096031646 Inf 4479.58152350068 365.452759561189 -Inf 3763.30727670998 3878.46522645704 4011.23496735245 4233.08738299579 4479.58152350068 4726.07566400558 4947.92807964892 5080.69782054433 5195.85577029139 Inf
"8" 58.2118303492377 4267.23010846639 333.689248352854 -Inf 3613.21119966655 3718.36013803848 3839.59012983439 4042.16013070175 4267.23010846639 4492.30008623102 4694.87008709839 4816.10007889429 4921.24901726622 Inf 4466.98973476699 365.433187829725 -Inf 3750.75384786506 3865.90563035682 3998.66826080185 4220.50879519436 4466.98973476699 4713.47067433962 4935.31120873213 5068.07383917715 5183.22562166891 Inf
"9" 58.5437326334562 4246.84625905123 333.663685370764 -Inf 3592.87745277563 3698.01833598713 3819.23904069895 4021.793523256 4246.84625905123 4471.89899484646 4674.45347740351 4795.67418211533 4900.81506532683 Inf 4449.89068233706 365.405564480377 -Inf 3733.708936205 3848.85201429327 3981.60460911853 4203.42837443044 4449.89068233706 4696.35299024369 4918.1767555556 5050.92935038086 5166.07242846913 Inf
"10" 58.8703638978593 4224.44390847905 333.637432012378 -Inf 3570.52655784036 3675.65916834671 3796.87033515931 3999.40888030496 4224.44390847905 4449.47893665314 4652.01748179879 4773.22864861138 4878.36125911774 Inf 4431.60327889913 365.37726828958 -Inf 3715.47699228193 3830.61115394739 3963.35346870821 4185.16005648317 4431.60327889913 4678.0465013151 4899.85308909005 5032.59540385087 5147.72956551634 Inf
"11" 59.1915859715798 4205.09108013071 333.618034786753 -Inf 3551.21174735565 3656.3382455953 3777.54236535584 3980.06913518649 4205.09108013071 4430.11302507494 4632.63979490559 4753.84391466612 4858.97041290578 Inf 4414.93456231609 365.356153059027 -Inf 3698.84966079029 3813.97716882791 3946.71181238194 4168.50558190671 4414.93456231609 4661.36354272548 4883.15731225024 5015.89195580427 5131.01946384189 Inf
"12" 59.5072872429379 4191.98951633225 333.605139258252 -Inf 3538.13545832861 3643.25789305366 3764.45732784211 3966.97626928982 4191.98951633225 4417.00276337467 4619.52170482238 4740.72113961083 4845.84357433589 Inf 4401.51256327564 365.341847106543 -Inf 3685.45570090147 3800.57870098529 3933.30814715729 4155.09323208457 4401.51256327564 4647.9318944667 4869.71697939398 5002.44642556598 5117.5694256498 Inf
"13" 59.8173958793058 4185.88574542339 333.592040367448 -Inf 3532.05736077396 3637.17566790285 3758.37034383727 3960.88133344855 4185.88574542339 4410.89015739823 4613.40114700951 4734.59582294393 4839.71413007282 Inf 4391.68937275983 365.327379786504 -Inf 3675.66086581189 3790.77930709332 3923.50349725813 4145.27979962784 4391.68937275983 4638.09894589182 4859.87524826153 4992.59943842634 5107.71787970776 Inf
"14" 60.1219089246919 4185.42554008602 333.57423443275 -Inf 3531.63205442731 3636.74475072175 3757.93295772339 3960.43313803163 4185.42554008602 4410.41794214042 4612.91812244866 4734.10632945029 4839.21902574474 Inf 4384.89380178448 365.30807285088 -Inf 3668.90313573502 3784.01549320106 3916.73266911636 4138.49725098268 4384.89380178448 4631.29035258629 4853.05493445261 4985.77211036791 5100.88446783394 Inf
"15" 60.4207849911309 4188.08764986297 333.554302438375 -Inf 3534.33323019538 3639.43964571194 3760.62061137894 3963.10869173448 4188.08764986297 4413.06660799146 4615.55468834701 4736.735654014 4841.84206953057 Inf 4380.17277451748 365.286621356066 -Inf 3664.22415262527 3779.3297505031 3912.03913304611 4133.79069252905 4380.17277451748 4626.5548565059 4848.30641598884 4981.01579853185 5096.12139640968 Inf
"16" 60.71406170213 4191.22892159747 333.538294144726 -Inf 3537.50587760888 3642.60724874631 3763.78239856722 3966.26076089897 4191.22892159747 4416.19708229598 4618.67544462772 4739.85059444863 4844.95196558606 Inf 4376.65462370406 365.269327052757 -Inf 3660.73989802348 3775.84004628721 3908.54314577418 4130.28420654596 4376.65462370406 4623.02504086217 4844.76610163395 4977.46920112091 5092.56934938465 Inf
"17" 61.0018058635453 4192.87102039735 333.528703967729 -Inf 3539.16677281028 3644.26512198361 3765.43678767345 3967.90932817493 4192.87102039735 4417.83271261977 4620.30525312126 4741.47691881109 4846.57526798442 Inf 4373.79125912851 365.258766681977 -Inf 3657.89723139431 3772.99405197584 3905.69331485833 4127.42796483225 4373.79125912851 4620.15455342476 4841.88920339868 4974.58846628118 5089.6852868627 Inf
"18" 61.2840848462575 4192.05156019637 333.521653877673 -Inf 3538.36113053189 3643.45725814882 3764.62636252641 3967.09462318743 4192.05156019637 4417.0084972053 4619.47675786632 4740.64586224391 4845.74198986084 Inf 4371.35477989926 365.250837991932 -Inf 3655.476292112 3770.57061428116 3903.26699665422 4124.99683342317 4371.35477989926 4617.71272637534 4839.44256314429 4972.13894551735 5087.23326768652 Inf
"19" 61.5611048944935 4188.76244759686 333.510394087016 -Inf 3535.09408671655 3640.18666625682 3761.35167992925 3963.81310520131 4188.76244759686 4413.71178999241 4616.17321526447 4737.3382289369 4842.43080847717 Inf 4369.27246040815 365.238418523939 -Inf 3653.41831433087 3768.50872299703 3901.20059335176 4122.92289073593 4369.27246040815 4615.62203008038 4837.34432746454 4970.03619781927 5085.12660648544 Inf
"20" 61.8331312931417 4183.62434915985 333.491034434912 -Inf 3529.99393250042 3635.08041161379 3756.2383918847 3958.68806465121 4183.62434915985 4408.56063366849 4611.010306435 4732.16828670592 4837.25476581929 Inf 4367.42653845197 365.217390537112 -Inf 3651.61360647153 3766.69738900125 3899.38161984502 4121.09115194133 4367.42653845197 4613.76192496261 4835.47145705892 4968.15568790269 5083.23947043241 Inf
"21" 62.1004653851691 4177.4877033149 333.465370286023 -Inf 3523.90758746298 3628.98597953722 3750.13463596994 3952.56872901164 4177.4877033149 4402.40667761816 4604.84077065986 4725.98942709258 4831.06781916682 Inf 4365.51895346463 365.189641183252 -Inf 3649.76040921835 3764.83544763925 3897.50959708557 4119.20228360875 4365.51895346463 4611.83562332052 4833.5283098437 4966.20245929001 5081.27749771091 Inf
"22" 62.3634619300275 4171.10408917141 333.439185231869 -Inf 3517.57529508256 3622.64543597502 3743.78457932359 3946.20277641878 4171.10408917141 4396.00540192403 4598.42359901922 4719.56274236779 4824.63288326025 Inf 4363.0521054963 365.161305366046 -Inf 3647.34909843122 3762.41520794262 3895.07906292813 4116.75454785868 4363.0521054963 4609.34966313392 4831.02514806446 4963.68900304997 5078.75511256138 Inf
"23" 62.6225646889458 4164.94343894436 333.418232134643 -Inf 3511.45571217144 3616.51925052594 3737.6507815711 3940.05625884105 4164.94343894436 4389.83061904768 4592.23609631763 4713.36762736278 4818.43116571728 Inf 4359.42057505863 365.138531433996 -Inf 3643.76220408015 3758.82113728968 3891.47671845873 4113.13837820475 4359.42057505863 4605.70277191251 4827.36443165852 4960.02001282757 5075.0789460371 Inf
"24" 62.87820133142 4159.16817872185 333.405198228119 -Inf 3505.7059979363 3610.76542917185 3731.8922249719 3934.28978985489 4159.16817872185 4384.04656758881 4586.4441324718 4707.57092827184 4812.6303595074 Inf 4354.07261825131 365.124250160493 -Inf 3638.44223805455 3753.49667108689 3886.14706383983 4107.80005397003 4354.07261825131 4600.34518253259 4821.99817266279 4954.64856541574 5069.70299844807 Inf
"25" 63.1307524945333 4153.71834139589 333.399331824025 -Inf 3500.26765855108 3605.32524122194 3726.44990574529 3928.84390935836 4153.71834139589 4378.59277343342 4580.98677704649 4702.11144156983 4807.16902424069 Inf 4346.68397149812 365.117737346057 -Inf 3631.0663561831 3746.11873696015 3878.76676359418 4100.41580004342 4346.68397149812 4592.95214295282 4814.60117940207 4947.2492060361 5062.30158681315 Inf
"26" 63.3805368630305 4148.4499649298 333.398161876351 -Inf 3495.0015751403 3600.05878914853 3721.18302862747 3923.57632200999 4148.4499649298 4373.32360784961 4575.71690123213 4696.84114071107 4801.8983547193 Inf 4337.29047804883 365.116400002417 -Inf 3621.67548387918 3736.72744324539 3869.37498401973 4091.02320861871 4337.29047804883 4583.55774747896 4805.20597207794 4937.85351285227 5052.90547221849 Inf
"27" 63.6277933752227 4143.26963415509 333.399490680031 -Inf 3489.81863995824 3594.87627268627 3716.00099492233 3918.39509497082 4143.26963415509 4368.14417333937 4570.53827338786 4691.66299562392 4796.72062835195 Inf 4326.34055899413 365.117874603605 -Inf 3610.72267465925 3725.77509868757 3858.42317518756 4080.07229496062 4326.34055899413 4572.60882302764 4794.25794280069 4926.90601930068 5041.958443329 Inf
"28" 63.8726057389442 4138.22238833767 333.402144722301 -Inf 3484.76619231355 3589.82466135779 3710.95034781288 3913.34605902908 4138.22238833767 4363.09871764625 4565.49442886246 4686.62011531754 4791.67858436179 Inf 4314.65258278149 365.120833766212 -Inf 3599.02889859448 3714.0822550856 3846.73140665546 4068.38232282314 4314.65258278149 4560.92284273985 4782.57375890753 4915.22291047739 5030.27626696851 Inf
"29" 64.1149224197225 4133.50661357807 333.405261366545 -Inf 3480.04430904348 3585.1037601746 3706.23057891297 3908.62818212489 4133.50661357807 4358.38504503125 4560.78264824317 4681.90946698153 4786.96891811266 Inf 4303.27509042942 365.124255342037 -Inf 3587.64470007702 3702.69913474211 3835.34952937752 4057.00252265324 4303.27509042942 4549.5476582056 4771.20065148131 4903.85104611672 5018.90548078182 Inf
"30" 64.3546105308661 4129.41780163929 333.407104181817 -Inf 3475.95188525313 3581.01191707444 3702.13940531139 3904.5381272261 4129.41780163929 4354.29747605248 4556.69619796719 4677.82368620414 4782.88371802544 Inf 4293.28029172178 365.126196752851 -Inf 3577.6460962741 3692.70114269785 3825.35224265181 4047.0064144839 4293.28029172178 4539.55416895965 4761.20834079174 4893.8594407457 5008.91448716945 Inf
"31" 64.5914086901306 4126.24661712714 333.404700730703 -Inf 3472.78541141861 3577.84468588757 3698.97130094578 3901.36856381709 4126.24661712714 4351.12467043719 4553.5219333085 4674.64854836671 4779.70782283567 Inf 4285.54687101677 365.123439550977 -Inf 3569.91807958547 3684.97225718635 3817.62235544318 4039.2748534833 4285.54687101677 4531.81888855024 4753.47138659035 4886.12148484719 5001.17566244807 Inf
"32" 64.8250288525017 4124.1644514543 333.394868793553 -Inf 3470.72251598848 3575.77869231221 3696.90173540739 3899.29302968508 4124.1644514543 4349.03587322352 4551.42716750121 4672.55021059639 4777.60638692012 Inf 4280.57683058957 365.112595893607 -Inf 3564.96929233617 3680.0200529883 3812.66621172206 4034.31212699185 4280.57683058957 4526.84153418729 4748.48744945707 4881.13360819083 4996.18436884296 Inf
"33" 65.0551700547495 4123.14057609395 333.376037952246 -Inf 3469.73554839889 3574.78579092949 3695.90199274119 3898.28185553418 4123.14057609395 4347.99929665372 4550.37915944671 4671.49536125841 4776.54560378901 Inf 4278.40289850704 365.092042288323 -Inf 3562.83564457975 3677.87992857797 3810.51862014456 4032.15205810541 4278.40289850704 4524.65373890867 4746.28717686952 4878.92586843611 4993.97015243433 Inf
"34" 65.2816277926266 4122.91582577836 333.349601897981 -Inf 3469.56261179755 3574.60452405363 3695.71112159233 3898.07493606622 4122.91582577836 4347.75671549049 4550.12052996438 4671.22712750308 4776.26903975917 Inf 4278.60099551905 365.063336569692 -Inf 3563.09000376643 3678.12524229539 3810.75350501523 4032.36951683041 4278.60099551905 4524.83247420769 4746.44848602287 4879.07674874271 4994.11198727167 Inf
"35" 65.5044050399221 4123.03963327438 333.319831105549 -Inf 3469.74476897453 3574.77730014557 3695.873081894 3898.2188236566 4123.03963327438 4347.86044289216 4550.20618465476 4671.30196640319 4776.33449757423 Inf 4280.39964857005 365.031097652125 -Inf 3564.95184393476 3679.97692364688 3812.59347390151 4034.18991470087 4280.39964857005 4526.60938243923 4748.2058232386 4880.82237349323 4995.84745320534 Inf
"36" 65.7236138815381 4122.9520207885 333.292380307673 -Inf 3469.71095906384 3574.73484020414 3695.82064902112 3898.14972645252 4122.9520207885 4347.75431512448 4550.08339255589 4671.16920137287 4776.19308251317 Inf 4282.84162141846 365.001398606291 -Inf 3567.45202584338 3682.46774707854 3815.0735076086 4036.65191925128 4282.84162141846 4529.03132358564 4750.60973522832 4883.21549575838 4998.23121699354 Inf
"37" 65.9395130156945 4122.08377266346 333.272174732491 -Inf 3468.88231313843 3573.89982729271 3694.97829538258 3897.29510678083 4122.08377266346 4346.87243854608 4549.18924994433 4670.2677180342 4775.28523218848 Inf 4284.95270462826 364.979512169869 -Inf 3569.60600568032 3684.61483027267 3817.21263941526 4038.77776463812 4284.95270462826 4531.1276446184 4752.69276984126 4885.29057898385 5000.2994035762 Inf
"38" 66.1524732024969 4119.95105771273 333.261732189078 -Inf 3466.7700651967 3571.78428879739 3692.85896308971 3895.1694352186 4119.95105771273 4344.73268020685 4547.04315233574 4668.11782662806 4773.13205022875 Inf 4285.88479758682 364.968130493703 -Inf 3570.56040631425 3685.56564442256 3818.15931857873 4039.7175344206 4285.88479758682 4532.05206075305 4753.61027659492 4886.20395075109 5001.2091888594 Inf
"39" 66.3629803399002 4116.22747719497 333.260582905551 -Inf 3463.04873723327 3568.06259868281 3689.13685543806 3891.44662988081 4116.22747719497 4341.00832450914 4543.31809895189 4664.39235570713 4769.40621715668 Inf 4285.01501559949 364.966756641051 -Inf 3569.69331702863 3684.69812222174 3817.29129725441 4038.84867908279 4285.01501559949 4531.18135211618 4752.73873394456 4885.33190897723 5000.33671417034 Inf
"40" 66.5715272491067 4110.78878318361 333.265864142083 -Inf 3457.5996921885 3562.61521781038 3683.69139324974 3886.00437372953 4110.78878318361 4335.57319263768 4537.88617311747 4658.96234855683 4763.97787417871 Inf 4281.99748013568 364.972339505772 -Inf 3566.66483935104 3681.67140376264 3814.26660706158 4035.82737803395 4281.99748013568 4528.1675822374 4749.72835320977 4882.32355650871 4997.33012092031 Inf
"41" 66.778624425891 4103.72743198725 333.273666195526 -Inf 3450.52304924839 3555.54103337812 3676.62004331958 3878.93776012809 4103.72743198725 4328.5171038464 4530.83482065491 4651.91383059637 4756.9318147261 Inf 4276.77397256108 364.98070326742 -Inf 3561.42493910484 3676.43413902437 3809.03238089515 4030.59822918785 4276.77397256108 4522.94971593432 4744.51556422701 4877.1138060978 4992.12300601733 Inf
"42" 66.9847935926072 4095.33914173991 333.280518661151 -Inf 3442.12132841522 3547.14147182785 3668.22297128419 3870.54484796293 4095.33914173991 4320.13343551689 4522.45531219562 4643.53681165197 4748.5569550646 Inf 4269.54868468145 364.988124728517 -Inf 3554.18510542874 3669.19664392753 3801.79758203043 4023.36793560878 4269.54868468145 4515.72943375412 4737.29978733247 4869.90072543537 4984.91226393416 Inf
"43" 67.1905259619719 4086.08739680255 333.284441892218 -Inf 3432.86189408627 3537.88327374964 3658.96619852392 3861.29045684643 4086.08739680255 4310.88433675867 4513.20859508118 4634.29151985546 4739.31289951883 Inf 4260.73759338599 364.992452647486 -Inf 3545.36553156798 3660.37843383886 3792.98094428365 4014.55392517634 4260.73759338599 4506.92126159565 4728.49424248834 4861.09675293313 4976.10965520401 Inf
"44" 67.3962200040729 4076.55058562756 333.28525397448 -Inf 3423.32349125929 3528.34512681819 3649.42834662363 3851.75309793028 4076.55058562756 4301.34807332485 4503.67282463149 4624.75604443693 4729.77767999583 Inf 4250.90164034391 364.993444624269 -Inf 3535.52763428713 3650.54084914017 3783.14371997216 4004.71730305608 4250.90164034391 4497.08597763174 4718.65956071566 4851.26243154765 4966.2756464007 Inf
"45" 67.6021910331432 4067.35088049476 333.284148116718 -Inf 3414.12595356788 3519.14724065954 3640.23005870458 3842.5541386872 4067.35088049476 4292.14762230232 4494.47170228494 4615.55452032997 4720.57580742164 Inf 4240.66554002414 364.99233442359 -Inf 3525.2937099207 3640.30657493801 3772.90904243181 3994.48195155529 4240.66554002414 4486.84912849299 4708.42203761647 4841.02450511026 4956.03737012757 Inf
"46" 67.808751869614 4059.07129933589 333.28283453936 -Inf 3405.84894697332 3510.86982014316 3631.95216096283 3834.2754435228 4059.07129933589 4283.86715514899 4486.19043770895 4607.27277852863 4712.29365169846 Inf 4230.62884225053 364.990935466198 -Inf 3515.2597540532 3630.27217824455 3762.87413749424 3984.44619736411 4230.62884225053 4476.81148713696 4698.38354700683 4830.98550625652 4945.99793044786 Inf
"47" 68.0161683917586 4052.18067071293 333.282704132859 -Inf 3398.95857394241 3503.9794060198 3625.06169946253 3827.38490285768 4052.18067071293 4276.97643856818 4479.29964196334 4600.38193540606 4705.40276748345 Inf 4221.29120195194 364.990756249386 -Inf 3505.92246501311 3620.93483273138 3753.53672687124 3975.10867794542 4221.29120195194 4467.47372595847 4689.04567703265 4821.64757117251 4936.65993889078 Inf
"48" 68.2247638231937 4046.96613133715 333.284406391961 -Inf 3393.74069820009 3498.76206667696 3619.84497855393 3822.16921532558 4046.96613133715 4271.76304734871 4474.08728412037 4595.17019599733 4700.1915644742 Inf 4212.99016584267 364.992541533319 -Inf 3497.61792981162 3612.63086009135 3745.23340282854 3966.80643768043 4212.99016584267 4459.17389400491 4680.7469288568 4813.34947159398 4928.36240187371 Inf
"49" 68.4348690282006 4043.49396742336 333.28798304588 -Inf 3390.26152417344 3495.28401969101 3616.36823097371 3818.69463899539 4043.49396742336 4268.29329585133 4470.61970387301 4591.70391515572 4696.72641067328 Inf 4205.87403142197 364.996391686738 -Inf 3490.49424922889 3605.50839273184 3738.1123342377 3959.68770637071 4205.87403142197 4452.06035647323 4673.63572860624 4806.23967011211 4921.25381361506 Inf
"50" 68.6468284385606 4041.5950036493 333.293382748775 -Inf 3388.35197717618 3493.37617419606 3614.46234720196 3816.79203317708 4041.5950036493 4266.39797412153 4468.72766009665 4589.81383310255 4694.83803012243 Inf 4199.90238510477 365.002287442714 -Inf 3484.51104744231 3599.52704875904 3732.1331322052 3953.71208342653 4199.90238510477 4446.092686783 4667.67163800434 4800.2777214505 4915.29372276722 Inf
"51" 68.8610174513547 4040.87977965587 333.300977881492 -Inf 3387.62186699616 3492.64845732102 3613.7373896543 3816.07168634447 4040.87977965587 4265.68787296726 4468.02216965744 4589.11110199071 4694.13769231557 Inf 4194.87601031357 365.010627759816 -Inf 3479.46832592997 3594.486955367 3727.09606886756 3948.68008317694 4194.87601031357 4441.0719374502 4662.65595175958 4795.26506526014 4910.28369469716 Inf
"52" 69.0777040717704 4040.78270569328 333.311687638228 -Inf 3387.50380229609 3492.53376737623 3613.6265905862 3815.96738876074 4040.78270569328 4265.59802262583 4467.93882080037 4589.03164401034 4694.06160909048 Inf 4190.49413967834 365.022367374513 -Inf 3475.06344607274 3590.08577478396 3722.69915331073 3944.29029429192 4190.49413967834 4436.69798506475 4658.28912604594 4790.90250457272 4905.92483328393 Inf
"53" 69.297038295507 4040.63123374032 333.32652975122 -Inf 3387.32324033621 3492.35788231988 3613.45609770009 3815.80590595469 4040.63123374032 4265.45656152595 4467.80636978054 4588.90458516076 4693.93922714443 Inf 4186.4227815711 365.038558291596 -Inf 3470.96035435114 3585.98778498803 3718.60704570836 3940.20801557706 4186.4227815711 4432.63754756513 4654.23851743383 4786.85777815416 4901.88520879105 Inf
"54" 69.519012634367 4039.73769004869 333.345746216702 -Inf 3386.39203306433 3491.43273035531 3612.53792711705 3814.89940095406 4039.73769004869 4264.57597914332 4466.93745298034 4588.04264974208 4693.08334703306 Inf 4182.36732880204 365.059434376124 -Inf 3466.86398520827 3581.89799411562 3714.52483916049 3936.13848210296 4182.36732880204 4428.59617550111 4650.20981844358 4782.83666348846 4897.8706723958 Inf
"55" 69.7433705402609 4037.50240468466 333.367951861344 -Inf 3384.11322543654 3489.16091995614 3610.27418407436 3812.64913811032 4037.50240468466 4262.355671259 4464.73062529496 4585.84388941318 4690.89158393278 Inf 4178.13282242037 365.083503567677 -Inf 3462.58230407803 3577.62389743693 3710.25948686871 3931.8877412983 4178.13282242037 4424.37790354245 4646.00615797204 4778.64174740382 4893.68334076272 Inf
"56" 69.9696627172798 4033.50890561379 333.389877067054 -Inf 3380.07675375212 3485.13135713114 3606.25258672178 3808.64085071293 4033.50890561379 4258.37696051465 4460.76522450579 4581.88645409644 4686.94105747545 Inf 4173.65060229548 365.10725444209 -Inf 3458.05353309468 3573.10261060011 3705.74682877353 3927.38950145206 4173.65060229548 4419.9117031389 4641.55437581743 4774.19859399084 4889.24767149628 Inf
"57" 70.1972898672035 4027.58632465479 333.407010881214 -Inf 3374.12059113446 3479.18059355578 3600.30804789643 3802.7067131719 4027.58632465479 4252.46593613769 4454.86460141316 4575.99205575381 4681.05205817513 Inf 4168.96173093318 365.125822112114 -Inf 3453.32826976786 3568.38319813843 3701.03416198464 3922.68810638664 4168.96173093318 4415.23535547972 4636.88929988172 4769.54026372793 4884.5951920985 Inf
"58" 70.4255401498343 4019.82111052299 333.414974858336 -Inf 3366.33976789433 3471.40227984732 3592.53262751728 3794.93612741916 4019.82111052299 4244.70609362682 4447.10959352871 4568.23994119866 4673.30245315166 Inf 4164.15907512895 365.134458211823 -Inf 3448.50868751923 3563.56633721427 3696.22043857331 3917.87962562167 4164.15907512895 4410.43852463622 4632.09771168459 4764.75181304363 4879.80946273867 Inf
"59" 70.6536288348883 4010.51487967783 333.411053711187 -Inf 3357.04122235635 3462.10249871527 3583.23142182438 3785.63254134756 4010.51487967783 4235.3972180081 4437.79833753128 4558.92726064039 4663.98853699931 Inf 4159.30781688892 365.130199018141 -Inf 3443.66577714542 3558.72208472442 3691.37463870961 3913.03124016413 4159.30781688892 4405.58439361371 4627.24099506823 4759.89354905342 4874.94985663242 Inf
"60" 70.8809111669744 4000.0938471281 333.395206381757 -Inf 3346.65125000156 3451.70753270283 3572.83069844449 3775.2221976591 4000.0938471281 4224.9654965971 4427.3569958117 4548.48016155337 4653.53644425464 Inf 4154.37199886978 365.112987341628 -Inf 3438.76369339236 3553.81457739381 3686.46087834145 3908.10703124438 4154.37199886978 4400.63696649518 4622.28311939811 4754.92942034574 4869.9803043472 Inf
"61" 71.1068843990257 3989.01175888743 333.370164263096 -Inf 3335.61824341156 3440.66663508187 3561.7807029702 3764.15700007079 3989.01175888743 4213.86651770407 4416.24281480466 4537.35688269299 4642.4052743633 Inf 4149.18388204303 365.085794472362 -Inf 3433.62887361 3548.6711888567 3681.30761057888 3902.93725572922 4149.18388204303 4395.43050835683 4617.06015350718 4749.69657522935 4864.73889047605 Inf
"62" 71.3313405044718 3977.66194920172 333.340672484793 -Inf 3324.32623654916 3429.36533505466 3550.46868851914 3752.82708228725 3977.66194920172 4202.49681611618 4404.85520988429 4525.95856334877 4630.99766185427 Inf 4143.4603459133 365.053787370691 -Inf 3427.9680702468 3543.00029972425 3675.6250932004 3897.23530806151 4143.4603459133 4389.68538376509 4611.29559862619 4743.92039210235 4858.9526215798 Inf
"63" 71.5543924247584 3966.32862390419 333.312261847126 -Inf 3313.04859507823 3418.07874109754 3539.17177291879 3741.51291967363 3966.32862390419 4191.14432813474 4393.48547488958 4514.57850671083 4619.60865273014 Inf 4136.86364158633 365.022974215124 -Inf 3421.43175859499 3536.45427852797 3669.06787752119 3890.65938689214 4136.86364158633 4383.06789628052 4604.65940565147 4737.27300464469 4852.29552457766 Inf
"64" 71.7765367762223 3955.17377697032 333.290020403955 -Inf 3301.93734057195 3406.96047808215 3528.04542954124 3730.37307436521 3955.17377697032 4179.97447957543 4382.3021243994 4503.3870758585 4608.4102133687 Inf 4129.0812728811 364.998861570035 -Inf 3413.69664980571 3528.71157159447 3661.31641041403 3882.89328191888 4129.0812728811 4375.26926384333 4596.84613534818 4729.45097416773 4844.46589595649 Inf
"65" 71.9986700039493 3944.25578020087 333.277748814574 -Inf 3291.04339567572 3396.06266628099 3517.14315944637 3719.46335465701 3944.25578020087 4169.04820574472 4371.36840095537 4492.44889412074 4597.46816472602 Inf 4119.90509209316 364.985549343734 -Inf 3404.54656050188 3519.55728747025 3652.15728993055 3873.72608009113 4119.90509209316 4366.0841040952 4587.65289425578 4720.25289671608 4835.26362368445 Inf
"66" 72.2220881448475 3933.56588514257 333.277658818476 -Inf 3280.35367700653 3385.37291925311 3506.45337972272 3708.77352030016 3933.56588514257 4158.35824998498 4360.67839056243 4481.75885103204 4586.77809327862 Inf 4109.2965992196 364.98543020971 -Inf 3393.93830112671 3508.94899055471 3641.54894973337 3863.11766757224 4109.2965992196 4355.47553086695 4577.04424870582 4709.64420788448 4824.65489731249 Inf
"67" 72.4483804922306 3923.07628703275 333.29055077663 -Inf 3269.83881112304 3374.86211575916 3495.94725990374 3698.27522669671 3923.07628703275 4147.8773473688 4350.20531416177 4471.29045830635 4576.31376294247 Inf 4097.44192263587 364.99939909113 -Inf 3382.0562460385 3497.07133720572 3629.6763713078 3851.25356912118 4097.44192263587 4343.63027615057 4565.20747396395 4697.81250806603 4812.82759923325 Inf
"68" 72.6793114362134 3912.78849877028 333.316211466007 -Inf 3259.50072883357 3364.53211941869 3485.62658614462 3687.97013056227 3912.78849877028 4137.60686697829 4339.95041139594 4461.04487812186 4566.07626870699 Inf 4084.79564953139 365.027275591382 -Inf 3369.3553359975 3484.37921133869 3616.99437303077 3838.588493603 4084.79564953139 4331.00280545978 4552.596926032 4685.21208772409 4800.23596306527 Inf
"69" 72.9168841861878 3902.7703483849 333.353733642661 -Inf 3249.40903633333 3354.45225054496 3475.56034915502 3677.92667185334 3902.7703483849 4127.61402491647 4329.98034761479 4451.08844622485 4556.13166043648 Inf 4072.09459196066 365.068112835957 -Inf 3356.57423889818 3471.61098247811 3604.24098042532 3825.85989172938 4072.09459196066 4318.32929219194 4539.94820349599 4672.57820144321 4787.61494502314 Inf
"70" 73.1632195396425 3893.19422263601 333.401369886794 -Inf 3239.73954526158 3344.79777014713 3465.92317510288 3668.31841594604 3893.19422263601 4118.07002932599 4320.46527016915 4441.5906751249 4546.64890001045 Inf 4060.34022807121 365.119993173602 -Inf 3344.71819141544 3459.77128302711 3592.42012920794 3814.07053508395 4060.34022807121 4306.60992105846 4528.26032693447 4660.9091731153 4775.96226472698 Inf
