"mid_age" "mean_left" "std_left" "min_left" "l.q2.5" "l.q5" "l.q10" "l.q25" "l.q50" "l.q75" "l.q90" "l.q95" "l.q97.5" "max_left" "mean_right" "std_right" "min_right" "r.q2.5" "r.q5" "r.q10" "r.q25" "r.q50" "r.q75" "r.q90" "r.q95" "r.q97.5" "max_right"
"1" 55.7543968106281 4271.38895643675 332.707024229258 -Inf 3619.2951715439 3724.13460092102 3845.00774866805 4046.98147877587 4271.38895643675 4495.79643409762 4697.77016420544 4818.64331195247 4923.48274132959 Inf 4462.85238618311 365.121653976278 -Inf 3747.22709441391 3862.28070936171 3994.93015891557 4216.58157300147 4462.85238618311 4709.12319936475 4930.77461345064 5063.42406300451 5178.47767795231 Inf
"2" 56.1241821281282 4280.88703266128 332.701067133705 -Inf 3628.80492346117 3733.64247569578 3854.51345921772 4056.4835730003 4280.88703266128 4505.29049232226 4707.26060610484 4828.13158962678 4932.96914186138 Inf 4480.63268013215 365.114541410963 -Inf 3765.0213287348 3880.0727024396 4012.71956798383 4234.36666430291 4480.63268013215 4726.89869596139 4948.54579228047 5081.1926578247 5196.2440315295 Inf
"3" 56.4886891798214 4293.39901110915 332.726528047642 -Inf 3641.26699943472 3746.11257466702 3866.99280819148 4068.97837832269 4293.39901110915 4517.81964389562 4719.80521402683 4840.68544755129 4945.53102278359 Inf 4496.32803174322 365.142168997065 -Inf 3780.66253127214 3895.72261071547 4028.37951341868 4250.04338139034 4496.32803174322 4742.61268209611 4964.27655006776 5096.93345277097 5211.99353221431 Inf
"4" 56.8492121567078 4303.98590391568 332.750961591416 -Inf 3651.80600337543 3756.65927787045 3877.54838815173 4079.54879095438 4303.98590391568 4528.42301687698 4730.42341967963 4851.31252996091 4956.16580445592 Inf 4504.62168510292 365.1691262564 -Inf 3788.90334937442 3903.97192332938 4036.63861966048 4258.31885235492 4504.62168510292 4750.92451785092 4972.60475054537 5105.27144687646 5220.34002083143 Inf
"5" 57.2065291462381 4308.31345704086 332.752685495344 -Inf 3656.130177711 3760.983995426 3881.87373200513 4083.87518132403 4308.31345704086 4532.75173275769 4734.75318207659 4855.64291865572 4960.49673637072 Inf 4503.04094943209 365.171087816147 -Inf 3787.31876911713 3902.38796117988 4035.05537014968 4256.73679363214 4503.04094943209 4749.34510523203 4971.02652871449 5103.69393768429 5218.76312974705 Inf
"6" 57.561015524398 4304.21448948318 332.724226055365 -Inf 3652.0869896307 3756.93183948139 3877.81123668731 4079.79540936691 4304.21448948318 4528.63356959944 4730.61774227905 4851.49713948497 4956.34198933566 Inf 4492.49469483812 365.139730203432 -Inf 3776.83397431472 3891.89328526892 4024.54930195338 4246.21168942654 4492.49469483812 4738.7777002497 4960.44008772286 5093.09610440732 5208.15541536152 Inf
"7" 57.912815627945 4292.3618860801 332.669731404886 -Inf 3640.34119377991 3745.1688718018 3866.02847098886 4067.97956204702 4292.3618860801 4516.74421011318 4718.69530117133 4839.55490035839 4944.38257838029 Inf 4476.62601708044 365.080065616232 -Inf 3761.0822369991 3876.1227470239 4008.75708744083 4230.38325482138 4476.62601708044 4722.8687793395 4944.49494672005 5077.12928713698 5192.16979716177 Inf
"8" 58.2617101583417 4275.82239423548 332.609515527652 -Inf 3623.91972288597 3728.72842626125 3849.56614889599 4051.48068519439 4275.82239423548 4500.16410327657 4702.07863957497 4822.91636220971 4927.72506558499 Inf 4460.24731918318 365.014602156129 -Inf 3744.83184512595 3859.85172693642 3992.46228434335 4214.04871135697 4460.24731918318 4706.44592700939 4928.032354023 5060.64291142993 5175.6627932404 Inf
"9" 58.6072141981997 4258.71998833135 332.57544810564 -Inf 3606.88408790202 3711.68205627977 3832.50740214987 4034.40125741722 4258.71998833135 4483.03871924547 4684.93257451283 4805.75792038292 4910.55588876067 Inf 4447.45669291316 364.977823550048 -Inf 3732.11330359925 3847.12159609 3979.71879175353 4201.28289187977 4447.45669291316 4693.63049394654 4915.19459407278 5047.79178973631 5162.80008222707 Inf
"10" 58.948635336145 4244.61244174305 332.586422972983 -Inf 3592.755030969 3697.55645764113 3818.38579070315 4020.2863083934 4244.61244174305 4468.93857509271 4670.83909278296 4791.66842584498 4896.46985251711 Inf 4440.19257918335 364.989811045121 -Inf 3724.82569481083 3839.83776468545 3972.43931543064 4194.01069270741 4440.19257918335 4686.37446565928 4907.94584293605 5040.54739368125 5155.55946355586 Inf
"11" 59.2852015983077 4235.29016446714 332.625535382685 -Inf 3583.35609477872 3688.16984617626 3809.01338885735 4010.93765019803 4235.29016446714 4459.64267873624 4661.56694007693 4782.41048275802 4887.22423415555 Inf 4437.79493964867 365.03199067266 -Inf 3722.34538472529 3837.37074583743 3969.98762052826 4191.58460344629 4437.79493964867 4684.00527585105 4905.60225876908 5038.21913345991 5153.24449457204 Inf
"12" 59.6160332471759 4230.46005162536 332.648290046048 -Inf 3578.48138361627 3683.30230524391 3804.15411474111 4006.09218956905 4230.46005162536 4454.82791368167 4656.76598850961 4777.61779800681 4882.43871963445 Inf 4437.66917990034 365.05622214464 -Inf 3722.17213216459 3837.20512886452 3969.83080689908 4191.44249981847 4437.66917990034 4683.8958599822 4905.5075529016 5038.13323093615 5153.16622763609 Inf
"13" 59.9402585198069 4228.29276553954 332.61847835158 -Inf 3576.37252737793 3681.18405503187 3802.02503387901 4003.94501116558 4228.29276553954 4452.6405199135 4654.56049720007 4775.40147604722 4880.21300370115 Inf 4436.63161576646 365.023499982092 -Inf 3721.1987022908 3836.22138789839 3968.83517790384 4190.42700644784 4436.63161576646 4682.83622508508 4904.42805362908 5037.04184363452 5152.06452924212 Inf
"14" 60.2571178743272 4226.4402805517 332.536661694007 -Inf 3574.68040009227 3679.46614646998 3800.27740115677 4002.14771067467 4226.4402805517 4450.73285042873 4652.60315994663 4773.41441463343 4878.20016101114 Inf 4432.2655410714 364.934534728806 -Inf 3717.00699628806 3832.00164802288 3964.58311676841 4186.12093790424 4432.2655410714 4678.41014423856 4899.94796537439 5032.52943411992 5147.52408585474 Inf
"15" 60.5659303246223 4222.99330815786 332.434808428021 -Inf 3571.43305643147 3676.18670779011 3796.96095897541 3998.76943726476 4222.99330815786 4447.21717905096 4649.02565734031 4769.79990852561 4874.55355988426 Inf 4423.7151618802 364.823834113902 -Inf 3708.67358631513 3823.6333551396 3956.17460612354 4177.64522514313 4423.7151618802 4669.78509861726 4891.25571763685 5023.79696862079 5138.75673744526 Inf
"16" 60.8662655616533 4217.01010941421 332.346358519772 -Inf 3565.62321632242 3670.34899619885 3791.09111335015 3992.84589707763 4217.01010941421 4441.17432175079 4642.92910547827 4763.67122262957 4868.397002506 Inf 4411.70729406388 364.727416406252 -Inf 3696.85469373328 3811.78408033942 3944.29030257141 4165.70239008237 4411.70729406388 4657.7121980454 4879.12428555635 5011.63050778835 5126.55989439448 Inf
"17" 61.1577710594996 4208.54907432749 332.28218956399 -Inf 3557.28795007796 3661.99350965179 3782.71231408917 3984.42814329387 4208.54907432749 4432.67000536111 4634.38583456581 4755.1046390032 4859.81019857702 Inf 4397.98959282348 364.657012232437 -Inf 3683.27498213792 3798.18218365967 3930.66282791018 4152.03217573557 4397.98959282348 4643.94700991139 4865.31635773678 4997.79700198729 5112.70420350904 Inf
"18" 61.4404956244127 4198.3475471324 332.230759232168 -Inf 3547.18722448095 3651.87657782452 3772.57669751634 3974.26130533044 4198.3475471324 4422.43378893436 4624.11839674845 4744.81851644027 4849.50786978384 Inf 4384.53174859272 364.600306018489 -Inf 3669.9282800442 3784.81761285059 3917.27765561668 4138.61257926489 4384.53174859272 4630.45091792054 4851.78584156875 4984.24588433485 5099.13521714124 Inf
"19" 61.7149072556716 4187.39858831569 332.175791548182 -Inf 3536.34600034517 3641.01803280218 3761.6981826211 3963.34942165317 4187.39858831569 4411.44775497821 4613.09899401028 4733.77914382919 4838.45117628621 Inf 4372.87334575077 364.539954470864 -Inf 3658.38816406201 3773.25847947065 3905.69659639508 4126.99488292323 4372.87334575077 4618.75180857832 4840.05009510647 4972.4882120309 5087.35852743954 Inf
"20" 61.9816715175162 4176.62618335389 332.112494823547 -Inf 3525.69765468399 3630.34974168747 3751.00689567585 3952.61970968335 4176.62618335389 4400.63265702442 4602.24547103193 4722.9026250203 4827.55471202378 Inf 4363.80453504526 364.470936074414 -Inf 3649.45462692781 3764.30319392486 3896.71623632359 4117.9726244187 4363.80453504526 4609.63644567183 4830.89283376693 4963.30587616566 5078.15444316271 Inf
"21" 62.2416887191243 4166.71098946641 332.050597510915 -Inf 3515.90377730001 3620.53635981918 3741.17102638628 3942.74626489881 4166.71098946641 4390.67571403401 4592.25095254654 4712.88561911364 4817.51820163281 Inf 4357.34470333003 364.403735566752 -Inf 3643.12650578734 3757.95389720839 3890.34252552416 4111.55811875709 4357.34470333003 4603.13128790296 4824.3468811359 4956.73550945166 5071.56290087272 Inf
"22" 62.4960937757588 4158.05989318361 332.005845441475 -Inf 3507.34039346154 3611.95887414011 3732.57728218813 3934.12535342815 4158.05989318361 4381.99443293907 4583.54250417909 4704.16091222711 4808.77939290567 Inf 4352.93008892863 364.355208390898 -Inf 3638.80700290288 3753.6191029082 3885.99010120094 4107.17623543841 4352.93008892863 4598.68394241885 4819.87007665631 4952.24107494906 5067.05317495437 Inf
"23" 62.7460836182543 4150.86927288434 331.988779002302 -Inf 3500.1832227684 3604.79632563522 3725.4085334107 3926.94624426718 4150.86927288434 4374.79230150151 4576.33001235798 4696.94222013347 4801.55532300028 Inf 4349.68728182732 364.33659195886 -Inf 3635.60068333789 3750.40691711265 3882.77115201726 4103.9459849297 4349.68728182732 4595.42857872495 4816.60341163738 4948.96764654199 5063.77388031675 Inf
"24" 62.9926854746736 4145.21624872378 331.998417953418 -Inf 3494.5113066108 3599.12744681095 3719.74315643725 3921.28671873288 4145.21624872378 4369.14577871467 4570.68934101031 4691.30505063661 4795.92119083675 Inf 4346.69768242204 364.3467939832 -Inf 3632.59108833233 3747.40053687063 3879.76847819172 4100.94950436357 4346.69768242204 4592.44586048051 4813.62688665237 4945.99482797345 5060.80427651175 Inf
"25" 63.2368670382821 4141.12859365626 332.023581480581 -Inf 3490.37433193632 3594.99840142451 3715.6232530121 3917.18209112422 4141.12859365626 4365.07509618831 4566.63393430043 4687.25878588802 4791.8828553762 Inf 4343.20793815454 364.373828919183 -Inf 3629.04835656398 3743.86632409063 3876.24408725968 4097.44152530885 4343.20793815454 4588.97435100023 4810.1717890494 4942.54955221845 5057.3675197451 Inf
"26" 63.4793328137313 4138.63048028854 332.049807033639 -Inf 3487.82481742913 3592.45715086072 3713.09153024579 3914.66628888976 4138.63048028854 4362.59467168731 4564.16943033128 4684.80380971635 4789.43614314794 Inf 4338.77500768007 364.40220416488 -Inf 3624.55981162989 3739.38672049035 3871.77479244466 4092.98945602199 4338.77500768007 4584.56055933814 4805.77522291547 4938.16329486978 5052.99020373024 Inf
"27" 63.7206602067242 4137.74059049609 332.067062008724 -Inf 3486.90110850696 3591.53887915992 3712.17952731301 3913.76476079348 4137.74059049609 4361.7164201987 4563.30165367916 4683.94230183226 4788.58007248521 Inf 4333.32547523071 364.421129387513 -Inf 3619.07318642577 3733.9060588199 3866.30100634661 4087.52715870395 4333.32547523071 4579.12379175746 4800.34994411481 4932.74489164151 5047.57776403564 Inf
"28" 63.9610825161406 4138.43535386684 332.07354052786 -Inf 3487.58317421353 3592.22298631497 3712.86598812742 3914.45515446947 4138.43535386684 4362.4155532642 4564.00471960625 4684.6477214187 4789.28753352014 Inf 4327.13665707647 364.428550354159 -Inf 3612.86982344418 3727.70503426177 3860.10267784095 4081.33333518378 4327.13665707647 4572.93997896917 4794.170636312 4926.56827989118 5041.40349070877 Inf
"29" 64.2005133680378 4140.58166917912 332.07364533083 -Inf 3489.72928411577 3594.36912924171 3715.01216912929 3916.60139909323 4140.58166917912 4364.56193926501 4566.15116922895 4686.79420911653 4791.43405424247 Inf 4320.7353379155 364.429005709698 -Inf 3606.46761180275 3721.30296610759 3853.70077511838 4074.93170889016 4320.7353379155 4566.53896694085 4787.76990071263 4920.16770972342 5035.00306402825 Inf
"30" 64.4387207631945 4143.87260516262 332.071992544955 -Inf 3493.02345950006 3597.66278381605 3718.30522324312 3919.89344986386 4143.87260516262 4367.85176046138 4569.43998708212 4690.08242650919 4794.72175082519 Inf 4314.73299110123 364.4272729546 -Inf 3600.46866112606 3715.30346942182 3847.70064891911 4068.93053080144 4314.73299110123 4560.53545140101 4781.76533328334 4914.16251278063 5028.99732107639 Inf
"31" 64.6752630911784 4147.79258921088 332.068076628649 -Inf 3496.95111860324 3601.58920897345 3722.23022574005 3923.81607515753 4147.79258921088 4371.76910326423 4573.35495268171 4693.99596944831 4798.63405981852 Inf 4309.65037145913 364.422728978089 -Inf 3595.39494751428 3710.22832395597 3842.62385261723 4063.85097602493 4309.65037145913 4555.44976689334 4776.67689030104 4909.07241896229 5023.90579540399 Inf
"32" 64.9095539022122 4151.6378623209 332.055693565911 -Inf 3500.82066207025 3605.45485040913 3726.09136838351 3927.66970051645 4151.6378623209 4375.60602412536 4577.1843562583 4697.82087423268 4802.45506257156 Inf 4305.77214209208 364.408765466397 -Inf 3591.54408612724 3706.37306252177 3838.76351821044 4059.98216490339 4305.77214209208 4551.56211928077 4772.78076597372 4905.17122166239 5020.00019805692 Inf
"33" 65.1410926686167 4154.60223586094 332.027509059556 -Inf 3503.84027622766 3608.46558333667 3729.09186182179 3930.65308421713 4154.60223586094 4378.55138750475 4580.11260990009 4700.73888838521 4805.36419549421 Inf 4303.07520792879 364.377653503996 -Inf 3588.90813028974 3703.72730298267 3836.10645563127 4057.30621543984 4303.07520792879 4548.84420041773 4770.0439602263 4902.4231128749 5017.24228556784 Inf
"34" 65.3694984459535 4155.90110563752 331.981206118106 -Inf 3505.22989810187 3609.84061467443 3730.45007120548 3931.98318485313 4155.90110563752 4379.81902642192 4581.35214006957 4701.96159660061 4806.57231317318 Inf 4301.25323169078 364.327064172469 -Inf 3587.18530731953 3701.98853879011 3834.34931223028 4055.51836118742 4301.25323169078 4546.98810219414 4768.15715115128 4900.51792459145 5015.32115606203 Inf
"35" 65.5945727864611 4154.90163724185 331.922674419907 -Inf 3504.34514972662 3608.93742235483 3729.52561419927 3931.02319548795 4154.90163724185 4378.78007899575 4580.27766028443 4700.86585212887 4805.45812475708 Inf 4299.81142122327 364.2634289257 -Inf 3585.86821964383 3700.65139898905 3832.98905361289 4054.1194720416 4299.81142122327 4545.50337040493 4766.63378883364 4898.97144345748 5013.7546228027 Inf
"36" 65.8162779452754 4151.22467946584 331.864191932048 -Inf 3500.78281552054 3605.35665971109 3725.92360474713 3927.38568355057 4151.22467946584 4375.06367538111 4576.52575418455 4697.09269922059 4801.66654341114 Inf 4298.19303363046 364.199972967358 -Inf 3584.37420344398 3699.13738715947 3831.45198810284 4052.54388484229 4298.19303363046 4543.84218241863 4764.93407915808 4897.24868010145 5012.01186381694 Inf
"37" 66.0347295610747 4144.79909940255 331.818983207775 -Inf 3494.44584292861 3599.00544138189 3719.55596199521 3920.99059630842 4144.79909940255 4368.60760249668 4570.04223680989 4690.59275742321 4795.15235587649 Inf 4295.89698688539 364.150897937858 -Inf 3582.17434198927 3696.92206165467 3829.21883353866 4050.28093870161 4295.89698688539 4541.51303506918 4762.57514023213 4894.87191211611 5009.61963178152 Inf
"38" 66.2501024354173 4135.8663305569 331.795474909862 -Inf 3485.55914950021 3590.11134024533 3710.65332024555 3912.07368356876 4135.8663305569 4359.65897754505 4561.07934086825 4681.62132086848 4786.1735116136 Inf 4292.56198069859 364.125249278812 -Inf 3578.88960625045 3693.62924375773 3825.91669743101 4046.96323227244 4292.56198069859 4538.16072912474 4759.20726396617 4891.49471763945 5006.23435514673 Inf
"39" 66.4626881485408 4124.93436461053 331.794132236744 -Inf 3474.6298151448 3579.18158279971 3699.72307500402 3901.14262324165 4124.93436461053 4348.72610597942 4550.14565421705 4670.68714642136 4775.23891407627 Inf 4288.00466694234 364.123535413739 -Inf 3574.33565160802 3689.07474905866 3821.36158008123 4042.40707450061 4288.00466694234 4533.60225938407 4754.64775380345 4886.93458482602 5001.67368227666 Inf
"40" 66.6727868487664 4112.70387721037 331.808059236639 -Inf 3462.37203132642 3566.92818752325 3687.47473943534 3888.9027422228 4112.70387721037 4336.50501219794 4537.9330149854 4658.47956689748 4763.03572309432 Inf 4282.21815349389 364.138363372461 -Inf 3568.52007589451 3683.26384578853 3815.55606383907 4036.61055974599 4282.21815349389 4527.82574724179 4748.88024314872 4881.17246119926 4995.91623109328 Inf
"41" 66.8807341593202 4099.9705193374 331.826509830962 -Inf 3449.60251095309 3554.16448112329 3674.71773617433 3876.15693961307 4099.9705193374 4323.78409906172 4525.22330250047 4645.7765575515 4750.33852772171 Inf 4275.33680919078 364.158186181349 -Inf 3561.5998795999 3676.34989586632 3808.64931558419 4029.71584516147 4275.33680919078 4520.9577732201 4742.02430279737 4874.32372251524 4989.07373878166 Inf
"42" 67.0868628608274 4087.52558376152 331.839402323819 -Inf 3437.13230655554 3541.69833928378 3662.25627820405 3863.70330818291 4087.52558376152 4311.34785934013 4512.794889319 4633.35282823927 4737.91886096751 Inf 4267.5835387066 364.172134525193 -Inf 3553.81927086415 3668.57368239818 3800.87816957812 4021.95316666233 4267.5835387066 4513.21391075087 4734.28890783508 4866.59339501502 4981.34780654906 Inf
"43" 67.2914957854921 4076.06296821052 331.840851730558 -Inf 3425.66685021953 3530.23333967084 3650.79180516357 3852.23971502192 4076.06296821052 4299.88622139912 4501.33413125747 4621.89259675019 4726.45908620151 Inf 4259.21088484586 364.173813490684 -Inf 3545.44332629151 3660.19826688496 3792.50336403653 4013.57938035657 4259.21088484586 4504.84238933514 4725.91840565519 4858.22350280676 4972.97844340021 Inf
"44" 67.4949100366965 4066.10523520489 331.830511343352 -Inf 3415.72938400041 3520.29261508861 3640.84732389735 3842.28895650147 4066.10523520489 4289.9215139083 4491.36314651242 4611.91785532116 4716.48108640937 Inf 4250.44926108416 364.162767372017 -Inf 3536.70335252456 3651.45481237161 3783.75589644549 4004.82520708869 4250.44926108416 4496.07331507962 4717.14262572282 4849.4437097967 4964.19516964375 Inf
"45" 67.6973983067058 4057.9499187052 331.812595165509 -Inf 3407.60918256404 3512.16676807904 3632.71496790343 3834.14572428011 4057.9499187052 4281.7541131303 4483.18486950698 4603.73306933137 4708.29065484637 Inf 4241.46586828589 364.143463182977 -Inf 3527.75779524157 3642.5031721387 3774.79724296092 3995.85483476807 4241.46586828589 4487.07690180372 4708.13449361087 4840.42856443308 4955.17394133021 Inf
"46" 67.8993208992703 4051.64949820535 331.793393334697 -Inf 3401.34639696101 3505.89793178023 3626.43915553991 3827.85825521832 4051.64949820535 4275.44074119237 4476.85984087078 4597.40106463046 4701.95259944968 Inf 4232.34418789264 364.122648659336 -Inf 3518.67691056501 3633.41572859016 3765.70223745302 3986.74719355767 4232.34418789264 4477.94118222761 4698.98613833226 4831.27264719513 4946.01146522027 Inf
"47" 68.1009720483747 4047.02847112549 331.778601043612 -Inf 3396.75436223893 3501.30123585402 3621.83708554385 3823.24720538718 4047.02847112549 4270.8097368638 4472.21985670713 4592.75570639696 4697.30258001205 Inf 4223.0945990029 364.106490802294 -Inf 3509.45899049314 3624.19271701018 3756.47335569027 3977.50850297689 4223.0945990029 4468.68069502891 4689.71584231553 4821.99648099563 4936.73020751266 Inf
"48" 68.3028926805989 4043.71571146536 331.771547330091 -Inf 3393.45542760326 3498.00007852016 3618.53336558133 3819.93920338452 4043.71571146536 4267.4922195462 4468.89805734939 4589.43134441056 4693.97599532746 Inf 4213.66516594622 364.098658139102 -Inf 3500.04490917422 3614.77616753796 3747.05396059537 3968.08435297125 4213.66516594622 4459.24597892119 4680.27637129708 4812.55416435449 4927.28542271822 Inf
"49" 68.5056687562206 4041.21164815642 331.772961609688 -Inf 3390.94859235724 3495.49368892829 3616.02748980016 3817.43418615849 4041.21164815642 4264.98911015435 4466.39580651269 4586.92960738455 4691.4747039556 Inf 4203.99083664641 364.100040712674 -Inf 3490.36787008 3605.09956410699 3737.37785945623 3958.40909113973 4203.99083664641 4449.57258215308 4670.60381383659 4802.88210918583 4917.61380321282 Inf
"50" 68.7099848856487 4038.95660353738 331.782014663889 -Inf 3388.67580407802 3493.22375336022 3613.76084322534 3815.17303534718 4038.95660353738 4262.74017172758 4464.15236384943 4584.68945371455 4689.23740299675 Inf 4194.03950484291 364.109836313739 -Inf 3480.3973392512 3595.13211997354 3727.41397408484 3948.45115230372 4194.03950484291 4439.6278573821 4660.66503560097 4792.94688971227 4907.68167043461 Inf
"51" 68.9165361083315 4036.40464918558 331.797940721538 -Inf 3386.09263522681 3490.64560297473 3611.18847880942 3812.61033903273 4036.40464918558 4260.19895933842 4461.62081956174 4582.16369539643 4686.71666314435 Inf 4183.86595818019 364.127269888083 -Inf 3470.18962341065 3584.92989763284 3717.21808539763 3938.26584687379 4183.86595818019 4429.46606948658 4650.51383096274 4782.80201872754 4897.54229294973 Inf
"52" 69.1259285005971 4033.09640976096 331.821294759581 -Inf 3382.73862272873 3487.29894957593 3607.85030998078 3809.28634754883 4033.09640976096 4256.90647197309 4458.34250954114 4578.89386994599 4683.45419679319 Inf 4173.65923119448 364.152935417321 -Inf 3459.93259291199 3574.68095460827 3706.97846671275 3928.04180875168 4173.65923119448 4419.27665363728 4640.33999567621 4772.63750778069 4887.38586947697 Inf
"53" 69.3385601190598 4028.72764709286 331.854017979464 -Inf 3378.3057237282 3482.87636200091 3603.43961081901 3804.89551340432 4028.72764709286 4252.55978078139 4454.0156833667 4574.5789321848 4679.14957045751 Inf 4163.77088250927 364.188870035587 -Inf 3449.97381366918 3564.73349873587 3697.04406596124 3918.12922253477 4163.77088250927 4409.41254248377 4630.49769905729 4762.80826628266 4877.56795134936 Inf
"54" 69.5546001296227 4023.20114690353 331.897946323415 -Inf 3372.69312556683 3477.27760611571 3597.85681419172 3799.33938399725 4023.20114690353 4247.0629098098 4448.54547961534 4569.12468769134 4673.70916824023 Inf 4154.70093603422 364.236963904585 -Inf 3440.80960494301 3555.58444488597 3687.91248471308 3909.02683723803 4154.70093603422 4400.3750348304 4621.48938735535 4753.81742718246 4868.59226712542 Inf
"55" 69.773803580302 4016.65003099179 331.952154920219 -Inf 3366.0357627577 3470.63732499691 3591.23622716788 3792.7517049426 4016.65003099179 4240.54835704098 4442.0638348157 4562.66273698667 4667.26429922588 Inf 4147.03542818507 364.296119054413 -Inf 3433.0281551307 3547.82163547407 3680.17116648906 3901.32142984665 4147.03542818507 4392.74942652348 4613.89968988107 4746.24922089606 4861.04270123943 Inf
"56" 69.995590612437 4009.40379548077 332.010619516927 -Inf 3358.67493874276 3463.29492378195 3583.91506626142 3785.46603566035 4009.40379548077 4233.34155530119 4434.89252470012 4555.51266717959 4660.13265221878 Inf 4141.31002099342 364.359745943329 -Inf 3427.17804152833 3541.99157136342 3674.36421815832 3895.5531069706 4141.31002099342 4387.06693501625 4608.25582382853 4740.62847062342 4855.44200045851 Inf
"57" 70.2191380031442 4001.89395730439 332.062009747824 -Inf 3351.06437756467 3455.70055619789 3576.33936885418 3777.92153529997 4001.89395730439 4225.86637930881 4427.4485457546 4548.0873584109 4652.72353704412 Inf 4137.83592419752 364.415550616501 -Inf 3423.59456958285 3538.42568404845 3670.81860479615 3892.04137049463 4137.83592419752 4383.63047790041 4604.8532435989 4737.24616434659 4852.0772788122 Inf
"58" 70.4433844935425 3994.52332891522 332.092567400025 -Inf 3343.63385727774 3448.27966494367 3568.929579258 3770.53029608761 3994.52332891522 4218.51636174284 4420.11707857245 4540.76699288678 4645.41280055271 Inf 4136.53980658012 364.448641124538 -Inf 3422.23359576146 3537.07513738889 3669.48007998636 3890.72293366873 4136.53980658012 4382.35667949151 4603.59953317387 4736.00447577135 4850.84601739878 Inf
"59" 70.6671067706849 3987.53612866249 332.09122102364 -Inf 3336.64929587422 3441.29467928301 3561.94410445602 3763.54400395194 3987.53612866249 4211.52825337303 4413.12815286895 4533.77757804196 4638.42296145075 Inf 4136.8770141703 364.447045687991 -Inf 3422.57393034981 3537.41496923865 3669.81933221075 3891.0612173645 4136.8770141703 4382.69281097609 4603.93469612984 4736.33905910194 4851.18009799078 Inf
"60" 70.8891832464347 3980.93425049392 332.054315472176 -Inf 3330.11975125736 3434.75350534463 3555.38952265472 3756.96701819956 3980.93425049392 4204.90148278828 4406.47897833313 4527.11499564322 4631.74874973049 Inf 4137.87339542481 364.406818087235 -Inf 3423.64915625299 3538.47751900818 3670.86726720999 3892.0847317234 4137.87339542481 4383.66205912622 4604.87952363963 4737.26927184145 4852.09763459663 Inf
"61" 71.1087296705543 3974.48040421588 331.987303511513 -Inf 3323.79724600874 3428.40988393313 3549.02155565977 3750.55837080213 3974.48040421588 4198.40243762963 4399.93925277199 4520.55092449863 4625.16356242301 Inf 4138.29733611038 364.333867146735 -Inf 3424.21607815457 3539.02145331281 3671.38469828756 3892.5578770706 4138.29733611038 4384.03679515015 4605.20997393319 4737.57321890794 4852.37859406618 Inf
"62" 71.3251718774088 3967.77780611384 331.902804688253 -Inf 3317.26026255703 3421.846274027 3542.42724715697 3743.91276629028 3967.77780611384 4191.6428459374 4393.12836507072 4513.70933820068 4618.29534967065 Inf 4136.90303689912 364.241867998411 -Inf 3423.00209396064 3537.77847923436 3670.10830072887 3891.22563034192 4136.90303689912 4382.58044345632 4603.69777306938 4736.02759456389 4850.8039798376 Inf
"63" 71.538442566596 3960.38337593281 331.816426288004 -Inf 3310.03513092953 3414.59392367091 3535.14351535 3736.57659745486 3960.38337593281 4184.19015441076 4385.62323651562 4506.17282819471 4610.73162093609 Inf 4132.66498513097 364.147756310296 -Inf 3418.94849771173 3533.69522741774 3665.99085794196 3887.05105594278 4132.66498513097 4378.27891431917 4599.33911231999 4731.6347428442 4846.38147255022 Inf
"64" 71.7489407143635 3951.92149006371 331.742748746888 -Inf 3301.71765038749 3406.25322657254 3526.77605104907 3728.16440633206 3951.92149006371 4175.67857379536 4377.06692907835 4497.58975355488 4602.12532973993 Inf 4124.94066844673 364.067394626091 -Inf 3411.38168703426 3526.10309394123 3658.36952889992 3879.38094239084 4124.94066844673 4370.50039450262 4591.51180799354 4723.77824295223 4838.4996498592 Inf
"65" 71.9575358662495 3942.16386992107 331.692895125697 -Inf 3292.05774154689 3396.57760833954 3517.08232089272 3718.44041194593 3942.16386992107 4165.88732789622 4367.24541894943 4487.75013150261 4592.26999829526 Inf 4113.54595797341 364.012938206433 -Inf 3400.0937091822 3514.7979563073 3647.04460713646 3868.02296221441 4113.54595797341 4359.06895373241 4580.04730881035 4712.29395963952 4826.99820676462 Inf
"66" 72.1657968307784 3931.06051903808 331.673885907743 -Inf 3280.99164804646 3385.50552483764 3506.00333130275 3707.3498825856 3931.06051903808 4154.77115549056 4356.11770677341 4476.61551323852 4581.12939002971 Inf 4098.74460213941 363.992114770691 -Inf 3385.33316653229 3500.0308519771 3632.26993760914 3853.23565157439 4098.74460213941 4344.25355270444 4565.21926666968 4697.45835230172 4812.15603774654 Inf
"67" 72.3756538061351 3918.77626012848 331.689236744228 -Inf 3268.67730205022 3373.19601604897 3493.69939950462 3695.05526969414 3918.77626012848 4142.49725056282 4343.85312075234 4464.35650420799 4568.87521820675 Inf 4081.24600045076 364.008837653898 -Inf 3367.80178859483 3482.50474359335 3614.74990468333 3835.72577047241 4081.24600045076 4326.7662304291 4547.74209621818 4679.98725730816 4794.69021230668 Inf
"68" 72.5892165868432 3905.72807508356 331.739407982485 -Inf 3255.53078318525 3360.06530666084 3480.58691743077 3681.97324466326 3905.72807508356 4129.48290550386 4330.86923273636 4451.39084350629 4555.92536698187 Inf 4062.23135512713 364.063649697575 -Inf 3348.67971363967 3463.39994048088 3595.66501489932 3816.67415498713 4062.23135512713 4307.78855526712 4528.79769535493 4661.06276977337 4775.78299661458 Inf
"69" 72.8088707618019 3892.61529585962 331.821565037974 -Inf 3242.25697909147 3346.81739110619 3467.36884970374 3668.80505134748 3892.61529585962 4116.42554037175 4317.86174201549 4438.41320061304 4542.97361262776 Inf 4043.37889435928 364.153426294266 -Inf 3329.65129397566 3444.39981035235 3576.69750079344 3797.76114082502 4043.37889435928 4288.99664789355 4510.06028792513 4642.35797836621 4757.10649474291 Inf
"70" 73.0372298015292 3880.45901347227 331.928430025587 -Inf 3229.8912451772 3334.48533145637 3455.07561432422 3656.57668962133 3880.45901347227 4104.34133732321 4305.84241262032 4426.43269548816 4531.02678176734 Inf 4026.89282421705 364.27012136511 -Inf 3312.9365056974 3427.7217938996 3560.06187990047 3781.1963610536 4026.89282421705 4272.5892873805 4493.72376853363 4626.0638545345 4740.8491427367 Inf
