"mid_age" "mean_left" "std_left" "min_left" "l.q2.5" "l.q5" "l.q10" "l.q25" "l.q50" "l.q75" "l.q90" "l.q95" "l.q97.5" "max_left" "mean_right" "std_right" "min_right" "r.q2.5" "r.q5" "r.q10" "r.q25" "r.q50" "r.q75" "r.q90" "r.q95" "r.q97.5" "max_right"
"1" 55.8039082205561 4249.94823255427 335.462148249201 -Inf 3592.4545038094 3698.16210130164 3820.03619128455 4023.68245198143 4249.94823255427 4476.21401312712 4679.86027382399 4801.7343638069 4907.44196129914 Inf 4444.89432887801 361.41975122287 -Inf 3736.52463317976 3850.41174022717 3981.7162808796 4201.12041115976 4444.89432887801 4688.66824659625 4908.07237687642 5039.37691752884 5153.26402457626 Inf
"2" 56.1660451507029 4251.3011642392 335.435288897582 -Inf 3593.86007885615 3699.55921268849 3821.42354461359 4025.05350002372 4251.3011642392 4477.54882845468 4681.1787838648 4803.0431157899 4908.74224962224 Inf 4455.52266519381 361.390605483342 -Inf 3747.21009409533 3861.08801701834 3992.38196896352 4211.76840597814 4455.52266519381 4699.27692440948 4918.6633614241 5049.95731336927 5163.83523629228 Inf
"3" 56.5225654735749 4257.79017671513 335.460407901487 -Inf 3600.2998589891 3706.00690807975 3827.88036579075 4031.52556998898 4257.79017671513 4484.05478344128 4687.69998763951 4809.57344535051 4915.28049444116 Inf 4466.312917544 361.417311438201 -Inf 3757.94800373583 3871.83434198182 4003.13799625545 4222.54064543551 4466.312917544 4710.08518965249 4929.48783883255 5060.79149310617 5174.67783135217 Inf
"4" 56.8748890052924 4266.48987373836 335.487732969781 -Inf 3608.9459998626 3714.66165936529 3836.54504432993 4040.20683653372 4266.48987373836 4492.772910943 4696.43470314679 4818.31808811143 4924.03374761412 Inf 4473.29223126963 361.446669963583 -Inf 3764.86977580907 3878.7653652305 4010.07968551692 4229.50015713669 4473.29223126963 4717.08430540257 4936.50477702234 5067.81909730876 5181.71468673019 Inf
"5" 57.2239738444193 4273.97404258854 335.480993816011 -Inf 3616.44337721145 3722.15691313699 3844.03784975317 4047.69555087404 4273.97404258854 4500.25253430303 4703.91023542391 4825.79117204009 4931.50470796563 Inf 4474.51030552867 361.439567209282 -Inf 3766.10177121074 3879.99512248071 4011.30686232185 4230.7230221307 4474.51030552867 4718.29758892664 4937.71374873549 5069.02548857663 5182.91883984661 Inf
"6" 57.5702299494888 4277.55447296187 335.440719704704 -Inf 3620.10274339246 3725.80358852838 3847.6698934769 4051.30314572265 4277.55447296187 4503.80580020109 4707.43905244684 4829.30535739537 4935.00620253129 Inf 4470.46949125247 361.396349418455 -Inf 3762.14566224804 3876.0253951445 4007.32143387314 4226.71135781144 4470.46949125247 4714.2276246935 4933.61754863179 5064.91358736044 5178.79332025689 Inf
"7" 57.91385662818 4276.11800979827 335.390178479168 -Inf 3618.76533921064 3724.45025828291 3846.29820150001 4049.90077209764 4276.11800979827 4502.3352474989 4705.93781809653 4827.78576131363 4933.4706803859 Inf 4463.65251574595 361.34200061128 -Inf 3755.43520844619 3869.29781547059 4000.57410916555 4219.9310400183 4463.65251574595 4707.37399147361 4926.73092232636 5058.00721602132 5171.86982304571 Inf
"8" 58.2547262695225 4270.27526157729 335.353177212681 -Inf 3612.99511213936 3718.66837172931 3840.50287231002 4044.08298085165 4270.27526157729 4496.46754230293 4700.04765084456 4821.88215142527 4927.55541101522 Inf 4457.32730671331 361.302220958211 -Inf 3749.18796610088 3863.03803814457 3994.29987980957 4213.63266195391 4457.32730671331 4701.0219514727 4920.35473361704 5051.61657528204 5165.46664732573 Inf
"9" 58.5924257947019 4261.84950121841 335.341979008242 -Inf 3604.59129985787 3710.26103077762 3832.09146302758 4035.66477356688 4261.84950121841 4488.03422886994 4691.60753940925 4813.4379716592 4919.10770257895 Inf 4454.10016478631 361.290230637491 -Inf 3745.98432477065 3859.8306185401 3991.08810409686 4210.41360737534 4454.10016478631 4697.78672219727 4917.11222547575 5048.36971103252 5162.21600480196 Inf
"10" 58.9262962248372 4252.97698372472 335.353585313188 -Inf 3595.69603442449 3701.36942261114 3823.20407145561 4026.78442773947 4252.97698372472 4479.16953970997 4682.74989599383 4804.5845448383 4910.25793302495 Inf 4454.79709137615 361.3027173292 -Inf 3746.65677789446 3860.50700634979 3991.76902834739 4211.10211181961 4454.79709137615 4698.49207093268 4917.8251544049 5049.0871764025 5162.93740485783 Inf
"11" 59.2556073669614 4245.23127278405 335.370146577826 -Inf 3587.91786400159 3693.59647081426 3815.43713640031 4019.02754639554 4245.23127278405 4471.43499917255 4675.02540916778 4796.86607475383 4902.5446815665 Inf 4458.13705500336 361.320409786977 -Inf 3749.96206494163 3863.81786847366 3995.08631817764 4214.4301420654 4458.13705500336 4701.84396794133 4921.18779182908 5052.45624153306 5166.31204506509 Inf
"12" 59.5794635365777 4239.14041358863 335.366328303207 -Inf 3581.83448848691 3687.5118921217 3809.35117052071 4012.93926258723 4239.14041358863 4465.34156459004 4668.92965665655 4790.76893505556 4896.44633869036 Inf 4461.3056635261 361.316125234093 -Inf 3753.13907103372 3866.99352445875 3998.26041757584 4217.60164047514 4461.3056635261 4705.00968657706 4924.35090947636 5055.61780259345 5169.47225601849 Inf
"13" 59.8970226967641 4234.21453388473 335.324208029859 -Inf 3576.99116300179 3682.65529410219 3804.47927011906 4008.04179257597 4234.21453388473 4460.38727519349 4663.9497976504 4785.77377366727 4891.43790476767 Inf 4461.13061022569 361.270748300185 -Inf 3753.05295488949 3866.89310957265 3998.14351715611 4217.45719345154 4461.13061022569 4704.80402699983 4924.11770329526 5055.36811087872 5169.20826556188 Inf
"14" 60.2075277722776 4229.37375053438 335.245636486549 -Inf 3572.30437704654 3677.94374943983 3799.73918025305 4003.25400492624 4229.37375053438 4455.49349614252 4659.00832081571 4780.80375162894 4886.44312402223 Inf 4455.30650927226 361.186360387628 -Inf 3747.39425120541 3861.20781438327 3992.42756366414 4211.69001128018 4455.30650927226 4698.92300726434 4918.18545488038 5049.40520416125 5163.21876733912 Inf
"15" 60.5102829086978 4223.50154132515 335.150397412375 -Inf 3566.61883299261 3672.22819456717 3793.98902482842 3997.44603349636 4223.50154132515 4449.55704915394 4653.01405782187 4774.77488808312 4880.38424965769 Inf 4443.16679053385 361.084158127423 -Inf 3735.45484521614 3849.23620340324 3980.4188223923 4199.61922691872 4443.16679053385 4686.71435414898 4905.9147586754 5037.09737766446 5150.87873585157 Inf
"16" 60.8048638765653 4215.86711705552 335.061001791802 -Inf 3559.15962091968 3664.74081300828 3786.46916565629 3989.87190565652 4215.86711705552 4441.86232845452 4645.26506845475 4766.99342110276 4872.57461319136 Inf 4425.762434907 360.988171794917 -Inf 3718.23861934401 3831.98973124355 3963.13747820014 4182.27961308931 4425.762434907 4669.2452567247 4888.38739161386 5019.53513857045 5133.28625047 Inf
"17" 61.0909320212877 4206.30562331712 334.987811117429 -Inf 3549.74157826705 3655.29970721608 3777.00146954122 3980.35977827779 4206.30562331712 4432.25146835644 4635.60977709302 4757.31153941816 4862.86966836719 Inf 4405.36740561202 360.909433936847 -Inf 3697.99791341506 3811.7242142 3942.84335553044 4161.93769167255 4405.36740561202 4648.79711955149 4867.8914556936 4999.01059702405 5112.73689780898 Inf
"18" 61.3684699567257 4195.15738558595 334.92622115809 -Inf 3538.714054638 3644.25277595292 3765.93216251887 3969.25308234292 4195.15738558595 4421.06168882899 4624.38260865304 4746.06199521899 4851.60071653391 Inf 4384.68280625992 360.843043903441 -Inf 3677.44343613737 3791.14881673514 3922.24383842959 4141.2978717175 4384.68280625992 4628.06774080235 4847.12177409026 4978.21679578471 5091.92217638247 Inf
"19" 61.6379338467494 4183.07343443558 334.865695055031 -Inf 3526.74873246975 3632.26838138269 3753.92577869063 3957.20995542868 4183.07343443558 4408.93691344249 4612.22109018054 4733.87848748847 4839.39813640141 Inf 4366.0921639439 360.777822932564 -Inf 3658.9806245753 3772.66545336961 3903.7367801509 4122.75122027783 4366.0921639439 4609.43310760997 4828.4475477369 4959.51887451818 5073.20370331249 Inf
"20" 61.9000228542601 4170.82092933126 334.800941133879 -Inf 3514.62314271875 3620.12238700044 3741.75625907534 3945.00112618046 4170.82092933126 4396.64073248207 4599.88559958719 4721.51947166209 4827.01871594378 Inf 4351.21943551733 360.708199005695 -Inf 3644.24435653786 3757.90724611168 3888.95327837681 4107.9254524763 4351.21943551733 4594.51341855836 4813.48559265785 4944.53162492298 5058.1945144968 Inf
"21" 62.1556709550791 4159.13505610823 334.736562389518 -Inf 3503.06344951603 3608.54240738857 3730.15289053293 3933.35867576063 4159.13505610823 4384.91143645584 4588.11722168354 4709.7277048279 4815.20666270044 Inf 4340.77855370587 360.639118384351 -Inf 3633.93887025626 3747.57999181079 3878.60092694378 4097.53116483587 4340.77855370587 4584.02594257586 4802.95618046796 4933.97711560095 5047.61823715547 Inf
"22" 62.4061056093516 4148.63855015323 334.683783297777 -Inf 3492.67038867998 3598.13271531404 3719.72402370558 3922.89776876203 4148.63855015323 4374.37933154443 4577.55307660089 4699.14438499242 4804.60671162648 Inf 4334.65875848531 360.582542477869 -Inf 3627.9299617748 3741.5532556752 3872.55363666474 4091.44952948434 4334.65875848531 4577.86798748628 4796.76388030588 4927.76426129542 5041.38755519582 Inf
"23" 62.6526276582411 4139.83150281886 334.653463249876 -Inf 3483.9227675475 3589.37554002043 3710.95583307606 3914.1111719892 4139.83150281886 4365.55183364852 4568.70717256166 4690.28746561729 4795.74023809021 Inf 4332.14770188704 360.550023772721 -Inf 3625.48264066745 3739.09568758704 3870.08425446397 4088.96040641939 4332.14770188704 4575.3349973547 4794.21114931012 4925.19971618704 5038.81276310664 Inf
"24" 62.8964909075164 4133.10387082081 334.650345199945 -Inf 3477.20124681503 3582.65303675812 3704.23219701978 3907.38564308387 4133.10387082081 4358.82209855776 4561.97554462185 4683.55470488351 4789.0064948266 Inf 4332.17714188052 360.546609595353 -Inf 3625.51877232561 3739.13074340255 3870.1180699018 4088.99214924051 4332.17714188052 4575.36213452054 4794.23621385924 4925.22354035849 5038.83551143544 Inf
"25" 63.1387875141878 4128.74865609241 334.671441434549 -Inf 3472.80468422658 3578.26312181171 3699.84994637889 3903.01619916146 4128.74865609241 4354.48111302336 4557.64736580592 4679.2341903731 4784.69262795823 Inf 4333.55288452173 360.569137359764 -Inf 3626.85036135992 3740.46943116876 3871.46494205126 4090.35269713553 4333.55288452173 4576.75307190793 4795.6408269922 4926.6363378747 5040.25540768354 Inf
"26" 63.3804347629305 4126.95788744544 334.708581689702 -Inf 3470.94112201715 3576.41126288135 3698.01158057979 3901.20037979307 4126.95788744544 4352.71539509782 4555.90419431109 4677.50451200953 4782.97465287374 Inf 4335.15377364039 360.608933854037 -Inf 3628.37325078309 3742.00486087947 3873.01482991037 4091.9267439267 4335.15377364039 4578.38080335407 4797.2927173704 4928.3026864013 5041.93429649768 Inf
"27" 63.622074288034 4127.79868262467 334.752865346821 -Inf 3471.69512282332 3577.17921792656 3698.79562396891 3902.01130609947 4127.79868262467 4353.58605914987 4556.80174128043 4678.41814732279 4783.90224242603 Inf 4336.09044341394 360.656519853537 -Inf 3629.21665371145 3742.86325864915 3873.89051577177 4092.83131743134 4336.09044341394 4579.34956939654 4798.2903710561 4929.31762817872 5042.96423311642 Inf
"28" 63.8640187094644 4131.16613312026 334.79788573344 -Inf 3474.97433498256 3580.47261647592 3702.10537851754 3905.34839080573 4131.16613312026 4356.98387543478 4560.22688772297 4681.85964976459 4787.35793125796 Inf 4335.81297555897 360.705008665233 -Inf 3628.84414953191 3742.5060337964 3873.55090700427 4092.52114436988 4335.81297555897 4579.10480674806 4798.07504411368 4929.11991732154 5042.78180158604 Inf
"29" 64.1061375789289 4136.72472233836 334.839581894651 -Inf 3480.45120122639 3585.96262161203 3707.61053195497 3910.87885639047 4136.72472233836 4362.57058828624 4565.83891272175 4687.48682306469 4792.99824345032 Inf 4334.15351047515 360.749942561097 -Inf 3627.09661563051 3740.772659031 3871.83385681585 4090.83137183387 4334.15351047515 4577.47564911644 4796.47316413445 4927.53436191931 5041.21040531979 Inf
"30" 64.3480702325638 4143.8715910421 334.873247872865 -Inf 3487.53208582533 3593.0541147094 3714.71425597162 3918.00301773698 4143.8715910421 4369.74016434721 4573.02892611257 4694.6890673748 4800.21109625886 Inf 4331.28820648381 360.786146167882 -Inf 3624.16035387376 3737.84780540572 3868.92215603556 4087.94164888083 4331.28820648381 4574.63476408679 4793.65425693206 4924.72860756189 5038.41605909386 Inf
"31" 64.5891992917255 4151.74228146076 334.890738958257 -Inf 3495.36849434658 3600.89603485282 3722.56253066242 3925.86191059783 4151.74228146076 4377.6226523237 4580.92203225911 4702.58852806871 4808.11606857495 Inf 4327.62270704023 360.804815731943 -Inf 3620.45826275701 3734.15159726198 3865.23273058292 4084.26355700765 4327.62270704023 4570.98185707281 4790.01268349753 4921.09381681847 5034.78715132345 Inf
"32" 64.828742789455 4159.28124325773 334.881482046152 -Inf 3502.92559935788 3608.45022291524 3730.11335566959 3933.40711608713 4159.28124325773 4385.15537042834 4588.44913084588 4710.11226360023 4815.63688715759 Inf 4323.63326423423 360.794650306137 -Inf 3616.48874381948 3730.17887509349 3861.25631529428 4080.28097067716 4323.63326423423 4566.9855577913 4786.01021317418 4917.08765337497 5030.77778464898 Inf
"33" 65.0659271135229 4165.37708539876 334.837866886701 -Inf 3509.10692564061 3614.61780560948 3736.2650928865 3939.53237620616 4165.37708539876 4391.22179459136 4594.48907791103 4716.13636518805 4821.64724515691 Inf 4319.71138040765 360.747605069229 -Inf 3612.65906696288 3726.33437379547 3857.39472236471 4076.39081838067 4319.71138040765 4563.03194243463 4782.02803845058 4913.08838701983 5026.76369385242 Inf
"34" 65.3001185672284 4169.0278351297 334.761538370128 -Inf 3512.90727651503 3618.39410457774 3740.01366154735 3943.23460873918 4169.0278351297 4394.82106152023 4598.04200871206 4719.66156568166 4825.14839374438 Inf 4316.06152094371 360.665559498645 -Inf 3609.17001386238 3722.81946728588 3853.8500085302 4072.79629781314 4316.06152094371 4559.32674407428 4778.27303335722 4909.30357460154 5022.95302802505 Inf
"35" 65.5309031279205 4169.49091665297 334.665778069558 -Inf 3513.55804477856 3619.01469777872 3740.59946483373 3943.76227960366 4169.49091665297 4395.21955370228 4598.38236847221 4719.96713552722 4825.42378852738 Inf 4312.67464644016 360.562800811989 -Inf 3605.98454268377 3719.60161578078 3850.59482458241 4069.47873299048 4312.67464644016 4555.87055988984 4774.75446829791 4905.74767709954 5019.36475019655 Inf
"36" 65.7580797757158 4166.38200632073 334.571782858926 -Inf 3510.63336167388 3616.06039580961 3737.61101421083 3940.71676807756 4166.38200632073 4392.04724456391 4595.15299843064 4716.70361683186 4822.13065096758 Inf 4309.36781415333 360.462019482304 -Inf 3602.87523817344 3716.46055402961 3847.41714876642 4066.23987667754 4309.36781415333 4552.49575162913 4771.31847954025 4902.27507427705 5015.86039013322 Inf
"37" 65.9817020000241 4159.70683245402 334.500686914271 -Inf 3504.09753329814 3609.50216436532 3731.02695346329 3934.0895476968 4159.70683245402 4385.32411721125 4588.38671144475 4709.91150054272 4815.3161316099 Inf 4305.85795070284 360.385795356004 -Inf 3599.51477126525 3713.07606810972 3844.00497046431 4062.78142561895 4305.85795070284 4548.93447578672 4767.71093094136 4898.63983329595 5012.20113014042 Inf
"38" 66.2019549825522 4149.83354562955 334.465668586379 -Inf 3494.29288113513 3599.68647756449 3721.19854443175 3924.23988037555 4149.83354562955 4375.42721088354 4578.46854682734 4699.9806136946 4805.37421012396 Inf 4301.84169091492 360.348193549381 -Inf 3595.57220966407 3709.12165778981 3840.03689933054 4058.79052786419 4301.84169091492 4544.89285396565 4763.6464824993 4894.56172404003 5008.11117216578 Inf
"39" 66.4191725964326 4137.4180597022 334.467730082355 -Inf 3481.87335474992 3587.26760077801 3708.78041659101 3911.8230039903 4137.4180597022 4363.0131154141 4566.05570281339 4687.56851862639 4792.96276465448 Inf 4297.05586367705 360.350277807396 -Inf 3590.78229735555 3704.33240225259 3835.24840100855 4054.00329481565 4297.05586367705 4540.10843253845 4758.86332634555 4889.77932510152 5003.32942999855 Inf
"40" 66.6337256766165 4123.30849236054 334.496579175356 -Inf 3467.70724422499 3573.11058090109 3694.63387764905 3897.69397823111 4123.30849236054 4348.92300648997 4551.98310707203 4673.50640381998 4778.90974049609 Inf 4291.31490426684 360.381055698292 -Inf 3584.98101438766 3698.5408177169 3829.46799814408 4048.2415760335 4291.31490426684 4534.38823250018 4753.1618103896 4884.08899081677 4997.64879414601 Inf
"41" 66.846006729786 4108.43690722461 334.535486285436 -Inf 3452.75940255456 3558.17499926403 3679.71243104528 3882.79615064822 4108.43690722461 4334.077663801 4537.16138340393 4658.69881518518 4764.11441189466 Inf 4284.5226777588 360.422655224876 -Inf 3578.10725430575 3691.68016607668 3822.62245969762 4041.42129107116 4284.5226777588 4527.62406444643 4746.42289581998 4877.36518944091 4990.93810121185 Inf
"42" 67.0563555459414 4093.71725752323 334.567682692854 -Inf 3437.97664905422 3543.40239118514 3664.95151998758 3868.05478480005 4093.71725752323 4319.37973024642 4522.48299505889 4644.03212386132 4749.45786599225 Inf 4276.66819987339 360.457145000441 -Inf 3570.1851777024 3683.76895755884 3814.72378138634 4033.54355018565 4276.66819987339 4519.79284956113 4738.61261836044 4869.56744218794 4983.15122204439 Inf
"43" 67.265078261517 4079.94870819483 334.581743840453 -Inf 3424.18054038294 3529.61071332711 3651.16495057345 3854.27675137171 4079.94870819483 4305.62066501795 4508.73246581621 4630.28670306255 4735.71687600672 Inf 4267.80839257956 360.472279655549 -Inf 3561.29570702963 3674.88425597266 3805.84457825156 4024.67353472207 4267.80839257956 4510.94325043704 4729.77220690756 4860.73252918645 4974.32107812948 Inf
"44" 67.4723549899634 4067.74561249479 334.574208013264 -Inf 3411.99221463278 3517.42001295975 3638.97151242454 3842.07873850987 4067.74561249479 4293.4124864797 4496.51971256503 4618.07121202982 4723.4990103568 Inf 4258.05230828453 360.46430673217 -Inf 3551.55524937728 3665.14128596957 3796.09871166897 4014.92282808214 4258.05230828453 4501.18178848691 4720.00590490009 4850.96333059949 4964.54936719178 Inf
"45" 67.6783649114143 4057.48038880525 334.549026670744 -Inf 3401.77634546766 3507.19620889279 3628.73855992394 3831.83049937776 4057.48038880525 4283.13027823274 4486.22221768657 4607.76456871771 4713.18443214284 Inf 4247.53894404913 360.437400010889 -Inf 3541.09462134653 3654.67217935226 3785.61982978435 4004.42761215446 4247.53894404913 4490.6502759438 4709.45805831391 4840.405708746 4953.98326675173 Inf
"46" 67.8833112655566 4049.26902220042 334.514644318754 -Inf 3393.63236703444 3499.04139622434 3620.57125607613 3823.64232331693 4049.26902220042 4274.89572108391 4477.96678832471 4599.4966481765 4704.9056773664 Inf 4236.42486192391 360.400561214909 -Inf 3530.05274193466 3643.61869165422 3774.55295847579 3993.33837741954 4236.42486192391 4479.51134642828 4698.29676537203 4829.2310321936 4942.79698191315 Inf
"47" 68.0873682217894 4042.9935287309 334.480376802255 -Inf 3387.42403666309 3492.82226780362 3614.33967819602 3817.38994293606 4042.9935287309 4268.59711452574 4471.64737926578 4593.16478965818 4698.56302079871 Inf 4224.88534011462 360.363762639644 -Inf 3518.58534400758 3632.13969811492 3763.06059593824 3981.82367587208 4224.88534011462 4467.94700435715 4686.710084291 4817.63098211431 4931.18533622166 Inf
"48" 68.2909202857636 4038.34371838106 334.453577808289 -Inf 3382.82675137625 3488.2165378762 3609.72421213886 3812.75820823296 4038.34371838106 4263.92922852916 4466.96322462327 4588.47089888592 4693.86068538587 Inf 4213.10716205455 360.334915755815 -Inf 3506.86370480088 3620.40896895635 3751.31938664731 3970.06495473949 4213.10716205455 4456.14936936962 4674.8949374618 4805.80535515276 4919.35061930822 Inf
"49" 68.4945046933475 4034.88983447395 334.438556777908 -Inf 3379.4023081477 3484.78736136539 3606.28957845675 3809.31445585688 4034.88983447395 4260.46521309102 4463.49009049115 4584.99230758251 4690.3773608002 Inf 4201.30293501033 360.318697420529 -Inf 3495.0912651097 3608.63141869974 3739.53594423606 3958.27166679618 4201.30293501033 4444.33420322448 4663.0699257846 4793.97445132091 4907.51460491095 Inf
"50" 68.6987904934299 4032.15487813433 334.437073651947 -Inf 3376.67025868155 3482.05484455089 3603.55652281953 3806.58049987052 4032.15487813433 4257.72925639815 4460.75323344914 4582.25491171778 4687.63949758712 Inf 4189.72607821917 360.317054231078 -Inf 3483.51762891069 3597.05726471471 3727.96119327691 3946.69591831946 4189.72607821917 4432.75623811888 4651.49096316143 4782.39489172363 4895.93452752765 Inf
"51" 68.9045104376614 4029.68085146219 334.449615792762 -Inf 3374.17164986511 3479.56018789293 3601.06642274718 3804.09801365295 4029.68085146219 4255.26368927142 4458.29528017719 4579.80151503144 4685.19005305926 Inf 4178.68537651963 360.330545550989 -Inf 3472.45048471003 3585.99437176869 3716.90320175522 3935.64611686293 4178.68537651963 4421.72463617634 4640.46755128404 4771.37638127058 4884.92026832924 Inf
"52" 69.1123930197716 4027.08382979641 334.476473965365 -Inf 3371.52198714835 3476.91898846454 3598.43498094826 3801.48287642505 4027.08382979641 4252.68478316778 4455.73267864456 4577.24867112828 4682.64567244448 Inf 4168.54915174646 360.359481123818 -Inf 3462.25754725623 3575.81055221359 3706.72989455339 3925.49037534246 4168.54915174646 4411.60792815045 4630.36840893953 4761.28775127932 4874.84075623668 Inf
"53" 69.3230168651366 4024.09684596108 334.517848645822 -Inf 3368.45391042945 3473.86394933599 3595.39497332641 3798.46798579183 4024.09684596108 4249.72570613033 4452.79871859574 4574.32974258616 4679.73978149271 Inf 4159.7333179619 360.404035430516 -Inf 3453.35438863519 3566.92143311607 3697.85696212733 3916.64449013471 4159.7333179619 4402.82214578909 4621.60967379647 4752.54520280773 4866.11224728861 Inf
"54" 69.5367592959475 4020.59449544666 334.572756356939 -Inf 3364.84394277876 3470.2712836738 3591.82225574885 3794.92860058905 4020.59449544666 4246.26039030426 4449.36673514446 4570.91770721952 4676.34504811455 Inf 4152.65428169093 360.463092736931 -Inf 3446.15960217062 3559.74525622044 3690.70224087286 3909.52562031589 4152.65428169093 4395.78294306597 4614.60632250899 4745.56330716141 4859.14896121123 Inf
"55" 69.7536122629488 4016.59457419179 334.637176079928 -Inf 3360.71776118694 3466.16540140392 3587.73977729713 3790.88522889132 4016.59457419179 4242.30391949226 4445.44937108644 4567.02374697966 4672.47138719664 Inf 4147.64988001944 360.532288211076 -Inf 3441.01957986192 3554.62703812234 3685.60916163316 3904.47454700633 4147.64988001944 4390.82521303255 4609.69059840572 4740.67272191654 4854.28018017696 Inf
"56" 69.9732053336029 4012.22263411383 334.702726068971 -Inf 3356.21734549127 3461.68564118874 3583.2838315281 3786.46907601762 4012.22263411383 4237.97619221004 4441.16143669957 4562.75962703892 4668.22792273639 Inf 4144.86179293879 360.602614434585 -Inf 3438.09365591602 3551.72327469788 3682.73094787067 3901.63902560875 4144.86179293879 4388.08456026883 4606.99263800691 4738.0003111797 4851.62992996156 Inf
"57" 70.1948703851151 4007.63984528858 334.757275538892 -Inf 3351.5276416696 3457.01312647004 3578.63113474426 3781.84949413403 4007.63984528858 4233.43019644312 4436.64855583289 4558.26656410711 4663.75204890755 Inf 4144.1184355769 360.661084796084 -Inf 3437.23569875143 3550.88374214981 3681.91265772547 3900.85623058735 4144.1184355769 4387.38064056646 4606.32421342834 4737.35312900399 4851.00117240237 Inf
"58" 70.4177128896099 4002.95117828215 334.788019599811 -Inf 3346.77871741103 3452.2738899835 3573.90306763843 3777.14009057363 4002.95117828215 4228.76226599066 4431.99928892586 4553.6284665808 4659.12363915327 Inf 4144.8626066284 360.694012084514 -Inf 3437.9153335035 3551.57375263151 3682.61463075893 3901.5781925203 4144.8626066284 4388.14702073651 4607.11058249787 4738.15146062529 4851.8098797533 Inf
"59" 70.6405973968807 3998.12788101925 334.785933931786 -Inf 3341.95950798235 3447.45402333922 3569.08244326666 3772.31820007244 3998.12788101925 4223.93756196607 4427.17331877184 4548.80173869929 4654.29625405616 Inf 4146.16513770429 360.691752572988 -Inf 3439.2222931406 3552.88000027312 3683.92005751535 3902.88224761355 4146.16513770429 4389.44802779503 4608.41021789323 4739.45027513545 4853.10798226798 Inf
"60" 70.8624073700248 3992.97100083961 334.749331851312 -Inf 3336.87436656219 3442.3573482244 3563.97247054055 3767.18600762091 3992.97100083961 4218.7559940583 4421.96953113867 4543.58465345482 4649.06763511703 Inf 4146.84844779801 360.652495771415 -Inf 3439.98254515155 3553.6278820593 3684.65367722458 3903.59203601755 4146.84844779801 4390.10485957846 4609.04321837143 4740.06901353672 4853.71435044446 Inf
"61" 71.0822259524742 3987.14050222192 334.684420949478 -Inf 3331.1710909743 3436.63361853902 3558.22515859073 3761.39929074119 3987.14050222192 4212.88171370265 4416.05584585311 4537.64738590482 4643.10991346954 Inf 4145.69654636064 360.582863786654 -Inf 3438.96711989649 3552.59051504462 3683.5910127663 3902.4871006402 4145.69654636064 4388.90599208109 4607.80207995499 4738.80257767667 4852.4259728248 Inf
"62" 71.2993563821558 3980.24117047195 334.602895432816 -Inf 3324.43154630081 3429.86838433082 3551.43030599427 3754.55494711658 3980.24117047195 4205.92739382731 4409.05203494963 4530.61395661308 4636.05079464309 Inf 4141.68823705939 360.495357004185 -Inf 3435.13032073728 3548.72614159189 3679.69484791912 3898.53781376679 4141.68823705939 4384.83866035199 4603.68162619966 4734.65033252689 4848.2461533815 Inf
"63" 71.5135446261727 3971.92255871786 334.518180915816 -Inf 3316.27897194901 3421.68911555727 3543.22026026207 3746.2934744359 3971.92255871786 4197.55164299982 4400.62485717366 4522.15600187845 4627.56614548671 Inf 4134.1835323455 360.404359435678 -Inf 3427.80396798034 3541.3711145586 3672.30676128161 3891.09448598015 4134.1835323455 4377.27257871085 4596.06030340939 4726.9959501324 4840.56309671066 Inf
"64" 71.7249854069859 3961.96738104554 334.4424646816 -Inf 3306.4721953688 3411.85848000742 3533.36211684824 3736.38936658749 3961.96738104554 4187.5453955036 4390.57264524284 4512.07628208366 4617.46256672229 Inf 4123.01973017578 360.322969352625 -Inf 3416.79968744211 3530.34118716219 3661.24726470025 3879.98558058722 4123.01973017578 4366.05387976435 4584.79219565132 4715.69827318937 4829.23977290946 Inf
"65" 71.9343903949385 3950.34065923606 334.385419023776 -Inf 3294.95728099412 3400.32558995511 3521.80850199085 3724.8011214895 3950.34065923606 4175.88019698261 4378.87281648126 4500.355728517 4605.72403747799 Inf 4108.51393564308 360.261620469582 -Inf 3402.41413451066 3515.93630256227 3646.82009192465 3865.52116524731 4108.51393564308 4351.50670603884 4570.2077793615 4701.09156872388 4814.61373677549 Inf
"66" 72.1432042580453 3937.19137729223 334.354336378949 -Inf 3281.8689199147 3387.22743441236 3508.69905405916 3711.67280447102 3937.19137729223 4162.70995011345 4365.6837005253 4487.1553201721 4592.51383466976 Inf 4091.38933608167 360.228199665753 -Inf 3385.35503852109 3498.86667533126 3629.73832284671 3848.41910767553 4091.38933608167 4334.35956448781 4553.04034931663 4683.91199683208 4797.42363364225 Inf
"67" 72.3532554251487 3922.87094002277 334.354871810384 -Inf 3267.54743321891 3372.90611643656 3494.37793060671 3697.35200605854 3922.87094002277 4148.389873987 4351.36394943883 4472.83576360897 4578.19444682663 Inf 4072.73591655082 360.228813527286 -Inf 3366.70041584374 3480.21224608804 3611.08411662065 3829.76527410137 4072.73591655082 4315.70655900027 4534.38771648099 4665.2595870136 4778.77141725789 Inf
"68" 72.5666579312055 3907.95023454772 334.391049895653 -Inf 3252.55581999971 3357.92590330675 3479.41086104985 3682.4068988358 3907.95023454772 4133.49357025965 4336.4896080456 4457.9745657887 4563.34464909574 Inf 4053.99170235673 360.267774541894 -Inf 3347.87983946422 3461.40394672776 3592.2899718773 3810.99478110227 4053.99170235673 4296.98862361119 4515.69343283616 4646.5794579857 4760.10356524924 Inf
"69" 72.7858551283745 3893.23862173077 334.4641201084 -Inf 3237.70099219743 3343.09410068534 3464.60560498735 3667.64600090931 3893.23862173077 4118.83124255224 4321.87163847419 4443.38314277621 4548.77625126412 Inf 4036.93111552348 360.346368975707 -Inf 3330.66521037131 3444.214083555 3575.12866222435 3793.88118312899 4036.93111552348 4279.98104791797 4498.73356882261 4629.64814749197 4743.19702067565 Inf
"70" 73.0135957320815 3879.81191699149 334.570275713164 -Inf 3224.06622629605 3329.49278551454 3451.0428563666 3654.14769530269 3879.81191699149 4105.4761386803 4308.58097761639 4430.13104846844 4535.55760768693 Inf 4023.64791668909 360.460431635353 -Inf 3317.15845283203 3430.74326834118 3561.69928620992 3780.52105019978 4023.64791668909 4266.77478317839 4485.59654716826 4616.55256503699 4730.13738054614 Inf
