"mid_age" "mean_left" "std_left" "min_left" "l.q2.5" "l.q5" "l.q10" "l.q25" "l.q50" "l.q75" "l.q90" "l.q95" "l.q97.5" "max_left" "mean_right" "std_right" "min_right" "r.q2.5" "r.q5" "r.q10" "r.q25" "r.q50" "r.q75" "r.q90" "r.q95" "r.q97.5" "max_right"
"1" 30 2.77367502649262e-09 2399.6665111626 -Inf -4703.2599367828 -3947.10016435701 -3075.2963741626 -1618.55046566519 2.77367502649262e-09 1618.55046567074 3075.29637416815 3947.10016436255 4703.25993678834 Inf 4.18150706515632e-09 2559.18354955006 -Inf -5015.90758694131 -4209.48234350777 -3279.72568443768 -1726.14307303776 4.18150706515632e-09 1726.14307304612 3279.72568444605 4209.48234351613 5015.90758694967 Inf
"2" 30.7070707070707 2.86320599817418e-08 2399.6665111626 -Inf -4703.25993675694 -3947.10016433115 -3075.29637413674 -1618.55046563933 2.86320599817418e-08 1618.55046569659 3075.29637419401 3947.10016438841 4703.2599368142 Inf 4.30973712915642e-08 2559.18354955006 -Inf -5015.90758690239 -4209.48234346886 -3279.72568439877 -1726.14307299884 4.30973712915642e-08 1726.14307308504 3279.72568448496 4209.48234355505 5015.90758698859 Inf
"3" 31.4141414141414 2.67351761051642e-07 2399.6665111626 -Inf -4703.25993651822 -3947.10016409243 -3075.29637389802 -1618.55046540061 2.67351761051642e-07 1618.55046593531 3075.29637443273 3947.10016462713 4703.25993705292 Inf 4.01671020916112e-07 2559.18354955006 -Inf -5015.90758654382 -4209.48234311028 -3279.72568404019 -1726.14307264027 4.01671020916112e-07 1726.14307344361 3279.72568484354 4209.48234391362 5015.90758734716 Inf
"4" 32.1212121212121 2.25794881933404e-06 2399.6665111626 -Inf -4703.25993452762 -3947.10016210183 -3075.29637190743 -1618.55046341001 2.25794881933404e-06 1618.55046792591 3075.29637642332 3947.10016661773 4703.25993904352 Inf 3.38480404980258e-06 2559.18354955006 -Inf -5015.90758356068 -4209.48234012715 -3279.72568105706 -1726.14306965714 3.38480404980258e-06 1726.14307642674 3279.72568782667 4209.48234689676 5015.90759033029 Inf
"5" 32.8282828282828 1.72466998807271e-05 2399.6665111626 -Inf -4703.25991953887 -3947.10014711308 -3075.29635691867 -1618.55044842126 1.72466998807271e-05 1618.55048291466 3075.29639141207 3947.10018160648 4703.25995403227 Inf 2.5785133677084e-05 2559.18354955006 -Inf -5015.90756116035 -4209.48231772682 -3279.72565865673 -1726.14304725681 2.5785133677084e-05 1726.14309882707 3279.725710227 4209.48236929709 5015.90761273062 Inf
"6" 33.5353535353535 0.000119127215193982 2399.66651116259 -Inf -4703.25981765835 -3947.10004523256 -3075.29625503816 -1618.55034654074 0.000119127215193982 1618.55058479518 3075.29649329259 3947.10028348699 4703.26005591278 Inf 0.000177538781040175 2559.18354955005 -Inf -5015.9074094067 -4209.48216597317 -3279.72550690308 -1726.14289550316 0.000177538781040175 1726.14325058072 3279.72586198064 4209.48252105073 5015.90776448426 Inf
"7" 34.2424242424242 0.000743998144302063 2399.66651116249 -Inf -4703.25919278722 -3947.09942036147 -3075.2956301671 -1618.54972166975 0.000743998144302063 1618.55120966604 3075.29711816339 3947.10090835775 4703.26068078351 Inf 0.00110459532685206 2559.18354954995 -Inf -5015.90648234995 -4209.48123891645 -3279.7245798464 -1726.14196844654 0.00110459532685206 1726.14417763719 3279.72678903705 4209.4834481071 5015.9086915406 Inf
"8" 34.9494949494949 0.00420068952767992 2399.66651115934 -Inf -4703.25573608965 -3947.09596366489 -3075.29217347167 -1618.54626497624 0.00420068952767992 1618.55466635529 3075.30057485072 3947.10436504394 4703.26413746871 Inf 0.0062083654505562 2559.18354954658 -Inf -5015.90137857322 -4209.47613514078 -3279.71947607196 -1726.13686467414 0.0062083654505562 1726.14928140504 3279.73189280286 4209.48855187168 5015.91379530412 Inf
"9" 35.6565656565657 0.0214376347174195 2399.66651107881 -Inf -4703.23849898664 -3947.07872658725 -3075.27493642328 -1618.52902797673 0.0214376347174195 1618.57190324617 3075.31781169272 3947.12160185668 4703.28137425607 Inf 0.0315115485646595 2559.18354946065 -Inf -5015.87607522169 -4209.45083181633 -3279.69417277872 -1726.11156143307 0.0315115485646595 1726.1745845302 3279.75719587585 4209.51385491346 5015.93909831882 Inf
"10" 36.3636363636364 0.0988659135423779 2399.66650940847 -Inf -4703.161067434 -3947.00129556096 -3075.19750600383 -1618.45159857128 0.0988659135423779 1618.64933039836 3075.39523783091 3947.19902738804 4703.35879926109 Inf 0.144380083604795 2559.18354767825 -Inf -5015.76320319321 -4209.3379603495 -3279.58130195944 -1725.99869169582 0.144380083604795 1726.28745186303 3279.87006212665 4209.62672051671 5016.05196336042 Inf
"11" 37.0707070707071 0.411927166062666 2399.6664812829 -Inf -4702.84795105638 -3946.688188046 -3074.88440870694 -1618.13851834835 0.411927166062666 1618.96237268048 3075.70826303907 3947.51204237812 4703.67180538851 Inf 0.596876803699933 2559.18351766622 -Inf -5015.31064765061 -4208.885414264 -3279.12876677738 -1725.54617473292 0.596876803699933 1726.73992834032 3280.32252038478 4210.0791678714 5016.50440125801 Inf
"12" 37.7777777777778 1.55014673015007 2399.6660975938 -Inf -4701.70897947548 -3945.5493373695 -3073.74569742549 -1617.0000399899 1.55014673015007 1620.1003334502 3076.84599088579 3948.6496308298 4704.80927293578 Inf 2.22515678643493 2559.18310824799 -Inf -5013.68156522289 -4207.25646084821 -3277.49996210407 -1723.91761860178 2.22515678643493 1728.36793217465 3281.95027567694 4211.70677442108 5018.13187879576 Inf
"13" 38.4848484848485 5.26697420160656 2399.66186697743 -Inf -4697.98386014831 -3941.82555115337 -3070.023448201 -1613.28035901107 5.26697420160656 1623.81430741428 3080.55739660422 3952.35949955658 4708.51780855152 Inf 7.47573108587393 2559.17859401766 -Inf -5008.42214319459 -4201.99846130065 -3272.24360258569 -1718.66399950026 7.47573108587393 1733.61546167201 3287.19506475744 4216.94992347239 5023.37360536634 Inf
"14" 39.1919191919192 16.1520074646568 2399.62427597915 -Inf -4687.02514988249 -3930.87868620046 -3059.09024013526 -1602.36997100498 16.1520074646568 1634.67398593429 3091.39425506457 3963.18270112977 4719.3291648118 Inf 22.617267337959 2559.13848381391 -Inf -4993.20199238775 -4186.79094963445 -3257.0506630392 -1703.49540932687 22.617267337959 1748.72994400279 3302.28519771512 4232.02548431037 5038.43652706367 Inf
"15" 39.8989898989899 44.6884346773361 2399.35610227545 -Inf -4657.96311186894 -3901.90115249858 -3030.21013449276 -1573.65266337787 44.6884346773361 1663.02953273255 3119.58700384743 3991.27802185325 4747.33998122361 Inf 61.567982259529 2558.85234521102 -Inf -4953.69045610992 -4147.3695785941 -3217.73324674313 -1664.35169685051 61.567982259529 1787.48766136957 3340.86921126218 4270.50554311315 5076.82642062898 Inf
"16" 40.6060606060606 111.502334613426 2397.82694665541 -Inf -4588.15212199082 -3832.5720153947 -2961.43654277784 -1505.80736364961 111.502334613426 1728.81203287647 3184.44121200469 4055.57668462155 4811.15679121767 Inf 150.660564767602 2557.22079960962 -Inf -4861.40010298397 -4055.59334238602 -3126.54975441532 -1574.15865355731 150.660564767602 1875.47978309252 3427.87088395052 4356.91447192122 5162.72123251917 Inf
"17" 41.3131313131313 250.790330579973 2390.89243095271 -Inf -4435.27272499675 -3681.87775612341 -2813.26160735621 -1361.84210791902 250.790330579973 1863.42276907897 3314.84226851615 4183.45841728336 4936.8533861567 Inf 331.103609180441 2549.8222141013 -Inf -4666.45609743828 -3862.98070776551 -2936.62504116148 -1388.72533905316 331.103609180441 2050.93255741405 3598.83225952236 4525.18792612639 5328.66331579916 Inf
"18" 42.020202020202 508.294350720637 2365.99280574071 -Inf -4128.96633621202 -3383.41749714306 -2523.84743354363 -1087.54354578914 508.294350720637 2104.13224723041 3540.43613498491 4400.00619858433 5145.5550376533 Inf 652.940129109738 2523.25731804549 -Inf -4292.55333798654 -3497.44882220923 -2580.74423710333 -1048.9710690192 652.940129109738 2354.85132723867 3886.6244953228 4803.3290804287 5598.43359620602 Inf
"19" 42.7272727272727 928.111097685141 2295.32816647681 -Inf -3570.64944130977 -2847.36776198812 -2013.47030750184 -620.064223939835 928.111097685141 2476.28641931012 3869.69250287212 4703.5899573584 5426.87163668005 Inf 1154.74167597972 2447.87000195181 -Inf -3642.99536668181 -2871.64617503642 -1982.32995727128 -496.321550149237 1154.74167597972 2805.80490210867 4291.81330923072 5181.12952699585 5952.47871864125 Inf
"20" 43.4343434343434 1526.90165623617 2136.45814274196 -Inf -2660.47935801541 -1987.25926868295 -1211.0796213153 85.8825372337637 1526.90165623617 2967.92077523859 4264.88293378765 5041.0625811553 5714.28267048775 Inf 1831.76767310152 2278.39029280456 -Inf -2633.79524352109 -1915.85086362909 -1088.10697356379 295.016773658596 1831.76767310152 3368.51857254445 4751.64231976684 5579.38620983214 6297.33058972414 Inf
"21" 44.1414141414141 2265.15478764109 1852.17766069925 -Inf -1365.04672029909 -781.406355318568 -108.506393094771 1015.87993995729 2265.15478764109 3514.4296353249 4638.81596837696 5311.71593060075 5895.35629558128 Inf 2610.68470123437 1975.13950027551 -Inf -1260.51758374808 -638.130669528929 79.4415824873031 1278.47335309112 2610.68470123437 3942.89604937761 5141.92781998143 5859.50007199766 6481.88698621681 Inf
"22" 44.8484848484848 3036.84684323137 1447.0612645282 -Inf 200.658881333104 656.64287385117 1182.3632142363 2060.81885240131 3036.84684323137 4012.87483406142 4891.33047222643 5417.05081261156 5873.03480512963 Inf 3358.11643076536 1543.00994352155 -Inf 333.872513675945 820.090928741756 1380.66962199443 2317.37203940944 3358.11643076536 4398.86082212128 5335.56323953628 5896.14193278896 6382.36034785477 Inf
"23" 45.5555555555556 3697.78017608365 994.989684952828 -Inf 1747.63622858725 2061.16778400968 2422.64958763162 3026.66983203214 3697.78017608365 4368.89052013516 4972.91076453567 5334.39256815761 5647.92412358004 Inf 3935.32143656363 1060.81702718219 -Inf 1856.15826909969 2190.43270187113 2575.82971462193 3219.81122489577 3935.32143656363 4650.83164823149 5294.81315850533 5680.21017125613 6014.48460402756 Inf
"24" 46.2626262626263 4130.30127399668 626.146881123408 -Inf 2903.07593796271 3100.38130557649 3327.8617582321 3707.97162056169 4130.30127399668 4552.63092743166 4932.74078976125 5160.22124241687 5357.52661003064 Inf 4272.27716663632 667.42369816472 -Inf 2964.15075580494 3174.46287599672 3416.93928137176 3822.10672318626 4272.27716663632 4722.44761008639 5127.61505190089 5370.09145727593 5580.4035774677 Inf
"25" 46.969696969697 4308.83344150554 442.196205230598 -Inf 3442.14480515329 3581.48540950781 3742.13620241439 4010.5766335019 4308.83344150554 4607.09024950918 4875.5306805967 5036.18147350327 5175.5220778578 Inf 4404.55708554842 471.275097351503 -Inf 3480.87486792886 3629.37853237789 3800.59374673542 4086.68686286217 4404.55708554842 4722.42730823467 5008.52042436142 5179.73563871895 5328.23930316797 Inf
"26" 47.6767676767677 4316.1976385129 384.536959789164 -Inf 3562.51904660162 3683.6906255068 3823.39369568534 4056.83140056355 4316.1976385129 4575.56387646226 4809.00158134047 4948.704651519 5069.87623042419 Inf 4436.47730751885 409.825889255744 -Inf 3633.23332464549 3762.37370715793 3911.26429754245 4160.05394585086 4436.47730751885 4712.90066918685 4961.69031749526 5110.58090787978 5239.72129039221 Inf
"27" 48.3838383838384 4288.04082316775 355.826596440024 -Inf 3590.63350940383 3702.75815544758 3832.03069143763 4048.03943102179 4288.04082316775 4528.0422153137 4744.05095489787 4873.32349088792 4985.44813693166 Inf 4458.99749866294 379.221052454944 -Inf 3715.73789367187 3835.23437511607 3973.00616520183 4203.21678572351 4458.99749866294 4714.77821160237 4944.98883212404 5082.76062220981 5202.257103654 Inf
"28" 49.0909090909091 4319.42965379707 344.082064178787 -Inf 3645.04120028045 3753.46502256364 3878.47074577293 4087.34982828217 4319.42965379707 4551.50947931197 4760.38856182121 4885.3942850305 4993.81810731369 Inf 4496.36917373132 366.701582154831 -Inf 3777.647279634 3893.19874631511 4026.42218703312 4249.0327151872 4496.36917373132 4743.70563227544 4966.31616042953 5099.53960114754 5215.09106782865 Inf
"29" 49.7979797979798 4406.33841197577 342.322996977469 -Inf 3735.39766682012 3843.26718880849 3967.63383927738 4175.44505925807 4406.33841197577 4637.23176469348 4845.04298467417 4969.40963514306 5077.27915713143 Inf 4524.80836954299 364.827085181495 -Inf 3809.76042200253 3924.72121527207 4057.26364737557 4278.73623999416 4524.80836954299 4770.88049909182 4992.35309171041 5124.8955238139 5239.85631708344 Inf
"30" 50.5050505050505 4472.12317549128 341.948654855522 -Inf 3801.91612741254 3909.667690321 4033.89834152532 4241.48231269789 4472.12317549128 4702.76403828467 4910.34800945725 5034.57866066156 5142.33022357002 Inf 4528.13267373379 364.427883530641 -Inf 3813.86714705158 3928.70214774617 4061.099549067 4282.32980160673 4528.13267373379 4773.93554586086 4995.16579840059 5127.56319972142 5242.39820041601 Inf
"31" 51.2121212121212 4454.24188814963 341.330859684816 -Inf 3785.2456963553 3892.8025856066 4016.80879055187 4224.0177218666 4454.24188814963 4684.46605443265 4891.67498574739 5015.68119069266 5123.23807994396 Inf 4520.68553743218 363.769695844832 -Inf 3807.71003490922 3922.33763384678 4054.49591422455 4275.3266061529 4520.68553743218 4766.04446871147 4986.87516063981 5119.03344101759 5233.66103995514 Inf
"32" 51.9191919191919 4367.46776751539 340.20557640797 -Inf 3700.67709041608 3807.87939125162 3931.47677846275 4138.00259326866 4367.46776751539 4596.93294176211 4803.45875656802 4927.05614377915 5034.2584446147 Inf 4518.62984494853 362.57000164117 -Inf 3808.00569985721 3922.25526272525 4053.97769172578 4274.08009511298 4518.62984494853 4763.17959478407 4983.28199817128 5115.00442717181 5229.25399003985 Inf
"33" 52.6262626262626 4283.05605107664 340.052010929763 -Inf 3616.56635678389 3723.72026754668 3847.26186410302 4053.69445517095 4283.05605107664 4512.41764698233 4718.85023805027 4842.3918346066 4949.5457453694 Inf 4510.52323078361 362.406493025669 -Inf 3800.21955668983 3914.41759629957 4046.08062228303 4266.08376583329 4510.52323078361 4754.96269573393 4974.96583928418 5106.62886526764 5220.82690487739 Inf
"34" 53.3333333333333 4252.90748162512 339.712154739679 -Inf 3587.08389322485 3694.13071178206 3817.54883788395 4023.77511523618 4252.90748162512 4482.03984801405 4688.26612536628 4811.68425146818 4918.73107002538 Inf 4475.19685105869 362.044286090023 -Inf 3765.60308951373 3879.68699396646 4011.21842942354 4231.00169097391 4475.19685105869 4719.39201114346 4939.17527269383 5070.70670815092 5184.79061260365 Inf
"35" 54.040404040404 4265.53474711078 338.861656561654 -Inf 3601.37810450836 3708.15692228056 3831.26606064116 4036.97603302548 4265.53474711078 4494.09346119608 4699.80343358041 4822.912571941 4929.69138971321 Inf 4423.63579545004 361.137630822346 -Inf 3715.81904557612 3829.61725356325 3960.8192992926 4180.05216505028 4423.63579545004 4667.21942584981 4886.45229160749 5017.65433733684 5131.45254532396 Inf
"36" 54.7474747474747 4276.84274702497 338.641565993342 -Inf 3613.11747400977 3719.82693896429 3842.85611796772 4048.43248177211 4276.84274702497 4505.25301227783 4710.82937608221 4833.85855508564 4940.56802004016 Inf 4400.36107937462 360.903167122816 -Inf 3693.00386990746 3806.72819595438 3937.84506053837 4156.93559233697 4400.36107937462 4643.78656641226 4862.87709821087 4993.99396279485 5107.71828884177 Inf
"37" 55.4545454545455 4267.44061256888 338.36169331727 -Inf 3604.26387991905 3710.88515409453 3833.81265477781 4039.2191185674 4267.44061256888 4495.66210657037 4701.06857035995 4823.99607104324 4930.61734521872 Inf 4431.16342293778 360.604816123509 -Inf 3724.39097068401 3838.02128324086 3969.02975629177 4187.93917059113 4431.16342293778 4674.38767528443 4893.29708958379 5024.3055626347 5137.93587519155 Inf
"38" 56.1616161616162 4254.91703197242 338.215400118899 -Inf 3592.02702872258 3698.60220439601 3821.47655645875 4026.79421123376 4254.91703197242 4483.03985271109 4688.35750748609 4811.23185954884 4917.80703522227 Inf 4483.48182292392 360.448870714888 -Inf 3777.01501805461 3890.59619059798 4021.54800836048 4240.36275415698 4483.48182292392 4726.60089169087 4945.41563748737 5076.36745524987 5189.94862779324 Inf
"39" 56.8686868686869 4257.64858285696 338.395867989803 -Inf 3594.40486907978 3701.03691204854 3823.97682846081 4029.40403838913 4257.64858285696 4485.89312732479 4691.32033725312 4814.26025366538 4920.89229663415 Inf 4499.90751190187 360.641294733208 -Inf 3793.06356288689 3906.70537023148 4037.7270960365 4256.65865510688 4499.90751190187 4743.15636869686 4962.08792776725 5093.10965357226 5206.75146091685 Inf
"40" 57.5757575757576 4267.88408961271 338.174569845412 -Inf 3605.07411222837 3711.63642185973 3834.49594019995 4039.78880847501 4267.88408961271 4495.97937075041 4701.27223902547 4824.13175736569 4930.69406699704 Inf 4469.38049120886 360.405365639589 -Inf 3762.99895472028 3876.56641836381 4007.50243064277 4226.29076616929 4469.38049120886 4712.47021624844 4931.25855177495 5062.19456405391 5175.76202769745 Inf
"41" 58.2828282828283 4267.18506599019 337.998875608484 -Inf 3604.71944298253 3711.22638954005 3834.02207780182 4039.20828881447 4267.18506599019 4495.16184316591 4700.34805417856 4823.14374244032 4929.65068899785 Inf 4441.41478752705 360.21810606871 -Inf 3735.40027305315 3848.90872926635 3979.77670975719 4198.45136714866 4441.41478752705 4684.37820790544 4903.05286529692 5033.92084578776 5147.42930200095 Inf
"42" 58.989898989899 4253.63945165164 338.134010278105 -Inf 3590.90896955846 3697.45849845005 3820.30328141586 4025.57152752636 4253.63945165164 4481.70737577692 4686.97562188742 4809.82040485323 4916.36993374482 Inf 4458.41419513361 360.362160663655 -Inf 3752.11733884181 3865.67118814992 3996.59150397206 4215.35361140746 4458.41419513361 4701.47477885976 4920.23688629515 5051.15720211729 5164.71105142541 Inf
"43" 59.6969696969697 4240.32099252009 338.120150381111 -Inf 3577.61767532584 3684.16283682034 3807.002584457 4012.26241675327 4240.32099252009 4468.3795682869 4673.63940058318 4796.47914821983 4903.02430971433 Inf 4495.19576000334 360.347381958101 -Inf 3788.92786944216 3902.47706182709 4033.39200851503 4252.14514436261 4495.19576000334 4738.24637564407 4956.99951149164 5087.91445817959 5201.46365056451 Inf
"44" 60.4040404040404 4231.86571341056 337.884819340936 -Inf 3569.6236365795 3676.09464282577 3798.84889421043 4003.96586601824 4231.86571341056 4459.76556080287 4664.88253261069 4787.63678399534 4894.10779024161 Inf 4491.04983271476 360.096560049052 -Inf 3785.27354406186 3898.74369986533 4029.56752243668 4248.16839388081 4491.04983271476 4733.93127154872 4952.53214299285 5083.35596556419 5196.82612136767 Inf
"45" 61.1111111111111 4215.39612883823 337.624673713056 -Inf 3553.66392806855 3660.052959733 3782.71269967477 3987.67174700547 4215.39612883823 4443.12051067098 4648.07955800168 4770.73929794345 4877.1283296079 Inf 4431.86875471393 359.819275095661 -Inf 3726.63593458312 3840.01871502578 3970.74179940196 4189.17434173892 4431.86875471393 4674.56316768893 4892.99571002589 5023.71879440207 5137.10157484473 Inf
"46" 61.8181818181818 4178.03620143329 337.354856626587 -Inf 3516.8328324355 3623.13684194135 3745.69855677941 3950.49380845978 4178.03620143329 4405.57859440679 4610.37384608716 4732.93556092522 4839.23957043107 Inf 4367.6462456714 359.531714791337 -Inf 3662.97703338045 3776.26920059279 3906.88781371763 4125.14578917422 4367.6462456714 4610.14670216858 4828.40467762517 4959.02329075001 5072.31545796235 Inf
"47" 62.5252525252525 4128.41599353922 337.114129790588 -Inf 3467.68444047011 3573.91259445659 3696.38685273889 3901.0359683492 4128.41599353922 4355.79601872925 4560.44513433956 4682.91939262186 4789.14754660834 Inf 4343.86815089326 359.275110668564 -Inf 3639.70187344124 3752.91318203669 3883.43857035476 4101.54077124675 4343.86815089326 4586.19553053977 4804.29773143177 4934.82311974984 5048.03442834529 Inf
"48" 63.2323232323232 4096.4049914712 337.232743856749 -Inf 3435.44095910435 3541.70648961163 3664.22384062868 3868.94496230932 4096.4049914712 4323.86502063307 4528.58614231371 4651.10349333077 4757.36902383805 Inf 4348.12970735669 359.401553157776 -Inf 3643.71560717969 3756.96675911313 3887.53808424818 4105.71704354722 4348.12970735669 4590.54237116616 4808.7213304652 4939.29265560025 5052.54380753369 Inf
"49" 63.9393939393939 4107.30228854528 337.448284191348 -Inf 3445.9158048854 3552.24925438459 3674.84491164952 3879.69687963696 4107.30228854528 4334.9076974536 4539.75966544104 4662.35532270597 4768.68877220516 Inf 4342.13751051598 359.631299780086 -Inf 3637.27311523369 3750.59666270744 3881.25145526397 4099.56988496462 4342.13751051598 4584.70513606734 4803.02356576799 4933.67835832453 5047.00190579828 Inf
"50" 64.6464646464646 4151.94269914069 337.414848557049 -Inf 3490.62174811984 3596.94466170435 3719.52817173441 3924.359842225 4151.94269914069 4379.52555605639 4584.35722654697 4706.94073657704 4813.26365016155 Inf 4319.03747404204 359.595641148635 -Inf 3614.24296839313 3727.55527946277 3858.197117165 4076.4938998721 4319.03747404204 4561.58104821199 4779.87783091909 4910.51966862131 5023.83197969096 Inf
"51" 65.3535353535354 4186.53341623822 337.181705925383 -Inf 3525.66941637869 3631.91886430517 3754.41767313655 3959.10781163792 4186.53341623822 4413.95902083852 4618.64915933989 4741.14796817127 4847.39741609775 Inf 4301.0026424827 359.347172721257 -Inf 3596.69512600274 3709.92914209738 3840.48071070775 4058.62665772027 4301.0026424827 4543.37862724513 4761.52457425765 4892.07614286802 5005.31015896266 Inf
"52" 66.0606060606061 4173.29589688099 336.855127271747 -Inf 3513.07197942071 3619.21851903086 3741.59868116416 3946.0905662352 4173.29589688099 4400.50122752678 4604.99311259782 4727.37327473112 4833.51981434127 Inf 4296.31907769936 358.999063580093 -Inf 3592.69384259877 3705.81816589746 3836.24326573924 4054.17788898459 4296.31907769936 4538.46026641412 4756.39488965947 4886.81998950126 4999.94431279994 Inf
"53" 66.7676767676768 4121.19018635301 336.84623033101 -Inf 3460.98370657614 3567.12744266811 3689.5043725245 3893.99085660255 4121.19018635301 4348.38951610346 4552.87600018151 4675.2529300379 4781.39666612987 Inf 4289.11846264596 358.989591755417 -Inf 3585.51179198061 3698.63313060924 3829.05478931759 4046.98366257986 4289.11846264596 4531.25326271207 4749.18213597433 4879.60379468269 4992.72513331131 Inf
"54" 67.4747474747475 4072.75730087066 337.006809121201 -Inf 3412.23609244835 3518.43042858031 3640.8656970422 3845.44966237213 4072.75730087066 4300.0649393692 4504.64890469913 4627.08417316102 4733.27850929298 Inf 4265.74927784226 359.160760173805 -Inf 3561.80712324157 3674.98239881173 3805.46624335933 4023.49902643239 4265.74927784226 4507.99952925212 4726.03231232519 4856.51615687279 4969.69143244294 Inf
"55" 68.1818181818182 4049.7719254224 337.002549352373 -Inf 3389.25906599356 3495.45205982825 3617.88578070734 3822.46716009427 4049.7719254224 4277.07669075052 4481.65807013745 4604.09179101654 4710.28478485123 Inf 4226.72522101033 359.156194986234 -Inf 3522.79201401287 3635.96585104513 3766.44803705068 3984.47804877269 4226.72522101033 4468.97239324797 4687.00240496998 4817.48459097552 4930.65842800779 Inf
"56" 68.8888888888889 4032.61273174099 337.047754837198 -Inf 3372.01127119 3478.21850974118 3600.66865386609 3805.2774757767 4032.61273174099 4259.94798770529 4464.5568096159 4587.00695374081 4693.21419229199 Inf 4177.22898867075 359.204388137497 -Inf 3473.20132483251 3586.39034802591 3716.89004270265 3934.94931064655 4177.22898867075 4419.50866669495 4637.56793463885 4768.0676293156 4881.25665250899 Inf
"57" 69.5959595959596 4001.32478784551 337.279865884876 -Inf 3340.26839800065 3446.54877714706 3569.08324769407 3773.83297535865 4001.32478784551 4228.81660033236 4433.56632799694 4556.10079854395 4662.38117769036 Inf 4128.1944851833 359.45176563654 -Inf 3423.68197035635 3536.94894476193 3667.53851219402 3885.74795357157 4128.1944851833 4370.64101679503 4588.85045817258 4719.44002560468 4832.70700001025 Inf
"58" 70.3030303030303 3970.75517624085 337.583261766892 -Inf 3309.10414139418 3415.48012372546 3538.12481862183 3743.05872634132 3970.75517624085 4198.45162614038 4403.38553385986 4526.03022875623 4632.40621108751 Inf 4100.09302925423 359.775170964173 -Inf 3394.94665163271 3508.31553440672 3639.02259566102 3857.42836406385 4100.09302925423 4342.75769444461 4561.16346284744 4691.87052410174 4805.23940687575 Inf
"59" 71.010101010101 3962.15956641114 337.465087943449 -Inf 3300.74014800233 3407.07889253786 3529.68065464056 3734.54282354426 3962.15956641114 4189.77630927801 4394.63847818171 4517.24024028442 4623.57898481994 Inf 4099.67127244864 359.649220072464 -Inf 3394.77175403869 3508.10094838218 3638.76225141788 3857.09155984375 4099.67127244864 4342.25098505353 4560.5802934794 4691.2415965151 4804.57079085859 Inf
"60" 71.7171717171717 3960.30132588952 336.997424372241 -Inf 3299.79851123717 3405.98989013753 3528.42174910078 3733.00001730796 3960.30132588952 4187.60263447108 4392.18090267826 4514.61276164151 4620.80414054187 Inf 4098.73717431818 359.150725461385 -Inf 3394.81468739244 3507.98680092077 3638.46699983667 3856.49369121899 4098.73717431818 4340.98065741737 4559.0073487997 4689.48754771559 4802.65966124393 Inf
"61" 72.4242424242424 3932.71639569934 336.856880963447 -Inf 3272.48904106649 3378.63613328305 3501.01693253616 3705.50988220647 3932.71639569934 4159.92290919221 4364.41585886252 4486.79665811563 4592.94375033219 Inf 4067.51881233912 359.000940873043 -Inf 3363.88989781196 3477.0148126651 3607.44059453128 3825.3763574095 4067.51881233912 4309.66126726873 4527.59703014695 4658.02281201313 4771.14772686627 Inf
"62" 73.1313131313131 3884.98897647388 337.129134001453 -Inf 3224.22801569186 3330.46089766058 3452.94060700363 3657.59883109742 3884.98897647388 4112.37912185035 4317.03734594414 4439.51705528718 4545.74993725591 Inf 4027.27118443827 359.291116545506 -Inf 3323.07353604389 3436.28988825695 3566.82109154311 3784.93300899182 4027.27118443827 4269.60935988472 4487.72127733343 4618.25248061959 4731.46883283264 Inf
"63" 73.8383838383838 3861.29502924572 337.472322660359 -Inf 3199.86143105234 3306.20245532209 3428.80684581237 3633.67340663645 3861.29502924572 4088.916651855 4293.78321267908 4416.38760316935 4522.72862743911 Inf 4030.4992954353 359.656920153763 -Inf 3325.58468514333 3438.91630586219 3569.58040635329 3787.91438920449 4030.4992954353 4273.0842016661 4491.4181845173 4622.08228500841 4735.41390572727 Inf
"64" 74.5454545454545 3883.10268432675 337.798182725102 -Inf 3221.03041214247 3327.47411829375 3450.19689441728 3655.26127244381 3883.10268432675 4110.9440962097 4316.00847423623 4438.73125035975 4545.17495651103 Inf 4078.4949648954 360.004192057252 -Inf 3372.89971417975 3486.3407638723 3617.13102896181 3835.67582732516 4078.4949648954 4321.31410246564 4539.85890082899 4670.64916591851 4784.09021561106 Inf
"65" 75.2525252525253 3916.53684403852 338.441001556654 -Inf 3253.20467009582 3359.85093511897 3482.80724864911 3688.26185744246 3916.53684403852 4144.81183063458 4350.26643942793 4473.22275295807 4579.86901798123 Inf 4100.12321614537 360.689371399448 -Inf 3393.18503859606 3506.84199539614 3637.88118755311 3856.84193213177 4100.12321614537 4343.40450015896 4562.36524473763 4693.4044368946 4807.06139369468 Inf
"66" 75.959595959596 3915.25182315044 339.119186839978 -Inf 3250.59043047757 3357.45039870787 3480.65309834945 3686.51940753205 3915.25182315044 4143.98423876884 4349.85054795143 4473.05324759301 4579.91321582331 Inf 4041.31171084011 361.412211424812 -Inf 3332.9567928745 3446.84152405345 3578.1433254817 3797.54287863837 4041.31171084011 4285.08054304184 4504.48009619851 4635.78189762676 4749.66662880571 Inf
"67" 76.6666666666667 3874.94948472631 339.761774469211 -Inf 3209.02864344324 3316.09109769117 3439.52725074309 3645.7836503384 3874.94948472631 4104.11531911423 4310.37171870954 4433.80787176146 4540.87032600939 Inf 3945.03940464423 362.097043125005 -Inf 3235.34224121077 3349.44276995166 3480.99337214831 3700.80866048011 3945.03940464423 4189.27014880835 4409.08543714015 4540.6360393368 4654.73656807769 Inf
"68" 77.3737373737374 3828.65431190357 340.744154854207 -Inf 3160.80804044678 3268.18005292911 3391.97310679998 3598.82587201518 3828.65431190357 4058.48275179196 4265.33551700715 4389.12857087802 4496.50058336035 Inf 3901.74256995279 363.144221386075 -Inf 3189.99297484225 3304.42348029944 3436.35452451699 3656.80551478495 3901.74256995279 4146.67962512064 4367.13061538859 4499.06165960614 4613.49216506334 Inf
"69" 78.0808080808081 3803.45410623063 341.8717444155 -Inf 3133.39779984437 3241.12512747657 3365.32783695948 3572.86511874072 3803.45410623063 4034.04309372054 4241.58037550178 4365.78308498469 4473.51041261689 Inf 3932.79746209302 364.345907337253 -Inf 3218.69260579743 3333.50177494441 3465.86939414519 3687.04988206815 3932.79746209302 4178.54504211789 4399.72553004084 4532.09314924162 4646.9023183886 Inf
"70" 78.7878787878788 3800.9719175111 343.603316465452 -Inf 3127.5217922703 3235.79475619035 3360.62654936848 3569.21500242177 3800.9719175111 4032.72883260043 4241.31728565372 4366.14907883185 4474.4220427519 Inf 3965.02600946454 366.191692393893 -Inf 3247.30348093474 3362.69427607094 3495.73247278771 3718.0334663379 3965.02600946454 4212.01855259117 4434.31954614136 4567.35774285813 4682.74853799433 Inf
"71" 79.4949494949495 3808.58652583 346.19562108075 -Inf 3130.05557690625 3239.14540286061 3364.91898564928 3575.08112784827 3808.58652583 4042.09192381173 4252.25406601072 4378.02764879939 4487.11747475374 Inf 3923.98118409853 368.954513968999 -Inf 3200.84362478581 3317.1050136165 3451.14694910681 3675.12514613786 3923.98118409853 4172.8372220592 4396.81541909025 4530.85735458055 4647.11874341125 Inf
"72" 80.2020202020202 3801.49564544649 352.237740035867 -Inf 3111.12236098041 3222.11612119931 3350.08481825964 3563.91490016007 3801.49564544649 4039.07639073292 4252.90647263335 4380.87516969368 4491.86892991257 Inf 3813.19042252082 375.394742068997 -Inf 3077.43024807988 3195.72101949012 3332.10270312508 3559.99051671778 3813.19042252082 4066.39032832386 4294.27814191655 4430.65982555152 4548.95059696176 Inf
"73" 80.9090909090909 3727.28502633196 366.062895460348 -Inf 3009.81493515323 3125.16514504165 3258.15654956696 3480.37935541686 3727.28502633196 3974.19069724707 4196.41350309696 4329.40490762227 4444.7551175107 Inf 3678.73502768437 390.131044791206 -Inf 2914.09223064262 3037.02656367318 3178.76197646465 3415.59563673941 3678.73502768437 3941.87441862932 4178.70807890409 4320.44349169555 4443.37782472611 Inf
"74" 81.6161616161616 3510.8133241688 416.101139816768 -Inf 2695.27007620187 2826.38785516255 2977.55825701173 3230.15737031748 3510.8133241688 3791.46927802012 4044.06839132587 4195.23879317505 4326.35657213573 Inf 3519.04706322866 443.464045945729 -Inf 2649.87350473662 2789.61361883225 2950.72502088417 3219.93510965778 3519.04706322866 3818.15901679954 4087.36910557315 4248.48050762507 4388.2206217207 Inf
"75" 82.3232323232323 3099.23836614228 603.134220414362 -Inf 1917.11701628648 2107.17085615516 2326.29076173673 2692.43051648028 3099.23836614228 3506.04621580427 3872.18597054782 4091.30587612939 4281.35971599807 Inf 3262.78848184446 642.895208338715 -Inf 2002.73702766721 2205.3199666588 2438.88512111686 2829.16225336982 3262.78848184446 3696.4147103191 4086.69184257206 4320.25699703012 4522.83993602172 Inf
"76" 83.030303030303 2511.32741535817 965.609158749678 -Inf 618.768241066779 923.041688371199 1273.84948625831 1860.03393508605 2511.32741535817 3162.62089563029 3748.80534445802 4099.61314234513 4403.88658964955 Inf 2839.90606335791 1029.47000771417 -Inf 822.181925073955 1146.57858733149 1520.58716329059 2145.53909502041 2839.90606335791 3534.2730316954 4159.22496342522 4533.23353938432 4857.63020164186 Inf
"77" 83.7373737373737 1841.17376716142 1408.1378814239 -Inf -918.725765695963 -475.00693434645 36.5724607199581 891.39919927817 1841.17376716142 2790.94833504466 3645.77507360288 4157.35446866928 4601.0733000188 Inf 2260.09166112251 1501.46510486839 -Inf -682.725868463192 -209.598662361337 335.886705367834 1247.36883761169 2260.09166112251 3272.81448463332 4184.29661687718 4729.78198460635 5202.9091907082 Inf
"78" 84.4444444444444 1210.54966769254 1813.07327265671 -Inf -2343.00864804678 -1771.69048076562 -1112.99722332774 -12.3496710688726 1210.54966769254 2433.44900645396 3534.09655871282 4192.78981615071 4764.10798343186 Inf 1618.47321201924 1933.39822968427 -Inf -2170.91768593542 -1561.68387841848 -859.276316053792 314.415923049952 1618.47321201924 2922.53050098853 4096.22274009227 4798.63030245696 5407.8641099739 Inf
"79" 85.1515151515152 710.079330078718 2107.07007543388 -Inf -3419.70213067378 -2755.74252573961 -1990.23962380575 -711.117838746319 710.079330078718 2131.27649890376 3410.39828396319 4175.90118589705 4839.86079083122 Inf 1034.87772166003 2247.02011426551 -Inf -3369.20077483744 -2661.1414631225 -1844.79442358714 -480.714313896487 1034.87772166003 2550.46975721654 3914.54986690719 4730.89690644255 5438.95621815749 Inf
"80" 85.8585858585859 370.370966908652 2278.53233789341 -Inf -4095.47035297227 -3377.48121320154 -2549.68571786264 -1166.47574049077 370.370966908652 1907.21767430807 3290.42765167995 4118.22314701884 4836.21228678958 Inf 589.226731886635 2429.94125134373 -Inf -4173.37060529526 -3407.67094866509 -2524.86828295432 -1049.74373572335 589.226731886635 2228.19719949662 3703.32174672759 4586.12441243836 5351.82406906853 Inf
"81" 86.5656565656566 171.315402062306 2358.63298025279 -Inf -4451.52029198153 -3708.29061015386 -2851.39438632578 -1419.55836759264 171.315402062306 1762.18917171725 3194.0251904504 4050.92141427847 4794.15109610614 Inf 298.673808205935 2515.40098050084 -Inf -4631.42152025246 -3838.79261780817 -2924.94225632734 -1397.93837077506 298.673808205935 1995.28598718693 3522.28987273921 4436.14023422003 5228.76913666432 Inf
"82" 87.2727272727273 70.0494663927063 2388.40895493723 -Inf -4611.14606563722 -3858.53366577918 -2990.81976896785 -1540.90789298899 70.0494663927063 1681.00682577441 3130.91870175326 3998.63259856459 4751.24499842263 Inf 134.907277459511 2547.17116444194 -Inf -4857.45646730565 -4054.81645083902 -3129.42391604112 -1583.1335649516 134.907277459511 1852.94811987062 3399.23847096015 4324.63100575804 5127.27102222467 Inf
"83" 87.979797979798 25.2002233206536 2397.17798935116 -Inf -4673.18230033976 -3917.80668691184 -3046.90698182139 -1591.67175989236 25.2002233206536 1642.07220653366 3097.30742846269 3968.20713355315 4723.58274698107 Inf 54.3708930473665 2556.52804473485 -Inf -4956.33200009955 -4150.74353373791 -3221.95162504126 -1669.98106921512 54.3708930473665 1778.72285530985 3330.69341113599 4259.48531983264 5065.07378619428 Inf
"84" 88.6868686868687 7.91329193387615 2399.22378196366 -Inf -4694.47891156688 -3938.45864769728 -3066.81570193349 -1610.33855742729 7.91329193387615 1626.16514129505 3082.64228580125 3954.28523156503 4710.30549543463 Inf 19.5778892016018 2558.71109301018 -Inf -4995.40369994146 -4189.12733245715 -3259.54231782192 -1706.24651674677 19.5778892016018 1745.40229514998 3298.69809622513 4228.28311086035 5034.55947834466 Inf
"85" 89.3939393939394 2.13813188111411 2399.60305609428 -Inf -4700.99743525592 -3944.8576581794 -3073.07692134212 -1616.36953399367 2.13813188111411 1620.6457977559 3077.35318510434 3949.13392194162 4705.27369901814 Inf 6.30577619787104 2559.11583129905 -Inf -5009.46908541454 -4203.0651807033 -3273.33312381339 -1719.79162157786 6.30577619787104 1732.4031739736 3285.94467620914 4215.67673309904 5022.08063781028 Inf
"86" 90.1010101010101 0.48285489993648 2399.65917161886 -Inf -4702.76269664424 -3946.60523698471 -3074.80411326167 -1618.062660321 0.48285489993648 1619.02837012088 3075.76982306154 3947.57094678458 4703.72840644411 Inf 1.81837509993737 2559.17571665848 -Inf -5014.07385966016 -4207.6510844519 -3277.89727108746 -1724.31941473692 1.81837509993737 1727.95616493679 3281.53402128734 4211.28783465177 5017.71060986003 Inf
"87" 90.8080808080808 0.084806718356031 2399.66582485856 -Inf -4703.17378493603 -3947.01422877175 -3075.21068791301 -1618.46519604457 0.084806718356031 1618.63480948128 3075.38030134973 3947.18384220846 4703.34339837274 Inf 0.46976012165302 2559.18281709424 -Inf -5015.43639123682 -4209.0113786077 -3279.25498564031 -1725.67281888635 0.46976012165302 1726.61233912965 3280.19450588362 4209.950898851 5016.37591148012 Inf
"88" 91.5151515151515 0.00872707320240531 2399.66645919708 -Inf -4703.25110786182 -3947.09135181091 -3075.28758049568 -1618.54170354455 0.00872707320240531 1618.55915769095 3075.30503464208 3947.10880595731 4703.26856200822 Inf 0.108756900117595 2559.18349408871 -Inf -5015.79872134312 -4209.37349538604 -3279.61685646517 -1726.03427873371 0.108756900117595 1726.25179253395 3279.8343702654 4209.59100918627 5016.01623514336 Inf
"89" 92.2222222222222 -0.000907942191878536 2399.66650797187 -Inf -4703.26083847405 -3947.10106705369 -3075.29727801848 -1618.55137145804 -0.000907942191878536 1618.54955557366 3075.2954621341 3947.0992511693 4703.25902258966 Inf 0.02256402723732 2559.18354614461 -Inf -5015.8850162437 -4209.45977388326 -3279.70311605037 -1726.12050671776 0.02256402723732 1726.16563477224 3279.74824410485 4209.50490193773 5015.93014429817 Inf
"90" 92.9292929292929 -0.000786389218270632 2399.66651100353 -Inf -4703.26072286302 -3947.10095048735 -3075.29716035074 -1618.55125194989 -0.000786389218270632 1618.54967917145 3075.2955875723 3947.09937770891 4703.25915008458 Inf 0.00419348858121169 2559.18354938028 -Inf -5015.90339312415 -4209.47814974412 -3279.72149073571 -1726.13887943885 0.00419348858121169 1726.14726641601 3279.72987771287 4209.48653672128 5015.91178010131 Inf
"91" 93.6363636363636 -0.000258677379284848 2399.66651115615 -Inf -4703.26019545032 -3947.10042302656 -3075.29663283449 -1618.55072434099 -0.000258677379284848 1618.55020698624 3075.29611547973 3947.0999056718 4703.25967809556 Inf 0.00069750110716379 2559.18354954318 -Inf -5015.9068894309 -4209.48164599953 -3279.72498693194 -1726.14237553619 0.00069750110716379 1726.14377053841 3279.72638193415 4209.48304100174 5015.90828443311 Inf
"92" 94.3434343434343 -6.25892445933276e-05 2399.66651116238 -Inf -4703.2599993744 -3947.10022694868 -3075.29643675435 -1618.55052825706 -6.25892445933276e-05 1618.55040307857 3075.29631157586 3947.10010177018 4703.25987419591 Inf 0.000103672813140205 2559.18354954983 -Inf -5015.90748327223 -4209.48223983877 -3279.72558076876 -1726.14296936897 0.000103672813140205 1726.1431767146 3279.72578811439 4209.48244718439 5015.90769061786 Inf
"93" 95.0505050505051 -1.24549330150364e-05 2399.66651116259 -Inf -4703.25994924049 -3947.1001768147 -3075.2963866203 -1618.55047812289 -1.24549330150364e-05 1618.55045321302 3075.29636171043 3947.10015190484 4703.25992433062 Inf 1.37371032657539e-05 2559.18354955005 -Inf -5015.90757320837 -4209.48232977484 -3279.72567070475 -1726.14305930483 1.37371032657539e-05 1726.14308677904 3279.72569817896 4209.48235724905 5015.90760068258 Inf
"94" 95.7575757575758 -2.12254932364928e-06 2399.6665111626 -Inf -4703.25993890812 -3947.10016648233 -3075.29637628792 -1618.55046779051 -2.12254932364928e-06 1618.55046354541 3075.29637204283 3947.10016223723 4703.25993466302 Inf 1.61667299530713e-06 2559.18354955006 -Inf -5015.90758532882 -4209.48234189528 -3279.72568282519 -1726.14307142527 1.61667299530713e-06 1726.14307465861 3279.72568605854 4209.48234512863 5015.90758856216 Inf
"95" 96.4646464646465 -3.1582830853586e-07 2399.6665111626 -Inf -4703.2599371014 -3947.10016467561 -3075.2963744812 -1618.55046598379 -3.1582830853586e-07 1618.55046535213 3075.29637384955 3947.10016404395 4703.25993646974 Inf 1.6799485378087e-07 2559.18354955006 -Inf -5015.90758677749 -4209.48234334396 -3279.72568427387 -1726.14307287394 1.6799485378087e-07 1726.14307320993 3279.72568460986 4209.48234367995 5015.90758711348 Inf
"96" 97.1717171717172 -4.14768198390679e-08 2399.6665111626 -Inf -4703.25993682705 -3947.10016440126 -3075.29637420685 -1618.55046570944 -4.14768198390679e-08 1618.55046562648 3075.2963741239 3947.1001643183 4703.25993674409 Inf 1.52646899912332e-08 2559.18354955006 -Inf -5015.90758693022 -4209.48234349669 -3279.7256844266 -1726.14307302667 1.52646899912332e-08 1726.1430730572 3279.72568445713 4209.48234352722 5015.90758696075 Inf
"97" 97.8787878787879 -4.8395489494371e-09 2399.6665111626 -Inf -4703.25993679041 -3947.10016436462 -3075.29637417021 -1618.5504656728 -4.8395489494371e-09 1618.55046566312 3075.29637416053 3947.10016435494 4703.25993678073 Inf 1.19173271222801e-09 2559.18354955006 -Inf -5015.9075869443 -4209.48234351076 -3279.72568444067 -1726.14307304075 1.19173271222801e-09 1726.14307304313 3279.72568444306 4209.48234351314 5015.90758694668 Inf
"98" 98.5858585858586 -5.0390977148462e-10 2399.6665111626 -Inf -4703.25993678607 -3947.10016436029 -3075.29637416588 -1618.55046566847 -5.0390977148462e-10 1618.55046566746 3075.29637416487 3947.10016435927 4703.25993678507 Inf 7.70930189921302e-11 2559.18354955006 -Inf -5015.90758694541 -4209.48234351188 -3279.72568444179 -1726.14307304186 7.70930189921302e-11 1726.14307304202 3279.72568444194 4209.48234351203 5015.90758694557 Inf
"99" 99.2929292929293 -4.69647141427871e-11 2399.6665111626 -Inf -4703.25993678562 -3947.10016435983 -3075.29637416542 -1618.55046566801 -4.69647141427871e-11 1618.55046566791 3075.29637416533 3947.10016435973 4703.25993678552 Inf 3.7529718321864e-12 2559.18354955006 -Inf -5015.90758694548 -4209.48234351195 -3279.72568444186 -1726.14307304194 3.7529718321864e-12 1726.14307304194 3279.72568444187 4209.48234351196 5015.90758694549 Inf
"100" 100 -3.92660746272298e-12 2399.6665111626 -Inf -4703.25993678557 -3947.10016435979 -3075.29637416538 -1618.55046566797 -3.92660746272298e-12 1618.55046566796 3075.29637416537 3947.10016435977 4703.25993678557 Inf 8.48208598280991e-14 2559.18354955006 -Inf -5015.90758694549 -4209.48234351196 -3279.72568444186 -1726.14307304194 8.48208598280991e-14 1726.14307304194 3279.72568444186 4209.48234351195 5015.90758694549 Inf
