"mid_age" "mean_left" "std_left" "min_left" "l.q2.5" "l.q5" "l.q10" "l.q25" "l.q50" "l.q75" "l.q90" "l.q95" "l.q97.5" "max_left" "mean_right" "std_right" "min_right" "r.q2.5" "r.q5" "r.q10" "r.q25" "r.q50" "r.q75" "r.q90" "r.q95" "r.q97.5" "max_right"
"1" 30 3.59198455225415e-08 2339.97063927235 -Inf -4586.25817781906 -3848.90919293117 -2998.79303605196 -1578.28621191306 3.59198455225415e-08 1578.28621198489 2998.7930361238 3848.909193003 4586.2581778909 Inf 3.80452065615113e-08 2417.15184587645 -Inf -4737.5305630443 -3975.86098054427 -3097.70473220394 -1630.34414467316 3.80452065615113e-08 1630.34414474925 3097.70473228003 3975.86098062036 4737.53056312039 Inf
"2" 30.7070707070707 3.32502429376274e-07 2339.97063927235 -Inf -4586.25817752248 -3848.90919263458 -2998.79303575538 -1578.28621161647 3.32502429376274e-07 1578.28621228148 2998.79303642039 3848.90919329959 4586.25817818748 Inf 3.52938436955312e-07 2417.15184587645 -Inf -4737.53056272941 -3975.86098022938 -3097.70473188904 -1630.34414435826 3.52938436955312e-07 1630.34414506414 3097.70473259492 3975.86098093525 4737.53056343528 Inf
"3" 31.4141414141414 2.78311635816722e-06 2339.97063927235 -Inf -4586.25817507186 -3848.90919018397 -2998.79303330477 -1578.28620916586 2.78311635816722e-06 1578.28621473209 2998.793038871 3848.9091957502 4586.25818063809 Inf 2.96097115277993e-06 2417.15184587645 -Inf -4737.53056012137 -3975.86097762135 -3097.70472928101 -1630.34414175023 2.96097115277993e-06 1630.34414767217 3097.70473520295 3975.86098354329 4737.53056604332 Inf
"4" 32.1212121212121 2.10618272870756e-05 2339.97063927235 -Inf -4586.25815679315 -3848.90917190526 -2998.79301502606 -1578.28619088715 2.10618272870756e-05 1578.2862330108 2998.79305714971 3848.90921402891 4586.2581989168 Inf 2.24622703275549e-05 2417.15184587645 -Inf -4737.53054062008 -3975.86095812005 -3097.70470977971 -1630.34412224893 2.24622703275549e-05 1630.34416717347 3097.70475470425 3975.86100304459 4737.53058554461 Inf
"5" 32.8282828282828 0.000144089759507716 2339.97063927235 -Inf -4586.25803376521 -3848.90904887732 -2998.79289199812 -1578.28606785921 0.000144089759507716 1578.28635603873 2998.79318017764 3848.90933705683 4586.25832194473 Inf 0.000154061852753274 2417.15184587644 -Inf -4737.53040902048 -3975.86082652046 -3097.70457818012 -1630.34399064935 0.000154061852753274 1630.34429877305 3097.70488630383 3975.86113464416 4737.53071714419 Inf
"6" 33.5353535353535 0.000891000316135756 2339.97063927215 -Inf -4586.25728685426 -3848.90830196643 -2998.79214508731 -1578.28532094852 0.000891000316135756 1578.28710294915 2998.79392708794 3848.91008396706 4586.25906885489 Inf 0.000955177530891151 2417.15184587625 -Inf -4737.52960790443 -3975.86002540446 -3097.7037770642 -1630.34318953354 0.000955177530891151 1630.3450998886 3097.70568741926 3975.86193575952 4737.53151825949 Inf
"7" 34.2424242424242 0.00497914987267614 2339.97063926611 -Inf -4586.25319869287 -3848.90421380694 -2998.78805693001 -1578.28123279489 0.00497914987267614 1578.29119109464 2998.79801522975 3848.91417210668 4586.26315699261 Inf 0.00535219204282425 2417.15184587042 -Inf -4737.5252108785 -3975.85562838037 -3097.69938004222 -1630.3387925151 0.00535219204282425 1630.34949689918 3097.7100844263 3975.86633276445 4737.53591526258 Inf
"8" 34.9494949494949 0.0251407465724725 2339.97063911785 -Inf -4586.23303680558 -3848.88405196638 -2998.76789514331 -1578.26107109819 0.0251407465724725 1578.31135259134 2998.81817663645 3848.93433345952 4586.28331829873 Inf 0.027097675639613 2417.15184572719 -Inf -4737.50346511417 -3975.83388266117 -3097.67763437506 -1630.31704693489 0.027097675639613 1630.37124228617 3097.73182972634 3975.88807801245 4737.55766046545 Inf
"9" 35.6565656565657 0.114669077266916 2339.97063616512 -Inf -4586.14350268765 -3848.79451877888 -2998.67836302854 -1578.17154077591 0.114669077266916 1578.40087893045 2998.90770118307 3849.02385693341 4586.37284084218 Inf 0.123925186973986 2417.15184287005 -Inf -4737.40663200295 -3975.73705045027 -3097.58080320216 -1630.22021749645 0.123925186973986 1630.4680678704 3097.82865357611 3975.98490082422 4737.6544823769 Inf
"10" 36.3636363636364 0.47232858172013 2339.97058853731 -Inf -4585.7857498344 -3848.43678093365 -2998.32064248659 -1577.81384914699 0.47232858172013 1578.75850631043 2999.26529965003 3849.38143809709 4586.73040699784 Inf 0.511759717109011 2417.15179670056 -Inf -4737.01870698227 -3975.34913997808 -3097.19290950344 -1629.83235182546 0.511759717109011 1630.85587125968 3098.21642893766 3976.37265941229 4738.04222641649 Inf
"11" 37.0707070707071 1.75646907442264 2339.96996757718 -Inf -4584.50039228221 -3847.15161905243 -2997.03570620146 -1576.52928982304 1.75646907442264 1580.04222797189 3000.54864435031 3850.66455720127 4588.01333043106 Inf 1.90755880932099 2417.15119349916 -Inf -4735.62172563705 -3973.95234870786 -3095.79633737753 -1628.43614588009 1.90755880932099 1632.25126349873 3099.61145499617 3977.7674663265 4739.43684325569 Inf
"12" 37.7777777777778 5.89505515883564 2339.9634396534 -Inf -4580.3490117023 -3843.00229548891 -2992.88875424611 -1572.38630072095 5.89505515883564 1584.17641103862 3004.67886456378 3854.79240580658 4592.13912201997 Inf 6.41496016723742 2417.14483703211 -Inf -4731.10186583264 -3969.43449189206 -3091.28078987931 -1623.9244571503 6.41496016723742 1636.75437748477 3104.11071021379 3982.26441222653 4743.93178616711 Inf
"13" 38.4848484848485 17.8494733131526 2339.90826982078 -Inf -4568.28646266301 -3830.9571310353 -2980.86363310643 -1560.39467108001 17.8494733131526 1596.09361770632 3016.56257973273 3866.6560776616 4603.98540928931 Inf 19.4529440572086 2417.09096684228 -Inf -4717.95829831076 -3956.30789942496 -3078.17376856323 -1610.85013836945 19.4529440572086 1649.75602648386 3117.07965667765 3995.21378753937 4756.86418642518 Inf
"14" 39.1919191919192 48.7399320239282 2339.5347880782 -Inf -4536.6639931879 -3799.45234952565 -2949.49453828375 -1529.25230276198 48.7399320239282 1626.73216680984 3046.9744023316 3896.9322135735 4634.14385723575 Inf 53.1617332635007 2416.72510453867 -Inf -4683.5324321661 -3921.99732028162 -3043.99610794898 -1576.89457878939 53.1617332635007 1683.21804531639 3150.31957447598 4028.32078680861 4789.8558986931 Inf
"15" 39.8989898989899 119.978808142579 2337.51815378367 -Inf -4461.47258648196 -3724.89640517339 -2875.6712413278 -1456.65322748177 119.978808142579 1696.61084376693 3115.62885761296 3964.85402145855 4701.43020276712 Inf 130.848702259074 2414.74217747665 -Inf -4601.95899754499 -3841.04872651609 -2963.76791567271 -1497.87014581509 130.848702259074 1759.56755033324 3225.46532019085 4102.74613103424 4863.65640206313 Inf
"16" 40.6060606060606 266.167255289546 2328.87162409455 -Inf -4298.33725255308 -3564.48568230674 -2718.40182052122 -1304.63278468473 266.167255289546 1836.96729526382 3250.73633110032 4096.82019288583 4830.67176313217 Inf 289.895889020556 2406.20309918823 -Inf -4426.17552487702 -3667.95600586107 -2793.77745976238 -1333.06343827195 289.895889020556 1912.85521631306 3373.5692378035 4247.74778390218 5005.96730291814 Inf
"17" 41.3131313131313 532.088561632937 2299.53010185702 -Inf -3974.90761937255 -3250.30186669068 -2414.87784041887 -1018.92092233698 532.088561632937 2083.09804560285 3479.05496368474 4314.47898995655 5039.08474263842 Inf 577.861531150403 2377.08229120824 -Inf -4081.13414790571 -3332.09089710559 -2468.49200057587 -1025.45610964218 577.861531150403 2181.17917194298 3624.21506287667 4487.8139594064 5236.85721020651 Inf
"18" 42.020202020202 958.733951756851 2220.72988667815 -Inf -3393.81664552404 -2694.04165682524 -1887.24591116722 -539.125594761669 958.733951756851 2456.59349827537 3804.71381468092 4611.50956033894 5311.28454903774 Inf 1036.27035749056 2298.44525833764 -Inf -3468.59956928807 -2744.33566203552 -1909.30576165061 -514.007410644964 1036.27035749056 2586.54812562608 3981.84647663172 4816.87637701663 5541.14028426918 Inf
"19" 42.7272727272727 1558.4313049946 2052.51771578019 -Inf -2464.42949556499 -1817.6599041886 -1071.97598697153 174.029143604985 1558.4313049946 2942.83346638421 4188.83859696073 4934.52251417779 5581.29210555419 Inf 1672.86077424741 2129.59318575866 -Inf -2501.06517156147 -1830.00830127886 -1056.32270693471 236.471998365774 1672.86077424741 3109.24955012904 4402.04425542953 5175.72984977367 5846.78672005629 Inf
"20" 43.4343434343434 2289.9549309301 1765.20055110772 -Inf -1169.77457473129 -613.541597856176 27.7594011578062 1099.34525216747 2289.9549309301 3480.56460969274 4552.1504607024 5193.45145971638 5749.68443659149 Inf 2435.74209819782 1839.39555563133 -Inf -1169.40694416262 -589.794352880788 78.4618442227115 1195.08864936826 2435.74209819782 3676.39554702737 4793.02235217293 5461.27854927642 6040.89114055826 Inf
"21" 44.1414141414141 3053.28000225848 1371.32607122419 -Inf 365.530291598271 797.649340272268 1295.854928809 2128.33462304111 3053.28000225848 3978.22538147586 4810.70507570797 5308.9106642447 5741.0297129187 Inf 3212.36227612508 1438.97444823001 -Inf 392.024182920858 845.459935863449 1368.24231921723 2241.78875999987 3212.36227612508 4182.93579225029 5056.48223303293 5579.26461638671 6032.7003693293 Inf
"22" 44.8484848484848 3718.17655565373 942.928398639116 -Inf 1870.07085432104 2167.19735919664 2509.76519018131 3082.18101560284 3718.17655565373 4354.17209570462 4926.58792112615 5269.15575211082 5566.28225698642 Inf 3867.48788205845 1000.42042811081 -Inf 1906.69987356313 2221.94271240405 2585.39751621025 3192.71455741094 3867.48788205845 4542.26120670597 5149.57824790665 5513.03305171285 5828.27589055377 Inf
"23" 45.5555555555556 4178.14967309175 592.595812749386 -Inf 3016.68322271371 3203.41630117467 3418.7075815276 3778.44987138317 4178.14967309175 4577.84947480033 4937.5917646559 5152.88304500883 5339.61612346979 Inf 4305.05712997774 638.873478307196 -Inf 3052.88812181781 3254.20377202105 3486.30782366823 3874.14351718742 4305.05712997774 4735.97074276807 5123.80643628725 5355.91048793444 5557.22613813768 Inf
"24" 46.2626262626263 4398.17648336763 409.49609230433 -Inf 3595.57889064125 3724.6153507184 3873.38612519062 4121.97556636301 4398.17648336763 4674.37740037225 4922.96684154464 5071.73761601686 5200.77407609401 Inf 4512.25983176092 447.079749705658 -Inf 3635.99962412065 3776.87908392102 3939.30407860235 4210.70912306423 4512.25983176092 4813.81054045762 5085.2155849195 5247.64057960083 5388.5200394012 Inf
"25" 46.969696969697 4425.37006120075 358.572387162205 -Inf 3722.58109651228 3835.57096965235 3965.84105707196 4183.5166613565 4425.37006120075 4667.223461045 4884.89906532954 5015.16915274915 5128.15902588923 Inf 4552.63860923739 392.011259588216 -Inf 3784.31065891031 3907.8374670979 4050.255965801 4288.23103268369 4552.63860923739 4817.0461857911 5055.02125267378 5197.43975137689 5320.96655956448 Inf
"26" 47.6767676767677 4358.26227024863 344.008723657357 -Inf 3684.01756151262 3792.41827343788 3917.39735188455 4126.23191216371 4358.26227024863 4590.29262833356 4799.12718861272 4924.10626705938 5032.50697898464 Inf 4517.80025917282 376.20902315095 -Inf 3780.44412313796 3898.99148295111 4035.66899658172 4264.05112912622 4517.80025917282 4771.54938921942 4999.93152176393 5136.60903539453 5255.15639520768 Inf
"27" 48.3838383838384 4296.30758446572 336.665455798598 -Inf 3636.4554162617 3742.54218842612 3864.85344252224 4069.23018528447 4296.30758446572 4523.38498364697 4727.7617264092 4850.07298050531 4956.15975266973 Inf 4480.0586656526 368.295939522358 -Inf 3758.21188853644 3874.26575373775 4008.068427774 4231.64682940593 4480.0586656526 4728.47050189927 4952.0489035312 5085.85157756745 5201.90544276876 Inf
"28" 49.0909090909091 4295.04965014477 333.975527647671 -Inf 3640.46964423758 3745.70879218047 3867.04278983432 4069.78657993009 4295.04965014477 4520.31272035945 4723.05651045523 4844.39050810908 4949.62965605197 Inf 4474.41233555576 365.37038813638 -Inf 3758.29953379104 3873.43152744897 4006.17134263595 4227.97375373261 4474.41233555576 4720.85091737892 4942.65332847558 5075.39314366255 5190.52513732049 Inf
"29" 49.7979797979798 4345.07044926458 333.224509469961 -Inf 3691.96241193743 3796.96490627379 3918.02605747552 4120.31393311298 4345.07044926458 4569.82696541619 4772.11484105364 4893.17599225537 4998.17848659173 Inf 4501.76847693722 364.555510640063 -Inf 3787.25280571709 3902.12802303577 4034.57179154853 4255.879521633 4501.76847693722 4747.65743224144 4968.9651623259 5101.40893083867 5216.28414815735 Inf
"30" 50.5050505050505 4389.57189327731 332.914590820951 -Inf 3737.07128534035 3841.9761211004 3962.92467821808 4165.02441407785 4389.57189327731 4614.11937247676 4816.21910833654 4937.16766545422 5042.07250121426 Inf 4537.77986611838 364.216597184975 -Inf 3823.9284530641 3938.69687524275 4071.01751579865 4292.11950446582 4537.77986611838 4783.44022777094 5004.54221643811 5136.86285699401 5251.63127917266 Inf
"31" 51.2121212121212 4379.5130402812 332.566540341848 -Inf 3727.69459874809 3832.48976019721 3953.31186985835 4155.20031756245 4379.5130402812 4603.82576299995 4805.71421070404 4926.53632036519 5031.33148181431 Inf 4551.04789934113 363.839613736796 -Inf 3837.93536026805 3952.58499105754 4084.7686727496 4305.64180916036 4551.04789934113 4796.4539895219 5017.32712593266 5149.51080762472 5264.16043841422 Inf
"32" 51.9191919191919 4324.43436027268 332.234936220421 -Inf 3673.2658508747 3777.95652043053 3898.65815763079 4100.34530113496 4324.43436027268 4548.52341941041 4750.21056291457 4870.91220011483 4975.60286967067 Inf 4531.12774650555 363.479486595967 -Inf 3818.72104365834 3933.25719465571 4065.31004141514 4285.96455839004 4531.12774650555 4776.29093462106 4996.94545159596 5128.99829835538 5243.53444935275 Inf
"33" 52.6262626262626 4280.78257589854 332.004114538385 -Inf 3630.06646868419 3734.68440393726 3855.30218314462 4056.84920361947 4280.78257589854 4504.7159481776 4706.26296865245 4826.88074785981 4931.49868311288 Inf 4498.78778126769 363.228716259719 -Inf 3786.87257924792 3901.32970991496 4033.29145129429 4253.79373517363 4498.78778126769 4743.78182736175 4964.28411124109 5096.24585262042 5210.70298328746 Inf
"34" 53.3333333333333 4282.06355247107 331.876033114501 -Inf 3631.59848023463 3736.17605570442 3856.74730266645 4058.2165697996 4282.06355247107 4505.91053514254 4707.37980227569 4827.95104923772 4932.52862470751 Inf 4478.86218185725 363.089843677773 -Inf 3767.21916509653 3881.63253557462 4013.54382425865 4233.96180389629 4478.86218185725 4723.7625598182 4944.18053945584 5076.09182813987 5190.50519861796 Inf
"35" 54.040404040404 4297.23262772512 331.916036119639 -Inf 3646.68915103934 3751.27933187038 3871.86511200664 4073.35866343672 4297.23262772512 4521.10659201353 4722.60014344361 4843.18592357987 4947.77610441091 Inf 4468.77201145496 363.133046754296 -Inf 3757.04431822024 3871.47130243522 4003.39828688601 4223.84249346171 4468.77201145496 4713.7015294482 4934.14573602391 5066.0727204747 5180.49970468968 Inf
"36" 54.7474747474747 4278.01258634686 331.966829105174 -Inf 3627.36955723876 3731.97574346564 3852.57997679825 4054.10436271033 4278.01258634686 4501.9208099834 4703.44519589548 4824.04942922809 4928.65561545497 Inf 4449.83697841483 363.187246337987 -Inf 3738.0030559481 3852.44711901327 3984.39379428455 4204.87090335792 4449.83697841483 4694.80305347174 4915.28016254511 5047.22683781638 5161.67090088156 Inf
"37" 55.4545454545455 4231.94265247471 331.862878354264 -Inf 3581.50336309456 3686.07679336315 3806.64326117367 4008.10454255419 4231.94265247471 4455.78076239523 4657.24204377576 4777.80851158628 4882.38194185487 Inf 4425.2504088226 363.075434602797 -Inf 3713.63563332989 3828.04446335921 3959.9505171966 4180.35974963503 4425.2504088226 4670.14106801018 4890.5503004486 5022.45635428599 5136.86518431531 Inf
"38" 56.1616161616162 4213.43083611495 331.796089293532 -Inf 3563.12245088839 3667.67483523217 3788.21703843925 3989.63777473132 4213.43083611495 4437.22389749858 4638.64463379065 4759.18683699773 4863.73922134151 Inf 4422.33342276699 363.002738719495 -Inf 3710.86112858737 3825.24705139091 3957.12669466404 4177.49179620758 4422.33342276699 4667.17504932639 4887.54015086993 5019.41979414307 5133.8057169466 Inf
"39" 56.8686868686869 4242.85006299978 331.81309862526 -Inf 3592.50834009563 3697.06608425601 3817.61446698837 4019.04552899624 4242.85006299978 4466.65459700332 4668.08565901118 4788.63404174354 4893.19178590392 Inf 4450.05909053497 363.020974776368 -Inf 3738.55105434066 3852.9427235146 3984.82899198478 4205.20516394212 4450.05909053497 4694.91301712782 4915.28918908515 5047.17545755533 5161.56712672927 Inf
"40" 57.5757575757576 4273.98763034683 331.822312044007 -Inf 3623.62784947376 3728.18849687782 3848.7402268642 4050.17688198678 4273.98763034683 4497.79837870687 4699.23503382945 4819.78676381583 4924.34741121989 Inf 4476.91413188353 363.031119447875 -Inf 3765.38621249844 3879.78107836344 4011.6710324137 4232.05336281373 4476.91413188353 4721.77490095334 4942.15723135337 5074.04718540362 5188.44205126863 Inf
"41" 58.2828282828283 4258.49952231674 331.813670009164 -Inf 3608.15667952072 3712.71460373009 3833.2631940474 4034.69460292062 4258.49952231674 4482.30444171287 4683.73585058609 4804.2844409034 4908.84236511276 Inf 4466.93912255811 363.021513394983 -Inf 3755.43003069072 3869.82186958896 4001.7083337404 4222.08483267252 4466.93912255811 4711.79341244369 4932.16991137582 5064.05637552726 5178.4482144255 Inf
"42" 58.989898989899 4209.70920337343 331.777891052865 -Inf 3559.43648604316 3663.98313593281 3784.51872768154 3985.9284165166 4209.70920337343 4433.48999023026 4634.89967906531 4755.43527081404 4859.9819207037 Inf 4423.2380380797 362.98284805207 -Inf 3711.80472889187 3826.18438394008 3958.05680089273 4178.4098275716 4423.2380380797 4668.06624858781 4888.41927526667 5020.29169221933 5134.67134726754 Inf
"43" 59.6969696969697 4175.28186410017 331.726760919396 -Inf 3525.10935999003 3629.63989824504 3750.15691431088 3951.5355639943 4175.28186410017 4399.02816420605 4600.40681388947 4720.92382995531 4825.45436821032 Inf 4379.2268774693 362.92712255834 -Inf 3667.9027882422 3782.26488361016 3914.11705537607 4134.43625323555 4379.2268774693 4624.01750170306 4844.33669956254 4976.18887132845 5090.5509666964 Inf
"44" 60.4040404040404 4170.77928145749 331.683866214317 -Inf 3520.69084942443 3625.20787111358 3745.70930344465 3947.06191339052 4170.77928145749 4394.49664952446 4595.84925947033 4716.3506918014 4820.86771349055 Inf 4357.78929267025 362.880768893937 -Inf 3646.55605495593 3760.90354380412 3892.7388751882 4113.02993350802 4357.78929267025 4602.54865183248 4822.8397101523 4954.67504153638 5069.02253038457 Inf
"45" 61.1111111111111 4173.83023860358 331.67347508188 -Inf 3523.76217281585 3628.27592015155 3748.77357736278 3950.11987924893 4173.83023860358 4397.54059795822 4598.88689984438 4719.38455705561 4823.89830439131 Inf 4356.31450173687 362.869158347168 -Inf 3645.10402027606 3759.4478505207 3891.27896376921 4111.56297376943 4356.31450173687 4601.06602970432 4821.35003970454 4953.18115295304 5067.52498319768 Inf
"46" 61.8181818181818 4169.88560664252 331.636236444842 -Inf 3519.89052724222 3624.39254029768 3744.87666863531 3946.20036436687 4169.88560664252 4393.57084891817 4594.89454464972 4715.37867298735 4819.88068604282 Inf 4363.12353951401 362.828670348801 -Inf 3651.9924130718 3766.3234851288 3898.13988900404 4118.39932028647 4363.12353951401 4607.84775874155 4828.10719002398 4959.92359389922 5074.25466595622 Inf
"47" 62.5252525252525 4166.98334982736 331.574636907089 -Inf 3517.10900330252 3621.59160570561 3742.05335480419 3943.33965580854 4166.98334982736 4390.62704384618 4591.91334485052 4712.3750939491 4816.8576963522 Inf 4368.46873124235 362.762002433317 -Inf 3657.46827151342 3771.77833581973 3903.57051910384 4123.78947884047 4368.46873124235 4613.14798364423 4833.36694338086 4965.15912666497 5079.46919097129 Inf
"48" 63.2323232323232 4167.41612053366 331.559106364151 -Inf 3517.57221331364 3622.04992188179 3742.50602870211 3943.78290170687 4167.41612053366 4391.04933936045 4592.3262123652 4712.78231918552 4817.26002775368 Inf 4362.09594906382 362.74496362924 -Inf 3651.12888477722 3765.43357997989 3897.21957303135 4117.42818916065 4362.09594906382 4606.763708967 4826.9723250963 4958.75831814776 5073.06301335043 Inf
"49" 63.9393939393939 4158.01228357089 331.577226122692 -Inf 3508.13286227672 3612.61628056847 3733.07897033442 3934.36684315268 4158.01228357089 4381.65772398909 4582.94559680736 4703.40828657331 4807.89170486506 Inf 4338.36293837396 362.764651089861 -Inf 3627.35728737359 3741.66818629901 3873.4613318455 4093.68189948039 4338.36293837396 4583.04397726752 4803.26454490241 4935.0576904489 5049.36858937432 Inf
"50" 64.6464646464646 4134.98055984652 331.584282404747 -Inf 3485.08730849366 3589.57295029297 3710.03820362074 3911.3303600384 4134.98055984652 4358.63075965465 4559.92291607231 4680.38816940007 4784.87381119939 Inf 4305.99191493625 362.772098124994 -Inf 3594.97166801523 3709.28491357856 3841.08076464826 4061.30585309381 4305.99191493625 4550.67797677868 4770.90306522423 4902.69891629394 5017.01216185727 Inf
"51" 65.3535353535354 4112.82100150215 331.522592802703 -Inf 3463.04865954751 3567.51486231426 3687.95770368244 3889.2124106983 4112.82100150215 4336.429592306 4537.68429932186 4658.12714069003 4762.59334345678 Inf 4280.38099405948 362.705078290321 -Inf 3569.49210360067 3683.78423051993 3815.55573314555 4035.7401364086 4280.38099405948 4525.02185171037 4745.20625497342 4876.97775759904 4991.26988451829 Inf
"52" 66.0606060606061 4100.01793212506 331.455355956824 -Inf 3450.37737196678 3554.82238770699 3675.24080179045 3876.45469188459 4100.01793212506 4323.58117236553 4524.79506245967 4645.21347654313 4749.65849228334 Inf 4265.42151830853 362.632451146284 -Inf 3554.67497443633 3668.94421579026 3800.68933282473 4020.82964692188 4265.42151830853 4510.01338969517 4730.15370379232 4861.89882082679 4976.16806218072 Inf
"53" 66.7676767676768 4086.50413368996 331.476277521449 -Inf 3436.82256801852 3541.27417636043 3661.70019129145 3862.92678206859 4086.50413368996 4310.08148531133 4511.30807608847 4631.73409101949 4736.18569936141 Inf 4252.71650859146 362.65472877796 -Inf 3541.92630136352 3656.20256262993 3787.95577317392 4008.10961117059 4252.71650859146 4497.32340601234 4717.47724400901 4849.23045455299 4963.50671581941 Inf
"54" 67.4747474747475 4064.42333224371 331.494810940661 -Inf 3414.7054417381 3519.16289015237 3639.59563831279 3840.83348002105 4064.42333224371 4288.01318446637 4489.25102617462 4609.68377433505 4714.14122274932 Inf 4236.69609367374 362.674951087568 -Inf 3525.86625144728 3640.1488849729 3771.90944232365 3992.07555651231 4236.69609367374 4481.31663083517 4701.48274502382 4833.24330237457 4947.5259359002 Inf
"55" 68.1818181818182 4043.41693740491 331.477207053273 -Inf 3393.73354988457 3498.18545113159 3618.61180376344 3819.83895882385 4043.41693740491 4266.99491598597 4468.22207104638 4588.64842367823 4693.10032492525 Inf 4218.9075776445 362.655905464902 -Inf 3508.11506415253 3622.39169620519 3754.14533424196 3974.29988656035 4218.9075776445 4463.51526872866 4683.66982104704 4815.42345908382 4929.70009113647 Inf
"56" 68.8888888888889 4033.87335523974 331.477676044913 -Inf 3384.18904851267 3488.64109754382 3609.06762056129 3810.29506032863 4033.87335523974 4257.45165015085 4458.67908991818 4579.10561293566 4683.5576619668 Inf 4199.05552334294 362.656473508734 -Inf 3488.26189650551 3602.53870755466 3734.29255196293 3954.44744911904 4199.05552334294 4443.66359756683 4663.81849472294 4795.57233913121 4909.84915018036 Inf
"57" 69.5959595959596 4028.39434514012 331.510895636579 -Inf 3378.64492920981 3483.10744607836 3603.54603784197 3804.79364395493 4028.39434514012 4251.99504632532 4453.24265243827 4573.68124420188 4678.14376107043 Inf 4174.76845758058 362.692475892199 -Inf 3463.90426736821 3578.19242314129 3709.95934728969 3930.13610011805 4174.76845758058 4419.40081504311 4639.57756787148 4771.34449201987 4885.63264779295 Inf
"58" 70.3030303030303 4012.08038466487 331.543761518491 -Inf 3362.26655278969 3466.73942603805 3587.1899580443 3788.4575157792 4012.08038466487 4235.70325355055 4436.97081128544 4557.4213432917 4661.89421654005 Inf 4150.26923744592 362.728116384936 -Inf 3439.33519315139 3553.63457961288 3685.41445202576 3905.61284083635 4150.26923744592 4394.92563405549 4615.12402286608 4746.90389527896 4861.20328174045 Inf
"59" 71.010101010101 3982.89427165814 331.533139018102 -Inf 3333.10125950115 3437.57078548961 3558.01745831957 3759.2785675401 3982.89427165814 4206.50997577618 4407.7710849967 4528.21775782667 4632.68728381513 Inf 4132.38625384652 362.71657340136 -Inf 3421.47483338407 3535.77058253188 3667.54626135503 3887.73764286105 4132.38625384652 4377.03486483198 4597.226246338 4729.00192516115 4843.29767430896 Inf
"60" 71.7171717171717 3951.22112792445 331.494817710617 -Inf 3301.50322414997 3405.96067469753 3526.39342531749 3727.63127113552 3951.22112792445 4174.81098471338 4376.04883053142 4496.48158115138 4600.93903169893 Inf 4117.33112633857 362.675122558968 -Inf 3406.50094803434 3520.78363559238 3652.54425523904 3872.71047352144 4117.33112633857 4361.9517791557 4582.11799743809 4713.87861708476 4828.1613046428 Inf
"61" 72.4242424242424 3924.52637433606 331.494873543117 -Inf 3274.80836113189 3379.26582927284 3499.69860017687 3700.93647988868 3924.52637433606 4148.11626878344 4349.35414849525 4469.78691939927 4574.24438754023 Inf 4095.1741424374 362.675200571267 -Inf 3384.34381123188 3498.6265233724 3630.3871713611 3850.55343700178 4095.1741424374 4339.79484787303 4559.96111351371 4691.72176150241 4806.00447364293 Inf
"62" 73.1313131313131 3902.07247211018 331.563025505763 -Inf 3252.22088351375 3356.69982704402 3477.15735769657 3678.43660986254 3902.07247211018 4125.70833435782 4326.98758652379 4447.44511717634 4551.92406070661 Inf 4068.83069120505 362.749286041398 -Inf 3357.85515514629 3472.16121238579 3603.9487757785 3824.16001587918 4068.83069120505 4313.50136653092 4533.71260663159 4665.5001700243 4779.8062272638 Inf
"63" 73.8383838383838 3882.30342207919 331.682136248687 -Inf 3232.21838071646 3336.73485727553 3457.23566110651 3658.58722085631 3882.30342207919 4106.01962330207 4307.37118305187 4427.87198688286 4532.38846344193 Inf 4052.52414007481 362.878527552258 -Inf 3341.29529530946 3455.64207788767 3587.4765949877 3807.76629267457 4052.52414007481 4297.28198747506 4517.57168516193 4649.40620226195 4763.75298484016 Inf
"64" 74.5454545454545 3866.27022799355 331.772570652102 -Inf 3216.00793845716 3320.55291183343 3441.08657066959 3642.4930296925 3866.27022799355 4090.0474262946 4291.45388531751 4411.98754415367 4516.53251752994 Inf 4046.96024582982 362.976735250599 -Inf 3335.53891751271 3449.91664635387 3581.78684251315 3802.13615834365 4046.96024582982 4291.78433331598 4512.13364914649 4644.00384530577 4758.38157414692 Inf
"65" 75.2525252525253 3852.55921368496 331.869568606675 -Inf 3202.10681165103 3306.68235008745 3427.25124848046 3628.71659125776 3852.55921368496 4076.40183611215 4277.86717888945 4398.43607728247 4503.01161571888 Inf 4034.02267435735 363.082871526148 -Inf 3322.39332276272 3436.80449624361 3568.71325193059 3789.1269990412 4034.02267435735 4278.9183496735 4499.33209678412 4631.24085247109 4745.65202595199 Inf
"66" 75.959595959596 3836.21245950114 332.044441143542 -Inf 3185.41731359307 3290.04795617711 3410.68038612325 3612.25188734023 3836.21245950114 4060.17303166204 4261.74453287903 4382.37696282517 4487.00760540921 Inf 4006.09482921733 363.271679692415 -Inf 3294.09542041683 3408.56608930651 3540.5434393895 3761.07180472829 4006.09482921733 4251.11785370638 4471.64621904517 4603.62356912816 4718.09423801784 Inf
"67" 76.6666666666667 3816.63271269271 332.219619945013 -Inf 3165.4942226429 3270.18006588172 3390.87613864755 3592.55398422576 3816.63271269271 4040.71144115966 4242.38928673787 4363.0853595037 4467.77120274252 Inf 3982.80907193471 363.463440541538 -Inf 3270.43381877628 3384.9649134957 3517.01193069047 3737.65670671844 3982.80907193471 4227.96143715098 4448.60621317894 4580.65323037372 4695.18432509314 Inf
"68" 77.3737373737374 3801.4840485259 332.506111172529 -Inf 3149.78404598827 3254.56016558023 3375.36032119959 3577.21208466247 3801.4840485259 4025.75601238933 4227.6077758522 4348.40793147156 4453.18405106352 Inf 3980.8344520624 363.773130985747 -Inf 3267.85221678696 3382.480898173 3514.64042654455 3735.47320381577 3980.8344520624 4226.19570030902 4447.02847758024 4579.18800595179 4693.81668733783 Inf
"69" 78.0808080808081 3797.61467480941 332.742392667746 -Inf 3145.45156905094 3250.30214338935 3371.188140563 3573.18334149929 3797.61467480941 4022.04600811952 4224.04120905581 4344.92720622946 4449.77778056787 Inf 3979.92105959566 364.029695013643 -Inf 3266.43596806582 3381.14549543443 3513.3982340462 3734.38676154195 3979.92105959566 4225.45535764936 4446.44388514511 4578.69662375688 4693.4061511255 Inf
"70" 78.7878787878788 3801.84565939336 333.131295326883 -Inf 3148.92031842949 3253.89344002389 3374.92072633529 3577.15201522583 3801.84565939336 4026.53930356088 4228.77059245143 4349.79787876282 4454.77100035722 Inf 3944.23936282339 364.455385309265 -Inf 3229.91993364557 3344.76360043545 3477.17099320914 3698.41794102853 3944.23936282339 4190.06078461826 4411.30773243764 4543.71512521133 4658.55879200122 Inf
"71" 79.4949494949495 3805.8789190306 334.488955247316 -Inf 3150.29261351943 3255.69354781685 3377.21407477603 3580.26954716249 3805.8789190306 4031.48829089871 4234.54376328518 4356.06429024436 4461.46522454177 Inf 3875.47058650703 365.922952460917 -Inf 3158.27477856707 3273.5808909669 3406.52145391204 3628.65930571065 3875.47058650703 4122.2818673034 4344.41971910202 4477.36028204716 4592.66639444699 Inf
"72" 80.2020202020202 3803.35742015651 336.927120339806 -Inf 3142.9923988757 3249.16162424726 3371.5679416106 3576.10353092423 3803.35742015651 4030.61130938879 4235.14689870242 4357.55321606575 4463.72244143732 Inf 3815.92141892308 368.574867047912 -Inf 3093.52795390254 3209.66971205617 3343.57372103744 3567.32144891938 3815.92141892308 4064.52138892678 4288.26911680873 4422.17312578999 4538.31488394363 Inf
"73" 80.9090909090909 3777.76539355223 341.5642029534 -Inf 3108.31185735544 3215.94227548754 3340.03325452331 3547.38383962627 3777.76539355223 4008.1469474782 4215.49753258116 4339.58851161692 4447.21892974903 Inf 3781.52464208629 373.590059539652 -Inf 3049.30158040639 3167.02367765947 3302.74971641134 3529.54197615165 3781.52464208629 4033.50730802093 4260.29956776123 4396.0256065131 4513.74770376618 Inf
"74" 81.6161616161616 3681.48372140913 367.516388966983 -Inf 2961.16483530563 3076.97305605268 3210.4925177652 3433.59768402183 3681.48372140913 3929.36975879644 4152.47492505307 4285.99438676558 4401.80260751263 Inf 3704.86991568222 401.727430994964 -Inf 2917.49861933029 3044.08709376426 3190.03549756841 3433.90888110351 3704.86991568222 3975.83095026093 4219.70433379603 4365.65273760018 4492.24121203415 Inf
"75" 82.3232323232323 3443.33894023969 501.769375470484 -Inf 2459.88903577239 2618.00176310389 2800.29561156315 3104.90063952256 3443.33894023969 3781.77724095682 4086.38226891622 4268.67611737549 4426.78884470699 Inf 3467.40538578228 542.806761781551 -Inf 2403.52368212563 2574.56771493212 2771.77053043294 3101.2877886235 3467.40538578228 3833.52298294107 4163.04024113162 4360.24305663245 4531.28708943894 Inf
"76" 83.030303030303 3015.91384334396 815.117118996673 -Inf 1418.31364692843 1675.16549377205 1971.29922339157 2466.12570137134 3015.91384334396 3565.70198531657 4060.52846329635 4356.66219291587 4613.51403975949 Inf 2997.49422303705 867.024412086101 -Inf 1298.15760163128 1571.36597416176 1886.35773036272 2412.69514391519 2997.49422303705 3582.29330215891 4108.63071571138 4423.62247191234 4696.83084444282 Inf
"77" 83.7373737373737 2423.17083215075 1240.4305684999 -Inf -8.0284074316005 382.844112572211 833.495095140323 1586.51312786767 2423.17083215075 3259.82853643384 4012.84656916118 4463.49755172929 4854.37007173311 Inf 2337.74050464789 1303.67355383923 -Inf -217.412708474333 193.388331254723 667.015620766137 1458.42605498163 2337.74050464789 3217.05495431415 4008.46538852965 4482.09267804106 4892.89371777012 Inf
"78" 84.4444444444444 1760.87550189758 1660.11810241648 -Inf -1492.8961889217 -969.775780029964 -366.651451243192 641.142857702695 1760.87550189758 2880.60814609246 3888.40245503835 4491.52678382512 5014.64719271686 Inf 1622.10316187446 1731.65967265037 -Inf -1771.88743000069 -1226.22353133011 -597.108002601078 454.116461843881 1622.10316187446 2790.08986190504 3841.31432635 4470.42985507903 5016.09375374961 Inf
"79" 85.1515151515152 1147.60739686614 1985.05421536282 -Inf -2743.0273726044 -2117.5162289687 -1396.34194052299 -191.291324979608 1147.60739686614 2486.50611871188 3691.55673425526 4412.73102270097 5038.24216633667 Inf 993.435217409878 2060.92884261163 -Inf -3045.91108880873 -2396.49106424876 -1647.75136731508 -396.64016281514 993.435217409878 2383.5105976349 3634.62180213483 4383.36149906852 5032.78152362849 Inf
"80" 85.8585858585859 667.781559222591 2186.08720308617 -Inf -3616.8706258902 -2928.01190560589 -2133.80191830951 -806.71185229385 667.781559222591 2142.27497073903 3469.36503675469 4263.57502405107 4952.43374433538 Inf 534.043163226364 2263.4236224207 -Inf -3902.1856184754 -3188.95739143997 -2366.65092357752 -992.612870448086 534.043163226364 2060.69919690081 3434.73725003025 4257.04371789269 4970.27194492813 Inf
"81" 86.5656565656566 346.202147760081 2285.4005371403 -Inf -4133.1005952834 -3412.94721479198 -2582.65648850854 -1195.27708963367 346.202147760081 1887.68138515383 3275.0607840287 4105.35151031214 4825.50489080356 Inf 250.534712294988 2362.88840445967 -Inf -4380.64145993327 -3636.07084986207 -2777.62862164748 -1343.20929737023 250.534712294988 1844.27872196021 3278.69804623746 4137.14027445205 4881.71088452325 Inf
"82" 87.2727272727273 159.768423218365 2324.32501239377 -Inf -4395.82488943903 -3663.40600363155 -2818.97393524934 -1407.96497376561 159.768423218365 1727.50182020234 3138.51078168607 3982.94285006828 4715.36173587576 Inf 101.672202169921 2401.66239373428 -Inf -4605.49959257352 -3848.71089687686 -2976.18199842984 -1518.22446583524 101.672202169921 1721.56887017508 3179.52640276968 4052.0553012167 4808.84399691336 Inf
"83" 87.979797979798 65.6071442534391 2336.36657481117 -Inf -4513.58719705966 -3777.37389021291 -2928.56709738189 -1510.24816315742 65.6071442534391 1641.4624516643 3059.78138588877 3908.58817871978 4644.80148556654 Inf 35.1224671403193 2413.5981087896 -Inf -4695.44289924129 -3934.89313610548 -3058.02796777449 -1592.82471833092 35.1224671403193 1663.06965261156 3128.27290205513 4005.13807038611 4765.68783352193 Inf
"84" 88.6868686868687 23.9643776433559 2339.30466309733 -Inf -4560.98851089402 -3823.84938199678 -2973.97517563482 -1553.87264020169 23.9643776433559 1601.8013954884 3021.90393092153 3871.77813728349 4608.91726618073 Inf 9.98052999535326 2416.49753305988 -Inf -4726.2676035319 -3964.80420177747 -3086.8856666322 -1619.92228742765 9.98052999535326 1639.88334741836 3106.84672662291 3984.76526176818 4746.2286635226 Inf
"85" 89.3939393939394 7.7817159301814 2339.87181646171 -Inf -4578.28277277509 -3840.96492797839 -2990.88467363001 -1570.43784104593 7.7817159301814 1586.00127290629 3006.44810549037 3856.52835983875 4593.84620463545 Inf 2.12838758608577 2417.05506313871 -Inf -4735.21248481597 -3973.57339955904 -3095.45231258683 -1628.15047816052 2.12838758608577 1632.40725333269 3099.709087759 3977.83017473121 4739.46925998814 Inf
"86" 90.1010101010101 2.24377822279383 2339.95883942484 -Inf -4583.99127235603 -3846.64600572231 -2996.53413575203 -1576.03447484998 2.24377822279383 1580.52203129557 3001.02169219762 3851.13356216789 4588.47882880162 Inf 0.217700571644371 2417.14032215063 -Inf -4737.29027642313 -3975.62432516847 -3097.47226342147 -1630.11867150461 0.217700571644371 1630.5540726479 3097.90766456476 3976.05972631175 4737.72567756642 Inf
"87" 90.8080808080808 0.573322487038334 2339.96950307527 -Inf -4585.68262846258 -3848.33400160215 -2998.21825750569 -1577.71212310865 0.573322487038334 1578.85876808273 2999.36490247977 3849.48064657623 4586.82927343665 Inf -0.0731752369946834 2417.15073903051 -Inf -4737.60156894117 -3975.93233521977 -3097.77648899884 -1630.41657339196 -0.0731752369946834 1630.27022291797 3097.63013852485 3975.78598474577 4737.45521846718 Inf
"88" 91.5151515151515 0.129375290733659 2339.97055087302 -Inf -4586.12862930474 -3848.7796722724 -2998.66354750885 -1578.1567770338 0.129375290733659 1578.41552761527 2998.92229809032 3849.03842285386 4586.38737988621 Inf -0.0548979957483259 2417.15175995102 -Inf -4737.58529266736 -3975.91573724332 -3097.75952011987 -1630.39898475113 -0.0548979957483259 1630.28918875964 3097.64972412837 3975.80594125182 4737.47549667586 Inf
"89" 92.2222222222222 0.0256368431041629 2339.97063370539 -Inf -4586.23253010083 -3848.88354696714 -2998.76739211043 -1578.26057135101 0.0256368431041629 1578.31184503722 2998.81866579664 3848.93482065335 4586.28380378704 Inf -0.0213998569453887 2417.15184047592 -Inf -4737.55195235445 -3975.88237155619 -3097.72612517787 -1630.36554092555 -0.0213998569453887 1630.32274121166 3097.68332546398 3975.83957184229 4737.50915264056 Inf
"90" 92.9292929292929 0.0044175481359313 2339.97063898816 -Inf -4586.25375974983 -3848.90477495149 -2998.78861817554 -1578.28179420915 0.0044175481359313 1578.29062930542 2998.79745327181 3848.91361004776 4586.2625948461 Inf -0.00635556303880214 2417.15184560123 -Inf -4737.53691810597 -3975.86733569267 -3097.71108745232 -1630.35050008861 -0.00635556303880214 1630.33778896253 3097.69837632624 3975.85462456659 4737.52420697989 Inf
"91" 93.6363636363636 0.000649998660051043 2339.97063926058 -Inf -4586.25752783324 -3848.90854294906 -2998.79238607413 -1578.28556194237 0.000649998660051043 1578.28686193969 2998.79368607145 3848.90984294637 4586.25882783056 Inf -0.0015673960996156 2417.15184586506 -Inf -4737.53213045613 -3975.86254795969 -3097.70629962349 -1630.34571209962 -0.0015673960996156 1630.34257730742 3097.70316483129 3975.85941316749 4737.52899566393 Inf
"92" 94.3434343434343 7.85820199814803e-05 2339.97063927196 -Inf -4586.25809927218 -3848.90911438441 -2998.79295750536 -1578.28613336669 7.85820199814803e-05 1578.28629053073 2998.7931146694 3848.90927154845 4586.25825643622 Inf -0.000332067165554224 2417.15184587606 -Inf -4737.53089514876 -3975.86131264886 -3097.70506430866 -1630.34447677811 -0.000332067165554224 1630.34381264378 3097.70440017433 3975.86064851452 4737.53023101443 Inf
"93" 95.0505050505051 7.02094044724791e-06 2339.97063927234 -Inf -4586.25817083402 -3848.90918594613 -2998.79302906693 -1578.28620492803 7.02094044724791e-06 1578.28621896991 2998.79304310881 3848.90919998801 4586.2581848759 Inf -6.14720848601552e-05 2417.15184587644 -Inf -4737.53062455441 -3975.86104205439 -3097.70479371405 -1630.34420618328 -6.14720848601552e-05 1630.34408323911 3097.70467076988 3975.86091911021 4737.53050161024 Inf
"94" 95.7575757575758 2.55739599551195e-07 2339.97063927235 -Inf -4586.25817759924 -3848.90919271135 -2998.79303583214 -1578.28621169324 2.55739599551195e-07 1578.28621220471 2998.79303634362 3848.90919322282 4586.25817811072 Inf -1.00411809960363e-05 2417.15184587645 -Inf -4737.53057312352 -3975.8609906235 -3097.70474228316 -1630.34415475238 -1.00411809960363e-05 1630.34413467002 3097.7047222008 3975.86097054113 4737.53055304116 Inf
"95" 96.4646464646465 -6.00955120150769e-08 2339.97063927235 -Inf -4586.25817791507 -3848.90919302718 -2998.79303614798 -1578.28621200907 -6.00955120150769e-08 1578.28621188888 2998.79303602779 3848.90919290699 4586.25817779488 Inf -1.45622971038273e-06 2417.15184587645 -Inf -4737.53056453857 -3975.86098203855 -3097.70473369821 -1630.34414616743 -1.45622971038273e-06 1630.34414325497 3097.70473078575 3975.86097912609 4737.53056162611 Inf
"96" 97.1717171717172 -1.74724223090027e-08 2339.97063927235 -Inf -4586.25817787245 -3848.90919298456 -2998.79303610536 -1578.28621196645 -1.74724223090027e-08 1578.2862119315 2998.79303607041 3848.90919294961 4586.25817783751 Inf -1.88288094507539e-07 2417.15184587645 -Inf -4737.53056327063 -3975.86098077061 -3097.70473243027 -1630.34414489949 -1.88288094507539e-07 1630.34414452291 3097.70473205369 3975.86098039403 4737.53056289406 Inf
"97" 97.8787878787879 -2.902908467609e-09 2339.97063927235 -Inf -4586.25817785788 -3848.90919296999 -2998.79303609079 -1578.28621195188 -2.902908467609e-09 1578.28621194607 2998.79303608498 3848.90919296418 4586.25817785207 Inf -2.17693693360103e-08 2417.15184587645 -Inf -4737.53056310411 -3975.86098060409 -3097.70473226375 -1630.34414473297 -2.17693693360103e-08 1630.34414468943 3097.70473222021 3975.86098056055 4737.53056306057 Inf
"98" 98.5858585858586 -3.73737980858474e-10 2339.97063927235 -Inf -4586.25817785535 -3848.90919296746 -2998.79303608826 -1578.28621194935 -3.73737980858474e-10 1578.2862119486 2998.79303608751 3848.90919296671 4586.2581778546 Inf -2.2554991587908e-09 2417.15184587645 -Inf -4737.5305630846 -3975.86098058457 -3097.70473224424 -1630.34414471346 -2.2554991587908e-09 1630.34414470895 3097.70473223973 3975.86098058006 4737.53056308009 Inf
"99" 99.2929292929293 -4.02229098963279e-11 2339.97063927235 -Inf -4586.25817785502 -3848.90919296713 -2998.79303608792 -1578.28621194902 -4.02229098963279e-11 1578.28621194893 2998.79303608784 3848.90919296704 4586.25817785494 Inf -2.09763331815807e-10 2417.15184587645 -Inf -4737.53056308256 -3975.86098058253 -3097.70473224219 -1630.34414471141 -2.09763331815807e-10 1630.34414471099 3097.70473224177 3975.86098058211 4737.53056308213 Inf
"100" 100 -3.73202358374271e-12 2339.97063927235 -Inf -4586.25817785498 -3848.90919296709 -2998.79303608789 -1578.28621194898 -3.73202358374271e-12 1578.28621194897 2998.79303608788 3848.90919296708 4586.25817785497 Inf -1.75333011721348e-11 2417.15184587645 -Inf -4737.53056308236 -3975.86098058234 -3097.704732242 -1630.34414471122 -1.75333011721348e-11 1630.34414471118 3097.70473224196 3975.8609805823 4737.53056308233 Inf
