"mid_age" "mean_left" "std_left" "min_left" "l.q2.5" "l.q5" "l.q10" "l.q25" "l.q50" "l.q75" "l.q90" "l.q95" "l.q97.5" "max_left" "mean_right" "std_right" "min_right" "r.q2.5" "r.q5" "r.q10" "r.q25" "r.q50" "r.q75" "r.q90" "r.q95" "r.q97.5" "max_right"
"1" 56.7101556608996 4379.45458686763 354.866334250914 -Inf 3683.92935241008 3795.75140989204 3924.6750806493 4140.10088172573 4379.45458686763 4618.80829200953 4834.23409308596 4963.15776384322 5074.97982132517 Inf 4635.94772898695 369.411963278137 -Inf 3911.91358550357 4028.31912134965 4162.52724911695 4386.78314615604 4635.94772898695 4885.11231181787 5109.36820885695 5243.57633662426 5359.98187247034 Inf
"2" 57.0941286223576 4403.55934552176 356.622756230525 -Inf 3704.59158724253 3816.96711148255 3946.5288939657 4163.0209517576 4403.55934552176 4644.09773928593 4860.58979707782 4990.15157956097 5102.527103801 Inf 4642.46789156012 371.245908370371 -Inf 3914.83928174634 4031.82271268622 4166.69711648605 4392.06633156207 4642.46789156012 4892.86945155817 5118.2386666342 5253.11307043402 5370.09650137391 Inf
"3" 57.4772306403105 4406.52704891087 357.806439006228 -Inf 3705.23931502214 3817.98782996489 3947.9796468405 4165.19027324701 4406.52704891087 4647.86382457473 4865.07445098124 4995.06626785686 5107.81478279961 Inf 4613.14562224187 372.480318231782 -Inf 3883.09761355756 4000.47001983028 4135.79288727737 4361.91146544475 4613.14562224187 4864.37977903898 5090.49835720636 5225.82122465345 5343.19363092618 Inf
"4" 57.859549301207 4387.30028335392 357.797935317612 -Inf 3686.02921638861 3798.77505173099 3928.76377919901 4145.96924334087 4387.30028335392 4628.63132336697 4845.83678750883 4975.82551497684 5088.57135031923 Inf 4558.23309528247 372.470810332375 -Inf 3828.20372173857 3945.57313197371 4080.89254518135 4307.00535146606 4558.23309528247 4809.46083909889 5035.57364538359 5170.89305859123 5288.26246882638 Inf
"5" 58.2405027065104 4350.34679806622 356.689337796763 -Inf 3651.24854231512 3763.64504709629 3893.23101879971 4109.76349571807 4350.34679806622 4590.93010041436 4807.46257733273 4937.04854903614 5049.44505381732 Inf 4493.24373876922 371.314007965262 -Inf 3765.48165620209 3882.48654602967 4017.3856905527 4242.79624629243 4493.24373876922 4743.69123124602 4969.10178698575 5104.00093150877 5221.00582133636 Inf
"6" 58.6191137540303 4304.07021758138 355.135855758042 -Inf 3608.01673067681 3719.92371717725 3848.94530565364 4064.53472294547 4304.07021758138 4543.6057122173 4759.19512950912 4888.21671798551 5000.12370448596 Inf 4433.52310209815 369.692321427258 -Inf 3708.93946673972 3825.43334634242 3959.74332880323 4184.16942056927 4433.52310209815 4682.87678362703 4907.30287539307 5041.61285785389 5158.10673745658 Inf
"7" 58.9938271245064 4258.01269486408 353.974506939374 -Inf 3564.23540981758 3675.77644327649 3804.37611133304 4019.26051810276 4258.01269486408 4496.7648716254 4711.64927839511 4840.24894645167 4951.78997991057 Inf 4389.47710973231 368.478977895786 -Inf 3667.27158399644 3783.38312648505 3917.25229873969 4140.94181597887 4389.47710973231 4638.01240348575 4861.70192072493 4995.57109297956 5111.68263546818 Inf
"8" 59.3629417410216 4219.869222433 353.733912380626 -Inf 3526.56349405652 3638.02871367799 3766.54097323539 3981.27932423551 4219.869222433 4458.45912063049 4673.19747163061 4801.70973118801 4913.17495080947 Inf 4364.20916767277 368.227477603936 -Inf 3642.49657345103 3758.52886559274 3892.30666727291 4115.84350828836 4364.20916767277 4612.57482705718 4836.11166807264 4969.8894697528 5085.92176189452 Inf
"9" 59.724649202302 4193.57033354523 354.309065904553 -Inf 3499.13732497628 3610.78378143034 3739.50499544861 3954.59250019106 4193.57033354523 4432.5481668994 4647.63567164186 4776.35688566012 4888.00334211418 Inf 4354.41124702732 368.829505605029 -Inf 3631.51869960575 3747.74069700617 3881.73721670015 4105.63952592684 4354.41124702732 4603.1829681278 4827.08527735449 4961.08179704847 5077.30379444889 Inf
"10" 60.0773354660099 4178.94443481161 355.088153896342 -Inf 3482.98444183796 3594.8763969877 3723.88065527941 3939.44111459247 4178.94443481161 4418.44775503074 4634.0082143438 4763.01247263551 4874.90442778525 Inf 4353.46474727694 369.645228096107 -Inf 3628.97341315148 3745.45245315776 3879.74532651428 4104.14282971722 4353.46474727694 4602.78666483666 4827.1841680396 4961.47704139613 5077.9560814024 Inf
"11" 60.4198359274945 4172.78976265758 355.438824814018 -Inf 3476.14246731486 3588.14492250287 3717.27658026184 3933.04991849878 4172.78976265758 4412.52960681638 4628.30294505332 4757.43460281229 4869.4370580003 Inf 4354.90588224107 370.012390354741 -Inf 3629.6949233122 3746.28965994909 3880.71592411105 4105.33631750124 4354.90588224107 4604.47544698089 4829.09584037108 4963.52210453304 5080.11684116993 Inf
"12" 60.7513691236421 4170.5966851287 355.113594533726 -Inf 3474.58682942204 3586.48680118012 3715.50030210783 3931.07620546041 4170.5966851287 4410.11716479698 4625.69306814957 4754.70656907727 4866.60654083536 Inf 4354.63893415363 369.672071522681 -Inf 3630.09498787886 3746.58248652688 3880.88511215562 4105.29891097782 4354.63893415363 4603.97895732943 4828.39275615163 4962.69538178037 5079.1828804284 Inf
"13" 61.0715936996035 4168.13024231034 354.286537560159 -Inf 3473.74138848503 3585.38074602443 3714.09377544874 3929.16760409355 4168.13024231034 4407.09288052712 4622.16670917193 4750.87973859624 4862.51909613564 Inf 4351.40927211631 368.807310228211 -Inf 3628.56022683392 3744.77523024122 3878.76368630905 4102.65252156999 4351.40927211631 4600.16602266262 4824.05485792356 4958.0433139914 5074.25831739869 Inf
"14" 61.3807087792796 4162.44870400376 353.314276862839 -Inf 3469.96544612878 3581.29843425218 3709.65823936093 3924.14184566183 4162.44870400376 4400.75556234568 4615.23916864659 4743.59897375533 4854.93196187873 Inf 4346.01897321612 367.791915482601 -Inf 3625.16006506522 3741.05510707113 3874.67466813474 4097.94709601812 4346.01897321612 4594.09085041412 4817.36327829749 4950.9828393611 5066.87788136702 Inf
"15" 61.679256741452 4152.28062649014 352.488318133573 -Inf 3461.41621797724 3572.48893795011 3700.54867054988 3914.53086884519 4152.28062649014 4390.0303841351 4604.01258243041 4732.07231503018 4843.14503500304 Inf 4340.11689403062 366.930508269448 -Inf 3620.94631299353 3736.56991666447 3869.87652671184 4092.62602716864 4340.11689403062 4587.6077608926 4810.35726134941 4943.66387139677 5059.28747506772 Inf
"16" 61.9681332345013 4137.91569629621 351.936766978131 -Inf 3448.13230818361 3559.03122867465 3686.89058160268 3900.53795425231 4137.91569629621 4375.29343834011 4588.94081098974 4716.80016391776 4827.69908440881 Inf 4335.19960445982 366.356005501081 -Inf 3617.15502815775 3732.59760005592 3865.69549206325 4088.09623382656 4335.19960445982 4582.30297509308 4804.7037168564 4937.80160886373 5053.2441807619 Inf
"17" 62.2484468179464 4120.83631102229 351.660028480547 -Inf 3431.59532039809 3542.4070377222 3670.16585098358 3883.6452262585 4120.83631102229 4358.02739578608 4571.50677106099 4699.26558432237 4810.07730164649 Inf 4332.08569779413 366.067888994736 -Inf 3614.60581946784 3729.95760287067 3862.95082155732 4085.17665879127 4332.08569779413 4578.994736797 4801.22057403094 4934.21379271759 5049.56557612042 Inf
"18" 62.5216820264642 4103.25077131852 351.606164011657 -Inf 3414.11535311338 3524.91009718545 3652.64934137424 3866.09601758689 4103.25077131852 4340.40552505014 4553.85220126279 4681.59144545158 4792.38618952365 Inf 4330.82552919901 366.011642237486 -Inf 3613.45589249118 3728.78995195822 3861.76273608201 4083.95442805739 4330.82552919901 4577.69663034063 4799.88832231602 4932.86110643981 5048.19516590685 Inf
"19" 62.7894498158428 4087.68448999308 351.719143156542 -Inf 3398.32763673297 3509.15798170378 3636.93827144881 3850.45353298624 4087.68448999308 4324.91544699991 4538.43070853735 4666.21099828238 4777.04134325319 Inf 4330.89342548066 366.129145500879 -Inf 3613.29348660851 3728.66457257089 3861.6800458725 4083.94306959226 4330.89342548066 4577.84378136905 4800.10680508882 4933.12227839042 5048.4933643528 Inf
"20" 63.0530280768433 4076.65017272583 351.946760594656 -Inf 3386.84719748476 3497.74926706789 3625.6122506974 3839.26569009002 4076.65017272583 4314.03465536164 4527.68809475426 4655.55107838377 4766.4531479669 Inf 4331.48512283554 366.36646931677 -Inf 3613.42003783157 3728.86590698645 3861.96760051959 4084.37469446585 4331.48512283554 4578.59555120523 4801.00264515149 4934.10433868463 5049.55020783951 Inf
"21" 63.3134608755064 4072.3077529455 352.230349883456 -Inf 3381.94895291199 3492.94038441731 3620.90639662004 3834.73199224113 4072.3077529455 4309.88351364987 4523.70910927097 4651.67512147369 4762.66655297902 Inf 4331.82467043387 366.662659846822 -Inf 3613.17906265844 3728.71826451715 3861.92756468043 4084.51446458756 4331.82467043387 4579.13487628018 4801.72177618731 4934.93107635059 5050.4702782093 Inf
"22" 63.5713975875456 4076.14749064746 352.499977456149 -Inf 3385.26023028223 3496.3366242284 3624.4005926841 3838.38986890894 4076.14749064746 4313.90511238599 4527.89438861083 4655.95835706652 4767.0347510127 Inf 4331.4273935117 366.944571065945 -Inf 3612.22924989995 3727.85728490373 3861.16900399405 4083.92704143762 4331.4273935117 4578.92774558578 4801.68578302936 4934.99750211967 5050.62553712345 Inf
"23" 63.8270011136514 4088.68703721106 352.685137750054 -Inf 3397.4368693384 3508.571609211 3636.70284678316 3850.80452675215 4088.68703721106 4326.56954766996 4540.67122763895 4668.80246521112 4779.93720508371 Inf 4330.27249748002 367.138232481624 -Inf 3610.69478446834 3726.38384419007 3859.76592087192 4082.64152276606 4330.27249748002 4577.90347219398 4800.77907408812 4934.16115076997 5049.8502104917 Inf
"24" 64.079902106409 4109.24751278632 352.735534745476 -Inf 3417.89856861771 3529.04918910556 3657.19873601004 3871.33101007056 4109.24751278632 4347.16401550208 4561.2962895626 4689.44583646708 4800.59645695493 Inf 4328.84334347214 367.190881624746 -Inf 3609.16244003613 3724.86809004817 3858.26929427224 4081.17685745078 4328.84334347214 4576.50982949349 4799.41739267203 4932.81859689611 5048.52424690815 Inf
"25" 64.3293223672204 4135.92180170062 352.637528645986 -Inf 3444.76494595728 3555.88468370807 3683.99862479458 3898.07140309443 4135.92180170062 4373.77220030682 4587.84497860666 4715.95891969318 4827.07865744397 Inf 4328.00715038821 367.088328170331 -Inf 3608.52724802934 3724.20058238569 3857.56452872837 4080.4098356207 4328.00715038821 4575.60446515571 4798.44977204805 4931.81371839073 5047.48705274708 Inf
"26" 64.5741917488178 4165.80651787738 352.41441006148 -Inf 3475.08696652395 3586.13639729779 3714.16927894262 3928.10661046952 4165.80651787738 4403.50642528525 4617.44375681215 4745.47663845697 4856.52606923081 Inf 4328.75526928274 366.855163331251 -Inf 3609.73236161093 3725.33222331146 3858.61146038746 4081.31522180931 4328.75526928274 4576.19531675618 4798.89907817803 4932.17831525403 5047.77817695456 Inf
"27" 64.8134376377451 4195.49752967676 352.110775153455 -Inf 3505.37309180751 3616.32684407691 3744.24941453373 3958.00242090216 4195.49752967676 4432.99263845136 4646.74564481979 4774.66821527662 4885.62196754601 Inf 4331.88847591215 366.538207938926 -Inf 3613.48678939401 3728.98677516752 3862.15086169611 4084.66221160211 4331.88847591215 4579.1147402222 4801.6260901282 4934.79017665679 5050.2901624303 Inf
"28" 65.0459409872966 4221.66348419513 351.772571391481 -Inf 3532.20191351878 3643.04909427981 3770.84879461273 3984.39649039146 4221.66348419513 4458.9304779988 4672.47817377753 4800.27787411045 4911.12505487148 Inf 4337.7585580037 366.18549790059 -Inf 3620.04817045768 3735.43701364488 3868.47295988947 4090.7701929993 4337.7585580037 4584.7469230081 4807.04415611793 4940.08010236252 5055.46894554972 Inf
"29" 65.2707524467566 4241.60273279856 351.433804647469 -Inf 3552.80513273964 3663.54556459082 3791.2221902673 4004.56423369143 4241.60273279856 4478.64123190569 4691.98327532982 4819.65990100631 4930.40033285749 Inf 4346.15372394309 365.832404686745 -Inf 3629.13538637938 3744.41296623772 3877.32063298984 4099.40351669229 4346.15372394309 4592.90393119388 4814.98681489633 4947.89448164846 5063.17206150679 Inf
"30" 65.4872988156478 4253.59844516829 351.113797388151 -Inf 3565.42804781242 3676.06764206169 3803.6280084412 4016.77578767756 4253.59844516829 4490.42110265902 4703.56888189539 4831.1292482749 4941.76884252416 Inf 4356.35834990457 365.498902913655 -Inf 3639.99366380491 3755.16615380026 3887.95265867074 4109.8330861814 4356.35834990457 4602.88361362775 4824.7640411384 4957.55054600888 5072.72303600424 Inf
"31" 65.6954321285611 4256.98838216567 350.821657433269 -Inf 3569.39056859981 3679.93810652343 3807.39233785511 4020.36277008013 4256.98838216567 4493.61399425121 4706.58442647623 4834.03865780791 4944.58619573153 Inf 4367.33144641758 365.194364331124 -Inf 3651.56364497158 3766.64017170529 3899.31603708096 4121.01159084686 4367.33144641758 4613.6513019883 4835.3468557542 4968.02272112987 5083.09924786358 Inf
"32" 65.8956076132279 4252.00326612318 350.56182314212 -Inf 3564.91471840993 3675.38037985715 3802.74021285523 4015.55290960377 4252.00326612318 4488.4536226426 4701.26631939114 4828.62615238922 4939.09181383644 Inf 4377.92720376286 364.923392039102 -Inf 3662.69049825003 3777.68163880791 3910.2590593913 4131.7901162257 4377.92720376286 4624.06429130002 4845.59534813441 4978.17276871781 5093.16390927569 Inf
"33" 66.0885737097145 4239.4849876238 350.338203240374 -Inf 3552.8347268642 3663.22992336421 3790.50851479102 4003.18546043606 4239.4849876238 4475.78451481155 4688.46146045659 4815.7400518834 4926.13524838341 Inf 4387.04860344929 364.690110564394 -Inf 3672.26912122515 3787.18675237412 3919.67942131686 4141.06886187573 4387.04860344929 4633.02834502285 4854.41778558173 4986.91045452447 5101.82808567344 Inf
"34" 66.2754868419457 4220.60842619792 350.155305233432 -Inf 3534.31663894476 3644.65420238841 3771.86634659227 3984.43226184119 4220.60842619792 4456.78459055465 4669.35050580357 4796.56265000743 4906.90021345107 Inf 4393.749958386 364.499287938755 -Inf 3679.34448163554 3794.20198259871 3926.62532528819 4147.89892471754 4393.749958386 4639.60099205446 4860.8745914838 4993.29793417329 5108.15543513645 Inf
"35" 66.4576894770311 4196.67569900249 350.018383969722 -Inf 3510.65227249493 3620.9466906302 3748.1090910567 3960.59188663472 4196.67569900249 4432.75951137027 4645.24230694828 4772.40470737478 4882.69912551006 Inf 4397.25615084398 364.356449213741 -Inf 3683.13063285016 3797.9431238516 3930.31457293784 4151.50146043148 4397.25615084398 4643.01084125649 4864.19772875012 4996.56917783637 5111.38166883781 Inf
"36" 66.6366447555262 4168.99554136182 349.932862495694 -Inf 3483.13973386325 3593.40720329627 3720.53853359496 3932.9694123517 4168.99554136182 4405.02167037194 4617.45254912868 4744.58387942738 4854.85134886039 Inf 4396.95098783923 364.267258073394 -Inf 3683.00028126822 3797.78466721754 3930.12371297863 4151.25645593669 4396.95098783923 4642.64551974176 4863.77826269983 4996.11730846092 5110.90169441024 Inf
"37" 66.8137642192854 4138.85321418651 349.903624670611 -Inf 3453.05471177209 3563.31296806359 3690.43367620016 3902.84680578973 4138.85321418651 4374.8596225833 4587.27275217286 4714.39346030943 4824.65171660093 Inf 4392.35662336773 364.236786946701 -Inf 3678.46563910761 3793.2404232893 3925.56839882725 4146.68264392783 4392.35662336773 4638.03060280763 4859.14484790821 4991.47282344616 5106.24760762785 Inf
"38" 66.9903089107278 4107.52040594814 349.933924808368 -Inf 3421.66251635499 3531.93032053373 3659.06203677281 3871.49356041901 4107.52040594814 4343.54725147727 4555.97877512347 4683.11049136255 4793.37829554129 Inf 4383.13428478655 364.268399768367 -Inf 3669.18134053451 3783.96608624374 3916.30554678497 4137.43898282245 4383.13428478655 4628.82958675064 4849.96302278812 4982.30248332935 5097.08722903858 Inf
"39" 67.1674121581901 4076.25532756055 350.023907870977 -Inf 3390.22107440546 3500.51723317924 3627.68164045046 3840.16778937799 4076.25532756055 4312.3428657431 4524.82901467063 4651.99342194185 4762.28958071563 Inf 4369.10339495359 364.362231128161 -Inf 3654.96654461573 3769.7808575583 3902.15440722597 4123.34480469907 4369.10339495359 4614.86198520811 4836.05238268121 4968.42593234887 5083.24024529144 Inf
"40" 67.3460450212251 4046.30281727033 350.168801169494 -Inf 3359.98457846855 3470.32639462144 3597.54344192669 3810.11755004305 4046.30281727033 4282.4880844976 4495.06219261397 4622.27923991922 4732.6210560721 Inf 4350.27949750626 364.513316626477 -Inf 3635.84652503312 3750.70844658108 3883.13688592174 4104.41900163172 4350.27949750626 4596.13999338079 4817.42210909077 4949.85054843143 5064.7124699794 Inf
"41" 67.5266803795464 4018.91565961637 350.356615892662 -Inf 3332.22931072142 3442.63030923888 3569.91559002022 3782.60371328338 4018.91565961637 4255.22760594935 4467.91572921251 4595.20100999385 4705.60200851132 Inf 4326.97045014872 364.709198058979 -Inf 3612.15355712263 3727.07720293884 3859.57680640772 4080.9778342557 4326.97045014872 4572.96306604173 4794.36409388972 4926.86369735859 5041.7873431748 Inf
"42" 67.7094398198985 3995.24461139381 350.566847844241 -Inf 3308.14621544536 3418.61346022826 3545.97511871099 3758.79086576432 3995.24461139381 4231.6983570233 4444.51410407663 4571.87576255935 4682.34300734226 Inf 4299.8324963792 364.928550838084 -Inf 3584.58567980616 3699.57844595503 3832.15774074073 4053.691929285 4299.8324963792 4545.9730634734 4767.50725201767 4900.08654680337 5015.07931295224 Inf
"43" 67.8942725812115 3976.20911193234 350.771481906172 -Inf 3288.7096405925 3399.24136768783 3526.67737014708 3739.61734272554 3976.20911193234 4212.80088113914 4425.74085371759 4553.17685617685 4663.70858327218 Inf 4269.86700844868 365.142196640239 -Inf 3554.20145379797 3669.26154195196 3801.91845469799 4023.58233945076 4269.86700844868 4516.1516774466 4737.81556219937 4870.4724749454 4985.53256309939 Inf
"44" 68.0811110582735 3962.39580018024 350.93892318522 -Inf 3274.56814996394 3385.15263954059 3512.64947376169 3725.69109354696 3962.39580018024 4199.10050681352 4412.1421265988 4539.63896081989 4650.22345039654 Inf 4238.36054941813 365.317166204342 -Inf 3522.35206072338 3637.46728359928 3770.18776314864 3991.95786524262 4238.36054941813 4484.76323359363 4706.53333568762 4839.25381523697 4954.36903811287 Inf
"45" 68.2697976375327 3954.01444410767 351.040538914267 -Inf 3265.98763072218 3376.60414046754 3504.13789189247 3717.24119870669 3954.01444410767 4190.78768950865 4403.89099632287 4531.4247477478 4642.04125749316 Inf 4206.81758697328 365.423503795083 -Inf 3490.60068043048 3605.74941138262 3738.5085235979 3960.34317918276 4206.81758697328 4453.2919947638 4675.12665034866 4807.88576256394 4923.03449351608 Inf
"46" 68.460284359804 3950.8759456081 351.05914099612 -Inf 3262.81267281214 3373.43504426617 3500.97555386578 3714.09015329358 3950.8759456081 4187.66173792263 4400.77633735042 4528.31684695004 4638.93921840407 Inf 4176.81598068423 365.443132281543 -Inf 3460.5606030149 3575.71551910643 3708.4817623913 3930.32833368078 4176.81598068423 4423.30362768768 4645.15019897717 4777.91644226204 4893.07135835356 Inf
"47" 68.6527758515432 3952.4376400374 350.996547543131 -Inf 3264.49704815496 3375.09969576363 3502.61746503275 3715.69406636535 3952.4376400374 4189.18121370945 4402.25781504205 4529.77558431116 4640.37823191984 Inf 4149.86424724537 365.377794530654 -Inf 3433.73692921461 3548.8712567041 3681.61376264938 3903.4206698852 4149.86424724537 4396.30782460555 4618.11473184137 4750.85723778665 4865.99156527613 Inf
"48" 68.8476722810549 3957.88208851596 350.877855467234 -Inf 3270.17412882753 3380.73937533372 3508.21402352699 3721.21857143252 3957.88208851596 4194.54560559939 4407.55015350492 4535.02480169819 4645.59004820438 Inf 4127.30464537693 365.253582937371 -Inf 3411.42077759547 3526.51596472538 3659.21334434277 3880.94484746328 4127.30464537693 4373.66444329058 4595.39594641109 4728.09332602848 4843.18851315839 Inf
"49" 69.0454528673063 3966.1906503908 350.750591070576 -Inf 3278.73212433633 3389.25726851299 3516.68568128861 3729.61297183848 3966.1906503908 4202.76832894312 4415.69561949299 4543.12403226861 4653.64917644526 Inf 4110.22801538775 365.120117516172 -Inf 3394.60573502502 3509.65886581833 3642.30775717307 3863.9582385327 4110.22801538775 4356.4977922428 4578.14827360243 4710.79716495717 4825.85029575048 Inf
"50" 69.246668637423 3976.21391427505 350.676856028187 -Inf 3288.89990624807 3399.40181574915 3526.80344043187 3739.68596925306 3976.21391427505 4212.74185929705 4425.62438811823 4553.02601280096 4663.52792230204 Inf 4099.37054851867 365.042377181714 -Inf 3383.90063641162 3498.92927042034 3631.54991855132 3853.15320672239 4099.37054851867 4345.58789031494 4567.19117848601 4699.811826617 4814.84046062571 Inf
"51" 69.4518652137012 3986.73792171953 350.717984553412 -Inf 3299.34330326437 3409.85817278974 3537.27473955046 3750.18223592883 3986.73792171953 4223.29360751024 4436.2011038886 4563.61767064932 4674.13254017469 Inf 4095.01242212137 365.084654431957 -Inf 3379.45964812648 3494.50160413464 3627.13761167778 3848.76656475313 4095.01242212137 4341.2582794896 4562.88723256495 4695.52324010809 4810.56519611625 Inf
"52" 69.6613192709954 3996.54198336849 350.913240800342 -Inf 3308.76466970159 3419.34106649275 3546.82857025048 3759.85459924057 3996.54198336849 4233.22936749641 4446.25539648649 4573.74290024422 4684.31929703539 Inf 4096.86608664742 365.288223244967 -Inf 3380.91432511066 3496.02042776027 3628.73039227282 3850.48292420135 4096.86608664742 4343.24924909349 4565.00178102201 4697.71174553456 4812.81784818418 Inf
"53" 69.8749072299397 4004.47839813985 351.25776616213 -Inf 3316.02582717208 3426.7107874732 3554.32345800507 3767.55863518672 4004.47839813985 4241.39816109298 4454.63333827463 4582.2460088065 4692.93096910762 Inf 4103.96095393086 365.648180230116 -Inf 3387.30368966723 3502.52321849115 3635.36395611843 3857.3350041878 4103.96095393086 4350.58690367393 4572.5579517433 4705.39868937058 4820.6182181945 Inf
"54" 70.0919941834825 4009.57245470765 351.690403291872 -Inf 3320.27193054721 3431.09321928898 3558.86306778194 3772.36088244495 4009.57245470765 4246.78402697034 4460.28184163336 4588.05169012631 4698.87297886808 Inf 4114.60514082335 366.100617641624 -Inf 3397.0611155279 3512.42321206635 3645.42832113788 3867.67402668362 4114.60514082335 4361.53625496308 4583.78196050882 4716.78706958035 4832.1491661188 Inf
"55" 70.3114534038223 4011.12890050637 352.103079207868 -Inf 3321.01954641329 3431.97087361053 3559.89064811445 3773.63898256818 4011.12890050637 4248.61881844456 4462.36715289829 4590.28692740221 4701.23825459945 Inf 4126.50536902249 366.532408673084 -Inf 3408.11504885653 3523.61320722131 3656.77518686467 3879.28301625782 4126.50536902249 4373.72772178717 4596.23555118032 4729.39753082367 4844.89568918845 Inf
"56" 70.5318203175253 4008.80870325572 352.374712025197 -Inf 3318.16695862366 3429.2038801351 3557.2223394015 3771.13557176643 4008.80870325572 4246.48183474502 4460.39506710994 4588.41352637635 4699.45044788778 Inf 4137.08421402308 366.81673985018 -Inf 3418.13661499033 3533.724369054 3666.98964680011 3889.67008279379 4137.08421402308 4384.49834525237 4607.17878124605 4740.44405899216 4856.03181305583 Inf
"57" 70.7514465882651 4002.64721318851 352.416382397236 -Inf 3311.92379612803 3422.9738484053 3551.00744660377 3764.94597546039 4002.64721318851 4240.34845091663 4454.28697977325 4582.32057797172 4693.37063024899 Inf 4143.93087330297 366.860484129738 -Inf 3424.89753705776 3540.499075397 3673.78024553005 3896.48723700549 4143.93087330297 4391.37450960045 4614.08150107589 4747.36267120894 4862.96420954818 Inf
"58" 70.9685175273926 3993.02163017249 352.205084290842 -Inf 3302.71234979055 3413.69581984595 3541.65265300679 3755.46291085137 3993.02163017249 4230.58034949361 4444.39060733819 4572.34744049903 4683.33091055444 Inf 4145.25636100916 366.63959474507 -Inf 3426.65596000246 3542.18789380871 3675.38881437298 3897.96171233757 4145.25636100916 4392.55100968076 4615.12390764534 4748.32482820961 4863.85676201586 Inf
"59" 71.1813475550859 3980.56995197562 351.78862664004 -Inf 3291.07691359033 3401.92915352647 3529.73468676429 3743.29212907135 3980.56995197562 4217.84777487988 4431.40521718694 4559.21075042476 4670.0629903609 Inf 4140.22404361142 366.204220044323 -Inf 3422.47696133797 3537.87170406658 3670.91445210458 3893.22305071297 4140.22404361142 4387.22503650987 4609.53363511826 4742.57638315626 4857.97112588487 Inf
"60" 71.3884743226915 3966.09054935269 351.261147185936 -Inf 3277.63135170003 3388.31737739676 3515.93127626156 3729.16850593366 3966.09054935269 4203.01259277172 4416.24982244381 4543.86372130861 4654.54974700534 Inf 4129.03326283629 365.652986263894 -Inf 3412.36657891954 3527.58762217449 3660.43010584374 3882.4040714727 4129.03326283629 4375.66245419987 4597.63641982884 4730.47890349809 4845.69994675304 Inf
"61" 71.5891186606801 3950.41199174169 350.724943411105 -Inf 3263.00373417608 3373.52079650959 3500.93989143765 3713.8516122728 3950.41199174169 4186.97237121058 4399.88409204574 4527.3031869738 4637.82024930731 Inf 4112.72915128435 365.092957745151 -Inf 3397.16010309465 3512.2046755628 3644.84369971674 3866.47769341647 4112.72915128435 4358.98060915222 4580.61460285196 4713.2536270059 4828.29819947405 Inf
"62" 71.7832878044082 3934.29639272538 350.260628960557 -Inf 3247.79817476034 3358.16892680131 3485.41933533235 3698.04918859426 3934.29639272538 4170.54359685651 4383.17345011842 4510.42385864946 4620.79461069042 Inf 4092.84834803621 364.608372388289 -Inf 3378.2290696934 3493.12094429646 3625.58391759133 3846.92373802463 4092.84834803621 4338.77295804779 4560.11277848109 4692.57575177596 4807.46762637903 Inf
"63" 71.9717241859404 3918.39303104659 349.915894195414 -Inf 3232.57048080545 3342.83260335129 3469.95776903152 3682.37834698109 3918.39303104659 4154.40771511209 4366.82829306166 4493.95345874188 4604.21558128773 Inf 4071.07914896574 364.24891612973 -Inf 3357.16439194372 3471.94299815661 3604.27538025176 3825.3969885162 4071.07914896574 4316.76130941527 4537.88291767972 4670.21529977487 4784.99390598776 Inf
"64" 72.1560980216567 3903.21369649546 349.709189639788 -Inf 3217.79627973879 3327.9932675382 3455.04333702726 3667.33843253405 3903.21369649546 4139.08896045688 4351.38405596367 4478.43412545273 4588.63111325214 Inf 4049.00351227835 364.033647981223 -Inf 3335.51067307442 3450.22144606406 3582.4756207971 3803.46654798852 4049.00351227835 4294.54047656817 4515.5314037596 4647.78557849264 4762.49635148228 Inf
"65" 72.3388949130216 3889.17682117026 349.641422759371 -Inf 3203.89222505855 3314.06785881204 3441.09330845375 3653.34726527509 3889.17682117026 4125.00637706543 4337.26033388678 4464.28578352849 4574.46141728197 Inf 4028.02715329556 363.963298494926 -Inf 3314.67219655111 3429.36080168896 3561.58941830862 3782.53763901318 4028.02715329556 4273.51666757795 4494.46488828251 4626.69350490216 4741.38211004002 Inf
"66" 72.5232380257736 3876.6945950942 349.707443352987 -Inf 3191.28060099676 3301.47703852311 3428.52647358257 3640.82050898533 3876.6945950942 4112.56868120306 4324.86271660582 4451.91215166528 4562.10858919163 Inf 4009.46546919742 364.032321309733 -Inf 3295.97523022183 3410.68558516354 3542.93927791409 3763.92939973391 4009.46546919742 4255.00153866092 4475.99166048074 4608.24535323129 4722.955708173 Inf
"67" 72.712426489323 3866.29689251698 349.903482901806 -Inf 3180.49866796431 3290.75687958299 3417.87753621466 3630.2905797418 3866.29689251698 4102.30320529216 4314.7162488193 4441.83690545097 4552.09511706965 Inf 3994.73078910004 364.236698895495 -Inf 3280.83997741711 3395.61473385295 3527.94267740172 3749.05686904977 3994.73078910004 4240.40470915031 4461.51890079836 4593.84684434713 4708.62160078297 Inf
"68" 72.9097579993283 3858.72157950019 350.230063043535 -Inf 3172.28326963167 3282.64439003559 3409.88369390596 3622.4949917668 3858.72157950019 4094.94816723358 4307.55946509442 4434.79876896479 4545.15988936871 Inf 3985.45298639351 364.577011347895 -Inf 3270.89517456039 3385.7771669748 3518.22874673905 3739.54952908224 3985.45298639351 4231.35644370479 4452.67722604798 4585.12880581223 4700.01079822664 Inf
"69" 73.1184310976765 3854.96596183871 350.691231876362 -Inf 3167.62377766706 3278.1302171468 3405.53706460479 3618.42832045447 3854.96596183871 4091.50360322295 4304.39485907263 4431.80170653062 4542.30814601036 Inf 3983.47207659119 365.057656581234 -Inf 3267.97221741138 3383.00566611714 3515.63186528546 3737.24442899654 3983.47207659119 4229.69972418583 4451.31228789691 4583.93848706523 4698.971935771 Inf
"70" 73.3415391092552 3856.26657277355 351.289249360793 -Inf 3167.75229587028 3278.44717685338 3406.07128529623 3619.32557472562 3856.26657277355 4093.20757082148 4306.46186025086 4434.08596869371 4544.78084967681 Inf 3990.61599623431 365.681266629765 -Inf 3273.89388381898 3389.12383851013 3521.9765964946 3743.96773005381 3990.61599623431 4237.26426241481 4459.25539597402 4592.10815395849 4707.33810864964 Inf
