"mid_age" "mean_left" "std_left" "min_left" "l.q2.5" "l.q5" "l.q10" "l.q25" "l.q50" "l.q75" "l.q90" "l.q95" "l.q97.5" "max_left" "mean_right" "std_right" "min_right" "r.q2.5" "r.q5" "r.q10" "r.q25" "r.q50" "r.q75" "r.q90" "r.q95" "r.q97.5" "max_right"
"1" 30 3.10771624458925e-08 2343.26139814736 -Inf -4592.70794670072 -3854.32200960698 -3003.0103132449 -1580.50579504946 3.10771624458925e-08 1580.50579511161 3003.01031330705 3854.32200966914 4592.70794676287 Inf 3.55411038414845e-08 2441.62923263678 -Inf -4785.50535953272 -4016.12269893781 -3129.07376552959 -1646.85389115709 3.55411038414845e-08 1646.85389122817 3129.07376560067 4016.12269900889 4785.5053596038 Inf
"2" 30.7070707070707 2.89521941743743e-07 2343.26139814736 -Inf -4592.70794644227 -3854.32200934854 -3003.01031298646 -1580.50579479101 2.89521941743743e-07 1580.50579537005 3003.0103135655 3854.32200992758 4592.70794702132 Inf 3.30630826714202e-07 2441.62923263678 -Inf -4785.50535923763 -4016.12269864272 -3129.0737652345 -1646.853890862 3.30630826714202e-07 1646.85389152326 3129.07376589576 4016.12269930398 4785.50535989889 Inf
"3" 31.4141414141414 2.44065498263429e-06 2343.26139814736 -Inf -4592.70794429114 -3854.32200719741 -3003.01031083532 -1580.50579263988 2.44065498263429e-06 1580.50579752119 3003.01031571663 3854.32201207871 4592.70794917245 Inf 2.78241345230122e-06 2441.62923263678 -Inf -4785.50535678584 -4016.12269619094 -3129.07376278272 -1646.85388841022 2.78241345230122e-06 1646.85389397505 3129.07376834754 4016.12270175576 4785.50536235067 Inf
"4" 32.1212121212121 1.8616215029623e-05 2343.26139814736 -Inf -4592.70792811558 -3854.32199102185 -3003.01029465976 -1580.50577646432 1.8616215029623e-05 1580.50581369675 3003.01033189219 3854.32202825427 4592.70796534801 Inf 2.11798839202119e-05 2441.62923263678 -Inf -4785.50533838837 -4016.12267779347 -3129.07374438524 -1646.85387001275 2.11798839202119e-05 1646.85391237252 3129.07378674501 4016.12272015323 4785.50538074814 Inf
"5" 32.8282828282828 0.000128470177652314 2343.26139814735 -Inf -4592.70781826161 -3854.32188116787 -3003.01018480579 -1580.50566661035 0.000128470177652314 1580.50592355071 3003.01044174615 3854.32213810823 4592.70807520196 Inf 0.000145812923124027 2441.62923263678 -Inf -4785.50521375533 -4016.12255316042 -3129.0736197522 -1646.85374537971 0.000145812923124027 1646.85403700555 3129.07391137804 4016.12284478626 4785.50550538117 Inf
"6" 33.5353535353535 0.000802034363174849 2343.26139814715 -Inf -4592.70714469703 -3854.32120760336 -3003.00951124135 -1580.50499304603 0.000802034363174849 1580.50659711476 3003.01111531008 3854.32281167209 4592.70874876576 Inf 0.000907763774209891 2441.62923263658 -Inf -4785.50445180409 -4016.12179120925 -3129.0728578011 -1646.85298342872 0.000907763774209891 1646.85479895627 3129.07467332865 4016.12360673679 4785.50626733164 Inf
"7" 34.2424242424242 0.00452899480835654 2343.26139814115 -Inf -4592.70341772481 -3854.31748063304 -3003.00578427321 -1580.50126608153 0.00452899480835654 1580.51032407115 3003.01484226283 3854.32653862265 4592.71247571443 Inf 0.00510942597335995 2441.62923263068 -Inf -4785.50025013033 -4016.11758953734 -3129.06865613134 -1646.84878176254 0.00510942597335995 1646.85900061449 3129.07887498328 4016.12780838928 4785.51046898227 Inf
"8" 34.9494949494949 0.0231285398854613 2343.26139799369 -Inf -4592.68481789073 -3854.29888084542 -3002.98718453916 -1580.482666437 0.0231285398854613 1580.52892351677 3003.03344161893 3854.34513792519 4592.7310749705 Inf 0.0259951805399923 2441.62923248565 -Inf -4785.4793640915 -4016.09670354421 -3129.0477701909 -1646.82789591015 0.0259951805399923 1646.87988627123 3129.09976055198 4016.14869390529 4785.53135445258 Inf
"9" 35.6565656565657 0.106789333538231 2343.26139505739 -Inf -4592.60115134203 -3854.21521522198 -3002.90351998249 -1580.39900366284 0.106789333538231 1580.61258232992 3003.11709864956 3854.42879388905 4592.81473000911 Inf 0.119511966253931 2441.6292295938 -Inf -4785.38584163787 -4016.00318200184 -3128.95424969914 -1646.73437717392 0.119511966253931 1646.97340110643 3129.19327363165 4016.24220593434 4785.62486557038 Inf
"10" 36.3636363636364 0.445664226390602 2343.26134770335 -Inf -4592.26218363696 -3853.87626243866 -3002.56458440299 -1580.06009683018 0.445664226390602 1580.95142528296 3003.45591285577 3854.76759089144 4593.15351208974 Inf 0.496337875655945 2441.62918288713 -Inf -4785.00892418508 -4015.6262792668 -3128.57736393273 -1646.35751976135 0.496337875655945 1647.35019551266 3129.57003968404 4016.61895501811 4786.00159993639 Inf
"11" 37.0707070707071 1.68043062647683 2343.26073046733 -Inf -4591.0262074765 -3852.64048077566 -3001.32902698311 -1578.82491411072 1.68043062647683 1582.18577536367 3004.68988823607 3856.00134202862 4594.38706872946 Inf 1.86127085969028 2441.62857304056 -Inf -4783.64279592374 -4014.26034317443 -3127.21164939887 -1644.99217544205 1.86127085969028 1648.71471716143 3130.93419111825 4017.9828848938 4787.36533764312 Inf
"12" 37.7777777777778 5.7221485235274 2343.25424375689 -Inf -4586.97177586062 -3848.58809318943 -2997.27899603215 -1574.77882099397 5.7221485235274 1586.22311804102 3008.7232930792 3860.03239023648 4598.41607290768 Inf 6.29928854410325 2441.62215118528 -Inf -4779.19219163425 -4009.81176247806 -3122.76540177577 -1640.54982628208 6.29928854410325 1653.14840337028 3135.36397886397 4022.41033956626 4791.79076872246 Inf
"13" 38.4848484848485 17.5861818146422 2343.19944298599 -Inf -4575.00033503221 -3836.63392065153 -2985.34473272729 -1562.87782514458 17.5861818146422 1598.05018877386 3020.51709635657 3871.80628428082 4610.1726986615 Inf 19.2295362722748 2441.56777203368 -Inf -4766.15536272745 -3996.79206900516 -3109.76546436074 -1627.58290037353 19.2295362722748 1666.04197291808 3148.22453690529 4035.2511415497 4804.614435272 Inf
"14" 39.1919191919192 48.7482435373844 2342.82861466864 -Inf -4543.11146316302 -3804.86190062602 -2953.7074353939 -1531.4656435227 48.7482435373844 1628.96213059747 3051.20392246867 3902.35838770079 4640.60795023779 Inf 52.9113528206473 2441.19879402143 -Inf -4731.75036256397 -3962.50333763507 -3075.61078346311 -1593.65221193784 52.9113528206473 1699.47491757914 3181.4334891044 4068.32604327636 4837.57306820527 Inf
"15" 39.8989898989899 121.78056919649 2340.82713546639 -Inf -4466.15631035169 -3728.53743464183 -2878.11011092974 -1457.08334065644 121.78056919649 1700.64447904942 3121.67124932272 3972.0985730348 4709.71744874467 Inf 131.131271181429 2439.20093412775 -Inf -4649.61471076542 -3880.99723218203 -2994.83050462785 -1514.08475755645 131.131271181429 1776.34729991931 3257.0930469907 4143.25977454488 4911.87725312828 Inf
"16" 40.6060606060606 273.938715211706 2332.24846959583 -Inf -4297.18428819477 -3562.26863895501 -2714.95796223782 -1299.13897244118 273.938715211706 1847.01640286459 3262.83539266124 4110.14606937842 4845.06171861818 Inf 292.48235158416 2430.60580475576 -Inf -4471.41748635112 -3705.50842205765 -2822.46432272238 -1346.9363504907 292.48235158416 1931.90105365902 3407.42902589069 4290.47312522597 5056.38218951944 Inf
"17" 41.3131313131313 554.382224238674 2303.14172177976 -Inf -3959.69260174123 -3233.94879021403 -2397.21265497927 -999.063260350731 554.382224238674 2107.82770882808 3505.97710345661 4342.71323869137 5068.45705021857 Inf 586.691286889499 2401.31815274835 -Inf -4119.80580791952 -3363.12558612304 -2490.72175113582 -1032.97319409905 586.691286889499 2206.35576787805 3664.10432491482 4536.50815990203 5293.18838169852 Inf
"18" 42.020202020202 1008.63464395598 2224.95891296836 -Inf -3352.20469254339 -2651.09709385803 -1842.76493423103 -492.077337448593 1008.63464395598 2509.34662536056 3860.034222143 4668.36638176999 5369.47398045536 Inf 1057.82809834101 2322.27326778841 -Inf -3493.74386878442 -2761.97150895321 -1918.28484361561 -508.521417936637 1057.82809834101 2624.17761461865 4033.94104029762 4877.62770563522 5609.40006546643 Inf
"19" 42.7272727272727 1649.3174688265 2057.95028398688 -Inf -2384.19096976176 -1735.70951987513 -988.051939429841 261.251095864233 1649.3174688265 3037.38384178876 4286.68687708284 5034.34445752812 5682.82590741475 Inf 1714.50059488531 2152.55028364098 -Inf -2504.42043596248 -1826.12954635697 -1044.10359102826 262.627491787804 1714.50059488531 3166.37369798282 4473.10478079888 5255.1307361276 5933.42162573311 Inf
"20" 43.4343434343434 2425.57525314982 1772.25530591913 -Inf -1047.98131786169 -489.525314675251 154.338691304436 1230.20721457675 2425.57525314982 3620.9432917229 4696.81181499521 5340.6758209749 5899.13182416134 Inf 2500.92911773851 1860.61824929201 -Inf -1145.8156398518 -559.515557981553 116.450887477479 1245.96117956327 2500.92911773851 3755.89705591375 4885.40734799954 5561.37379345857 6147.67387532882 Inf
"21" 44.1414141414141 3216.44761174848 1379.47194136927 -Inf 512.732288981156 947.418185709442 1448.58318566184 2286.00792661182 3216.44761174848 4146.88729688514 4984.31203783512 5485.47703778752 5920.1629345158 Inf 3294.38729667981 1456.92373758825 -Inf 438.86924278537 897.961002716094 1427.26439989451 2311.70716885918 3294.38729667981 4277.06742450045 5161.51019346512 5690.81359064353 6149.90535057426 Inf
"22" 44.8484848484848 3868.75222637093 950.079517628371 -Inf 2006.63058937013 2306.01048590759 2651.17633316243 3227.93332985935 3868.75222637093 4509.5711228825 5086.32811957942 5431.49396683426 5730.87386337172 Inf 3946.87667182972 1012.86950794493 -Inf 1961.68891521885 2280.85458805795 2648.83216823051 3263.70657043472 3946.87667182972 4630.04677322473 5244.92117542894 5612.89875560149 5932.06442844059 Inf
"23" 45.5555555555556 4269.59754601864 596.180732631436 -Inf 3101.10478178433 3288.96750563124 3505.5611947673 3867.47975259435 4269.59754601864 4671.71533944294 5033.63389726999 5250.22758640605 5438.09031025296 Inf 4356.47564626582 644.341653258008 -Inf 3093.58921214113 3296.62794090848 3530.71859178743 3921.8738055189 4356.47564626582 4791.07748701275 5182.23270074422 5416.32335162316 5619.36208039051 Inf
"24" 46.2626262626263 4407.50387684969 410.656921807001 -Inf 3602.63110010589 3732.03334958272 3881.2258558062 4130.5199922438 4407.50387684969 4684.48776145559 4933.78189789318 5082.97440411666 5212.37665359349 Inf 4520.26426112372 448.783754391567 -Inf 3640.66426566958 3782.08067499585 3945.12473809222 4217.56421873209 4520.26426112372 4822.96430351535 5095.40378415522 5258.44784725159 5399.86425657786 Inf
"25" 46.969696969697 4373.35943257417 361.242719272412 -Inf 3665.33671312293 3779.16803556913 3910.40826014903 4129.70492109197 4373.35943257417 4617.01394405638 4836.31060499932 4967.55082957921 5081.38215202541 Inf 4525.09615954147 395.211121815736 -Inf 3750.49659449295 3875.03171241129 4018.61272765787 4258.53030871326 4525.09615954147 4791.66201036968 5031.57959142506 5175.16060667164 5299.69572458998 Inf
"26" 47.6767676767677 4297.28110219924 347.169785248806 -Inf 3616.84082659107 3726.23762176478 3852.36512040385 4063.11864047114 4297.28110219924 4531.44356392733 4742.19708399463 4868.3245826337 4977.7213778074 Inf 4482.6412401164 379.898335703737 -Inf 3738.05418435037 3857.76408476128 3995.78193324749 4226.40370656768 4482.6412401164 4738.87877366512 4969.50054698531 5107.51839547152 5227.22829588243 Inf
"27" 48.3838383838384 4270.58134900193 338.575205820938 -Inf 3606.98613953465 3713.67469371151 3836.67976392752 4042.21584300517 4270.58134900193 4498.94685499868 4704.48293407633 4827.48800429234 4934.1765584692 Inf 4463.9734896253 370.624291973788 -Inf 3737.56322556102 3854.3507787359 3988.99934801744 4213.9912035153 4463.9734896253 4713.9557757353 4938.94763123317 5073.59620051471 5190.38375368958 Inf
"28" 49.0909090909091 4308.78553434677 335.148697057984 -Inf 3651.90615864759 3757.51498442288 3879.27519694188 4082.73117338959 4308.78553434677 4534.83989530395 4738.29587175166 4860.05608427065 4965.66491004594 Inf 4482.02431277694 366.89489408848 -Inf 3762.92353425188 3878.53591552553 4011.82958686753 4234.55746731498 4482.02431277694 4729.4911582389 4952.21903868635 5085.51271002835 5201.125091302 Inf
"29" 49.7979797979798 4369.62338712853 334.316789182254 -Inf 3714.37452090424 3819.72120389132 3941.17918256416 4144.13013950663 4369.62338712853 4595.11663475042 4798.06759169289 4919.52557036573 5024.87225335281 Inf 4517.03432363797 365.990196075588 -Inf 3799.70672063506 3915.03402219436 4047.99901488332 4270.17768771273 4517.03432363797 4763.89095956321 4986.06963239261 5119.03462508158 5234.36192664087 Inf
"30" 50.5050505050505 4399.74981647465 334.048441765277 -Inf 3745.02690152298 3850.28902545955 3971.64951296262 4174.437566435 4399.74981647465 4625.0620665143 4827.85011998668 4949.21060748975 5054.47273142632 Inf 4546.15740793506 365.69556040585 -Inf 3829.40728023341 3944.64173904145 4077.49968998424 4299.49950074911 4546.15740793506 4792.81531512102 5014.81512588589 5147.67307682868 5262.90753563672 Inf
"31" 51.2121212121212 4377.39583374912 333.664002626512 -Inf 3723.42640566367 3828.56738884575 3949.78820881723 4152.34288396813 4377.39583374912 4602.4487835301 4805.003458681 4926.22427865248 5031.36526183456 Inf 4555.92932680886 365.278372422105 -Inf 3839.99687253012 3955.09987108343 4087.80625677173 4309.55280864184 4555.92932680886 4802.30584497588 5024.05239684599 5156.75878253429 5271.86178108759 Inf
"32" 51.9191919191919 4327.13571934689 333.280392404855 -Inf 3673.91815348 3778.93825710795 3900.01971069513 4102.34151072849 4327.13571934689 4551.92992796529 4754.25172799865 4875.33318158583 4980.35328521378 Inf 4544.9446790263 364.861613422249 -Inf 3829.82905737752 3944.80073085335 4077.35570713789 4298.84926053299 4544.9446790263 4791.04009751961 5012.53365091471 5145.08862719925 5260.06030067508 Inf
"33" 52.6262626262626 4294.12244220495 333.027946785573 -Inf 3641.39966065991 3746.3402160585 3867.3299556318 4069.49850556924 4294.12244220495 4518.74637884067 4720.91492877811 4841.9046683514 4946.84522375 Inf 4522.70276825242 364.586333472614 -Inf 3808.12668539058 3923.01161530305 4055.46658181442 4276.79302326357 4522.70276825242 4768.61251324127 4989.93895469041 5122.39392120179 5237.27885111425 Inf
"34" 53.3333333333333 4295.66812647939 332.853710462631 -Inf 3643.28684185211 3748.17249358068 3869.09893273868 4071.16171045761 4295.66812647939 4520.17454250117 4722.2373202201 4843.1637593781 4948.04941110667 Inf 4500.20200024445 364.397478804038 -Inf 3785.99606573133 3900.82148558165 4033.20784080263 4254.41963579383 4500.20200024445 4745.98436469507 4967.19615968627 5099.58251490724 5214.40793475756 Inf
"35" 54.040404040404 4302.79342156554 332.880058982616 -Inf 3650.36049478805 3755.25444920817 3876.19046083779 4078.2692337371 4302.79342156554 4527.31760939398 4729.39638229329 4850.33239392292 4955.22634834304 Inf 4479.46285322459 364.425671821341 -Inf 3765.20166141295 3880.03596517503 4012.43256297731 4233.66147287277 4479.46285322459 4725.26423357641 4946.49314347187 5078.88974127415 5193.72404503623 Inf
"36" 54.7474747474747 4281.26633957839 332.932927132466 -Inf 3628.72979313126 3733.64040685299 3854.59562559044 4056.70649272477 4281.26633957839 4505.82618643202 4707.93705356635 4828.8922723038 4933.80288602553 Inf 4458.45678476032 364.482372112219 -Inf 3744.08446242064 3858.93663303166 3991.35383016649 4212.61716064347 4458.45678476032 4704.29640887716 4925.55973935414 5057.97693648898 5172.82910709999 Inf
"37" 55.4545454545455 4242.55574583404 332.832652148148 -Inf 3590.21573474472 3695.09475078028 3816.01353940922 4018.06353342953 4242.55574583404 4467.04795823854 4669.09795225886 4790.0167408878 4894.89575692335 Inf 4444.75853514371 364.374368859911 -Inf 3730.59789528877 3845.41603295633 3977.79399228696 4198.99175811353 4444.75853514371 4690.52531217389 4911.72307800045 5044.10103733109 5158.91917499865 Inf
"38" 56.1616161616162 4230.49365516331 332.775801066252 -Inf 3578.26507014699 3683.1261718178 3804.0243063315 4006.03978823083 4230.49365516331 4454.94752209579 4656.96300399512 4777.86113850882 4882.72224017963 Inf 4450.97777608434 364.312134048943 -Inf 3736.93911421748 3851.7376410515 3984.09299034702 4205.25297579626 4450.97777608434 4696.70257637241 4917.86256182166 5050.21791111717 5165.01643795119 Inf
"39" 56.8686868686869 4257.12839241806 332.761450498841 -Inf 3604.92793399703 3709.78451365541 3830.67743457838 4032.68420479621 4257.12839241806 4481.57258003991 4683.57935025775 4804.47227118072 4909.3288508391 Inf 4472.3569632216 364.296427361654 -Inf 3758.34908589614 3873.14266339032 4005.49230641396 4226.64275693311 4472.3569632216 4718.07116951008 4939.22162002923 5071.57126305288 5186.36484054705 Inf
"40" 57.5757575757576 4281.07510850859 332.742290187655 -Inf 3628.91220360741 3733.76274565329 3854.6487055957 4056.64384432025 4281.07510850859 4505.50637269693 4707.50151142147 4828.38747136389 4933.23801340977 Inf 4482.83501900054 364.275857999988 -Inf 3768.86745688314 3883.6545527584 4015.99672289055 4237.13468653566 4482.83501900054 4728.53535146542 4949.67331511053 5082.01548524268 5196.80258111794 Inf
"41" 58.2828282828283 4262.84901190399 332.730132809801 -Inf 3610.70993502555 3715.55664615574 3836.43818929772 4038.4259477424 4262.84901190399 4487.27207606558 4689.25983451025 4810.14137765223 4914.98808878243 Inf 4463.26644804611 364.262089467824 -Inf 3749.32587175587 3864.10862902404 3996.44579702008 4217.57540231506 4463.26644804611 4708.95749377717 4930.08709907215 5062.42426706818 5177.20702433635 Inf
"42" 58.989898989899 4216.27607977702 332.674126795346 -Inf 3564.24677266983 3669.07583572478 3789.93703176626 3991.89079109813 4216.27607977702 4440.66136845591 4642.61512778778 4763.47632382926 4868.30538688421 Inf 4423.82485708642 364.201665406945 -Inf 3710.0027097793 3824.76642680004 3957.0816426102 4178.17456676509 4423.82485708642 4669.47514740775 4890.56807156264 5022.8832873728 5137.64700439354 Inf
"43" 59.6969696969697 4183.61945816496 332.634479041497 -Inf 3531.66785922738 3636.48442886444 3757.33122079521 3959.26091148965 4183.61945816496 4407.97800484026 4609.9076955347 4730.75448746548 4835.57105710254 Inf 4389.12817931213 364.158232473498 -Inf 3675.39115899031 3790.14118984386 3922.44062637977 4143.50718405924 4389.12817931213 4634.74917456503 4855.8157322445 4988.1151687804 5102.86519963395 Inf
"44" 60.4040404040404 4179.11710076034 332.611056365573 -Inf 3527.211409424 3632.02059833327 3752.8588807576 3954.77435243987 4179.11710076034 4403.45984908081 4605.37532076308 4726.21360318741 4831.02279209668 Inf 4371.09045153117 364.132832646918 -Inf 3657.40321395466 3772.14524105977 3904.43544978632 4125.48658820096 4371.09045153117 4616.69431486138 4837.74545327602 4970.03566200257 5084.77768910768 Inf
"45" 61.1111111111111 4183.20253736022 332.592135189102 -Inf 3531.3339308483 3636.13715749889 3756.9685658208 3958.87255117934 4183.20253736022 4407.5325235411 4609.43650889963 4730.26791722155 4835.07114387214 Inf 4366.31677050954 364.112181910361 -Inf 3652.67000763294 3767.40552747707 3899.68823374846 4120.72683588947 4366.31677050954 4611.90670512961 4832.94530727062 4965.22801354201 5079.96353338614 Inf
"46" 61.8181818181818 4179.81532748072 332.548206204032 -Inf 3528.03282019742 3632.82220436981 3753.63765320089 3955.51497095001 4179.81532748072 4404.11568401143 4605.99300176055 4726.80845059163 4831.59783476402 Inf 4368.36951890381 364.064156590058 -Inf 3654.81688392535 3769.53727049363 3901.80252906715 4122.81197687004 4368.36951890381 4613.92706093759 4834.93650874048 4967.201767314 5081.92215388228 Inf
"47" 62.5252525252525 4171.0316998315 332.479614076076 -Inf 3519.38363064861 3624.15140073104 3744.94192990064 3946.77760798803 4171.0316998315 4395.28579167496 4597.12146976236 4717.91199893195 4822.67976901438 Inf 4368.50355088949 363.98993400713 -Inf 3655.09638950041 3769.79338776404 3902.03168112018 4122.99607122714 4368.50355088949 4614.01103055185 4834.97542065881 4967.21371401495 5081.91071227858 Inf
"48" 63.2323232323232 4159.81305468912 332.472035281326 -Inf 3508.17983967099 3612.94522159669 3733.73299737454 3935.56407466504 4159.81305468912 4384.0620347132 4585.8931120037 4706.68088778155 4811.44626970725 Inf 4354.33580859523 363.981395346458 -Inf 3640.94538267353 3755.63969031675 3887.87488155987 4108.83408817197 4354.33580859523 4599.83752901848 4820.79673563059 4953.03192687371 5067.72623451692 Inf
"49" 63.9393939393939 4144.37370758817 332.492528781855 -Inf 3492.70032604708 3597.47216568706 3718.2673867959 3920.11090490803 4144.37370758817 4368.6365102683 4570.48002838044 4691.27524948927 4796.04708912925 Inf 4324.18482324958 364.003722683689 -Inf 3610.75063655104 3725.45197976948 3857.69528258024 4078.66804326621 4324.18482324958 4569.70160323294 4790.67436391892 4922.91766672968 5037.61900994812 Inf
"50" 64.6464646464646 4129.57722078263 332.489815102907 -Inf 3477.90915795455 3582.68014248619 3703.47437770987 3905.31624845113 4129.57722078263 4353.83819311413 4555.6800638554 4676.47429907907 4781.24528361071 Inf 4295.72631097019 364.000640485966 -Inf 3582.29816526818 3696.99853725419 3829.24072029616 4050.21160989759 4295.72631097019 4541.24101204278 4762.21190164421 4894.45408468619 5009.15445667219 Inf
"51" 65.3535353535354 4122.30103818683 332.422968330678 -Inf 3470.7639926248 3575.51391304614 3696.28386269967 3898.08515331803 4122.30103818683 4346.51692305563 4548.318213674 4669.08816332752 4773.83808374886 Inf 4284.77219123369 363.927813663303 -Inf 3571.48678348122 3686.16420698109 3818.37993188826 4039.30661110653 4284.77219123369 4530.23777136086 4751.16445057912 4883.3801754863 4998.05759898617 Inf
"52" 66.0606060606061 4115.10470589541 332.346237277453 -Inf 3463.7180504342 3568.44379210591 3689.18586520963 3890.94057533553 4115.10470589541 4339.26883645528 4541.02354658119 4661.7656196849 4766.49136135662 Inf 4282.09521566876 363.844751756613 -Inf 3568.97260626188 3683.62385609464 3815.80940443989 4036.68565994629 4282.09521566876 4527.50477139123 4748.38102689763 4880.56657524288 4995.21782507564 Inf
"53" 66.7676767676768 4094.30916261687 332.357429190271 -Inf 3442.90057140962 3547.62983976899 3668.3759789177 3870.13748322651 4094.30916261687 4318.48084200723 4520.24234631604 4640.98848546475 4745.71775382412 Inf 4267.49221595897 363.856494838413 -Inf 3554.34659053469 3669.00154073415 3801.19135536523 4022.07473964818 4267.49221595897 4512.90969226975 4733.7930765527 4865.98289118378 4980.63784138324 Inf
"54" 67.4747474747475 4064.71578454475 332.371228601225 -Inf 3413.28014698902 3518.0137636857 3638.76491618886 3840.53479759314 4064.71578454475 4288.89677149635 4490.66665290063 4611.41780540379 4716.15142210048 Inf 4240.05709870722 363.871623735045 -Inf 3526.88182119042 3641.54153866191 3773.73684965232 3994.62941811073 4240.05709870722 4485.48477930371 4706.37734776212 4838.57265875253 4953.23237622402 Inf
"55" 68.1818181818182 4046.17785550045 332.35706199269 -Inf 3394.76998398723 3499.49913663884 3620.24514238392 3822.0064237811 4046.17785550045 4270.3492872198 4472.11056861699 4592.85657436206 4697.58572701367 Inf 4215.69766193625 363.856243565301 -Inf 3502.55252899823 3617.20740001893 3749.39712336196 3970.28035510661 4215.69766193625 4461.1149687659 4681.99820051054 4814.18792385358 4928.84279487428 Inf
"56" 68.8888888888889 4043.14118036049 332.363308866453 -Inf 3391.72106519968 3496.45218630591 3617.2004615531 3818.96553518881 4043.14118036049 4267.31682553217 4469.08189916788 4589.83017441507 4694.5612955213 Inf 4199.50444862924 363.863117345651 -Inf 3486.34584332929 3601.00288034937 3733.19510095098 3954.0825055052 4199.50444862924 4444.92639175327 4665.81379630749 4798.0060169091 4912.66305392918 Inf
"57" 69.5959595959596 4037.15983677137 332.417874946519 -Inf 3385.63277405885 3490.38108950208 3611.14918871864 3812.94738733798 4037.15983677137 4261.37228620476 4463.17048482409 4583.93858404065 4688.68689948388 Inf 4181.83677520902 363.922460577717 -Inf 3468.5618593115 3583.23759599866 3715.45137611881 3936.37480568322 4181.83677520902 4427.29874473483 4648.22217429924 4780.43595441939 4895.11169110655 Inf
"58" 70.3030303030303 4014.58284995585 332.474034057189 -Inf 3362.94571740902 3467.7117291697 3588.50023110693 3790.33252177794 4014.58284995585 4238.83317813377 4440.66546880477 4561.45397074201 4666.21998250269 Inf 4160.27083999032 363.983277012979 -Inf 3446.87672607001 3561.57162664583 3693.80750150228 3914.76785040228 4160.27083999032 4405.77382957835 4626.73417847835 4758.9700533348 4873.66495391062 Inf
"59" 71.010101010101 3983.3552712779 332.441616726293 -Inf 3331.78167553209 3436.53747225604 3557.31419691014 3759.1268082574 3983.3552712779 4207.58373429839 4409.39634564565 4530.17307029975 4634.9288670237 Inf 4142.73680433474 363.948214048739 -Inf 3429.41141256153 3544.09526443416 3676.31840084341 3897.25746435669 4142.73680433474 4388.21614431278 4609.15520782606 4741.37834423532 4856.06219610794 Inf
"60" 71.7171717171717 3955.05140153762 332.375430677768 -Inf 3303.60752806321 3408.34246887774 3529.09514800397 3730.86758032846 3955.05140153762 4179.23522274678 4381.00765507127 4501.7603341975 4606.49527501203 Inf 4126.74763085187 363.876358320565 -Inf 3413.56307371797 3528.22428310639 3660.42131418148 3881.31675682597 4126.74763085187 4372.17850487777 4593.07394752226 4725.27097859734 4839.93218798577 Inf
"61" 72.4242424242424 3927.49484129925 332.381630508686 -Inf 3276.03881637953 3380.77571082499 3501.53064236258 3703.30683836768 3927.49484129925 4151.68284423082 4353.45904023592 4474.21397177351 4578.95086621897 Inf 4099.26775416842 363.883143282064 -Inf 3386.06989875434 3500.73324615441 3632.93274222 3853.83230375553 4099.26775416842 4344.7032045813 4565.60276611684 4697.80226218242 4812.46560958249 Inf
"62" 73.1313131313131 3896.63549055257 332.485193432809 -Inf 3244.97648603143 3349.74601422695 3470.53857038835 3672.37763549018 3896.63549055257 4120.89334561496 4322.73241071679 4443.52496687819 4548.29449507371 Inf 4063.7956880646 363.995771833145 -Inf 3350.37708474677 3465.07592256985 3597.31633682021 3818.28427084843 4063.7956880646 4309.30710528076 4530.27503930898 4662.51545355935 4777.21429138242 Inf
"63" 73.8383838383838 3871.93198878038 332.62035291833 -Inf 3220.00807653545 3324.82019488479 3445.6618547659 3647.58297003036 3871.93198878038 4096.2810075304 4298.20212279487 4419.04378267598 4523.85590102531 Inf 4043.5239690963 364.142641291788 -Inf 3329.81750692911 3444.56262483981 3576.85639706726 3797.91348993566 4043.5239690963 4289.13444825694 4510.19154112534 4642.48531335279 4757.23043126349 Inf
"64" 74.5454545454545 3864.34184247958 332.698662413005 -Inf 3212.26444644544 3317.10124092764 3437.97135080959 3639.94000477806 3864.34184247958 4088.74368018109 4290.71233414956 4411.58244403151 4516.41923851372 Inf 4045.53021570263 364.228093819292 -Inf 3331.65626965914 3446.42831454635 3578.75313185319 3799.86209968806 4045.53021570263 4291.1983317172 4512.30729955207 4644.63211685891 4759.40416174612 Inf
"65" 75.2525252525253 3865.57789403897 332.81403603734 -Inf 3213.27436985636 3318.14751976259 3439.0595451201 3641.09823801039 3865.57789403897 4090.05755006754 4292.09624295784 4413.00826831534 4517.88141822157 Inf 4044.49716383872 364.354084416919 -Inf 3330.37628076149 3445.18802659097 3577.55861654165 3798.74406845743 4044.49716383872 4290.25025922001 4511.43571113579 4643.80630108647 4758.61804691595 Inf
"66" 75.959595959596 3854.8779125267 333.026654284183 -Inf 3202.15766423783 3307.09781235584 3428.08708236072 3630.25484766992 3854.8779125267 4079.50097738347 4281.66874269267 4402.65801269755 4507.59816081557 Inf 4019.72999800162 364.58449966037 -Inf 3305.15750934574 3420.04186140497 3552.49616168858 3773.82148990033 4019.72999800162 4265.63850610291 4486.96383431466 4619.41813459827 4734.3024866575 Inf
"67" 76.6666666666667 3826.38728793197 333.246342242619 -Inf 3173.23645915672 3278.24583322588 3399.31491631893 3601.61604579898 3826.38728793197 4051.15853006495 4253.45965954501 4374.52874263805 4479.53811670721 Inf 3988.29881872718 364.824711749051 -Inf 3273.25552302883 3388.21556840523 3520.75713823582 3742.2282900342 3988.29881872718 4234.36934742015 4455.84049921853 4588.38206904913 4703.34211442552 Inf
"68" 77.3737373737374 3797.54309560368 333.522511555475 -Inf 3143.85098492161 3248.94738280169 3370.11679877539 3572.58558009986 3797.54309560368 4022.5006111075 4224.96939243197 4346.13880840567 4451.23520628576 Inf 3976.85533770612 365.123710456577 -Inf 3261.2260153096 3376.28027827564 3508.93047495304 3730.5831374496 3976.85533770612 4223.12753796264 4444.7802004592 4577.4303971366 4692.48466010264 Inf
"69" 78.0808080808081 3787.66426349118 333.76675308399 -Inf 3133.49344820969 3238.66680912516 3359.92495854965 3562.5420095798 3787.66426349118 4012.78651740256 4215.40356843271 4336.6617178572 4441.83507877267 Inf 3974.79170891731 365.390661967856 -Inf 3258.63917117306 3373.77755332528 3506.52473403702 3728.33945260263 3974.79170891731 4221.24396523199 4443.05868379759 4575.80586450934 4690.94424666155 Inf
"70" 78.7878787878788 3798.52124822179 334.355395766699 -Inf 3143.19671448242 3248.55556280414 3370.02756732869 3573.00196085439 3798.52124822179 4024.04053558918 4227.01492911488 4348.48693363943 4453.84578196115 Inf 3947.12345694073 366.03161060527 -Inf 3229.71468295121 3345.05503465776 3478.03507333073 3700.23888733971 3947.12345694073 4194.00802654174 4416.21184055072 4549.19187922369 4664.53223093024 Inf
"71" 79.4949494949495 3818.90359311118 335.879526235834 -Inf 3160.59181854456 3266.43093616342 3388.45666042926 3592.35629536439 3818.90359311118 4045.45089085796 4249.35052579309 4371.37625005893 4477.21536767779 Inf 3891.00415337308 367.685690424866 -Inf 3170.3534425096 3286.21501189958 3419.79598118075 3643.00392388774 3891.00415337308 4139.00438285842 4362.21232556541 4495.79329484658 4611.65486423656 Inf
"72" 80.2020202020202 3833.13964699016 338.906144311711 -Inf 3168.89580999987 3275.6886463229 3398.8139471748 3604.55092637343 3833.13964699016 4061.72836760688 4267.46534680551 4390.59064765741 4497.38348398044 Inf 3842.85245900743 370.979336770271 -Inf 3115.74631992914 3232.6457513968 3367.42330918479 3592.63069882134 3842.85245900743 4093.07421919352 4318.28160883007 4453.05916661806 4569.95859808572 Inf
"73" 80.9090909090909 3809.75410157379 345.01437810577 -Inf 3133.538346338 3242.25595039611 3367.60038517695 3577.04543987117 3809.75410157379 4042.46276327641 4251.90781797064 4377.25225275147 4485.96985680959 Inf 3809.65314581743 377.58635247179 -Inf 3069.59749391888 3188.57886446683 3325.75676467893 3554.97502126128 3809.65314581743 4064.33127037358 4293.54952695593 4430.72742716803 4549.70879771599 Inf
"74" 81.6161616161616 3687.73145436935 371.720861301991 -Inf 2959.17195391524 3076.30504744324 3211.35200262219 3437.0095434871 3687.73145436935 3938.4533652516 4164.1109061165 4299.15786129545 4416.29095482346 Inf 3713.23749756238 406.657871627113 -Inf 2916.20271514353 3044.34482248816 3192.08446553762 3438.95093131334 3713.23749756238 3987.52406381142 4234.39052958714 4382.1301726366 4510.27227998124 Inf
"75" 82.3232323232323 3396.66374484112 506.706048450962 -Inf 2403.53813912863 2563.20646324831 2747.29381517787 3054.89570879859 3396.66374484112 3738.43178088365 4046.03367450437 4230.12102643393 4389.78935055361 Inf 3432.07788635681 549.402558146366 -Inf 2355.26865937576 2528.39109593335 2727.99017785013 3061.51149215558 3432.07788635681 3802.64428055805 4136.1655948635 4335.76467678028 4508.88711333786 Inf
"76" 83.030303030303 2908.42815200511 822.795505882775 -Inf 1295.77859383346 1555.04997991446 1853.97328331798 2353.46101677978 2908.42815200511 3463.39528723044 3962.88302069224 4261.80632409576 4521.07771017676 Inf 2907.14248358541 879.080100039253 -Inf 1184.17714798261 1461.18439265498 1780.556005141 2314.21196650759 2907.14248358541 3500.07300066323 4033.72896202982 4353.10057451584 4630.10781918821 Inf
"77" 83.7373737373737 2273.21503298453 1250.45449473737 -Inf -177.63074100695 216.400421977992 670.693117611568 1429.79629319755 2273.21503298453 3116.63377277151 3875.73694835749 4330.02964399107 4724.06080697601 Inf 2203.59424651315 1322.22405574405 -Inf -387.91728223766 28.7292127800711 509.095937873638 1311.7676734511 2203.59424651315 3095.42081957521 3898.09255515267 4378.45928024623 4795.10577526397 Inf
"78" 84.4444444444444 1602.34575015989 1670.22596576804 -Inf -1671.2369887891 -1144.9314874622 -538.134951083386 475.795455737993 1602.34575015989 2728.89604458178 3742.82645140316 4349.62298778197 4875.92848910887 Inf 1472.66978883808 1754.74872802308 -Inf -1966.57452000463 -1413.63502083917 -776.131190697298 289.109757616899 1472.66978883808 2656.22982005926 3721.47076837346 4358.97459851533 4911.91409768079 Inf
"79" 85.1515151515152 1011.41935423732 1993.42331918246 -Inf -2895.6185573026 -2267.4702223696 -1543.25542125408 -333.124242353102 1011.41935423732 2355.96295082775 3566.09412972873 4290.30893084424 4918.45726577725 Inf 858.792545118573 2085.98375796949 -Inf -3229.66049283714 -2572.3454049394 -1814.50320560783 -548.18211870735 858.792545118573 2265.7672089445 3532.08829584498 4289.93049517654 4947.24558307428 Inf
"80" 85.8585858585859 569.514920663892 2192.27958524025 -Inf -3727.2741104494 -3036.4641064102 -2240.00441391221 -909.155189144771 569.514920663892 2048.18503047256 3379.03425524 4175.49394773798 4866.30395177718 Inf 432.425213630003 2288.74909790175 -Inf -4053.44058790596 -3332.2320412356 -2500.72477592478 -1111.31259367525 432.425213630003 1976.16302093526 3365.57520318478 4197.0824684956 4918.29101516597 Inf
"81" 86.5656565656566 285.501261301703 2289.97874094088 -Inf -4202.7745963048 -3481.17857637667 -2649.22457921494 -1259.06592762985 285.501261301703 1830.06845023325 3220.22710181834 4052.18109898007 4773.77711890821 Inf 184.98623157126 2387.88668673027 -Inf -4495.18567358274 -3742.73784584616 -2875.21369015102 -1425.61886325799 184.98623157126 1795.59132640051 3245.18615329354 4112.71030898867 4865.15813672526 Inf
"82" 87.2727272727273 127.27071742563 2328.06050398692 -Inf -4435.6440242189 -3702.04804631973 -2856.25886614136 -1442.98223034987 127.27071742563 1697.52366520113 3110.80030099262 3956.58948117099 4690.18545907016 Inf 65.0585586874509 2426.35349639929 -Inf -4690.50690801799 -3925.93779013131 -3044.43856318768 -1571.4920049863 65.0585586874509 1701.6091223612 3174.55568056258 4056.05490750621 4820.6240253929 Inf
"83" 87.979797979798 50.3990302831342 2339.77722519124 -Inf -4535.48006293876 -3798.19202483113 -2948.1461356863 -1527.75672585059 50.3990302831342 1628.55478641686 3048.94419625257 3898.9900853974 4636.27812350503 Inf 17.2500862778903 2438.13961157528 -Inf -4761.41574169014 -3993.13269683577 -3107.35154995272 -1627.25009127669 17.2500862778903 1661.75026383247 3141.8517225085 4027.63286939155 4795.91591424592 Inf
"84" 88.6868686868687 17.7050186540129 2342.62076984473 -Inf -4573.74731967716 -3835.56325119695 -2984.48429641781 -1562.36867920271 17.7050186540129 1597.77871651074 3019.89433372583 3870.97328850497 4609.15735698519 Inf 2.30528795136773 2440.98950496318 -Inf -4781.94622841672 -4012.7651526378 -3125.94863361213 -1644.1171134825 2.30528795136773 1648.72768938524 3130.55920951487 4017.37572854053 4786.55680431945 Inf
"85" 89.3939393939394 5.50561863240893 2343.16680484421 -Inf -4587.01692863203 -3848.66079886788 -2997.38346844783 -1574.93637423471 5.50561863240893 1585.94761149953 3008.39470571265 3859.6720361327 4598.02816589685 Inf -0.786211604914026 2441.535017769 -Inf -4786.10691342551 -4016.75394091128 -3129.73923595874 -1647.57655583491 -0.786211604914026 1646.00413262508 3128.16681274891 4015.18151770145 4784.53449021568 Inf
"86" 90.1010101010101 1.51004338888765 2343.25015860722 -Inf -4591.17587424903 -3852.79347885081 -3001.48586583683 -1578.98817073702 1.51004338888765 1582.0082575148 3004.5059526146 3855.81356562858 4594.19596102681 Inf -0.764856055738712 2441.61806348106 -Inf -4786.24832448105 -4016.86918340279 -3129.82430777187 -1647.61121376732 -0.764856055738712 1646.08150165584 3128.29459566039 4015.33947129131 4784.71861236957 Inf
"87" 90.8080808080808 0.363096984345492 2343.26032117473 -Inf -4592.34273891988 -3853.95714119138 -3002.64583609567 -1580.14197168919 0.363096984345492 1580.86816565788 3003.37203006436 3854.68333516006 4593.06893288857 Inf -0.368151109097027 2441.62816453392 -Inf -4785.87141723421 -4016.48909320958 -3129.44054784533 -1647.2213218773 -0.368151109097027 1646.4850196591 3128.70424562713 4015.75279099138 4785.13511501601 Inf
"88" 91.5151515151515 0.075740227264909 2343.26131476245 -Inf -4592.63204307311 -3854.24613225483 -3002.93446618665 -1580.429998611 0.075740227264909 1580.58147906553 3003.08594664118 3854.39761270935 4592.78352352764 Inf -0.133958146003265 2441.62915008259 -Inf -4785.63915591102 -4016.25652132979 -3129.20761791368 -1646.98779365668 -0.133958146003265 1646.71987736467 3128.93970162167 4015.98860503778 4785.37123961901 Inf
"89" 92.2222222222222 0.0134355163005892 2343.26139292154 -Inf -4592.69450097308 -3854.30856552606 -3002.99687106252 -1580.49235603947 0.0134355163005892 1580.51922707207 3003.02374209512 3854.33543655865 4592.72137200568 Inf -0.0403564450564506 2441.62922747094 -Inf -4785.54570588845 -4016.16304692135 -3129.11411538989 -1646.89424415338 -0.0403564450564506 1646.81353126327 3129.03340249978 4016.08233403124 4785.46499299834 Inf
"90" 92.9292929292929 0.00194055133760563 2343.26139788186 -Inf -4592.70600566009 -3854.32006865002 -3003.00837238439 -1580.50385435012 0.00194055133760563 1580.50773545279 3003.01225348706 3854.32394975269 4592.70988676276 Inf -0.0104286691748227 2441.62923237468 -Inf -4785.51578772373 -4016.13312721141 -3129.08419389841 -1646.86431968502 -0.0104286691748227 1646.84346234667 3129.06333656006 4016.11226987306 4785.49493038538 Inf
"91" 93.6363636363636 0.000201079285374552 2343.26139813641 -Inf -4592.70774563105 -3854.32180854077 -3003.01011218266 -1580.50559399386 0.000201079285374552 1580.50599615243 3003.01051434123 3854.32221069933 4592.70814778962 Inf -0.00235274346815653 2441.62923262598 -Inf -4785.50771229057 -4016.12505169906 -3129.07611829476 -1646.85624392882 -0.00235274346815653 1646.85153844188 3129.07141280782 4016.12034621212 4785.50300680363 Inf
"92" 94.3434343434343 5.95577066140164e-06 2343.26139814699 -Inf -4592.7079407753 -3854.32200368169 -3003.01030731974 -1580.50578912451 5.95577066140164e-06 1580.50580103606 3003.01031923128 3854.32201559323 4592.70795268684 Inf -0.000468110375666942 2441.62923263642 -Inf -4785.50582767792 -4016.12316708313 -3129.07423367504 -1646.85435930276 -0.000468110375666942 1646.85342308201 3129.07329745429 4016.12223086238 4785.50489145717 Inf
"93" 95.0505050505051 -3.46062554424123e-06 2343.26139814735 -Inf -4592.7079501924 -3854.32201309867 -3003.01031673659 -1580.50579854115 -3.46062554424123e-06 1580.5057916199 3003.01030981534 3854.32200617742 4592.70794327115 Inf -8.26654377079949e-05 2441.62923263677 -Inf -4785.50544223368 -4016.12278163877 -3129.07384823055 -1646.85397385806 -8.26654377079949e-05 1646.85380852719 3129.07368289968 4016.12261630789 4785.5052769028 Inf
"94" 95.7575757575758 -1.09198866058088e-06 2343.26139814736 -Inf -4592.70794782378 -3854.32201073005 -3003.01031436796 -1580.50579617252 -1.09198866058088e-06 1580.50579398854 3003.01031218399 3854.32200854607 4592.7079456398 Inf -1.3012805956328e-05 2441.62923263678 -Inf -4785.50537258106 -4016.12271198616 -3129.07377857793 -1646.85390420544 -1.3012805956328e-05 1646.85387817983 3129.07375255232 4016.12268596054 4785.50534655545 Inf
"95" 96.4646464646465 -2.14147272349818e-07 2343.26139814736 -Inf -4592.70794694594 -3854.32200985221 -3003.01031349012 -1580.50579529468 -2.14147272349818e-07 1580.50579486639 3003.01031306183 3854.32200942391 4592.70794651765 Inf -1.83152271792264e-06 2441.62923263678 -Inf -4785.50536139978 -4016.12270080487 -3129.07376739665 -1646.85389302416 -1.83152271792264e-06 1646.85388936111 3129.07376373361 4016.12269714182 4785.50535773674 Inf
"96" 97.1717171717172 -3.30709439071852e-08 2343.26139814736 -Inf -4592.70794676486 -3854.32200967113 -3003.01031330905 -1580.5057951136 -3.30709439071852e-08 1580.50579504746 3003.01031324291 3854.32200960499 4592.70794669872 Inf -2.31004608023251e-07 2441.62923263678 -Inf -4785.50535979926 -4016.12269920435 -3129.07376579613 -1646.85389142364 -2.31004608023251e-07 1646.85389096163 3129.07376533412 4016.12269874234 4785.50535933725 Inf
"97" 97.8787878787879 -4.29407270037156e-09 2343.26139814736 -Inf -4592.70794673609 -3854.32200964236 -3003.01031328027 -1580.50579508483 -4.29407270037156e-09 1580.50579507624 3003.01031327168 3854.32200963376 4592.7079467275 Inf -2.61536687927893e-08 2441.62923263678 -Inf -4785.50535959441 -4016.1226989995 -3129.07376559128 -1646.85389121879 -2.61536687927893e-08 1646.85389116648 3129.07376553897 4016.12269894719 4785.5053595421 Inf
"98" 98.5858585858586 -4.81982054860426e-10 2343.26139814736 -Inf -4592.70794673228 -3854.32200963854 -3003.01031327646 -1580.50579508101 -4.81982054860426e-10 1580.50579508005 3003.0103132755 3854.32200963758 4592.70794673131 Inf -2.66145937915225e-09 2441.62923263678 -Inf -4785.50535957092 -4016.12269897601 -3129.07376556779 -1646.85389119529 -2.66145937915225e-09 1646.85389118997 3129.07376556247 4016.12269897069 4785.5053595656 Inf
"99" 99.2929292929293 -4.74447026617222e-11 2343.26139814736 -Inf -4592.70794673184 -3854.32200963811 -3003.01031327602 -1580.50579508058 -4.74447026617222e-11 1580.50579508049 3003.01031327593 3854.32200963801 4592.70794673175 Inf -2.43688328410678e-10 2441.62923263678 -Inf -4785.5053595685 -4016.12269897359 -3129.07376556537 -1646.85389119288 -2.43688328410678e-10 1646.85389119239 3129.07376556488 4016.1226989731 4785.50535956801 Inf
"100" 100 -4.13061710098494e-12 2343.26139814736 -Inf -4592.7079467318 -3854.32200963807 -3003.01031327598 -1580.50579508054 -4.13061710098494e-12 1580.50579508053 3003.01031327597 3854.32200963805 4592.70794673179 Inf -2.00928407480127e-11 2441.62923263678 -Inf -4785.50535956828 -4016.12269897337 -3129.07376556515 -1646.85389119265 -2.00928407480127e-11 1646.85389119261 3129.07376556511 4016.12269897333 4785.50535956824 Inf
