"mid_age" "mean_left" "std_left" "min_left" "l.q2.5" "l.q5" "l.q10" "l.q25" "l.q50" "l.q75" "l.q90" "l.q95" "l.q97.5" "max_left" "mean_right" "std_right" "min_right" "r.q2.5" "r.q5" "r.q10" "r.q25" "r.q50" "r.q75" "r.q90" "r.q95" "r.q97.5" "max_right"
"1" 55.7126425023684 4272.77754656813 330.805945613247 -Inf 3624.40980729445 3728.65018710906 3848.83266907601 4049.65232694807 4272.77754656813 4495.90276618818 4696.72242406025 4816.90490602719 4921.14528584181 Inf 4460.61770268109 362.111506535377 -Inf 3750.89219148421 3864.99727779552 3996.55313457897 4216.37720309492 4460.61770268109 4704.85820226727 4924.68227078322 5056.23812756667 5170.34321387797 Inf
"2" 56.0910201059832 4277.30597400844 330.824375922101 -Inf 3628.90211199319 3733.14829938902 3853.33747712516 4054.16832333397 4277.30597400844 4500.44362468292 4701.27447089173 4821.46364862787 4925.7098360237 Inf 4474.31132726569 362.130672127845 -Inf 3764.54825219783 3878.65937778583 4010.22219746853 4230.05790068384 4474.31132726569 4718.56475384754 4938.40045706284 5069.96327674555 5184.07440233354 Inf
"3" 56.4641072929581 4286.98152048996 330.862179170603 -Inf 3638.50356546914 3742.76166506013 3862.96457679438 4063.81837191185 4286.98152048996 4510.14466906807 4710.99846418555 4831.2013759198 4935.45947551078 Inf 4486.9948508591 362.171308159287 -Inf 3777.15213063314 3891.27606105554 4022.85364389223 4242.71401569056 4486.9948508591 4731.27568602765 4951.13605782597 5082.71364066266 5196.83757108506 Inf
"4" 56.8330369833537 4297.39018041033 330.877120156397 -Inf 3648.88294159546 3753.14574924582 3873.35408907101 4074.21695429044 4297.39018041033 4520.56340653022 4721.42627174965 4841.63461157484 4945.8974192252 Inf 4494.13725055945 362.187889312517 -Inf 3784.26203187033 3898.39118718585 4029.9747939897 4249.845231573 4494.13725055945 4738.42926954589 4958.2997071292 5089.88331393304 5204.01246924856 Inf
"5" 57.1984237955266 4303.18156498211 330.854892690609 -Inf 3654.71789119965 3758.97369474532 3879.17395928637 4080.02333106007 4303.18156498211 4526.33979890415 4727.18917067785 4847.3894352189 4951.64523876457 Inf 4493.0856263353 362.164087873857 -Inf 3783.25705760875 3897.37871284442 4028.95367253653 4248.80966117527 4493.0856263353 4737.36159149533 4957.21758013408 5088.79253982619 5202.91419506186 Inf
"6" 57.5605044732445 4300.32120356018 330.809088497476 -Inf 3651.9473043466 3756.18867451659 3876.37229829985 4077.19386409692 4300.32120356018 4523.44854302343 4724.2701088205 4844.45373260376 4948.69510277375 Inf 4483.80673678623 362.114196130556 -Inf 3774.07595407967 3888.18188791027 4019.73872182919 4239.56442309568 4483.80673678623 4728.04905047678 4947.87475174327 5079.43158566219 5193.53751949279 Inf
"7" 57.9193240676527 4287.73285342876 330.758444877041 -Inf 3639.45821388728 3743.68362572793 3863.84885057949 4064.6396725684 4287.73285342876 4510.82603428912 4711.61685627803 4831.78208112959 4936.00749297023 Inf 4468.71514618073 362.058911254469 -Inf 3759.09271984019 3873.18123283372 4004.71798164319 4224.51012157244 4468.71514618073 4712.92017078902 4932.71231071827 5064.24905952775 5178.33757252128 Inf
"8" 58.2746036475374 4267.66534421886 330.716120308757 -Inf 3619.47365930689 3723.68573423769 3843.83558248634 4044.60071084599 4267.66534421886 4490.72997759174 4691.49510595139 4811.64495420004 4915.85702913084 Inf 4451.64946049414 362.012941251486 -Inf 3742.11713370381 3856.19116107326 3987.71120888589 4207.47544218167 4451.64946049414 4695.8234788066 4915.58771210238 5047.10775991501 5161.18178728446 Inf
"9" 58.6258171091334 4244.70051224902 330.691315905738 -Inf 3596.55744307362 3700.76170188011 3820.90253863802 4021.65260919175 4244.70051224902 4467.7484153063 4668.49848586002 4788.63932261793 4892.84358142442 Inf 4436.38237001193 361.986185827504 -Inf 3726.902482889 3840.96807934723 3972.47840685918 4192.22639795871 4436.38237001193 4680.53834206516 4900.28633316469 5031.79666067663 5145.86225713486 Inf
"10" 58.9723138641712 4223.90473014353 330.686892904362 -Inf 3575.77032989152 3679.97319496447 3800.11242483686 4000.85981035534 4223.90473014353 4446.94964993171 4647.69703545019 4767.83626532258 4872.03913039553 Inf 4425.26887217407 361.981391843494 -Inf 3715.79838108715 3829.86246691136 3961.37105275903 4181.11613361393 4425.26887217407 4669.42161073422 4889.16669158912 5020.67527743679 5134.739363261 Inf
"11" 59.3134083017749 4208.99913924396 330.692847813426 -Inf 3560.85306758466 3665.05780911113 3785.19920241426 3985.95020293065 4208.99913924396 4432.04807555727 4632.79907607366 4752.94046937678 4857.14521090326 Inf 4418.59691209138 361.987557123914 -Inf 3709.11433727687 3823.18036584481 3954.69119155156 4174.44001511278 4418.59691209138 4662.75380906998 4882.5026326312 5014.01345833795 5128.07948690589 Inf
"12" 59.648338543645 4201.31252472711 330.689065018596 -Inf 3553.17386720944 3657.37741673808 3777.51743574405 3978.26613987014 4201.31252472711 4424.35890958408 4625.10761371017 4745.24763271614 4849.45118224478 Inf 4414.85332062974 361.983047325693 -Inf 3705.37958485732 3819.44419234112 3950.95337962889 4170.69946546381 4414.85332062974 4659.00717579566 4878.75326163058 5010.26244891835 5124.32705640215 Inf
"13" 59.9763436408392 4199.79124271222 330.659922075633 -Inf 3551.70970431316 3655.90407059863 3776.03350191334 3976.76451447157 4199.79124271222 4422.81797095287 4623.5489835111 4743.67841482582 4847.87278111128 Inf 4411.67375965383 361.951210319925 -Inf 3702.26242326609 3816.31699857962 3947.81461941756 4167.54137822197 4411.67375965383 4655.80614108568 4875.53289989009 5007.03052072803 5121.08509604156 Inf
"14" 60.2967316407922 4201.85265610052 330.606344967164 -Inf 3553.87612690446 3658.05361048811 3778.16357712888 3978.86206507038 4201.85265610052 4424.84324713067 4625.54173507217 4745.65170171293 4849.82918529659 Inf 4406.97369445852 361.893146219285 -Inf 3697.67616161683 3811.71244033085 3943.18896636133 4162.8804766674 4406.97369445852 4651.06691224964 4870.75842255571 5002.23494858619 5116.27122730021 Inf
"15" 60.6089228755099 4204.54976101208 330.542474196411 -Inf 3556.69841622635 3660.8557734686 3780.94253572668 3981.60225016215 4204.54976101208 4427.49727186201 4628.15698629748 4748.24374855556 4852.40110579781 Inf 4399.74547219401 361.823982854733 -Inf 3690.58349705589 3804.59798167737 3936.04938051494 4155.69890438337 4399.74547219401 4643.79204000465 4863.44156387308 4994.89296271064 5108.90744733212 Inf
"16" 60.912524720688 4205.52858413079 330.481364792524 -Inf 3557.7970115758 3661.93511261193 3781.99967369761 3982.62229094742 4205.52858413079 4428.43487731416 4629.05749456396 4749.12205564964 4853.26015668578 Inf 4390.25447153395 361.757565150208 -Inf 3681.22267270464 3795.2162284195 3926.6434975681 4146.25270178424 4390.25447153395 4634.25624128366 4853.8654454998 4985.29271464841 5099.28627036326 Inf
"17" 61.2072331478783 4203.50352429725 330.425035833809 -Inf 3555.88235447263 3660.00270567044 3780.0468023293 3980.63522441917 4203.50352429725 4426.37182417533 4626.9602462652 4747.00434292406 4851.12469412187 Inf 4379.69893492498 361.695985948669 -Inf 3670.78782911288 3784.76198058352 3916.16687788126 4135.73869971553 4379.69893492498 4623.65917013442 4843.23099196869 4974.63588926643 5088.61004073707 Inf
"18" 61.4931215635251 4198.25633356229 330.367286840256 -Inf 3550.74834968517 3654.85050357697 3774.87361990743 3975.42698478844 4198.25633356229 4421.08568233613 4621.63904721714 4741.6621635476 4845.7643174394 Inf 4369.58832771008 361.632751536949 -Inf 3660.80115906754 3774.75538472009 3906.1373088257 4125.6707434632 4369.58832771008 4613.50591195696 4833.03934659446 4964.42127070007 5078.37549635262 Inf
"19" 61.7705946368645 4190.3346673577 330.303981122094 -Inf 3542.95076040819 3647.03296601251 3767.03308324506 3967.54801764188 4190.3346673577 4413.12131707351 4613.63625147033 4733.63636870288 4837.7185743072 Inf 4361.17138051258 361.563719416647 -Inf 3652.51951233961 3766.45198525604 3897.80882985005 4117.30035772328 4361.17138051258 4605.04240330188 4824.53393117511 4955.89077576912 5069.82324868555 Inf
"20" 62.0402684561673 4180.67870056643 330.239732350031 -Inf 3533.42071889622 3637.482679047 3757.45945456822 3957.93538598884 4180.67870056643 4403.42201514402 4603.89794656464 4723.87472208586 4827.93668223664 Inf 4355.10073577803 361.494039274832 -Inf 3646.58543817345 3760.49595415548 3891.82748381032 4111.27671153017 4355.10073577803 4598.92476002588 4818.37398774573 4949.70551740057 5063.6160333826 Inf
"21" 62.3029711997181 4170.31536164039 330.185731921179 -Inf 3523.16321886588 3627.20816292221 3747.16531997631 3947.60846979856 4170.31536164039 4393.02225348221 4593.46540330446 4713.42256035856 4817.46750441489 Inf 4351.36058765461 361.435684593033 -Inf 3642.95966312469 3756.85179094207 3888.16212022073 4107.57592304151 4351.36058765461 4595.14525226772 4814.5590550885 4945.86938436715 5059.76151218453 Inf
"22" 62.5597001980992 4160.17388768267 330.152003671482 -Inf 3513.08785106283 3617.12216699834 3737.0670705098 3937.48974519956 4160.17388768267 4382.85803016579 4583.28070485555 4703.22560836701 4807.25992430251 Inf 4349.39646208302 361.399212963435 -Inf 3641.06702063356 3754.9476558627 3886.24473492314 4105.63639721025 4349.39646208302 4593.15652695579 4812.54818924289 4943.84526830333 5057.72590353247 Inf
"23" 62.8115321753714 4151.01210332155 330.140832985312 -Inf 3503.94796084429 3607.97875678088 3727.91960195903 3928.33549535177 4151.01210332155 4373.68871129134 4574.10460468408 4694.04544986223 4798.07624579882 Inf 4348.34476210538 361.386905186654 -Inf 3640.03944345515 3753.91620037634 3885.2088079961 4104.5929987019 4348.34476210538 4592.09652550886 4811.48071621465 4942.77332383441 5056.65008075561 Inf
"24" 63.0594445012897 4143.41287306031 330.145777124527 -Inf 3496.33904024824 3600.37139413431 3720.31403552843 3920.73293031929 4143.41287306031 4366.09281580132 4566.51171059218 4686.4543519863 4790.48670587237 Inf 4347.27697941724 361.391843714728 -Inf 3638.96198142985 3752.84029453239 3884.13469632958 4103.52188502719 4347.27697941724 4591.03207380729 4810.4192625049 4941.71366430209 5055.59197740464 Inf
"25" 63.3043912309289 4137.79652048201 330.156165847382 -Inf 3490.70232614731 3594.73795362755 3714.6843692661 3915.10957065392 4137.79652048201 4360.48347031011 4560.90867169793 4680.85508733647 4784.89071481671 Inf 4345.40826342058 361.40273175049 -Inf 3637.07192527523 3750.95366931062 3882.25202675364 4101.64582516201 4345.40826342058 4589.17070167915 4808.56450008751 4939.86285753054 5053.74460156593 Inf
"26" 63.5470829713348 4134.43858707983 330.163618303802 -Inf 3487.32978619895 3591.3677620254 3711.31688515672 3911.74661064626 4134.43858707983 4357.1305635134 4557.56028900294 4677.50941213426 4781.54738796071 Inf 4342.24798728678 361.410746990223 -Inf 3633.89593956023 3747.78020928067 3879.08147867682 4098.48014283117 4342.24798728678 4586.0158317424 4805.41449589675 4936.71576529289 5050.60003501334 Inf
"27" 63.7881006785047 4133.46018650051 330.166251268144 -Inf 3486.34622510435 3590.38503060514 3710.33511029783 3910.76643415949 4133.46018650051 4356.15393884154 4556.5852627032 4676.53534239589 4780.57414789668 Inf 4337.67585855337 361.413899409233 -Inf 3629.31763219909 3743.20289527942 3874.50530995589 4093.90588782344 4337.67585855337 4581.4458292833 4800.84640715085 4932.14882182732 5046.03408490765 Inf
"28" 64.0276722425014 4134.80359220789 330.167963407725 -Inf 3487.68627507981 3591.72562009352 3711.67632181005 3912.10868504627 4134.80359220789 4357.49849936952 4557.93086260574 4677.88156432227 4781.92090933597 Inf 4331.94430485729 361.416203266043 -Inf 3623.58156302664 3737.46755207611 3868.77080374851 4088.17278019956 4331.94430485729 4575.71582951502 4795.11780596608 4926.42105763847 5040.30704668794 Inf
"29" 64.2658017620351 4138.19472354754 330.173437639164 -Inf 3491.066677123 3595.10774712373 3715.06043763983 3915.49612407292 4138.19472354754 4360.89332302216 4561.32900945526 4681.28169997136 4785.32276997209 Inf 4325.598670068 361.422399690003 -Inf 3617.22378346956 3731.1117250764 3862.41722792239 4081.82296598582 4325.598670068 4569.37437415018 4788.78011221361 4920.08561505961 5033.97355666645 Inf
"30" 64.50229402373 4143.12194187573 330.182463564266 -Inf 3495.97620496306 3600.02011912627 3719.97608877957 3920.41725450714 4143.12194187573 4365.82662924432 4566.26779497189 4686.22376462518 4790.2676787884 Inf 4319.33415398139 361.432036099963 -Inf 3610.94038036648 3724.83135850591 3856.14036227951 4075.55195023946 4319.33415398139 4563.11635772331 4782.52794568327 4913.83694945687 5027.7279275963 Inf
"31" 64.73677180614 4148.84865120422 330.187896085283 -Inf 3501.69226674601 3605.73789275286 3725.69583605224 3926.14029965588 4148.84865120422 4371.55700275255 4572.00146635619 4691.95940965557 4796.00503566242 Inf 4313.82232853439 361.437411578011 -Inf 3605.41801917611 3719.31069118435 3850.6216478802 4070.03649908762 4313.82232853439 4557.60815798116 4777.02300918858 4908.33396588443 5022.22663789267 Inf
"32" 64.9687463345154 4154.47542635846 330.179107877188 -Inf 3507.3362664716 3611.37912322306 3731.33387374833 3931.77300236641 4154.47542635846 4377.1778503505 4577.61697896859 4697.57172949385 4801.61458624531 Inf 4309.54961132308 361.427285279427 -Inf 3601.16514914532 3715.05463025199 3846.36190804269 4065.77061196091 4309.54961132308 4553.32861068525 4772.73731460346 4904.04459239417 5017.93407350084 Inf
"33" 65.1978331611975 4159.05175325426 330.148744227981 -Inf 3511.9721050263 3616.0053938774 3735.94911322631 3936.36980923238 4159.05175325426 4381.73369727614 4582.15439328222 4702.09811263113 4806.13140148223 Inf 4306.71022266349 361.394003907542 -Inf 3598.39099077598 3712.26998457765 3843.56517117734 4062.95367124553 4306.71022266349 4550.46677408145 4769.85527414963 4901.15046074932 5015.029454551 Inf
"34" 65.4237884986464 4161.70415927996 330.0981182819 -Inf 3514.72373608299 3618.74107217412 3738.66639901247 3939.05636193981 4161.70415927996 4384.35195662012 4584.74191954746 4704.6672463858 4808.68458247693 Inf 4305.18468605451 361.339142976956 -Inf 3596.97297961511 3710.83468616933 3842.10994167985 4061.46513777192 4305.18468605451 4548.90423433711 4768.25943042918 4899.5346859397 5013.39639249392 Inf
"35" 65.646488182277 4161.75461544132 330.037742779481 -Inf 3514.89252605465 3618.89083719962 3738.79422949347 3939.14754075871 4161.75461544132 4384.36169012394 4584.71500138918 4704.61839368303 4808.616704828 Inf 4304.59111591645 361.274005149587 -Inf 3596.50707727272 3710.34825822287 3841.59984902643 4060.91550243077 4304.59111591645 4548.26672940213 4767.58238280647 4898.83397361004 5012.67515456018 Inf
"36" 65.8659863722227 4158.80688669123 329.9828232039 -Inf 3512.05243769474 3616.03344311261 3735.91688301145 3936.23685469944 4158.80688669123 4381.37691868303 4581.69689037102 4701.58033026985 4805.56133568772 Inf 4304.38144091135 361.214818376917 -Inf 3596.41340621041 3710.23593679546 3841.4660249225 4060.74574829718 4304.38144091135 4548.01713352552 4767.29685690019 4898.52694502723 5012.34947561228 Inf
"37" 66.0824513908754 4152.78619368285 329.946575532398 -Inf 3506.10278881702 3610.07237221817 3729.94264326322 3930.24061037395 4152.78619368285 4375.33177699175 4575.62974410247 4695.50001514753 4799.46959854867 Inf 4303.95143105723 361.175660298694 -Inf 3596.06014477932 3709.87033624833 3841.08619816483 4060.34215016546 4303.95143105723 4547.560711949 4766.81666394963 4898.03252586613 5011.84271733514 Inf
"38" 66.2960928041 4143.93644381107 329.93491312181 -Inf 3497.27589684997 3601.24180530474 3721.10783937199 3921.39872667857 4143.93644381107 4366.47416094356 4566.76504825014 4686.6310823174 4790.59699077217 Inf 4302.73805702141 361.16283932303 -Inf 3594.87189939405 3708.67805084083 3839.88925487045 4059.13742374631 4302.73805702141 4546.33869029651 4765.58685917237 4896.79806320199 5010.60421464877 Inf
"39" 66.5072079272566 4132.77436573471 329.944791087094 -Inf 3486.09445831741 3590.06347942135 3709.93310217376 3910.22998601588 4132.77436573471 4355.31874545354 4555.61562929566 4675.48525204806 4779.454273152 Inf 4300.28998295711 361.173138015683 -Inf 3592.40364026306 3706.21303693457 3837.42798250046 4056.68240331938 4300.28998295711 4543.89756259485 4763.15198341377 4894.36692897965 5008.17632565117 Inf
"40" 66.7160803733964 4120.01955973597 329.966440829079 -Inf 3473.2972196041 3577.27306276599 3697.15055091428 3897.46057748807 4120.01955973597 4342.57854198386 4542.88856855765 4662.76605670594 4766.74189986783 Inf 4296.30739792513 361.196168900855 -Inf 3588.37591552561 3702.19256946759 3833.41588220153 4052.68428419141 4296.30739792513 4539.93051165885 4759.19891364874 4890.42222638268 5004.23888032465 Inf
"41" 66.9230218339085 4106.50084368112 329.987934923439 -Inf 3459.73637589843 3563.71899207207 3683.60428906915 3883.92736388689 4106.50084368112 4329.07432347535 4529.39739829308 4649.28269529016 4753.26531146381 Inf 4290.65159999813 361.219203396898 -Inf 3582.67497081597 3696.49888316622 3827.73056438007 4047.01294973293 4290.65159999813 4534.29025026334 4753.5726356162 4884.80431683004 4998.6282291803 Inf
"42" 67.1283473421973 4093.05939359006 329.999853950071 -Inf 3446.27156494444 3550.25793692682 3670.14756413085 3870.47787453453 4093.05939359006 4315.64091264558 4515.97122304926 4635.86085025329 4739.84722223567 Inf 4283.33152080576 361.23212881226 -Inf 3575.329558275 3689.15754355752 3820.3939206014 4039.68415248038 4283.33152080576 4526.97888913114 4746.26912101012 4877.50549805401 4991.33348333653 Inf
"43" 67.3323137063607 4080.45989922737 329.998190978122 -Inf 3433.67532994688 3537.66117790959 3657.55020095248 3857.87950182938 4080.45989922737 4303.04029662537 4503.36959750227 4623.25862054516 4727.24446850786 Inf 4274.47761537778 361.23055951601 -Inf 3566.47872861115 3680.30621939216 3811.54202630749 4030.83130552664 4274.47761537778 4518.12392522893 4737.41320444808 4868.6490113634 4982.47650214441 Inf
"44" 67.5350883967307 4069.31253741409 329.984701932659 -Inf 3422.5544061769 3526.53600360166 3646.42012604653 3846.74123823901 4069.31253741409 4291.88383658918 4492.20494878166 4612.08907122653 4716.07066865129 Inf 4264.30954676482 361.216253599129 -Inf 3556.33869908004 3670.16168191847 3801.3922914647 4020.67288610797 4264.30954676482 4507.94620742166 4727.22680206493 4858.45741161116 4972.28039444959 Inf
"45" 67.7368743313915 4060.00810715258 329.96500827402 -Inf 3413.28857477704 3517.26396652598 3637.14093422407 3837.45009114838 4060.00810715258 4282.56612315677 4482.87528008108 4602.75224777917 4706.72763952812 Inf 4253.09532879486 361.195138569122 -Inf 3545.16586580843 3658.9821950822 3790.2051334945 4009.47291000933 4253.09532879486 4496.71774758039 4715.98552409522 4847.20846250752 4961.02479178129 Inf
"46" 67.9379341163969 4052.69195620298 329.945644504643 -Inf 3406.01037611802 3509.97966614267 3629.84959894343 3830.14700086275 4052.69195620298 4275.2369115432 4475.53431346252 4595.40424626328 4699.37353628793 Inf 4241.11881866744 361.174193774578 -Inf 3533.23040672398 3647.04013607605 3778.25546520132 3997.51052693116 4241.11881866744 4484.72711040373 4703.98217213356 4835.19750125883 4949.00723061091 Inf
"47" 68.138501959156 4047.27331689533 329.931509051489 -Inf 3400.61944178946 3504.58427758642 3624.44907494791 3824.73789577338 4047.27331689533 4269.80873801729 4470.09755884276 4589.96235620425 4693.9271920012 Inf 4228.66512071173 361.158729808727 -Inf 3520.8070175844 3634.61187408066 3765.82158511526 3985.06725926191 4228.66512071173 4472.26298216156 4691.50865630821 4822.7183673428 4936.52322383907 Inf
"48" 68.33907452222 4043.45195166368 329.92466968044 -Inf 3396.81148147874 3500.77416211904 3620.63647472292 3820.92114362739 4043.45195166368 4265.98275969996 4466.26742860443 4586.12974120831 4690.09242184861 Inf 4215.99488612797 361.151082161952 -Inf 3508.15177211288 3621.95421875644 3753.1611513852 3972.40218293751 4215.99488612797 4459.58758931843 4678.82862087075 4810.03555349951 4923.83800014307 Inf
"49" 68.5401825300468 4040.78150993735 329.924812547496 -Inf 3394.14075973813 3498.10348539731 3617.96584990509 3818.2506055387 4040.78150993735 4263.312414336 4463.5971699696 4583.45953447738 4687.42226013657 Inf 4203.3618020636 361.151045379365 -Inf 3495.51876014106 3609.32119519404 3740.52811445961 3959.76912368262 4203.3618020636 4446.95448044459 4666.1954896676 4797.40240893317 4911.20484398615 Inf
"50" 68.7425063180366 4038.7309980032 329.93073618362 -Inf 3392.07863769052 3496.0432299488 3615.9077465258 3816.1960981727 4038.7309980032 4261.2658978337 4461.5542494806 4581.4187660576 4685.38335831588 Inf 4191.01768205353 361.157427812869 -Inf 3483.16213079118 3596.96657701507 3728.17581503188 3947.42069878657 4191.01768205353 4434.61466532049 4653.85954907517 4785.06878709199 4898.87323331588 Inf
"51" 68.9467572890887 4036.75259079653 329.94202667449 -Inf 3390.07810152838 3494.04625153728 3613.91486997288 3814.21007564567 4036.75259079653 4259.2951059474 4459.59031162018 4579.45893005579 4683.42708006469 Inf 4179.23505306031 361.169819330332 -Inf 3471.35521487002 3585.1635657894 3716.37730567006 3935.62971184183 4179.23505306031 4422.84039427879 4642.09280045055 4773.30654033121 4887.1148912506 Inf
"52" 69.1535299047449 4034.3465088326 329.95998964402 -Inf 3387.63681279111 3491.61062311776 3611.48576753723 3811.7918778429 4034.3465088326 4256.9011398223 4457.20725012797 4577.08239454744 4681.05620487409 Inf 4168.32576478795 361.189587617962 -Inf 3460.40718146587 3574.22176157744 3705.44268331774 3924.70709006208 4168.32576478795 4411.94443951381 4631.20884625816 4762.42976799846 4876.24434811003 Inf
"53" 69.3632238477542 4031.12214652772 329.987223810859 -Inf 3384.35907250008 3488.34146459478 3608.2265032432 3808.54914637164 4031.12214652772 4253.69514668381 4454.01778981225 4573.90282846066 4677.88522055536 Inf 4158.6392751233 361.219438552372 -Inf 3450.66218504487 3564.48617149505 3695.71793814136 3915.00046624814 4158.6392751233 4402.27808399846 4621.56061210523 4752.79237875154 4866.61636520173 Inf
"54" 69.5760155987332 4026.84873502896 330.025750787298 -Inf 3380.01014951506 3484.00468185909 3603.90371743746 3804.24974882216 4026.84873502896 4249.44772123576 4449.79375262045 4569.69278819883 4673.68732054285 Inf 4150.53359008639 361.261439408121 -Inf 3442.47417984338 3556.31140119824 3687.55842684202 3906.86645206453 4150.53359008639 4394.20072810826 4613.50875333077 4744.75577897455 4858.59300032941 Inf
"55" 69.7917013571873 4021.485759811 330.074356141273 -Inf 3374.55190955386 3478.56175794835 3598.47845195203 3798.85398979114 4021.485759811 4244.11752983086 4444.49306766997 4564.40976167364 4668.41961006814 Inf 4144.31961054073 361.314191467147 -Inf 3436.15680816191 3550.01065223695 3681.27684281253 3900.61689179575 4144.31961054073 4388.0223292857 4607.36237826893 4738.6285688445 4852.48241291955 Inf
"56" 70.0097409528021 4015.17231553723 330.126640726295 -Inf 3368.1359893765 3472.16231318528 3592.09800228647 3792.50528010068 4015.17231553723 4237.83935097378 4438.24662878799 4558.18231788918 4662.20864169796 Inf 4140.16777764099 361.37075269169 -Inf 3431.89411729914 3545.76578440188 3677.05252378692 3896.4269089298 4140.16777764099 4383.90864635218 4603.28303149505 4734.5697708801 4848.44143798283 Inf
"57" 70.2293885245129 4008.16617327187 330.171386926758 -Inf 3361.04214616979 3465.0825699698 3585.03451545786 3785.46895698175 4008.16617327187 4230.863389562 4431.29783108589 4551.24977657395 4655.29020037396 Inf 4138.00832820299 361.419032606836 -Inf 3429.64004096628 3543.52692157034 3674.83120114808 3894.23489518389 4138.00832820299 4381.78176122208 4601.18545525789 4732.48973483563 4846.37661543969 Inf
"58" 70.449676610672 4000.75105649441 330.195761972501 -Inf 3353.57925518054 3457.62735980993 3577.58816080236 3778.03739948577 4000.75105649441 4223.46471350304 4423.91395218646 4543.87475317888 4647.92285780827 Inf 4137.46196366433 361.445227350464 -Inf 3429.04233567353 3542.93747051262 3674.25126669472 3893.67086255915 4137.46196366433 4381.25306476951 4600.67266063394 4731.98645681604 4845.88159165513 Inf
"59" 70.6695329067856 3993.13459256792 330.19026466163 -Inf 3345.97356578537 3450.01993815517 3569.97874196322 3770.42464343912 3993.13459256792 4215.84454169672 4416.29044317262 4536.24924698067 4640.29561935046 Inf 4137.82973076067 361.439130056414 -Inf 3429.42205324661 3543.31526676519 3674.62684778779 3894.04274221783 4137.82973076067 4381.61671930351 4601.03261373354 4732.34419475614 4846.23740827473 Inf
"60" 70.8880420585996 3985.37210996766 330.152867046411 -Inf 3338.28438116405 3442.31896915794 3562.26418633529 3762.68738514701 3985.37210996766 4208.05683478831 4408.48003360003 4528.42525077738 4632.45983877127 Inf 4138.16776450324 361.398579014609 -Inf 3429.83956557065 3543.72000103595 3675.01684978147 3894.40812722245 4138.16776450324 4381.92740178402 4601.318679225 4732.61552797052 4846.49596343582 Inf
"61" 71.1044957114382 3977.35433171102 330.090143342057 -Inf 3330.38953910893 3434.40436221391 3554.32679174017 3754.71191338605 3977.35433171102 4199.996750036 4400.38187168188 4520.30430120814 4624.31912431312 Inf 4137.43222748026 361.330669789902 -Inf 3429.23712818231 3543.09616474753 3674.36834193173 3893.71839427548 4137.43222748026 4381.14606068503 4600.49611302878 4731.76829021298 4845.6273267782 Inf
"62" 71.3185553521501 3968.84758674745 330.015040127259 -Inf 3322.02999374148 3426.02115104559 3545.9162954191 3746.25582477106 3968.84758674745 4191.43934872383 4391.7788780758 4511.67402244931 4615.66517975342 Inf 4134.65214630486 361.249358932742 -Inf 3426.6164133585 3540.44982803044 3671.69246481262 3890.99315643982 4134.65214630486 4378.3111361699 4597.6118277971 4728.85446457927 4842.68787925121 Inf
"63" 71.5303697192432 3959.56857804123 329.942753533086 -Inf 3312.89266415641 3416.86104320598 3536.72992571081 3737.02557263169 3959.56857804123 4182.11158345077 4382.40723037165 4502.27611287648 4606.24449192606 Inf 4129.07972053323 361.171038579559 -Inf 3421.19749265837 3535.00622777581 3666.22041061223 3885.47355694365 4129.07972053323 4372.68588412282 4591.93903045423 4723.15321329065 4836.96194840809 Inf
"64" 71.7405248250637 3949.27011571725 329.886888088776 -Inf 3302.70369609125 3406.65447136069 3526.50305783444 3726.76479097728 3949.27011571725 4171.77544045721 4372.03717360005 4491.8857600738 4595.83653534324 Inf 4120.29058991636 361.11041680481 -Inf 3412.52717853668 3526.31681110501 3657.50896992569 3876.72531509248 4120.29058991636 4363.85586474024 4583.07220990703 4714.26436872771 4828.05400129603 Inf
"65" 71.9500505135809 3937.81082492055 329.857158981138 -Inf 3291.30267327481 3395.24408059451 3515.08186642217 3715.32555215897 3937.81082492055 4160.29609768212 4360.53978341892 4480.37756924658 4584.31897656628 Inf 4108.23239439582 361.07805306213 -Inf 3400.5324147862 3514.31184920399 3645.49225021025 3864.68894858465 4108.23239439582 4351.77584020698 4570.97253858139 4702.15293958764 4815.93237400543 Inf
"66" 72.1606311402744 3925.1939117587 329.858864088547 -Inf 3278.68241816385 3382.62436278056 3502.46276807726 3702.70748891965 3925.1939117587 4147.68033459775 4347.92505544014 4467.76346073684 4571.70540535354 Inf 4093.22346947663 361.079780487881 -Inf 3385.52010417475 3499.3000829223 3630.48111150588 3849.6788585345 4093.22346947663 4336.76808041876 4555.96582744737 4687.14685603096 4800.92683477851 Inf
"67" 72.374164748064 3911.63503147566 329.893517554627 -Inf 3265.05561833536 3369.00848261816 3488.85947759052 3689.12523522894 3911.63503147566 4134.14482772239 4334.41058536081 4454.26158033317 4558.21444461596 Inf 4075.99197824566 361.117355832248 -Inf 3368.21496662212 3482.00678574986 3613.20146553352 3832.4220231189 4075.99197824566 4319.56193337242 4538.7824909578 4669.97717074146 4783.7689898692 Inf
"68" 72.5926590814366 3897.6205384457 329.959389698542 -Inf 3250.91201827574 3354.88563955336 3474.76056601139 3675.06631211308 3897.6205384457 4120.17476477832 4320.48051088001 4440.35543733804 4544.32905861566 Inf 4057.72844188078 361.188982727661 -Inf 3349.8110441219 3463.62543362627 3594.84613560868 3814.11017514722 4057.72844188078 4301.34670861434 4520.61074815288 4651.83145013529 4765.64583963966 Inf
"69" 72.8182350145834 3883.95808192983 330.051434605649 -Inf 3237.06915705698 3341.07178263819 3460.98014920072 3661.34177225081 3883.95808192983 4106.57439160885 4306.93601465894 4426.84438122147 4530.84700680268 Inf 4040.12965081651 361.289166754668 -Inf 3332.01589597287 3445.86185450182 3577.11895354776 3796.4438109836 4040.12965081651 4283.81549064941 4503.14034808526 4634.3974471312 4748.24340566014 Inf
"70" 73.0531107039076 3871.80772957671 330.160298022833 -Inf 3224.70543632695 3328.74236589847 3448.69028276488 3649.11799263862 3871.80772957671 4094.49746651479 4294.92517638854 4414.87309325495 4518.91002282647 Inf 4025.39907264149 361.407609673442 -Inf 3317.05317394284 3430.93645506227 3562.23658466476 3781.63334427389 4025.39907264149 4269.16480100909 4488.56156061822 4619.86169022071 4733.74497134014 Inf
