"mid_age" "mean_left" "std_left" "min_left" "l.q2.5" "l.q5" "l.q10" "l.q25" "l.q50" "l.q75" "l.q90" "l.q95" "l.q97.5" "max_left" "mean_right" "std_right" "min_right" "r.q2.5" "r.q5" "r.q10" "r.q25" "r.q50" "r.q75" "r.q90" "r.q95" "r.q97.5" "max_right"
"1" 55.8116808228154 4270.53694645509 330.566598971399 -Inf 3622.63831797925 3726.80327718797 3846.89880402654 4047.5731636917 4270.53694645509 4493.50072921847 4694.17508888364 4814.2706157222 4918.43557493092 Inf 4476.00417911035 365.155437945058 -Inf 3760.31267197909 3875.37693260537 4008.03865594474 4229.71057898805 4476.00417911035 4722.29777923265 4943.96970227596 5076.63142561533 5191.69568624161 Inf
"2" 56.1866817249043 4277.38635217952 330.567975623726 -Inf 3629.4850255147 3733.65041852083 3853.74644550002 4054.42164087825 4277.38635217952 4500.35106348079 4701.02625885901 4821.12228583821 4925.28767884433 Inf 4494.4410961596 365.155911205045 -Inf 3778.74866145581 3893.81307121122 4026.47496648691 4248.14717682829 4494.4410961596 4740.73501549092 4962.40722583229 5095.06912110799 5210.1335308634 Inf
"3" 56.5558983764368 4289.14971181444 330.554174337671 -Inf 3641.27543517323 3745.43647925118 3865.5274921947 4066.19430933916 4289.14971181444 4512.10511428973 4712.77193143419 4832.86294437771 4937.02398845565 Inf 4509.86239424278 365.14097617682 -Inf 3794.19923165641 3909.25893522973 4041.91540457889 4263.57854843492 4509.86239424278 4756.14624005063 4977.80938390666 5110.46585325582 5225.52555682914 Inf
"4" 56.9200384889047 4300.66802561976 330.519736212759 -Inf 3652.86124646307 3757.01143873116 3877.08994023291 4077.73585130674 4300.66802561976 4523.60019993278 4724.24611100661 4844.32461250836 4948.47480477644 Inf 4517.11341321532 365.104102580968 -Inf 3801.5225215488 3916.57060587015 4049.21367896592 4270.85443826991 4517.11341321532 4763.37238816072 4985.01314746471 5117.65622056048 5232.70430488183 Inf
"5" 57.2793968313907 4305.89615412071 330.489039579732 -Inf 3658.1495392592 3762.29005870028 3882.35740805197 4082.98468437203 4305.89615412071 4528.80762386939 4729.43490018945 4849.50224954114 4953.64276898222 Inf 4513.23817311725 365.070655472387 -Inf 3797.71283657894 3912.75038136994 4045.38130306221 4267.00175790376 4513.23817311725 4759.47458833074 4981.09504317228 5113.72596486455 5228.76350965556 Inf
"6" 57.6340181659472 4300.57426748301 330.476246935457 -Inf 3652.85272574355 3756.98921408992 3877.05191584757 4077.67142624178 4300.57426748301 4523.47710872425 4724.09661911845 4844.15932087611 4948.29580922248 Inf 4498.3971991643 365.055990216292 -Inf 3782.90060599977 3897.93352961668 4030.55912339118 4252.17067551573 4498.3971991643 4744.62372281287 4966.23527493743 5098.86086871193 5213.89379232884 Inf
"7" 57.9839293582253 4284.05780621042 330.470021511168 -Inf 3636.34846607836 3740.48299272905 3860.54343277723 4061.15916395406 4284.05780621042 4506.95644846679 4707.57217964362 4827.6326196918 4931.76714634249 Inf 4475.70489105451 365.048661929429 -Inf 3760.22266106829 3875.25327546611 4007.87620685889 4229.48331026031 4475.70489105451 4721.9264718487 4943.53357525013 5076.15650664291 5191.18712104073 Inf
"8" 58.3289612489102 4259.55875793608 330.455059765351 -Inf 3611.87874228696 3716.00855433658 3836.06355875166 4036.67020722392 4259.55875793608 4482.44730864824 4683.0539571205 4803.10896153558 4907.2387735852 Inf 4450.08731455394 365.032495709554 -Inf 3734.63676977644 3849.66229003093 3982.27934820271 4203.87663770935 4450.08731455394 4696.29799139853 4917.89528090517 5050.51233907695 5165.53785933144 Inf
"9" 58.6688780741125 4232.81279851973 330.431631756269 -Inf 3585.17870092464 3689.30113056594 3809.34762353703 4009.94004975956 4232.81279851973 4455.6855472799 4656.27797350243 4776.32446647352 4880.44689611482 Inf 4426.60512226106 365.007306320589 -Inf 3711.20394777872 3826.22153059585 3958.82943741069 4180.41143540114 4426.60512226106 4672.79880912098 4894.38080711143 5026.98871392626 5142.00629674339 Inf
"10" 59.0034619523848 4209.86389444993 330.408496698423 -Inf 3562.275140735 3666.39028027994 3786.42836823683 3987.00675004915 4209.86389444993 4432.72103885071 4633.29942066303 4753.33750861991 4857.45264816486 Inf 4408.90373355456 364.981957181012 -Inf 3693.55224247284 3808.56183751353 3941.1605349337 4162.72714442946 4408.90373355456 4655.08032267966 4876.64693217542 5009.2456295956 5124.25522463629 Inf
"11" 59.3325427968773 4194.97681915996 330.386482470917 -Inf 3547.43121253809 3651.53941517193 3771.56950531458 3972.13452312999 4194.97681915996 4417.81911518993 4618.38413300534 4738.41422314799 4842.52242578183 Inf 4398.3535465785 364.957334878061 -Inf 3683.05031432377 3798.05215062178 3930.64190270853 4152.19356494437 4398.3535465785 4644.51352821263 4866.06519044846 4998.65494253522 5113.65677883322 Inf
"12" 59.655916022025 4189.4702859344 330.358036932118 -Inf 3541.9804315441 3646.07967069404 3766.09942651381 3966.64717612879 4189.4702859344 4412.29339574002 4612.841145355 4732.86090117477 4836.96014032471 Inf 4394.08540435251 364.92577051559 -Inf 3678.84403711142 3793.83592715188 3926.41421184068 4147.94671255734 4394.08540435251 4640.22409614768 4861.75659686433 4994.33488155314 5109.3267715936 Inf
"13" 59.9733548959454 4191.73686749117 330.321009248179 -Inf 3544.31958602782 3648.40715737103 3768.41346095689 3968.93873247885 4191.73686749117 4414.53500250349 4615.06027402545 4735.06657761131 4839.15414895452 Inf 4393.74090931493 364.885335205768 -Inf 3678.5787938248 3793.55794228032 3926.12153673771 4147.62949072178 4393.74090931493 4639.85232790808 4861.36028189215 4993.92387634954 5108.90302480506 Inf
"14" 60.2846387701675 4198.23758311062 330.285879890512 -Inf 3550.8891539231 3654.96565564186 3774.95919665966 3975.46314248998 4198.23758311062 4421.01202373127 4621.51596956158 4741.50951057939 4845.58601229815 Inf 4394.54298857778 364.847297824524 -Inf 3679.45542498495 3794.42258746767 3926.97236286604 4148.4572258084 4394.54298857778 4640.62875134716 4862.11361428951 4994.66338968789 5109.6305521706 Inf
"15" 60.5895180769988 4204.930296613 330.26631797599 -Inf 3557.6202080734 3661.69054563028 3781.67697976422 3982.16905030319 4204.930296613 4427.6915429228 4628.18361346178 4748.17004759571 4852.24038515259 Inf 4394.24460895118 364.826082826459 -Inf 3679.19862599049 3794.15910340758 3926.70117135342 4148.17315548054 4394.24460895118 4640.31606242181 4861.78804654893 4994.33011449478 5109.29059191186 Inf
"16" 60.8878145873334 4208.55712128391 330.264268831866 -Inf 3561.251048993 3665.32074084334 3785.30643051899 3985.79725710081 4208.55712128391 4431.31698546701 4631.80781204883 4751.79350172448 4855.86319357482 Inf 4391.65651897298 364.823531387178 -Inf 3676.6155367414 3791.57521017354 3924.11635117624 4145.58678642199 4391.65651897298 4637.72625152397 4859.19668676973 4991.73782777243 5106.69750120457 Inf
"17" 61.1793111215852 4207.39581987104 330.266196565218 -Inf 3560.08596929219 3664.15626859127 3784.14265861642 3984.63465545156 4207.39581987104 4430.15698429052 4630.64898112565 4750.6353711508 4854.70567044989 Inf 4386.68231529046 364.825034378138 -Inf 3671.63838725072 3786.59853429088 3919.14022133329 4140.61156898747 4386.68231529046 4632.75306159345 4854.22440924762 4986.76609629003 5101.7262433302 Inf
"18" 61.4640165516248 4201.37393910264 330.253798465713 -Inf 3554.08838835229 3658.15478088181 3778.13666665185 3978.62113707419 4201.37393910264 4424.12674113108 4624.61121155342 4744.59309732347 4848.65948985298 Inf 4379.98145132837 364.811010677188 -Inf 3664.96500923743 3779.92073726417 3912.45732946711 4133.92016386793 4379.98145132837 4626.04273878881 4847.50557318963 4980.04216539258 5094.99789341932 Inf
"19" 61.742109489971 4191.67675802528 330.218186785526 -Inf 3544.46100488553 3648.51617580577 3768.48512377899 3968.94797571011 4191.67675802528 4414.40554034045 4614.86839227157 4734.83734024479 4838.89251116503 Inf 4372.49099847218 364.772012175497 -Inf 3657.55099204 3772.49443123493 3905.01685520182 4126.45601510141 4372.49099847218 4618.52598184296 4839.96514174255 4972.48756570944 5087.43100490436 Inf
"20" 62.0138557830825 4180.13392391059 330.165404347173 -Inf 3533.02162244903 3637.06016107625 3757.00993308081 3957.44074280908 4180.13392391059 4402.82710501211 4603.25791474038 4723.20768674494 4827.24622537216 Inf 4365.01763947437 364.714559127531 -Inf 3650.190238947 3765.11557409144 3897.61712524757 4119.02140759556 4365.01763947437 4611.01387135317 4832.41815370116 4964.91970485729 5079.84504000173 Inf
"21" 62.2796489987452 4168.62245907956 330.110671679469 -Inf 3521.61743167547 3625.63872347219 3745.56861098575 3945.96619460141 4168.62245907956 4391.2787235577 4591.67630717336 4711.60619468692 4815.62748648364 Inf 4358.00692972768 364.654971800804 -Inf 3643.29631821463 3758.20287677524 3890.68277973273 4112.05088888999 4358.00692972768 4603.96297056536 4825.33107972262 4957.81098268012 5072.71754124072 Inf
"22" 62.5400281652933 4158.63974291648 330.067831225775 -Inf 3511.71868125871 3615.72647358475 3735.64079707317 3936.01237388524 4158.63974291648 4381.26711194771 4581.63868875978 4701.5530122482 4805.56080457424 Inf 4351.5075080179 364.608108863236 -Inf 3636.8887461747 3751.78053773829 3884.24341529396 4105.58307575127 4351.5075080179 4597.43194028453 4818.77160074184 4951.23447829751 5066.1262698611 Inf
"23" 62.7956440801027 4151.09799707202 330.042218568381 -Inf 3504.22713530029 3608.2268568127 3728.13187516989 3928.48790351567 4151.09799707202 4373.70809062836 4574.06411897414 4693.96913733133 4797.96885884374 Inf 4345.27887047411 364.579774277061 -Inf 3630.71564339933 3745.59850644134 3878.05108998345 4099.37354959543 4345.27887047411 4591.18419135279 4812.50665096478 4944.95923450689 5059.8420975489 Inf
"24" 63.0471499051757 4146.30808754704 330.030624751715 -Inf 3499.45994923843 3603.45601741912 3723.35682371882 3923.7058139012 4146.30808754704 4368.91036119288 4569.25935137527 4689.16015767496 4793.15622585566 Inf 4338.96610568682 364.566670365044 -Inf 3624.42856180765 3739.30729567126 3871.75511853512 4093.06962326249 4338.96610568682 4584.86258811116 4806.17709283853 4938.62491570239 5053.50364956599 Inf
"25" 63.2952392991279 4144.08039515411 330.026411395869 -Inf 3497.24051487121 3601.23525537984 3721.13453095867 3921.4809633736 4144.08039515411 4366.67982693462 4567.02625934956 4686.92553492839 4790.92027543702 Inf 4332.26892615928 364.561815902881 -Inf 3617.74089685111 3732.61810102341 3865.06416025116 4086.37571801992 4332.26892615928 4578.16213429864 4799.4736920674 4931.91975129515 5046.79695546745 Inf
"26" 63.5404966385218 4143.88600959401 330.025148665483 -Inf 3497.04860421719 3601.04294682639 3720.94176365267 3921.2874295122 4143.88600959401 4366.48458967582 4566.83025553535 4686.72907236163 4790.72341497083 Inf 4325.06908171695 364.560507936558 -Inf 3610.54361597567 3725.42040799423 3857.86599203512 4079.17675578746 4325.06908171695 4570.96140764643 4792.27217139878 4924.71775543967 5039.59454745823 Inf
"27" 63.7834233453282 4145.02157202363 330.026889666022 -Inf 3498.18075434846 3602.17564556496 3722.07509490033 3922.42181765481 4145.02157202363 4367.62132639246 4567.96804914694 4687.8674984823 4791.86238969881 Inf 4317.48511374906 364.562715210014 -Inf 3602.9553218313 3717.83280938459 3850.27919533247 4071.59129903625 4317.48511374906 4563.37892846187 4784.69103216564 4917.13741811353 5032.01490566682 Inf
"28" 64.0242689742641 4146.75115374019 330.034131539791 -Inf 3499.89614225325 3603.89331545919 3723.79539578222 3924.14651480174 4146.75115374019 4369.35579267865 4569.70691169816 4689.6089920212 4793.60616522714 Inf 4309.86022175187 364.570917142963 -Inf 3595.31435434093 3710.19442640825 3842.64379213528 4063.96087491936 4309.86022175187 4555.75956858439 4777.07665136847 4909.5260170955 5024.40608916282 Inf
"29" 64.2630440312879 4148.40993184842 330.047483254174 -Inf 3501.52875148215 3605.53013195159 3725.43706297998 3925.79628731547 4148.40993184842 4371.02357638137 4571.38280071686 4691.28973174525 4795.29111221469 Inf 4302.68042702425 364.585543003544 -Inf 3588.10589345332 3702.99057428079 3835.44525361312 4056.77121519868 4302.68042702425 4548.58963884981 4769.91560043537 4902.3702797677 5017.25496059517 Inf
"30" 64.4995714372867 4149.46671307384 330.062528310497 -Inf 3502.55604493904 3606.56216626155 3726.47456318992 3926.84292080461 4149.46671307384 4372.09050534308 4572.45886295777 4692.37125988614 4796.37738120865 Inf 4296.44801558904 364.601701716775 -Inf 3581.84181152214 3696.73158412752 3829.19213395368 4050.52790487702 4296.44801558904 4542.36812630105 4763.7038972244 4896.16444705055 5011.05421965593 Inf
"31" 64.7335096761416 4149.5457498382 330.070450330151 -Inf 3502.61955483019 3606.62817246315 3726.54344747759 3926.91661424791 4149.5457498382 4372.1748854285 4572.54805219882 4692.46332721326 4796.47194484622 Inf 4291.54715207407 364.609900793686 -Inf 3576.92487811173 3691.81723433116 3824.28076289886 4045.62151116872 4291.54715207407 4537.47279297943 4758.81354124928 4891.27706981699 5006.16942603642 Inf
"32" 64.9644001482202 4148.41800129387 330.06227228749 -Inf 3501.50783495494 3605.51387560195 3725.42617951663 3925.79438170953 4148.41800129387 4371.04162087821 4571.40982307111 4691.32212698579 4795.3281676328 Inf 4288.13873438933 364.600573083099 -Inf 3573.53474240379 3688.42415936501 3820.88429915623 4042.21938492916 4288.13873438933 4534.0580838495 4755.39316962244 4887.85330941365 5002.74272637487 Inf
"33" 65.1918382870107 4145.97487395587 330.033935893105 -Inf 3499.12024592938 3603.11735748502 3723.01936672921 3923.3703669791 4145.97487395587 4368.57938093264 4568.93038118252 4688.83239042671 4792.82950198235 Inf 4286.11452216729 364.569464057567 -Inf 3571.57150275139 3686.45111693645 3818.89995475456 4040.21615542599 4286.11452216729 4532.0128889086 4753.32908958002 4885.77792739814 5000.65754158319 Inf
"34" 65.4155285881794 4142.19819092685 329.988897552982 -Inf 3495.43183642493 3599.41475593311 3719.30040265549 3919.62406184886 4142.19819092685 4364.77232000485 4565.09597919821 4684.98162592059 4788.96454542878 Inf 4285.12463251232 364.520363750016 -Inf 3570.67784793085 3685.54199010043 3817.9729896756 4039.25938342519 4285.12463251232 4530.98988159945 4752.27627534904 4884.7072749242 4999.57141709379 Inf
"35" 65.6353459395553 4137.13694510016 329.936797268009 -Inf 3490.47270528037 3594.43920744913 3714.30592603058 3914.59795713037 4137.13694510016 4359.67593306996 4559.96796416975 4679.8346827512 4783.80118491995 Inf 4284.65852017036 364.463667016906 -Inf 3570.32285914383 3685.16913558557 3817.57953712072 4038.83151244858 4284.65852017036 4530.48552789214 4751.73750322001 4884.14790475515 4998.9941811969 Inf
"36" 65.8513468762837 4130.89437144919 329.889308576865 -Inf 3484.32320775371 3588.27474574401 3708.12421158608 3908.38741411482 4130.89437144919 4353.40132878355 4553.66453131229 4673.51399715436 4777.46553514466 Inf 4284.14921906949 364.411942752457 -Inf 3569.9149357384 3684.74491332868 3817.13652333193 4038.35709883392 4284.14921906949 4529.94133930506 4751.16191480705 4883.5535248103 4998.38350240058 Inf
"37" 66.0637654618876 4123.62260964567 329.855633241381 -Inf 3477.11744839491 3581.05837493821 3700.89560646148 3901.13836597992 4123.62260964567 4346.10685331142 4546.34961282987 4666.18684435313 4770.12777089643 Inf 4283.07022720246 364.37512441223 -Inf 3568.90810649219 3683.72648224211 3816.10471606646 4037.30294055999 4283.07022720246 4528.83751384493 4750.03573833846 4882.41397216281 4997.23234791273 Inf
"38" 66.2729269982274 4115.52290750563 329.839739251383 -Inf 3469.04889790284 3572.98481608526 3692.8162732892 3893.04938417322 4115.52290750563 4337.99643083804 4538.22954172206 4658.060998926 4761.99691710842 Inf 4281.00650677784 364.357548177813 -Inf 3566.878834854 3681.69167215041 3814.06352049257 4035.25107512533 4281.00650677784 4526.76193843035 4747.9494930631 4880.32134140526 4995.13417870167 Inf
"39" 66.4793733833558 4106.83605927004 329.840070903025 -Inf 3460.36139964197 3564.29742233127 3684.12900002493 3884.362312242 4106.83605927004 4329.30980629808 4529.54311851515 4649.37469620881 4753.31071889811 Inf 4277.69064819089 364.35761674718 -Inf 3563.56284187357 3678.3757007769 3810.74757403045 4031.93517028905 4277.69064819089 4523.44612609274 4744.63372235134 4877.00559560489 4991.81845450822 Inf
"40" 66.6836614227917 4097.84098199926 329.851271463588 -Inf 3451.34436967588 3555.28392177782 3675.11956865822 3875.35968030793 4097.84098199926 4320.3222836906 4520.5623953403 4640.3980422207 4744.33759432264 Inf 4273.01154846239 364.369613445403 -Inf 3558.86022904862 3673.67686823582 3806.05309991456 4027.24797891056 4273.01154846239 4518.77511801423 4739.96999701023 4872.34622868897 4987.16286787617 Inf
"41" 66.8863647016036 4088.84133408507 329.86670778303 -Inf 3442.31446713153 3546.25888337761 3666.10013830468 3866.34962075449 4088.84133408507 4311.33304741565 4511.58252986545 4631.42378479252 4735.3682010386 Inf 4267.0007399796 364.386387068119 -Inf 3552.81654486941 3667.63846959886 3800.02079516931 4021.22585679117 4267.0007399796 4512.77562316803 4733.98068478989 4866.36301036034 4981.18493508978 Inf
"42" 67.0880497472498 4080.14729502534 329.880747231124 -Inf 3433.59291125917 3537.54175148076 3657.38810696827 3857.64611223092 4080.14729502534 4302.64847781976 4502.90648308241 4622.75283856991 4726.7016787915 Inf 4259.80447729582 364.401797447075 -Inf 3545.5900783979 3660.41685909737 3792.80478329026 4014.01919996474 4259.80447729582 4505.5897546269 4726.80417130139 4859.19209549428 4974.01887619375 Inf
"43" 67.2892048492293 4072.05435855365 329.890079646853 -Inf 3425.48168358877 3529.43346455121 3649.28321052459 3849.54688114048 4072.05435855365 4294.56183596682 4494.8255065827 4614.67525255608 4718.62703351853 Inf 4251.65014302954 364.41216371743 -Inf 3537.41542661506 3652.24547383369 3784.63716411397 4005.85787375536 4251.65014302954 4497.44241230373 4718.66312194511 4851.05481222539 4965.88485944402 Inf
"44" 67.4901645440932 4064.81756821528 329.893907659982 -Inf 3418.23739048253 3522.19037769156 3642.04151439 3842.30750884649 4064.81756821528 4287.32762758407 4487.59362204055 4607.44475873899 4711.39774594803 Inf 4242.81131611063 364.416513665524 -Inf 3528.56807395456 3643.39949188689 3775.79276251228 3997.01611284105 4242.81131611063 4488.60651938022 4709.82986970899 4842.22314033438 4957.05455826671 Inf
"45" 67.6911808074399 4058.61834188157 329.893253230008 -Inf 3412.039446808 3515.99222779937 3635.84312674205 3836.10872391909 4058.61834188157 4281.12795984405 4481.39355702109 4601.24445596377 4705.19723695514 Inf 4233.56754854234 364.415881398987 -Inf 3519.3255456059 3634.15676430449 3766.54980522615 3987.77277173005 4233.56754854234 4479.36232535462 4700.58529185852 4832.97833278018 4947.80955147877 Inf
"46" 67.8924994513799 4053.53698311943 329.889880615811 -Inf 3406.96469824822 3510.91641649392 3630.76609015891 3831.02963995065 4053.53698311943 4276.0443262882 4476.30787607994 4596.15754974493 4700.10926799063 Inf 4224.1683265904 364.4121707243 -Inf 3509.93359644271 3624.76364586928 3757.15533869517 3978.37605259016 4224.1683265904 4469.96060059065 4691.18131448564 4823.57300731153 4938.40305673809 Inf
"47" 68.0942758180475 4049.53970909935 329.885417304794 -Inf 3402.97617215699 3506.92648396716 3626.77453610206 3827.03537638811 4049.53970909935 4272.04404181059 4472.30488209665 4592.15293423154 4696.10324604172 Inf 4214.81544707467 364.407200112813 -Inf 3500.59045914648 3615.41894228188 3747.80882927437 3969.02652570093 4214.81544707467 4460.60436844842 4681.82206487497 4814.21195186746 4929.04043500286 Inf
"48" 68.2968507953519 4046.47154816478 329.881030212567 -Inf 3399.91660976518 3503.86553915715 3623.7119974524 3823.97017450228 4046.47154816478 4268.97292182728 4469.23109887716 4589.07755717241 4693.02648656438 Inf 4205.64326736677 364.402319382094 -Inf 3491.42784549501 3606.25479066161 3738.64290447457 3959.85763799587 4205.64326736677 4451.42889673768 4672.64363025898 4805.03174407194 4919.85868923854 Inf
"49" 68.5005629828537 4044.07456837596 329.877682095147 -Inf 3397.52619216592 3501.47406653141 3621.3193084487 3821.57545298434 4044.07456837596 4266.57368376758 4466.82982830322 4586.67507022051 4690.622944586 Inf 4196.73581449353 364.398646170953 -Inf 3482.52759198331 3597.35337968303 3729.74015901081 3950.95266266589 4196.73581449353 4442.51896632117 4663.73146997625 4796.11824930403 4910.94403700375 Inf
"50" 68.7058566831923 4042.01145566859 329.876650373844 -Inf 3395.46510159515 3499.41265085457 3619.25751794538 3819.51303616242 4042.01145566859 4264.50987517477 4464.7653933918 4584.61026048261 4688.55780974204 Inf 4188.14237719103 364.397598736564 -Inf 3473.93620761449 3588.76166525678 3721.14806404949 3942.35993184715 4188.14237719103 4433.92482253491 4655.13669033257 4787.52308912527 4902.34854676757 Inf
"51" 68.9132141768732 4039.90111926157 329.879885358133 -Inf 3393.34842473543 3497.29699337191 3617.14303573918 3817.40051779165 4039.90111926157 4262.40172073149 4462.65920278396 4582.50524515123 4686.45381378771 Inf 4179.90784950058 364.401280680584 -Inf 3465.69446344637 3580.52108130736 3712.90881775792 3934.1229207232 4179.90784950058 4425.69277827796 4646.90688124324 4779.2946176938 4894.1212355548 Inf
"52" 69.123043943938 4037.36038192699 329.88984692336 -Inf 3390.78816309177 3494.73987072063 3614.58953214508 3814.85306148342 4037.36038192699 4259.86770237055 4460.13123170889 4579.98089313334 4683.9326007622 Inf 4172.10398095688 364.412324524769 -Inf 3457.86894936581 3572.69904725649 3705.09079595841 3926.31160321979 4172.10398095688 4417.89635869396 4639.11716595534 4771.50891465726 4886.33901254795 Inf
"53" 69.3356410771514 4034.04890002506 329.908700430894 -Inf 3387.4397289941 3491.39737755846 3611.25388850107 3811.52886308391 4034.04890002506 4256.56893696621 4456.84391154906 4576.70042249167 4680.65807105603 Inf 4164.84858097026 364.433047194786 -Inf 3450.57293369229 3565.40956151094 3697.80883880159 3919.04222600465 4164.84858097026 4410.65493593587 4631.88832313893 4764.28760042958 4879.12422824823 Inf
"54" 69.5511530663896 4029.71293598944 329.937073853495 -Inf 3383.04815407206 3487.01474339577 3606.88156246129 3807.17376146557 4029.71293598944 4252.25211051331 4452.54430951759 4572.41112858312 4676.37771790682 Inf 4158.30685154333 364.464116336627 -Inf 3443.97030986632 3558.81672789336 3691.22729266729 3912.47954076 4158.30685154333 4404.13416232665 4625.38641041936 4757.79697519329 4872.64339322033 Inf
"55" 69.7694067951981 4024.22342399515 329.972851900264 -Inf 3377.48851839466 3481.46638175148 3601.34619905515 3801.66011754545 4024.22342399515 4246.78673044485 4447.10064893515 4566.98046623882 4670.95832959564 Inf 4152.67031925575 364.503231871289 -Inf 3438.25711253957 3553.11585627673 3685.54063180503 3906.81662544522 4152.67031925575 4398.52401306628 4619.80000670647 4752.22478223477 4867.08352597193 Inf
"56" 69.9899647436289 4017.59126906622 330.01071599808 -Inf 3370.78215119771 3474.77194592393 3594.66551933239 3795.00242367064 4017.59126906622 4240.18011446179 4440.51701880005 4560.41059220851 4664.40038693473 Inf 4148.09842355337 364.544600745909 -Inf 3433.60413533285 3548.47591483088 3680.91571975662 3902.21682686093 4148.09842355337 4393.98002024581 4615.28112735012 4747.72093227585 4862.59271177388 Inf
"57" 70.2122087860132 4009.95112176814 330.042943507366 -Inf 3363.07883914212 3467.07878909031 3586.98407081933 3787.34053924788 4009.95112176814 4232.5617042884 4432.91817271695 4552.82345444597 4656.82340439417 Inf 4144.64073844533 364.579789139974 -Inf 3430.07748223977 3544.96034996524 3677.41293890707 3898.73540754177 4144.64073844533 4390.54606934889 4611.86853798358 4744.32112692542 4859.20399465089 Inf
"58" 70.4352831302606 4001.51992637279 330.061430706679 -Inf 3354.61140950193 3458.61718495812 3578.52918312475 3778.89687442608 4001.51992637279 4224.1429783195 4424.51066962082 4544.42266778746 4648.42844324364 Inf 4142.16413750362 364.599934422549 -Inf 3427.56139726975 3542.45061298242 3674.91052074694 3896.24521881344 4142.16413750362 4388.08305619379 4609.41775426029 4741.87766202481 4856.76687773748 Inf
"59" 70.6582098523712 3992.53239482151 330.060349860562 -Inf 3345.62599637012 3449.63143124049 3569.54303673351 3769.91007189443 3992.53239482151 4215.15471774859 4415.52175290951 4535.43335840253 4639.4387932729 Inf 4140.30924333232 364.598671033367 -Inf 3425.70897929576 3540.5977969014 3673.05724567403 3894.39117678521 4140.30924333232 4386.22730987944 4607.56124099062 4740.02068976324 4854.90950736889 Inf
"60" 70.880133453185 3983.17271648234 330.038295556848 -Inf 3336.30954367193 3440.30802900277 3560.21162212179 3760.56526895706 3983.17271648234 4205.78016400762 4406.13381084289 4526.0374039619 4630.03588929275 Inf 4138.50659944607 364.574491211452 -Inf 3423.95372698961 3538.83492528293 3671.28558947641 3892.604841941 4138.50659944607 4384.40835695115 4605.72760941573 4738.17827360922 4853.05947190253 Inf
"61" 71.1003642468362 3973.53766425437 329.998948653316 -Inf 3326.75160995779 3430.73769667179 3550.62699497964 3750.95675581222 3973.53766425437 4196.11857269651 4396.4483335291 4516.33763183695 4620.32371855095 Inf 4136.05831899251 364.531456652665 -Inf 3421.58979272136 3536.45743037947 3668.89246002903 3890.18558785624 4136.05831899251 4381.93105012878 4603.22417795598 4735.65920760555 4850.52684526365 Inf
"62" 71.3185205127071 3963.63019893037 329.950032418545 -Inf 3316.9400186922 3420.91069139397 3540.7822183329 3741.0822839872 3963.63019893037 4186.17811387355 4386.47817952785 4506.34970646677 4610.32037916854 Inf 4132.2598119195 364.47802337858 -Inf 3417.89601294113 3532.74681322114 3665.16243045208 3886.42312097892 4132.2598119195 4378.09650286008 4599.35719338692 4731.77281061786 4846.62361089786 Inf
"63" 71.5346278175291 3953.38462249042 329.901109034723 -Inf 3306.79033032254 3410.74558675934 3530.59933973207 3730.86970586818 3953.38462249042 4175.89953911266 4376.16990524876 4496.02365822149 4599.97891465829 Inf 4126.52596303785 364.42461317791 -Inf 3412.26684612921 3527.10081630178 3659.49702949671 3880.72529673018 4126.52596303785 4372.32662934552 4593.55489657899 4725.95110977392 4840.7850799465 Inf
"64" 71.749170626907 3942.70990027823 329.861231418381 -Inf 3296.19376680217 3400.13645738903 3519.97572274154 3720.22188069948 3942.70990027823 4165.19791985699 4365.44407781493 4485.28334316744 4589.22603375429 Inf 4118.48917614816 364.381062806487 -Inf 3404.31541639901 3519.13566339847 3651.5160546537 3872.71788411963 4118.48917614816 4364.26046817669 4585.46229764262 4717.84268889784 4832.6629358973 Inf
"65" 71.9630651120903 3931.53906343907 329.83731135096 -Inf 3285.06981243367 3389.00496555952 3508.83554070223 3709.06717770062 3931.53906343907 4154.01094917753 4354.24258617592 4474.07316131862 4578.00831444448 Inf 4108.05888542198 364.354885161068 -Inf 3393.93643291506 3508.74843106731 3641.11931192999 3862.30524994697 4108.05888542198 4353.81252089699 4574.99845891397 4707.36933977665 4822.1813379289 Inf
"66" 72.1777847516679 3919.8655389205 329.833515853046 -Inf 3273.40372695431 3377.33768407946 3497.16688030995 3697.39621320648 3919.8655389205 4142.33486463452 4342.56419753105 4462.39339376154 4566.32735088669 Inf 4095.43964980824 364.350650221526 -Inf 3381.3254976303 3496.13616130923 3628.50550360965 3849.68887075654 4095.43964980824 4341.19042885993 4562.37379600683 4694.74313830724 4809.55380198618 Inf
"67" 72.3951262774207 3907.79437090707 329.851551500772 -Inf 3261.2972097209 3365.23685006546 3485.07259868394 3685.31288033353 3907.79437090707 4130.27586148062 4330.5161431302 4450.35189174869 4554.29153209325 Inf 4081.15365016166 364.370304266467 -Inf 3367.00097676348 3481.81783363555 3614.194316291 3835.3896146581 4081.15365016166 4326.91768566522 4548.11298403231 4680.48946668777 4795.30632355983 Inf
"68" 72.6170768578428 3895.59005918356 329.891199230014 -Inf 3249.015189876 3352.9673236307 3472.81747635095 3673.08182662302 3895.59005918356 4118.09829174409 4318.36264201617 4438.21279473641 4542.16492849111 Inf 4066.06711655054 364.413714616259 -Inf 3351.82936043022 3466.65989635313 3599.05215007815 3820.273801211 4066.06711655054 4311.86043189009 4533.08208302293 4665.47433674795 4780.30487267087 Inf
"69" 72.845786737269 3883.71841113363 329.950587364658 -Inf 3237.02714322106 3340.9979907921 3460.86971934409 3661.17012188499 3883.71841113363 4106.26670038227 4306.56710292317 4426.43883147516 4530.4096790462 Inf 4051.40486870396 364.478890757129 -Inf 3337.03936969488 3451.89044329485 3584.3063756462 3805.56759272544 4051.40486870396 4297.24214468248 4518.50336176172 4650.91929411308 4765.77036771304 Inf
"70" 73.0836052575064 3872.87540644073 330.025753760887 -Inf 3226.03681509871 3330.03134837974 3449.93038503843 3650.27641822827 3872.87540644073 4095.47439465318 4295.82042784303 4415.71946450172 4519.71399778275 Inf 4038.72398702757 364.561429321943 -Inf 3324.19671540411 3439.07379776076 3571.51971654285 3792.83103963308 4038.72398702757 4284.61693442205 4505.92825751228 4638.37417629438 4753.25125865102 Inf
