"mid_age" "mean_left" "std_left" "min_left" "l.q2.5" "l.q5" "l.q10" "l.q25" "l.q50" "l.q75" "l.q90" "l.q95" "l.q97.5" "max_left" "mean_right" "std_right" "min_right" "r.q2.5" "r.q5" "r.q10" "r.q25" "r.q50" "r.q75" "r.q90" "r.q95" "r.q97.5" "max_right"
"1" 30 3.35953201842997e-09 2333.93632688122 -Inf -4574.43114289354 -3838.98363234102 -2991.05975359269 -1574.21613008832 3.35953201842997e-09 1574.21613009504 2991.05975359941 3838.98363234773 4574.43114290026 Inf 2.64164725137618e-09 2454.81210943924 -Inf -4811.34332331106 -4037.80660169289 -3145.96830196706 -1655.74560647135 2.64164725137618e-09 1655.74560647663 3145.96830197234 4037.80660169817 4811.34332331635 Inf
"2" 30.7070707070707 3.4598890432305e-08 2333.93632688122 -Inf -4574.4311428623 -3838.98363230978 -2991.05975356145 -1574.21613005708 3.4598890432305e-08 1574.21613012628 2991.05975363064 3838.98363237897 4574.4311429315 Inf 2.73723862103961e-08 2454.81210943924 -Inf -4811.34332328633 -4037.80660166816 -3145.96830194233 -1655.74560644662 2.73723862103961e-08 1655.74560650136 3145.96830199707 4037.8066017229 4811.34332334108 Inf
"3" 31.4141414141414 3.22235871971766e-07 2333.93632688122 -Inf -4574.43114257466 -3838.98363202214 -2991.05975327381 -1574.21612976944 3.22235871971766e-07 1574.21613041391 2991.05975391828 3838.98363266661 4574.43114321913 Inf 2.56628884265555e-07 2454.81210943924 -Inf -4811.34332305708 -4037.8066014389 -3145.96830171307 -1655.74560621736 2.56628884265555e-07 1655.74560673062 3145.96830222633 4037.80660195215 4811.34332357033 Inf
"4" 32.1212121212121 2.71378686476129e-06 2333.93632688122 -Inf -4574.43114018311 -3838.98362963059 -2991.05975088226 -1574.21612737789 2.71378686476129e-06 1574.21613280546 2991.05975630983 3838.98363505816 4574.43114561068 Inf 2.17687095371122e-06 2454.81210943924 -Inf -4811.34332113683 -4037.80659951866 -3145.96829979283 -1655.74560429712 2.17687095371122e-06 1655.74560865086 3145.96830414657 4037.8066038724 4811.34332549058 Inf
"5" 32.8282828282828 2.06643462805759e-05 2333.93632688122 -Inf -4574.43112223255 -3838.98361168003 -2991.0597329317 -1574.21610942733 2.06643462805759e-05 1574.21615075602 2991.05977426039 3838.98365300872 4574.43116356124 Inf 1.67057333549981e-05 2454.81210943924 -Inf -4811.34330660797 -4037.80658498979 -3145.96828526397 -1655.74558976826 1.67057333549981e-05 1655.74562317972 3145.96831867543 4037.80661840126 4811.34334001944 Inf
"6" 33.5353535353535 0.000142251195923178 2333.93632688122 -Inf -4574.43100064569 -3838.98349009317 -2991.05961134484 -1574.21598784048 0.000142251195923178 1574.21627234287 2991.05989584724 3838.98377459556 4574.43128514809 Inf 0.000115975281581171 2454.81210943923 -Inf -4811.34320733841 -4037.80648572024 -3145.96818599441 -1655.7454904987 0.000115975281581171 1655.74572244927 3145.96841794498 4037.8067176708 4811.34343928898 Inf
"7" 34.2424242424242 0.000885137612739363 2333.93632688106 -Inf -4574.43025775897 -3838.9827472065 -2991.05886845823 -1574.21524495396 0.000885137612739363 1574.21701522918 2991.06063873345 3838.98451748172 4574.4320280342 Inf 0.000728250331010815 2454.81210943908 -Inf -4811.34259506307 -4037.80587344494 -3145.96757371917 -1655.74487822355 0.000728250331010815 1655.74633472421 3145.96903021983 4037.8073299456 4811.34405156373 Inf
"8" 34.9494949494949 0.00497741646957282 2333.93632687637 -Inf -4574.42616547092 -3838.97865491993 -2991.05477617336 -1574.21115267193 0.00497741646957282 1574.22110750487 2991.0647310063 3838.98860975286 4574.43612030386 Inf 0.00413564471129524 2454.81210943443 -Inf -4811.33918765956 -4037.8024660429 -3145.96416631882 -1655.74147082603 0.00413564471129524 1655.74974211545 3145.97243760824 4037.81073733232 4811.34745894898 Inf
"9" 35.6565656565657 0.025289224555666 2333.93632676083 -Inf -4574.40585343638 -3838.9583429218 -2991.0344642172 -1574.19084078592 0.025289224555666 1574.24141923503 2991.08504266632 3839.00892137091 4574.45643188549 Inf 0.0212355972722927 2454.81210931957 -Inf -4811.32208748188 -4037.78536590141 -3145.94706621906 -1655.724370796 0.0212355972722927 1655.76684199054 3145.98953741361 4037.82783709596 4811.36455867643 Inf
"10" 36.3636363636364 0.116060465144564 2333.9363244478 -Inf -4574.31507766233 -3838.86756787661 -2990.94369001235 -1574.10006798521 0.116060465144564 1574.3321889155 2991.17581094264 3839.0996888069 4574.54719859262 Inf 0.0985668485829912 2454.81210701506 -Inf -4811.24475171382 -4037.70803085953 -3145.86973201441 -1655.64703799032 0.0985668485829912 1655.84417168749 3146.06686571157 4037.90516455669 4811.44188541098 Inf
"11" 37.0707070707071 0.480955037922241 2333.93628684971 -Inf -4573.95010939864 -3838.50261146047 -2990.57874725567 -1573.73514805291 0.480955037922241 1574.69705812875 2991.54065733151 3839.46452153631 4574.91201947449 Inf 0.41342694489922 2454.81206946582 -Inf -4810.92981802235 -4037.39310900021 -3145.55482379681 -1655.33215256743 0.41342694489922 1656.15900645723 3146.38167768661 4038.21996289001 4811.75667191215 Inf
"12" 37.7777777777778 1.7989610253214 2333.93579147241 -Inf -4572.63113248959 -3837.18379064993 -2989.26010641673 -1572.4168079386 1.7989610253214 1576.01472998924 2992.85802846737 3840.78171270057 4576.22905454024 Inf 1.56635264224482 2454.8115734468 -Inf -4809.77592014559 -4036.23936742418 -3144.40126242551 -1654.17889231034 1.56635264224482 1657.31159759483 3147.53396771 4039.37207270866 4812.90862543007 Inf
"13" 38.4848484848485 6.07058550537008 2333.93051248009 -Inf -4568.34916137471 -3832.90348300021 -2984.9817166358 -1568.14162283234 6.07058550537008 1580.28279384308 2997.12288764654 3845.04465401095 4580.49033238545 Inf 5.35778229198944 2454.80627270367 -Inf -4805.97410123022 -4032.43921882787 -3140.60303960011 -1650.38388736369 5.35778229198944 1661.09945194766 3151.31860418409 4043.15478341185 4816.6896658142 Inf
"14" 39.1919191919192 18.4711108496934 2333.88513788414 -Inf -4555.85970345652 -3820.42832308717 -2972.523041407 -1555.71049278813 18.4711108496934 1592.65271448751 3009.46526310639 3857.37054478655 4592.8019251559 Inf 16.5357971371838 2454.76057141388 -Inf -4794.70651350297 -4021.1860320504 -3129.36645619543 -1639.17504746695 16.5357971371838 1672.24664174132 3162.43805046979 4054.25762632476 4827.77810777734 Inf
"15" 39.8989898989899 50.6455519454064 2333.57166080798 -Inf -4523.07085858155 -3787.73825808577 -2939.94686327357 -1523.32461461762 50.6455519454064 1624.61571850843 3041.23796716438 3889.02936197658 4624.36196247236 Inf 46.0159709022586 2454.44378272671 -Inf -4764.60544532034 -3991.18478726426 -3099.48030139237 -1609.4812029794 46.0159709022586 1701.51314478392 3191.51224319688 4083.21672906877 4856.63738712486 Inf
"16" 40.6060606060606 125.051076041324 2331.83836303785 -Inf -4445.2681332817 -3710.48171286607 -2863.32002870679 -1447.74999894172 125.051076041324 1697.85215102436 3113.42218078944 3960.58386494871 4695.37028536434 Inf 115.372293722835 2452.68579647524 -Inf -4691.80353276158 -3918.93683438183 -3027.87102853902 -1538.93913645123 115.372293722835 1769.6837238969 3258.61561598469 4149.68142182749 4922.54812020724 Inf
"17" 41.3131313131313 277.872187307709 2324.20421381658 -Inf -4277.48436448902 -3545.10354356439 -2700.71536155429 -1289.77973227412 277.872187307709 1845.52410688953 3256.45973616971 4100.8479181798 4833.22873910444 Inf 260.410459896688 2444.91228042014 -Inf -4531.52955508647 -3761.11237213057 -2872.87070069496 -1388.65781337522 260.410459896688 1909.4787331686 3393.69162048834 4281.93329192395 5052.35047487985 Inf
"18" 42.020202020202 555.358612195654 2297.52722136185 -Inf -3947.71199517395 -3223.73737088112 -2389.04099522196 -994.299949409395 555.358612195654 2105.0171738007 3499.75821961326 4334.45459527242 5058.42921956526 Inf 528.768664027542 2417.63307367208 -Inf -4209.70508820261 -3447.88386583982 -2569.55278644932 -1101.90006389932 528.768664027542 2159.43739195441 3627.0901145044 4505.4211938949 5267.24241625769 Inf
"19" 42.7272727272727 998.065461037647 2223.65433350325 -Inf -3360.21694669514 -2659.52043451153 -1851.66223129348 -501.766594889394 998.065461037647 2497.89751696469 3847.79315336877 4655.65135658682 5356.34786877043 Inf 965.436940576589 2341.75778214956 -Inf -3624.32397295293 -2886.41184083394 -2035.64641126343 -614.054680925195 965.436940576589 2544.92856207837 3966.5202924166 4817.28572198712 5555.19785410611 Inf
"20" 43.4343434343434 1613.46702767451 2061.06531542197 -Inf -2426.14676033723 -1776.6837317812 -1027.89445399419 223.299597937739 1613.46702767451 3003.63445741128 4254.82850934321 5003.61778713022 5653.08081568626 Inf 1585.23862093628 2174.01266102023 -Inf -2675.74789659746 -1990.69398958127 -1200.87070830799 118.889364281621 1585.23862093628 3051.58787759093 4371.34795018054 5161.17123145382 5846.22513847001 Inf
"21" 44.1414141414141 2349.94264015399 1775.13807013579 -Inf -1129.26404489809 -569.899652848497 75.0116673136504 1152.63020666455 2349.94264015399 3547.25507364343 4624.87361299433 5269.78493315647 5829.14932520607 Inf 2343.97335147154 1877.71479215871 -Inf -1336.28001439765 -744.592634791152 -62.4149800657165 1077.47397036892 2343.97335147154 3610.47273257415 4750.36168300879 5432.53933773422 6024.22671734072 Inf
"22" 44.8484848484848 3095.03458321337 1372.79201444387 -Inf 404.411676639189 836.992659205347 1335.7308279357 2169.10044031995 3095.03458321337 4020.9687261068 4854.33833849105 5353.0765072214 5785.65748978756 Inf 3131.8139047956 1459.00139923881 -Inf 272.223708893983 731.970161530365 1262.02837746933 2147.73241548728 3131.8139047956 4115.89539410392 5001.59943212186 5531.65764806083 5991.40410069721 Inf
"23" 45.5555555555556 3713.34319857644 926.545923256525 -Inf 1897.34655897124 2189.31077617084 2525.92682007807 3088.39747025395 3713.34319857644 4338.28892689893 4900.75957707481 5237.37562098203 5529.33983818164 Inf 3807.63187962634 992.790264189677 -Inf 1861.79871761257 2174.63721277184 2535.31996229662 3138.00502233594 3807.63187962634 4477.25873691674 5079.94379695606 5440.62654648084 5753.46504164011 Inf
"24" 46.2626262626263 4110.75761015613 562.16928896429 -Inf 3008.92605057163 3186.07141624249 3390.30867778285 3731.5801868747 4110.75761015613 4489.93503343757 4831.20654252941 5035.44380406978 5212.58916974063 Inf 4264.24845747019 610.792832278075 -Inf 3067.11650418995 3259.58365198163 3481.4859470408 3852.27495260539 4264.24845747019 4676.22196233498 5047.01096789958 5268.91326295874 5461.38041075043 Inf
"25" 46.969696969697 4283.12251323815 387.713642798167 -Inf 3523.21773703891 3645.39032166301 3786.24748732715 4021.6136351596 4283.12251323815 4544.63139131669 4779.99753914914 4920.85470481328 5043.02728943738 Inf 4482.17828955553 426.290650787224 -Inf 3646.66396706643 3780.99256647266 3935.86483866213 4194.64961499513 4482.17828955553 4769.70696411593 5028.49174044892 5183.3640126384 5317.69261204463 Inf
"26" 47.6767676767677 4310.74183807718 350.879010151037 -Inf 3623.03161525009 3733.59722560911 3861.07229330138 4074.07754217136 4310.74183807718 4547.40613398301 4760.41138285299 4887.88645054526 4998.45206090428 Inf 4529.41081028858 385.97062795042 -Inf 3772.92228041545 3894.5456230076 4034.76954778449 4269.07757785928 4529.41081028858 4789.74404271789 5024.05207279268 5164.27599756957 5285.89934016171 Inf
"27" 48.3838383838384 4300.51802416078 339.22012733574 -Inf 3635.65879175163 3742.55056737764 3865.78993890942 4071.71752521261 4300.51802416078 4529.31852310894 4735.24610941213 4858.48548094391 4965.37725656992 Inf 4507.33599756954 373.288483751562 -Inf 3775.70401357292 3893.33108117157 4028.94755681796 4255.55674141288 4507.33599756954 4759.11525372621 4985.72443832113 5121.34091396752 5238.96798156617 Inf
"28" 49.0909090909091 4319.41550490429 333.604049668627 -Inf 3665.56358245707 3770.68567384115 3891.88471277944 4094.4029927789 4319.41550490429 4544.42801702968 4746.94629702914 4868.14533596743 4973.26742735151 Inf 4488.77839592577 367.196422552572 -Inf 3769.08663247078 3884.79402848656 4018.19724574114 4241.10817260539 4488.77839592577 4736.44861924615 4959.35954611039 5092.76276336497 5208.47015938076 Inf
"29" 49.7979797979798 4366.75569699401 332.473237496099 -Inf 3715.12012567823 3819.88588643425 3940.6740989792 4142.50590608839 4366.75569699401 4591.00548789964 4792.83729500882 4913.62550755377 5018.3912683098 Inf 4494.29998746591 365.948563301853 -Inf 3777.0539832001 3892.36816584118 4025.31803325763 4247.47143241983 4494.29998746591 4741.12854251199 4963.2819416742 5096.23180909065 5211.54599173172 Inf
"30" 50.5050505050505 4399.00596276479 332.156834152756 -Inf 3747.99053060654 3852.65658939191 3973.32985194998 4174.96958267117 4399.00596276479 4623.0423428584 4824.68207357959 4945.35533613766 5050.02139492303 Inf 4510.47224906581 365.607834327929 -Inf 3793.89406131739 3909.10087672965 4041.92695660749 4263.87351222024 4510.47224906581 4757.07098591139 4979.01754152414 5111.84362140198 5227.05043681424 Inf
"31" 51.2121212121212 4381.78847548761 331.918624274131 -Inf 3731.23992611223 3835.83092249756 3956.41764291569 4157.91276551552 4381.78847548761 4605.6641854597 4807.15930805953 4927.74602847766 5032.33702486299 Inf 4519.55875000359 365.340004584629 -Inf 3803.50549890602 3918.62791839209 4051.35669517209 4273.14066157467 4519.55875000359 4765.97683843251 4987.76080483509 5120.48958161508 5235.61200110116 Inf
"32" 51.9191919191919 4325.76708597471 331.370672257827 -Inf 3676.29250281654 3780.71083384608 3901.09848216713 4102.26096402122 4325.76708597471 4549.2732079282 4750.4356897823 4870.82333810334 4975.24166913288 Inf 4514.91902643683 364.747758844069 -Inf 3800.02655566075 3914.96235237974 4047.47596506133 4268.90040168951 4514.91902643683 4760.93765118414 4982.36208781233 5114.87570049392 5229.8114972129 Inf
"33" 52.6262626262626 4275.47892200489 331.034230380267 -Inf 3626.66375280963 3730.97606751882 3851.2414858122 4052.19972664935 4275.47892200489 4498.75811736042 4699.71635819757 4819.98177649096 4924.29409120014 Inf 4499.90220940832 364.376384477066 -Inf 3785.73761901636 3900.55639182576 4032.93508343426 4254.13407286504 4499.90220940832 4745.67034595161 4966.86933538239 5099.24802699089 5214.06679980029 Inf
"34" 53.3333333333333 4262.40185774943 330.802219351525 -Inf 3614.04142181452 3718.28062744547 3838.46175565385 4039.27915145471 4262.40185774943 4485.52456404414 4686.341959845 4806.52308805338 4910.76229368433 Inf 4480.64546566434 364.124164599949 -Inf 3766.9752171477 3881.71451286144 4014.00157246865 4235.04744884296 4480.64546566434 4726.24348248571 4947.28935886002 5079.57641846724 5194.31571418097 Inf
"35" 54.040404040404 4274.7383956546 330.730423977724 -Inf 3626.5186760666 3730.73525823164 3850.89030303272 4051.66411460362 4274.7383956546 4497.81267670558 4698.58648827648 4818.74153307756 4922.9581152426 Inf 4462.58681667648 364.045374781419 -Inf 3749.07099336651 3863.78546159235 3996.04389669608 4217.04194278012 4462.58681667648 4708.13169057284 4929.12973665688 5061.3881717606 5176.10263998645 Inf
"36" 54.7474747474747 4281.2650722209 330.756582284475 -Inf 3632.99408329377 3737.21890821221 3857.38345638005 4058.17314766013 4281.2650722209 4504.35699678166 4705.14668806175 4825.31123622959 4929.53606114803 Inf 4453.12830578081 364.07268665097 -Inf 3739.55895219017 3854.282026669 3986.55038423123 4207.56501030838 4453.12830578081 4698.69160125324 4919.70622733039 5051.97458489262 5166.69765937145 Inf
"37" 55.4545454545455 4276.33648910356 330.682037861158 -Inf 3628.21160456138 3732.41293975993 3852.55040578511 4053.29484399225 4276.33648910356 4499.37813421486 4700.122572422 4820.26003844719 4924.46137364574 Inf 4461.52840523202 363.993103080194 -Inf 3748.11503257387 3862.81302944524 3995.05247413216 4216.01878806237 4461.52840523202 4707.03802240168 4928.00433633188 5060.2437810188 5174.94177789018 Inf
"38" 56.1616161616162 4280.83611453541 330.699356505761 -Inf 3632.67728607355 3736.88407855639 3857.02783648086 4057.78278817584 4280.83611453541 4503.88944089499 4704.64439258996 4824.78815051443 4928.99494299728 Inf 4487.04655474079 364.010343119864 -Inf 3773.59939222579 3888.30282161223 4020.5485296411 4241.52530934108 4487.04655474079 4732.56780014049 4953.54457984048 5085.79028786934 5200.49371725579 Inf
"39" 56.8686868686869 4298.74966233758 330.658348503967 -Inf 3650.67120808231 3754.86507851904 3874.99393815193 4075.72399545489 4298.74966233758 4521.77532922027 4722.50538652323 4842.63424615611 4946.82811659285 Inf 4508.16498862019 363.966336179323 -Inf 3794.80407812372 3909.49364046739 4041.72336068405 4262.67342545082 4508.16498862019 4753.65655178957 4974.60661655634 5106.83633677299 5221.52589911666 Inf
"40" 57.5757575757576 4300.4729029484 330.596249250844 -Inf 3652.51616099272 3756.69046331159 3876.79676215781 4077.48912137543 4300.4729029484 4523.45668452136 4724.14904373899 4844.2553425852 4948.42964490408 Inf 4497.4714701776 363.898537240577 -Inf 3784.24344315926 3898.9116413551 4031.11673007754 4252.02563669748 4497.4714701776 4742.91730365771 4963.82621027765 5096.03129900009 5210.69949719593 Inf
"41" 58.2828282828283 4264.59851108136 330.60697629958 -Inf 3616.62074449649 3720.79842701953 3840.90862302466 4041.60749422397 4264.59851108136 4487.58952793874 4688.28839913805 4808.39859514318 4912.57627766622 Inf 4454.20144543948 363.909690304832 -Inf 3740.95155881688 3855.62327145879 3987.83241211247 4208.74808933184 4454.20144543948 4699.65480154712 4920.57047876648 5052.77961942017 5167.45133206207 Inf
"42" 58.989898989899 4214.7826368431 330.577029380527 -Inf 3566.86356514102 3671.03181107969 3791.1311273074 3991.81181887566 4214.7826368431 4437.75345481053 4638.4341463788 4758.5334626065 4862.70170854517 Inf 4410.2292560461 363.877357284687 -Inf 3697.0427409785 3811.70426515087 3943.90165915168 4164.79770822914 4410.2292560461 4655.66080386306 4876.55685294052 5008.75424694134 5123.4157711137 Inf
"43" 59.6969696969697 4191.53391497519 330.504978827951 -Inf 3543.75605976124 3647.90160182452 3767.97474193795 3968.61169436697 4191.53391497519 4414.45613558342 4615.09308801244 4735.16622812587 4839.31177018915 Inf 4394.02033569208 363.798118865024 -Inf 3680.98912507321 3795.62568039882 3927.79428691843 4148.64223337701 4394.02033569208 4639.39843800716 4860.24638446573 4992.41499098534 5107.05154631095 Inf
"44" 60.4040404040404 4199.2951247123 330.436455160236 -Inf 3551.65157341915 3655.77552296499 3775.82376828869 3976.41912261559 4199.2951247123 4422.171126809 4622.76648113591 4742.8147264596 4846.93867600544 Inf 4399.28287827208 363.72365468312 -Inf 3686.39761476788 3801.0107056585 3933.15225918732 4153.95500128446 4399.28287827208 4644.6107552597 4865.41349735683 4997.55505088565 5112.16814177628 Inf
"45" 61.1111111111111 4205.83859809317 330.425172284012 -Inf 3558.21716083106 3662.33755502575 3782.38170125725 3982.97020618083 4205.83859809317 4428.70699000551 4629.29549492909 4749.33964116059 4853.46003535528 Inf 4400.08351128856 363.710741862545 -Inf 3687.22355644763 3801.83257837475 3933.96944064923 4154.76434386606 4400.08351128856 4645.40267871106 4866.1975819279 4998.33444420238 5112.9434661295 Inf
"46" 61.8181818181818 4188.82592898504 330.338838283679 -Inf 3541.37370325423 3645.46689271119 3765.47967362241 3966.01576847102 4188.82592898504 4411.63608949906 4612.17218434767 4732.18496525888 4836.27815471585 Inf 4384.78018263875 363.616000074346 -Inf 3672.10591829052 3786.68508609888 3918.78752848641 4139.52491758131 4384.78018263875 4630.0354476962 4850.7728367911 4982.87527917863 5097.45444698699 Inf
"47" 62.5252525252525 4159.63461072454 330.189875415816 -Inf 3512.47434684977 3616.52059656418 3736.47925895842 3936.92492413805 4159.63461072454 4382.34429731103 4582.78996249065 4702.7486248849 4806.7948745993 Inf 4360.15807484424 363.453817080071 -Inf 3647.80168332369 3762.32974559073 3894.37326656211 4115.01220055409 4360.15807484424 4605.30394913439 4825.94288312637 4957.98640409775 5072.51446636479 Inf
"48" 63.2323232323232 4140.5986174663 330.144309077541 -Inf 3493.52766197346 3597.55955326272 3717.50166131233 3917.91966490793 4140.5986174663 4363.27757002467 4563.69557362026 4683.63768166988 4787.66957295914 Inf 4333.12472052564 363.403257429033 -Inf 3620.86742410019 3735.37955449751 3867.40470704345 4088.01294820189 4333.12472052564 4578.23649284939 4798.84473400782 4930.86988655376 5045.38201695108 Inf
"49" 63.9393939393939 4138.50205227921 330.145369148509 -Inf 3491.42901908545 3595.46124441405 3715.40373758964 3915.82238471384 4138.50205227921 4361.18171984458 4561.60036696878 4681.54286014437 4785.57508547297 Inf 4307.20857685587 363.404813194604 -Inf 3594.94823118594 3709.4608518211 3841.48656957988 4062.09575518419 4307.20857685587 4552.32139852755 4772.93058413186 4904.95630189064 5019.4689225258 Inf
"50" 64.6464646464646 4144.64659775467 330.178710989606 -Inf 3497.50821575318 3601.55094744126 3721.50555377644 3921.94444145923 4144.64659775467 4367.34875405012 4567.7876417329 4687.74224806809 4791.78497975616 Inf 4290.62785503384 363.440874870516 -Inf 3578.2968297779 3692.82081382065 3824.85963286063 4045.49071013138 4290.62785503384 4535.7649999363 4756.39607720705 4888.43489624702 5002.95888028978 Inf
"51" 65.3535353535354 4146.10672873855 330.124166805757 -Inf 3499.07525137297 3603.10079562377 3723.03558594452 3923.44136193604 4146.10672873855 4368.77209554105 4569.17787153257 4689.11266185333 4793.13820610413 Inf 4288.73682923265 363.380798474715 -Inf 3576.5235515488 3691.028604897 3823.04559805853 4043.64020524339 4288.73682923265 4533.83345322192 4754.42806040677 4886.44505356831 5000.9501069165 Inf
"52" 66.0606060606061 4132.36098772804 329.980365858321 -Inf 3485.61135504038 3589.5915861232 3709.47413326333 3909.79261319065 4132.36098772804 4354.92936226543 4555.24784219275 4675.13038933287 4779.1106204157 Inf 4290.51647130546 363.224377526018 -Inf 3578.60977304748 3693.0655365346 3825.02570164303 4045.52535164281 4290.51647130546 4535.50759096811 4756.00724096789 4887.96740607632 5002.42316956343 Inf
"53" 66.7676767676768 4102.31158180753 329.960974807663 -Inf 3455.59995488078 3559.5740756427 3679.44957797415 3879.75628633505 4102.31158180753 4324.86687728001 4525.17358564091 4645.04908797236 4749.02320873428 Inf 4278.1084204711 363.202546598541 -Inf 3566.24451004473 3680.69339438048 3812.64562826795 4033.13202554527 4278.1084204711 4523.08481539693 4743.57121267424 4875.52344656172 4989.97233089747 Inf
"54" 67.4747474747475 4068.82171736413 329.99212363822 -Inf 3422.04903985133 3526.03297593239 3645.91979469818 3846.24541232471 4068.82171736413 4291.39802240355 4491.72364003008 4611.61045879587 4715.59439487693 Inf 4248.56251022681 363.236761138866 -Inf 3536.63154053365 3651.09120622544 3783.05587032595 4003.56303794422 4248.56251022681 4493.5619825094 4714.06915012767 4846.03381422818 4960.49347991996 Inf
"55" 68.1818181818182 4047.53673161519 329.987500416825 -Inf 3400.77311544982 3504.75559470593 3624.64073384586 3824.96354489122 4047.53673161519 4270.10991833917 4470.43272938452 4590.31786852446 4694.30034778057 Inf 4213.98649161345 363.231609978552 -Inf 3502.06561800899 3616.52366051681 3748.48645319015 3968.9904937357 4213.98649161345 4458.9824894912 4679.48653003675 4811.44932271009 4925.90736521791 Inf
"56" 68.8888888888889 4038.828284985 329.979919278801 -Inf 3392.07952757712 3496.05961793812 3615.94200283498 3816.26021166092 4038.828284985 4261.39635830909 4461.71456713503 4581.59695203189 4685.57704239289 Inf 4184.06700221179 363.223558465541 -Inf 3472.16190928285 3586.61741467552 3718.57728221759 3939.07643499703 4184.06700221179 4429.05756942654 4649.55672220598 4781.51658974805 4895.97209514073 Inf
"57" 69.5959595959596 4028.58716146986 330.054132466006 -Inf 3381.69294888788 3485.69642459283 3605.60577129359 3805.96903211168 4028.58716146986 4251.20529082804 4451.56855164614 4571.47789834689 4675.48137405185 Inf 4161.3737739997 363.304794831125 -Inf 3449.30946071998 3563.79056453286 3695.77994541401 3916.32841368902 4161.3737739997 4406.41913431038 4626.96760258539 4758.95698346654 4873.43808727942 Inf
"58" 70.3030303030303 4007.0385116472 330.179144730201 -Inf 3359.89927952977 3463.94214789399 3583.89691180803 3784.33606279817 4007.0385116472 4229.74096049623 4430.18011148636 4550.1348754004 4654.17774376463 Inf 4148.06153207777 363.441059705123 -Inf 3435.73014455265 3550.25418683871 3682.29307302948 3902.92426250626 4148.06153207777 4393.19880164927 4613.82999112605 4745.86887731682 4860.39291960288 Inf
"59" 71.010101010101 3976.80366405072 330.140527281479 -Inf 3329.74012074195 3433.7708203481 3553.71155446342 3754.12726227503 3976.80366405072 4199.4800658264 4399.89577363802 4519.83650775333 4623.86720735948 Inf 4140.24354451221 363.398761472642 -Inf 3427.99505999937 3542.50577367426 3674.52929282997 3895.13480466496 4140.24354451221 4385.35228435945 4605.95779619444 4737.98131535015 4852.49202902505 Inf
"60" 71.7171717171717 3941.98863975995 329.975656363527 -Inf 3295.24823751247 3399.22698458471 3519.10782075566 3719.42344172852 3941.98863975995 4164.55383779137 4364.86945876423 4484.75029493518 4588.72904200742 Inf 4120.485331311 363.219106122854 -Inf 3408.58896481337 3523.04306722675 3655.00131722354 3875.49776715575 4120.485331311 4365.47289546624 4585.96934539845 4717.92759539524 4832.38169780862 Inf
"61" 72.4242424242424 3903.10634900229 329.969902202188 -Inf 3256.3772247038 3360.3541585802 3480.23290425248 3680.54503209371 3903.10634900229 4125.66766591087 4325.9797937521 4445.85853942438 4549.83547330078 Inf 4077.80121181937 363.212702357204 -Inf 3365.91739647179 3480.36948099228 3612.32540448781 3832.81796693842 4077.80121181937 4322.78445670033 4543.27701915093 4675.23294264646 4789.68502716696 Inf
"62" 73.1313131313131 3868.28291650651 330.181746588641 -Inf 3221.13858484024 3325.18227307701 3445.13798225158 3645.57871273063 3868.28291650651 4090.98712028239 4291.42785076143 4411.38355993601 4515.42724817278 Inf 4034.86965400302 363.444416404578 -Inf 3322.53168746786 3437.05678748468 3569.09689317129 3789.73012037213 4034.86965400302 4280.0091876339 4500.64241483475 4632.68252052135 4747.20762053817 Inf
"63" 73.8383838383838 3855.27611583076 330.383504459971 -Inf 3207.73634600308 3311.84361023483 3431.87261845997 3632.43582843864 3855.27611583076 4078.11640322287 4278.67961320154 4398.70862142668 4502.81588565843 Inf 4029.09336579979 363.664497336317 -Inf 3316.32404856475 3430.91849836267 3563.03855990544 3783.80538983624 4029.09336579979 4274.38134176335 4495.14817169414 4627.26823323692 4741.86268303483 Inf
"64" 74.5454545454545 3869.60704243942 330.446669609491 -Inf 3221.94347119361 3326.07063941821 3446.12259567238 3646.72415080139 3869.60704243942 4092.48993407745 4293.09148920646 4413.14344546063 4517.27061368523 Inf 4058.26189307112 363.734985948631 -Inf 3345.35442069461 3459.97108218437 3592.1167523853 3812.92637326105 4058.26189307112 4303.59741288118 4524.40703375693 4656.55270395786 4771.16936544761 Inf
"65" 75.2525252525253 3888.53188154574 330.713214054694 -Inf 3240.34589278706 3344.5570519271 3464.70584432767 3665.46920841145 3888.53188154574 4111.59455468004 4312.35791876383 4432.50671116439 4536.71787030443 Inf 4071.88857671671 364.026372256158 -Inf 3358.40999767187 3473.11847800518 3605.37000945231 3826.35651982887 4071.88857671671 4317.42063360456 4538.40714398111 4670.65867542824 4785.36715576155 Inf
"66" 75.959595959596 3881.11173044702 331.045423871049 -Inf 3232.27462241296 3336.59046430703 3456.8599492187 3657.82498519668 3881.11173044702 4104.39847569736 4305.36351167533 4425.632996587 4529.94883848107 Inf 4035.25985218987 364.387529223015 -Inf 3321.07341849723 3435.89570313151 3568.27844364919 3789.48419862967 4035.25985218987 4281.03550575007 4502.24126073056 4634.62400124823 4749.44628588252 Inf
"67" 76.6666666666667 3843.03458238615 331.21059536724 -Inf 3193.87374416829 3298.24163331159 3418.57112536831 3619.63643065461 3843.03458238615 4066.4327341177 4267.498039404 4387.82753146071 4492.19542060401 Inf 3979.88698618762 364.573034342011 -Inf 3265.33696914279 3380.21770836146 3512.66784327127 3733.98621132605 3979.88698618762 4225.78776104919 4447.10612910397 4579.55626401378 4694.43700323244 Inf
"68" 77.3737373737374 3801.27470613523 331.792783374732 -Inf 3150.97280039045 3255.52414300498 3376.06514516494 3577.48387455994 3801.27470613523 4025.06553771051 4226.48426710552 4347.02526926548 4451.57661188 Inf 3962.47456699551 365.204870880783 -Inf 3246.68617309057 3361.76601054691 3494.44569297372 3716.14762486473 3962.47456699551 4208.80150912628 4430.50344101729 4563.1831234441 4678.26296090044 Inf
"69" 78.0808080808081 3785.37169529645 332.486789725077 -Inf 3133.70956209996 3238.47959330371 3359.27272940138 3561.11276355129 3785.37169529645 4009.63062704161 4211.47066119152 4332.26379728919 4437.03382849294 Inf 3986.61117372029 365.967149911292 -Inf 3269.32874036939 3384.64877984361 3517.60539981358 3739.77008219665 3986.61117372029 4233.45226524393 4455.616947627 4588.57356759697 4703.8936070712 Inf
"70" 78.7878787878788 3803.48907409675 333.313036735423 -Inf 3150.20752651764 3255.23791671228 3376.33123005204 3578.67284721198 3803.48907409675 4028.30530098152 4230.64691814145 4351.74023148122 4456.77062167585 Inf 3998.61111008872 366.870584902415 -Inf 3279.55797669284 3395.16269789017 3528.44753765476 3751.1606609236 3998.61111008872 4246.06155925384 4468.77468252267 4602.05952228726 4717.66424348459 Inf
"71" 79.4949494949495 3842.92000981413 334.989339647332 -Inf 3186.35296890051 3291.91157950514 3413.61389714834 3616.97313379705 3842.92000981413 4068.86688583121 4272.22612247992 4393.92844012313 4499.48705072776 Inf 3960.50115405698 368.702488880893 -Inf 3237.85755484015 3354.03952795521 3487.98990221148 3711.81510443503 3960.50115405698 4209.18720367893 4433.01240590248 4566.96278015875 4683.14475327381 Inf
"72" 80.2020202020202 3874.86619989579 338.889726393214 -Inf 3210.65454143445 3317.44220430132 3440.56154048958 3646.28855299681 3874.86619989579 4103.44384679476 4309.17085930199 4432.29019549026 4539.07785835712 Inf 3890.88146586479 372.96813799826 -Inf 3159.87734800723 3277.40347134101 3412.90356471486 3639.31827963524 3890.88146586479 4142.44465209433 4368.85936701471 4504.35946038856 4621.88558372234 Inf
"73" 80.9090909090909 3847.84154419466 346.073908686183 -Inf 3169.54914718074 3278.60062029892 3404.32998472374 3614.41823997553 3847.84154419466 4081.26484841378 4291.35310366558 4417.0824680904 4526.13394120858 Inf 3813.31841230901 380.75470325335 -Inf 3067.0529069882 3187.0326576839 3325.36162626621 3556.50326762567 3813.31841230901 4070.13355699234 4301.27519835181 4439.60416693411 4559.58391762981 Inf
"74" 81.6161616161616 3689.53789549732 370.611861457373 -Inf 2963.15199479752 3079.93563098792 3214.57968423723 3439.56399364323 3689.53789549732 3939.51179735141 4164.49610675742 4299.14016000672 4415.92379619712 Inf 3685.56677809708 407.723632629626 -Inf 2886.44314249717 3014.92108217241 3163.04791839105 3410.56136697568 3685.56677809708 3960.57218921847 4208.0856378031 4356.21247402175 4484.69041369698 Inf
"75" 82.3232323232323 3339.73278785499 505.53850540789 -Inf 2348.89552445732 2508.1959436712 2691.85912480643 2998.75224762793 3339.73278785499 3680.71332808206 3987.60645090355 4171.26963203879 4330.57005125267 Inf 3410.82877493402 551.412827433315 -Inf 2330.07949255133 2503.83538578277 2704.16480267548 3038.90647470361 3410.82877493402 3782.75107516443 4117.49274719256 4317.82216408528 4491.57805731672 Inf
"76" 83.030303030303 2796.94999465232 827.941649420201 -Inf 1174.21418048804 1435.10716969932 1735.90007765828 2238.51183835796 2796.94999465232 3355.38815094668 3857.99991164636 4158.79281960532 4419.6858088166 Inf 2926.0884345876 890.525667276887 -Inf 1180.6901994164 1461.30406087383 1784.83387153126 2325.43799972282 2926.0884345876 3526.73886945239 4067.34299764395 4390.87280830137 4671.4866697588 Inf
"77" 83.7373737373737 2135.30502640116 1259.743326903 -Inf -333.74652409339 63.2116461168443 520.878993624257 1285.62106452718 2135.30502640116 2984.98898827515 3749.73105917807 4207.39840668548 4604.35657689572 Inf 2271.28559363157 1342.32090939574 -Inf -359.615044479139 63.3641772791825 551.032130732202 1365.90389877025 2271.28559363157 3176.66728849287 3991.53905653093 4479.20700998395 4902.18623174227 Inf
"78" 84.4444444444444 1472.11670009268 1677.84135005146 -Inf -1816.39191778025 -1287.68672998862 -678.123508801237 340.429907027815 1472.11670009268 2603.80349315755 3622.3569089866 4231.92013017399 4760.62531796561 Inf 1572.16998708426 1777.63832040041 -Inf -1911.93709843881 -1351.78485163428 -705.965185396958 373.171160418408 1572.16998708426 2771.16881375012 3850.30515956548 4496.1248258028 5056.27707260734 Inf
"79" 85.1515151515152 911.584942948705 1995.71988915385 -Inf -2999.95416302311 -2371.08215510519 -1646.03300538491 -434.507666548026 911.584942948705 2257.67755244544 3469.20289128232 4194.2520410026 4823.12404892052 Inf 962.7850246689 2106.99973770486 -Inf -3166.85857666796 -2502.92113588074 -1737.44378778883 -458.36470207886 962.7850246689 2383.93475141666 3663.01383712662 4428.49118521854 5092.42862600576 Inf
"80" 85.8585858585859 505.614409809773 2189.12512409986 -Inf -3784.99199107773 -3095.17599041648 -2299.86232015342 -970.92804829231 505.614409809773 1982.15686791185 3311.09113977297 4106.40481003602 4796.22081069728 Inf 519.207727892305 2306.44649956812 -Inf -4001.34434352968 -3274.55916229184 -2436.62239447408 -1036.46679544202 519.207727892305 2074.88225122663 3475.03785025869 4312.97461807645 5039.75979931429 Inf
"81" 86.5656565656566 250.869985505405 2283.20641126274 -Inf -4224.13234984051 -3504.67036113897 -2675.17676530983 -1289.12933647329 250.869985505405 1790.8693074841 3176.91673632064 4006.41033214978 4725.87232085132 Inf 245.607797011947 2403.0273364011 -Inf -4464.23923619943 -3707.02043293094 -2833.99564799936 -1375.20951083159 245.607797011947 1866.42510485548 3325.21124202325 4198.23602695483 4955.45483022332 Inf
"82" 87.2727272727273 111.287741752655 2319.55862383556 -Inf -4434.96362099434 -3704.04667358983 -2861.34624399629 -1453.23077500336 111.287741752655 1675.80625850867 3083.9217275016 3926.62215709514 4657.53910449965 Inf 101.387626638932 2440.18616216016 -Inf -4681.289366768 -3912.36143262701 -3025.8367696977 -1544.49292830841 101.387626638932 1747.26818158627 3228.61202297556 4115.13668590487 4884.06462004587 Inf
"83" 87.979797979798 44.1264610310896 2330.65942378469 -Inf -4523.88206981578 -3789.46714536979 -2942.73377227146 -1527.87943150959 44.1264610310896 1616.13235357177 3030.98669433363 3877.72006743196 4612.13499187795 Inf 36.2017834476429 2451.48909610171 -Inf -4768.62855340435 -3996.13894770724 -3105.50790557702 -1617.30248459042 36.2017834476429 1689.7060514857 3177.9114724723 4068.54251460252 4841.03212029964 Inf
"84" 88.6868686868687 15.6344573737353 2333.33664143127 -Inf -4557.6213236392 -3822.36278018326 -2974.65676839509 -1558.17719102861 15.6344573737353 1589.44610577608 3005.92568314256 3853.63169493073 4588.89023838667 Inf 10.9928721580019 2454.20567735434 -Inf -4799.16186611024 -4025.81623752319 -3134.1982558239 -1644.34370209053 10.9928721580019 1666.32944640654 3156.18400013991 4047.80198183919 4821.14761042624 Inf
"85" 89.3939393939394 4.94750298401138 2333.84811887232 -Inf -4569.3107553923 -3833.891040097 -2985.99920750014 -1569.20913170978 4.94750298401138 1579.1041376778 2995.89421346816 3843.78604606502 4579.20576136032 Inf 2.7359258917138 2454.7231262352 -Inf -4808.43299354685 -4034.92431145792 -3143.11833951355 -1652.94966232321 2.7359258917138 1658.42151410664 3148.59019129697 4040.39616324134 4813.90484533028 Inf
"86" 90.1010101010101 1.39711884450403 2333.92587842731 -Inf -4573.01354545904 -3837.56932732256 -2989.64924451908 -1572.8119638721 1.39711884450403 1575.60620156111 2992.44348220808 3840.36356501157 4575.80778314805 Inf 0.503876556117183 2454.80159154537 -Inf -4810.81883206441 -4037.28542474353 -3145.45094619023 -1655.23463570626 0.503876556117183 1656.2423888185 3146.45869930246 4038.29317785576 4811.82658517664 Inf
"87" 90.8080808080808 0.351565911161463 2333.93532817568 -Inf -4574.07761955884 -3838.63042370878 -2990.70690779223 -1573.86389056386 0.351565911161463 1574.56702238619 2991.41003961456 3839.3335555311 4574.78075138117 Inf 0.0392933866844097 2454.81110595974 -Inf -4811.30206314334 -4037.76565773194 -3145.92772257229 -1655.70563625067 0.0392933866844097 1655.78422302403 3146.00630934566 4037.84424450531 4811.3806499167 Inf
"88" 91.5151515151515 0.0786564595385266 2333.93624970626 -Inf -4574.35233517722 -3838.90484894332 -2990.98099823282 -1574.13742157842 0.0786564595385266 1574.2947344975 2991.13831115189 3839.0621618624 4574.50964809629 Inf -0.0170018099217703 2454.81203202106 -Inf -4811.36017338679 -4037.82347616388 -3145.98520456424 -1655.76255606614 -0.0170018099217703 1655.7285524463 3145.95120094439 4037.78947254404 4811.32616976695 Inf
"89" 92.2222222222222 0.0155921964211697 2333.9363220519 -Inf -4574.41554123517 -3838.96803220442 -2991.04415521059 -1574.20053463792 0.0155921964211697 1574.23171903077 2991.07533960344 3838.99921659726 4574.44672562801 Inf -0.0102882097700781 2454.81210460158 -Inf -4811.35360204183 -4037.81688194805 -3145.97858397976 -1655.75589142081 -0.0102882097700781 1655.73531500127 3145.95800756022 4037.79630552851 4811.33302562229 Inf
"90" 92.9292929292929 0.00272362007186414 2333.93632663615 -Inf -4574.42841879649 -3838.9809083212 -2991.0570296619 -1574.21340630631 0.00272362007186414 1574.21885354645 2991.06247690205 3838.98635556134 4574.43386603664 Inf -0.00349422516743991 2454.81210919405 -Inf -4811.34681705831 -4037.8100955174 -3145.97179588065 -1655.74910053378 -0.00349422516743991 1655.74211208344 3145.96480743031 4037.80310706706 4811.33982860798 Inf
"91" 93.6363636363636 0.000415467198880327 2333.93632687112 -Inf -4574.43072740991 -3838.98321686057 -2991.05933811591 -1574.21571461767 0.000415467198880327 1574.21654555206 2991.0601690503 3838.98404779496 4574.4315583443 Inf -0.000916291391727103 2454.81210942915 -Inf -4811.34423958532 -4037.80751797032 -3145.96921824816 -1655.74652275857 -0.000916291391727103 1655.74469017579 3145.96738566538 4037.80568538753 4811.34240700253 Inf
"92" 94.3434343434343 5.44656280993979e-05 2333.93632688088 -Inf -4574.43108843061 -3838.98357787819 -2991.05969912998 -1574.21607562582 5.44656280993979e-05 1574.21618455708 2991.05980806124 3838.98368680945 4574.43119736186 Inf -0.000200562780339401 2454.8121094389 -Inf -4811.34352387582 -4037.80680225775 -3145.96850253205 -1655.74580703654 -0.000200562780339401 1655.74540591098 3145.96810140649 4037.80640113219 4811.34312275026 Inf
"93" 95.0505050505051 5.94121359979012e-06 2333.93632688121 -Inf -4574.43113695567 -3838.98362640315 -2991.05974765482 -1574.21612415046 5.94121359979012e-06 1574.21613603288 2991.05975953725 3838.98363828557 4574.43114883809 Inf -3.78200601235499e-05 2454.81210943923 -Inf -4811.34336113375 -4037.80663951557 -3145.96833978975 -1655.74564429404 -3.78200601235499e-05 1655.74556865392 3145.96826414963 4037.80656387545 4811.34328549363 Inf
"94" 95.7575757575758 4.96946259155138e-07 2333.93632688122 -Inf -4574.43114239995 -3838.98363184743 -2991.0597530991 -1574.21612959473 4.96946259155138e-07 1574.21613058862 2991.05975409299 3838.98363284132 4574.43114339384 Inf -6.24331536139796e-06 2454.81210943924 -Inf -4811.34332955702 -4037.80660793884 -3145.96830821302 -1655.7456127173 -6.24331536139796e-06 1655.74560023067 3145.96829572638 4037.80659545221 4811.34331707039 Inf
"95" 96.4646464646465 2.24363022258246e-08 2333.93632688122 -Inf -4574.43114287446 -3838.98363232194 -2991.05975357361 -1574.21613006924 2.24363022258246e-08 1574.21613011411 2991.05975361848 3838.98363236681 4574.43114291933 Inf -9.10687122371942e-07 2454.81210943924 -Inf -4811.34332422439 -4037.80660260621 -3145.96830288039 -1655.74560738468 -9.10687122371942e-07 1655.7456055633 3145.96830105901 4037.80660078484 4811.34332240302 Inf
"96" 97.1717171717172 -1.83281756751204e-09 2333.93632688122 -Inf -4574.43114289873 -3838.98363234621 -2991.05975359788 -1574.21613009351 -1.83281756751204e-09 1574.21613008984 2991.05975359421 3838.98363234254 4574.43114289507 Inf -1.18071114572774e-07 2454.81210943924 -Inf -4811.34332343178 -4037.8066018136 -3145.96830208777 -1655.74560659206 -1.18071114572774e-07 1655.74560635592 3145.96830185163 4037.80660157745 4811.34332319563 Inf
"97" 97.8787878787879 -6.20151233977096e-10 2333.93632688122 -Inf -4574.43114289752 -3838.983632345 -2991.05975359667 -1574.2161300923 -6.20151233977096e-10 1574.21613009106 2991.05975359543 3838.98363234375 4574.43114289628 Inf -1.36605020562651e-08 2454.81210943924 -Inf -4811.34332332737 -4037.80660170919 -3145.96830198336 -1655.74560648765 -1.36605020562651e-08 1655.74560646033 3145.96830195604 4037.80660168186 4811.34332330004 Inf
"98" 98.5858585858586 -9.58920569964495e-11 2333.93632688122 -Inf -4574.43114289699 -3838.98363234447 -2991.05975359614 -1574.21613009177 -9.58920569964495e-11 1574.21613009158 2991.05975359595 3838.98363234428 4574.4311428968 Inf -1.41436492432297e-09 2454.81210943924 -Inf -4811.34332331512 -4037.80660169694 -3145.96830197112 -1655.7456064754 -1.41436492432297e-09 1655.74560647257 3145.96830196829 4037.80660169411 4811.34332331229 Inf
"99" 99.2929292929293 -1.11056124043348e-11 2333.93632688122 -Inf -4574.43114289691 -3838.98363234439 -2991.05975359606 -1574.21613009169 -1.11056124043348e-11 1574.21613009167 2991.05975359604 3838.98363234436 4574.43114289689 Inf -1.31318720212203e-10 2454.81210943924 -Inf -4811.34332331384 -4037.80660169566 -3145.96830196983 -1655.74560647412 -1.31318720212203e-10 1655.74560647386 3145.96830196957 4037.80660169539 4811.34332331357 Inf
"100" 100 -1.06188779793298e-12 2333.93632688122 -Inf -4574.4311428969 -3838.98363234438 -2991.05975359605 -1574.21613009168 -1.06188779793298e-12 1574.21613009168 2991.05975359605 3838.98363234437 4574.4311428969 Inf -1.09506985886966e-11 2454.81210943924 -Inf -4811.34332331372 -4037.80660169554 -3145.96830196971 -1655.745606474 -1.09506985886966e-11 1655.74560647398 3145.96830196969 4037.80660169551 4811.34332331369 Inf
