"mid_age" "mean_left" "std_left" "min_left" "l.q2.5" "l.q5" "l.q10" "l.q25" "l.q50" "l.q75" "l.q90" "l.q95" "l.q97.5" "max_left" "mean_right" "std_right" "min_right" "r.q2.5" "r.q5" "r.q10" "r.q25" "r.q50" "r.q75" "r.q90" "r.q95" "r.q97.5" "max_right"
"1" 30 1.87841256412356e-09 2423.21600923967 -Inf -4749.41610486874 -3985.83564168286 -3105.47627029195 -1634.43436074133 1.87841256412356e-09 1634.43436074509 3105.47627029571 3985.83564168661 4749.4161048725 Inf 3.40147143280471e-09 2553.31071414888 -Inf -5004.39704106865 -4199.82238889844 -3272.1993430359 -1722.18190575586 3.40147143280471e-09 1722.18190576266 3272.1993430427 4199.82238890524 5004.39704107545 Inf
"2" 30.7070707070707 1.94507209971262e-08 2423.21600923967 -Inf -4749.41610485117 -3985.83564166529 -3105.47627027438 -1634.43436072376 1.94507209971262e-08 1634.43436076266 3105.47627031328 3985.83564170419 4749.41610489007 Inf 3.51001702879978e-08 2553.31071414888 -Inf -5004.39704103695 -4199.82238886674 -3272.1993430042 -1722.18190572416 3.51001702879978e-08 1722.18190579436 3272.1993430744 4199.82238893694 5004.39704110715 Inf
"3" 31.4141414141414 1.8229078235087e-07 2423.21600923967 -Inf -4749.41610468833 -3985.83564150245 -3105.47627011154 -1634.43436056092 1.8229078235087e-07 1634.4343609255 3105.47627047612 3985.83564186703 4749.41610505291 Inf 3.27605440247772e-07 2553.31071414888 -Inf -5004.39704074444 -4199.82238857423 -3272.19934271169 -1722.18190543165 3.27605440247772e-07 1722.18190608686 3272.1993433669 4199.82238922944 5004.39704139965 Inf
"4" 32.1212121212121 1.5462744650307e-06 2423.21600923967 -Inf -4749.41610332435 -3985.83564013846 -3105.47626874756 -1634.43435919693 1.5462744650307e-06 1634.43436228948 3105.47627184011 3985.83564323101 4749.4161064169 Inf 2.76535032230241e-06 2553.31071414888 -Inf -5004.3970383067 -4199.82238613649 -3272.19934027395 -1722.18190299391 2.76535032230241e-06 1722.18190852461 3272.19934580465 4199.82239166719 5004.3970438374 Inf
"5" 32.8282828282828 1.18715718510557e-05 2423.21600923967 -Inf -4749.41609299905 -3985.83562981316 -3105.47625842226 -1634.43434887164 1.18715718510557e-05 1634.43437261478 3105.4762821654 3985.83565355631 4749.41611674219 Inf 2.11083424112583e-05 2553.31071414888 -Inf -5004.39701996371 -4199.8223677935 -3272.19932193096 -1722.18188465091 2.11083424112583e-05 1722.1819268676 3272.19936414764 4199.82241001018 5004.39706218039 Inf
"6" 33.5353535353535 8.24961660115629e-05 2423.21600923966 -Inf -4749.41602237445 -3985.83555918857 -3105.47618779766 -1634.43427824704 8.24961660115629e-05 1634.43444323937 3105.47635279 3985.8357241809 4749.41618736678 Inf 0.000145679576136181 2553.31071414888 -Inf -5004.39689539247 -4199.82224322226 -3272.19919735972 -1722.18176007968 0.000145679576136181 1722.18205143883 3272.19948871887 4199.82253458141 5004.39718675162 Inf
"7" 34.2424242424242 0.000518875526480229 2423.21600923957 -Inf -4749.41558599492 -3985.83512280906 -3105.47575141819 -1634.43384186762 0.000518875526480229 1634.43487961867 3105.47678916924 3985.83616056011 4749.41662374597 Inf 0.000908876202134994 2553.31071414879 -Inf -5004.39613219566 -4199.82148002548 -3272.19843416298 -1722.18099688299 0.000908876202134994 1722.1828146354 3272.20025191538 4199.82329777788 5004.39794994806 Inf
"8" 34.9494949494949 0.0029538645152321 2423.21600923682 -Inf -4749.41315100052 -3985.83268781553 -3105.47331642567 -1634.43140687677 0.0029538645152321 1634.4373146058 3105.4792241547 3985.83859554456 4749.41905872955 Inf 0.00512478435306786 2553.3107141459 -Inf -5004.39191628186 -4199.81726411259 -3272.19421825113 -1722.17678097289 0.00512478435306786 1722.1870305416 3272.20446781983 4199.82751368129 5004.40216585056 Inf
"9" 35.6565656565657 0.0152195542029201 2423.21600916618 -Inf -4749.40088517238 -3985.82042200966 -3105.46105064545 -1634.41914113944 0.0152195542029201 1634.44958024784 3105.49148975386 3985.85086111806 4749.43132428079 Inf 0.0261091916810185 2553.31071407202 -Inf -5004.37093172974 -4199.79627958374 -3272.17323374913 -1722.15579651574 0.0261091916810185 1722.2080148991 3272.22545213249 4199.8484979671 5004.4231501131 Inf
"10" 36.3636363636364 0.0709696386921184 2423.2160076949 -Inf -4749.34513220424 -3985.76466950512 -3105.40529867544 -1634.36339006258 0.0709696386921184 1634.50532933997 3105.54723795282 3985.90660878251 4749.48707148162 Inf 0.120147707284593 2553.31071253313 -Inf -5004.27689019795 -4199.70223853688 -3272.07919326134 -1722.06175696216 0.120147707284593 1722.30205237673 3272.31948867591 4199.94253395144 5004.51718561252 Inf
"11" 37.0707070707071 0.299477444295137 2423.21598280121 -Inf -4749.11657560791 -3985.53612075305 -3105.17675896729 -1634.13486546645 0.299477444295137 1634.73382035504 3105.77571385588 3986.13507564164 4749.7155304965 Inf 0.499194873680274 2553.3106864914 -Inf -5003.8977919907 -4199.32314853565 -3271.70011272113 -1721.68269223089 0.499194873680274 1722.68108197825 3272.69850246849 4200.32153828301 5004.89618173807 Inf
"12" 37.7777777777778 1.14345944803642 2423.21564126689 -Inf -4748.2719242092 -3984.69157697534 -3104.33233926971 -1633.2906531013 1.14345944803642 1635.57757199738 3106.61925816578 3986.97849587141 4750.55884310527 Inf 1.87177142596323 2553.31032914118 -Inf -5002.52451504485 -4197.94998419456 -3270.32707820611 -1720.30987464954 1.87177142596323 1724.05341750147 3274.07062105804 4201.69352704648 5006.26805789678 Inf
"13" 38.4848484848485 3.94971380310994 2423.21185031004 -Inf -4745.45823971523 -3981.87908705115 -3101.52122660795 -1630.48184178469 3.94971380310994 1638.38126939091 3109.42065421417 3989.77851465737 4753.35766732145 Inf 6.33028190609714 2553.30636177409 -Inf -4998.05822866811 -4193.48494797628 -3265.86348334047 -1715.84868822097 6.33028190609714 1728.50925203317 3278.52404715267 4206.14551178847 5010.7187924803 Inf
"14" 39.1919191919192 12.339472257101 2423.17790335568 -Inf -4737.00194645331 -3973.43349082615 -3093.08796338145 -1622.06918645794 12.339472257101 1646.74813097214 3117.76690789565 3998.11243534035 4761.68089096751 Inf 19.2975852353555 2553.27082600454 -Inf -4985.02127651037 -4180.45919350759 -3252.85063909011 -1702.85741637939 19.2975852353555 1741.4525868501 3291.44580956083 4219.0543639783 5023.61644698108 Inf
"15" 39.8989898989899 34.8564068040154 2422.93353404032 -Inf -4714.00605684936 -3950.51460452455 -3070.25785695587 -1599.38742731255 34.8564068040154 1669.10024092058 3139.9706705639 4020.22741813258 4783.71887045739 Inf 52.9882998936851 2553.01494159842 -Inf -4950.82903763185 -4146.34758645578 -3218.83199537053 -1668.9941103119 52.9882998936851 1774.97071009927 3324.8085951579 4252.32418624315 5056.80563741922 Inf
"16" 40.6060606060606 88.9941179201802 2421.52556656741 -Inf -4657.10878019489 -3894.06099300394 -3014.31576292056 -1544.3000565673 88.9941179201802 1722.28829240766 3192.30399876092 4072.0492288443 4835.09701603525 Inf 130.953465590912 2551.54009562478 -Inf -4869.97322694354 -4065.95651500961 -3138.97673850684 -1590.03417612233 130.953465590912 1851.94110730415 3400.88366968867 4327.86344619143 5131.88015812536 Inf
"17" 41.3131313131313 205.276627421528 2415.06464364291 -Inf -4528.16309445464 -3767.15121099678 -2889.75324753046 -1423.65972077657 205.276627421528 1834.21297561963 3300.30650237352 4177.70446583984 4938.7163492977 Inf 291.055960823853 2544.7693966611 -Inf -4696.60040559162 -3894.71721102926 -2970.19724341716 -1425.36491383672 291.055960823853 2007.47683548443 3552.30916506487 4476.82913267696 5278.71232723932 Inf
"18" 42.020202020202 427.563888976401 2391.55719829904 -Inf -4259.80208665723 -3506.19764270768 -2637.33998259319 -1185.51692828396 427.563888976401 2040.64470623676 3492.46776054599 4361.32542066048 5114.92986461003 Inf 581.392976825634 2520.12273734912 -Inf -4357.95682499914 -3563.84004806595 -2648.27426258868 -1118.40397875244 581.392976825634 2281.18993240371 3811.06021623995 4726.62600171721 5520.74277865041 Inf
"19" 42.7272727272727 803.765266457372 2323.88193891767 -Inf -3750.95963814437 -3018.68036937837 -2174.40927050339 -763.669282008392 803.765266457372 2371.19981492314 3781.93980341813 4626.21090229312 5358.49017105911 Inf 1043.39832624796 2449.12888895361 -Inf -3756.80608959772 -2985.06020961903 -2095.28663561106 -608.514006260375 1043.39832624796 2695.31065875629 4182.08328810697 5071.85686211493 5843.60274209363 Inf
"20" 43.4343434343434 1363.20418728435 2169.42766249583 -Inf -2888.79589827238 -2205.18677178076 -1417.02922992294 -100.052534860929 1363.20418728435 2826.46090942963 4143.43760449164 4931.59514634946 5615.20427284109 Inf 1682.98899717948 2287.00609169115 -Inf -2799.46057495888 -2078.80126759882 -1247.92724003735 140.426829697798 1682.98899717948 3225.55116466116 4613.90523439631 5444.77926195778 6165.43856931784 Inf
"21" 44.1414141414141 2085.94751927276 1888.73965811186 -Inf -1615.91418679899 -1020.75275773963 -334.569746486676 812.011979087453 2085.94751927276 3359.88305945806 4506.46478503219 5192.64779628514 5787.8092253445 Inf 2444.15073000061 1992.20712044073 -Inf -1460.50347580746 -832.738377694868 -108.965424089305 1100.42744699569 2444.15073000061 3787.87401300553 4997.26688409052 5721.03983769608 6348.80493580868 Inf
"22" 44.8484848484848 2882.55208709425 1482.37278761378 -Inf -22.845188291009 444.265830893552 982.81492040709 1882.70683587916 2882.55208709425 3882.39733830933 4782.2892537814 5320.83834329494 5787.9493624795 Inf 3209.41351983607 1565.16243310131 -Inf 141.75152100241 634.950414981179 1203.57715336348 2153.72750131727 3209.41351983607 4265.09953835486 5215.24988630865 5783.87662469095 6277.07551866972 Inf
"23" 45.5555555555556 3608.22475690091 1021.70365351591 -Inf 1605.72239313673 1927.67179674569 2298.85884021495 2919.09611486654 3608.22475690091 4297.35339893528 4917.59067358686 5288.77771705612 5610.72712066508 Inf 3841.95980913444 1080.78486592471 -Inf 1723.66039688606 2064.22690246392 2456.87827219172 3112.98149490118 3841.95980913444 4570.9381233677 5227.04134607716 5619.69271580495 5960.25922138281 Inf
"24" 46.2626262626263 4120.24690441689 641.495273476223 -Inf 2862.93927215082 3065.0810771673 3298.13763240397 3687.56491765794 4120.24690441689 4552.92889117583 4942.35617642981 5175.41273166648 5377.55453668296 Inf 4251.73676764065 680.718819087191 -Inf 2917.55239863112 3132.05394913096 3379.36049934379 3792.59890140076 4251.73676764065 4710.87463388054 5124.11303593751 5371.41958615034 5585.92113665018 Inf
"25" 46.969696969697 4353.49423930032 455.927565155329 -Inf 3459.89263203683 3603.56013012742 3769.19955440057 4045.97576977119 4353.49423930032 4661.01270882944 4937.78892420007 5103.42834847321 5247.0958465638 Inf 4438.82505718839 484.841146592693 -Inf 3488.5538716436 3641.33233872008 3817.47612673208 4111.8046733383 4438.82505718839 4765.84544103847 5060.17398764469 5236.31777565669 5389.09624273317 Inf
"26" 47.6767676767677 4361.61210571475 403.620540405094 -Inf 3570.53038310017 3697.71539591732 3844.35157027264 4089.37418824291 4361.61210571475 4633.85002318659 4878.87264115686 5025.50881551218 5152.69382832933 Inf 4477.8907630318 429.145562333205 -Inf 3636.78091673353 3772.0091283379 3927.91859577716 4188.43647989592 4477.8907630318 4767.34504616768 5027.86293028644 5183.7723977257 5319.00060933007 Inf
"27" 48.3838383838384 4283.49160549542 374.460622445179 -Inf 3549.56227187442 3667.55869251596 3803.601008566 4030.9217538041 4283.49160549542 4536.06145718674 4763.38220242485 4899.42451847488 5017.42093911642 Inf 4458.50445822131 398.24510384592 -Inf 3677.95839766389 3803.44955474468 3948.1328219171 4189.89221761146 4458.50445822131 4727.11669883116 4968.87609452552 5113.55936169794 5239.05051877873 Inf
"28" 49.0909090909091 4249.89173107575 358.913057085402 -Inf 3546.43506560719 3659.53228736858 3789.92614087355 4007.8085528601 4249.89173107575 4491.97490929139 4709.85732127794 4840.25117478291 4953.3483965443 Inf 4436.30738850476 381.763423830621 -Inf 3688.06482718205 3808.36243617955 3947.05787502696 4178.81187213125 4436.30738850476 4693.80290487828 4925.55690198256 5064.25234082997 5184.54994982748 Inf
"29" 49.7979797979798 4300.50198835835 354.794337842173 -Inf 3605.11786426895 3716.9172349368 3845.81474925035 4061.1968440562 4300.50198835835 4539.8071326605 4755.18922746634 4884.08674177989 4995.88611244774 Inf 4430.87298575822 377.379772275568 -Inf 3691.22222360418 3810.13849859263 3947.2413477936 4176.33419742702 4430.87298575822 4685.41177408942 4914.50462372284 5051.60747292381 5170.52374791226 Inf
"30" 50.5050505050505 4379.82476660752 353.147691688793 -Inf 3687.66800967404 3798.94850508367 3927.24778945529 4141.63026825803 4379.82476660752 4618.01926495702 4832.40174375976 4960.70102813138 5071.98152354101 Inf 4449.17956216019 375.635845335803 -Inf 3712.94683399976 3831.31357954661 3967.78285649542 4195.81703467495 4449.17956216019 4702.54208964543 4930.57626782496 5067.04554477377 5185.41229032062 Inf
"31" 51.2121212121212 4410.95541575131 351.332738929959 -Inf 3722.35590085877 3833.06448585557 3960.70439414854 4173.98508443473 4410.95541575131 4647.92574706788 4861.20643735407 4988.84634564704 5099.55493064384 Inf 4491.47879963786 373.702808333877 -Inf 3759.03475438199 3876.79237994793 4012.55938056917 4239.42008579717 4491.47879963786 4743.53751347855 4970.39821870655 5106.16521932779 5223.92284489373 Inf
"32" 51.9191919191919 4372.85116293993 349.593469860898 -Inf 3687.66055278218 3797.82107608068 3924.82910433553 4137.05395078327 4372.85116293993 4608.64837509659 4820.87322154433 4947.88124979918 5058.04177309768 Inf 4536.29481940918 371.861477731146 -Inf 3807.45971581829 3924.63711903957 4059.7351604571 4285.47806418675 4536.29481940918 4787.1115746316 5012.85447836125 5147.95251977879 5265.12992300006 Inf
"33" 52.6262626262626 4308.0693445751 349.715422346393 -Inf 3622.63971193796 3732.83866372777 3859.89099757199 4072.18987671697 4308.0693445751 4543.94881243324 4756.24769157821 4883.30002542243 4993.49897721225 Inf 4543.37301047998 371.986450684712 -Inf 3814.29296440106 3931.50974789443 4066.65319224361 4292.47196228133 4543.37301047998 4794.27405867864 5020.09282871636 5155.23627306554 5272.4530565589 Inf
"34" 53.3333333333333 4266.42744643511 349.191003410094 -Inf 3582.02565602592 3692.05935797719 3818.92116934081 4030.90169377432 4266.42744643511 4501.9531990959 4713.93372352941 4840.79553489303 4950.8292368443 Inf 4492.39479421793 371.429400211255 -Inf 3764.40654700455 3881.44779812403 4016.3888648879 4241.86947085396 4492.39479421793 4742.9201175819 4968.40072354795 5103.34179031182 5220.3830414313 Inf
"35" 54.040404040404 4256.71433358645 348.091035045604 -Inf 3574.4684415558 3684.1555320824 3810.61772267172 4021.93049831305 4256.71433358645 4491.49816885986 4702.81094450119 4829.2731350905 4938.9602256171 Inf 4416.60951761366 370.264936872219 -Inf 3690.90357660611 3807.57789326643 3942.09590809879 4166.86961283635 4416.60951761366 4666.34942239097 4891.12312712853 5025.64114196089 5142.31545862121 Inf
"36" 54.7474747474747 4256.33345665274 348.093465057453 -Inf 3574.08280188638 3683.77065813488 3810.23373155251 4021.54798236125 4256.33345665274 4491.11893094423 4702.43318175296 4828.89625517059 4938.5841114191 Inf 4380.25830329545 370.263761646423 -Inf 3654.55466568813 3771.22861202263 3905.74619989304 4130.51919119589 4380.25830329545 4629.99741539501 4854.77040669785 4989.28799456826 5105.96194090276 Inf
"37" 55.4545454545455 4251.66273338203 347.472437376348 -Inf 3570.62927050404 3680.12143449787 3806.35888727877 4017.29613589603 4251.66273338203 4486.02933086803 4696.96657948529 4823.20403226618 4932.69619626002 Inf 4412.95901751722 369.605959331281 -Inf 3688.54464875653 3805.01131476829 3939.2899217016 4163.66358633688 4412.95901751722 4662.25444869756 4886.62811333284 5020.90672026616 5137.37338627791 Inf
"38" 56.1616161616162 4251.38640575058 347.203950919843 -Inf 3570.87916665768 3680.2867277882 3806.42663888598 4017.20089962756 4251.38640575058 4485.5719118736 4696.34617261518 4822.48608371296 4931.89364484348 Inf 4474.88474419882 369.321724507227 -Inf 3751.02746545643 3867.40456613114 4001.57990996695 4225.78102649396 4474.88474419882 4723.98846190369 4948.18957843069 5082.3649222665 5198.74202294121 Inf
"39" 56.8686868686869 4263.21458393978 348.110532340891 -Inf 3580.93047791257 3690.62371223886 3817.09298623575 4028.41759794055 4263.21458393978 4498.01156993902 4709.33618164382 4835.80545564071 4945.498689967 Inf 4499.08655857907 370.282201865021 -Inf 3773.34677880744 3890.02653584582 4024.55082308565 4249.33500874108 4499.08655857907 4748.83810841707 4973.62229407249 5108.14658131233 5224.8263383507 Inf
"40" 57.5757575757576 4275.87784702994 348.172859601027 -Inf 3593.47158181761 3703.18445610912 3829.6763737281 4041.03882193259 4275.87784702994 4510.71687212729 4722.07932033177 4848.57123795075 4958.28411224227 Inf 4465.97766379379 370.349989891275 -Inf 3740.10502193212 3856.80613967968 3991.3550544492 4216.1803916269 4465.97766379379 4715.77493596068 4940.60027313838 5075.14918790789 5191.85030565546 Inf
"41" 58.2828282828283 4273.2692196371 347.738752001071 -Inf 3591.71378968609 3701.28987217656 3827.6240776096 4038.7229956664 4273.2692196371 4507.8154436078 4718.9143616646 4845.24856709764 4954.8246495881 Inf 4421.89882206264 369.88942861686 -Inf 3696.9288637115 3813.48485383119 3947.86644574031 4172.41219375468 4421.89882206264 4671.3854503706 4895.93119838498 5030.31279029409 5146.86878041379 Inf
"42" 58.989898989899 4257.1308827385 347.748659334361 -Inf 3575.55603477107 3685.13523916487 3811.47304395252 4022.57797637305 4257.1308827385 4491.68378910396 4702.78872152449 4829.12652631214 4938.70573070594 Inf 4419.17741930666 369.899096937221 -Inf 3694.18851139581 3810.74754810339 3945.13265253323 4169.68426981571 4419.17741930666 4668.6705687976 4893.22218608009 5027.60729050992 5144.1663272175 Inf
"43" 59.6969696969697 4244.0565823103 347.638013897008 -Inf 3562.69859541513 3672.2429342856 3798.54054135778 4009.57830515825 4244.0565823103 4478.53485946236 4689.57262326283 4815.870230335 4925.41456920547 Inf 4452.51476301161 369.781983803687 -Inf 3727.75539262461 3844.2775257708 3978.6200827578 4203.10060512885 4452.51476301161 4701.92892089437 4926.40944326541 5060.75200025241 5177.27413339861 Inf
"44" 60.4040404040404 4240.94810286177 347.349378480933 -Inf 3560.15583098677 3669.60921784807 3795.80196307859 4006.66450733941 4240.94810286177 4475.23169838414 4686.09424264496 4812.28698787548 4921.74037473677 Inf 4470.43686647648 369.475223225826 -Inf 3746.27873577397 3862.70420548478 3996.93531572149 4221.22961545925 4470.43686647648 4719.64411749371 4943.93841723148 5078.16952746819 5194.594997179 Inf
"45" 61.1111111111111 4232.34554288094 347.018313623681 -Inf 3552.2021462027 3661.55121109845 3787.62367978387 3998.28524721144 4232.34554288094 4466.40583855044 4677.06740597802 4803.13987466344 4912.48893955918 Inf 4442.18961910733 369.123515047541 -Inf 3718.72082376732 3835.03546658831 3969.13880051883 4193.21959165141 4442.18961910733 4691.15964656325 4915.24043769583 5049.34377162635 5165.65841444734 Inf
"46" 61.8181818181818 4197.59643363913 346.479954288308 -Inf 3518.50820186897 3627.68762416203 3753.56450579113 3963.89925582326 4197.59643363913 4431.293611455 4641.62836148714 4767.50524311624 4876.6846654093 Inf 4390.53221968586 368.551477451838 -Inf 3668.18459743124 3784.31898528088 3918.21449677368 4141.94802572498 4390.53221968586 4639.11641364675 4862.84994259804 4996.74545409084 5112.87984194049 Inf
"47" 62.5252525252525 4140.45713402277 346.031790214666 -Inf 3462.2472876961 3571.28548884766 3696.99955154496 3907.06223828097 4140.45713402277 4373.85202976456 4583.91471650057 4709.62877919787 4818.66698034943 Inf 4354.28062920371 368.075960966706 -Inf 3632.86500213399 3748.84954981397 3882.57230518749 4106.01716623809 4354.28062920371 4602.54409216933 4825.98895321992 4959.71170859344 5075.69625627342 Inf
"48" 63.2323232323232 4097.31788716775 346.284330046851 -Inf 3418.61307186534 3527.73085093372 3653.53666187264 3863.75265589763 4097.31788716775 4330.88311843786 4541.09911246285 4666.90492340177 4776.02270247016 Inf 4341.34523927724 368.343836336051 -Inf 3619.40458613126 3735.47354411466 3869.29361916207 4092.90109712067 4341.34523927724 4589.78938143381 4813.39685939241 4947.21693443981 5063.28589242321 Inf
"49" 63.9393939393939 4106.81071513909 346.74754772316 -Inf 3427.19800987411 3536.46175363012 3662.43585250572 3872.93304829419 4106.81071513909 4340.68838198399 4551.18557777246 4677.15967664806 4786.42342040407 Inf 4333.95204655997 368.835372040039 -Inf 3611.04800113707 3727.27184711192 3861.27049809384 4085.17636860921 4333.95204655997 4582.72772451074 4806.63359502611 4940.63224600803 5056.85609198288 Inf
"50" 64.6464646464646 4164.10386195094 346.65602715032 -Inf 3484.67053371257 3593.90543838815 3719.84628765098 3930.28792479436 4164.10386195094 4397.91979910753 4608.36143625091 4734.30228551373 4843.53719018931 Inf 4323.26873300069 368.73860696825 -Inf 3600.55434363345 3716.74769793193 3850.71119396379 4074.55832209902 4323.26873300069 4571.97914390236 4795.82627203759 4929.78976806945 5045.98312236793 Inf
"51" 65.3535353535354 4212.75343053996 346.140531343445 -Inf 3534.33045551725 3643.40292212478 3769.15649069832 3979.28519002138 4212.75343053996 4446.22167105854 4656.35037038159 4782.10393895513 4891.17640556267 Inf 4316.29968094934 368.190848098248 -Inf 3594.65887923951 3710.67962904459 3844.44412314983 4067.95872779106 4316.29968094934 4564.64063410761 4788.15523874884 4921.91973285408 5037.94048265916 Inf
"52" 66.0606060606061 4197.63600032543 345.691015037877 -Inf 3520.09406107209 3629.02488043584 3754.61513880893 3964.4709539475 4197.63600032543 4430.80104670335 4640.65686184192 4766.24712021501 4875.17793957876 Inf 4314.42248537295 367.713782199225 -Inf 3593.71671564347 3709.58713704251 3843.17831212321 4066.40330827374 4314.42248537295 4562.44166247217 4785.6666586227 4919.25783370339 5035.12825510244 Inf
"53" 66.7676767676768 4125.8647679014 345.716113834576 -Inf 3448.27363591049 3557.21236416504 3682.81174098271 3892.68279264236 4125.8647679014 4359.04674316045 4568.9177948201 4694.51717163777 4803.45589989232 Inf 4305.42636421315 367.740101904388 -Inf 3584.66900880946 3700.54772382021 3834.14846090405 4057.38943474258 4305.42636421315 4553.46329368372 4776.70426752225 4910.30500460609 5026.18371961684 Inf
"54" 67.4747474747475 4057.73753566356 345.854097104249 -Inf 3379.87596143361 3488.85816964561 3614.50767606959 3824.46249210342 4057.73753566356 4291.01257922369 4500.96739525752 4626.61690168151 4735.5991098935 Inf 4277.9990861432 367.88648675056 -Inf 3556.95482171313 3672.87966410511 3806.53358310532 4029.8634215943 4277.9990861432 4526.1347506921 4749.46458918109 4883.1185081813 4999.04335057327 Inf
"55" 68.1818181818182 4034.03037008676 345.824615958619 -Inf 3356.22657784047 3465.19949623813 3590.83829210113 3800.77521125718 4034.03037008676 4267.28552891635 4477.22244807239 4602.86124393539 4711.83416233305 Inf 4231.90631179169 367.855574687307 -Inf 3510.92263389228 3626.83773557295 3760.48042415686 3983.79149711261 4231.90631179169 4480.02112647077 4703.33219942652 4836.97488801042 4952.88998969109 Inf
"56" 68.8888888888889 4034.76696599732 345.806765302386 -Inf 3356.99816039434 3465.96545386533 3591.59776454813 3801.52384725239 4034.76696599732 4268.01008474224 4477.9361674465 4603.5684781293 4712.53577160029 Inf 4176.2783708955 367.83623694099 -Inf 3455.33259428242 3571.24160243893 3704.87726557974 3928.17659932811 4176.2783708955 4424.3801424629 4647.67947621126 4781.31513935207 4897.22414750858 Inf
"57" 69.5959595959596 4021.24283100538 345.881649433482 -Inf 3343.32725520245 3452.31814543876 3577.97766168076 3787.94920368159 4021.24283100538 4254.53645832918 4464.50800033001 4590.167516572 4699.15840680832 Inf 4128.79695480882 367.916303277275 -Inf 3407.69425106024 3523.62848894861 3657.29324035444 3880.64117931826 4128.79695480882 4376.95273029937 4600.30066926319 4733.96542066902 4849.89965855739 Inf
"58" 70.3030303030303 3992.62751167947 346.227015510298 -Inf 3314.03503080449 3423.13474946877 3548.91973791841 3759.10093847679 3992.62751167947 4226.15408488214 4436.33528544052 4562.12027389016 4671.21999255444 Inf 4108.9262937206 368.282613418224 -Inf 3387.1056352886 3503.15530129647 3636.95313393162 3860.52344579459 4108.9262937206 4357.32914164662 4580.89945350958 4714.69728614473 4830.74695215261 Inf
"59" 71.010101010101 3974.13402530908 346.237940333097 -Inf 3295.52013217488 3404.62329336398 3530.41225082426 3740.6000834254 3974.13402530908 4207.66796719275 4417.8557997939 4543.64475725418 4652.74791844328 Inf 4115.01801318124 368.293803951164 -Inf 3393.1754217077 3509.22861396841 3643.03051214725 3866.60761735545 4115.01801318124 4363.42840900702 4587.00551421523 4720.80741239406 4836.86060465477 Inf
"60" 71.7171717171717 3966.63368219042 345.6865042337 -Inf 3289.10058395081 3398.02998191344 3523.61860150208 3733.47167830367 3966.63368219042 4199.79568607716 4409.64876287876 4535.23738246739 4644.16678043002 Inf 4115.43518652026 367.709000131014 -Inf 3394.73878947224 3510.60770399207 3644.19714173752 3867.41923487705 4115.43518652026 4363.45113816348 4586.67323130301 4720.26266904846 4836.13158356829 Inf
"61" 72.4242424242424 3945.15748809862 345.574966348685 -Inf 3267.84300009656 3376.73725131636 3502.28534896144 3712.07071537208 3945.15748809862 4178.24426082517 4388.0296272358 4513.57772488089 4622.47197610069 Inf 4085.40961433412 367.590335608922 -Inf 3364.94579547564 3480.77731757547 3614.32364425544 3837.47370069476 4085.40961433412 4333.34552797347 4556.4955844128 4690.04191109276 4805.8734331926 Inf
"62" 73.1313131313131 3906.41241709168 346.124617690487 -Inf 3228.02063225563 3337.08808430629 3462.83587141691 3672.95491016891 3906.41241709168 4139.86992401445 4349.98896276645 4475.73674987707 4584.80420192773 Inf 4048.04380148024 368.174147680751 -Inf 3326.43573198723 3442.45121931779 3576.20964612692 3799.71411258239 4048.04380148024 4296.37349037808 4519.87795683355 4653.63638364269 4769.65187097324 Inf
"63" 73.8383838383838 3882.27143922847 346.770155126932 -Inf 3202.61442426632 3311.88529184941 3437.86760404141 3648.37852392145 3882.27143922847 4116.16435453549 4326.67527441554 4452.65758660753 4561.92845419063 Inf 4047.74469926015 368.859611083503 -Inf 3324.79314618503 3441.02463013354 3575.03208720991 3798.95267232301 4047.74469926015 4296.53672619728 4520.45731131038 4654.46476838676 4770.69625233526 Inf
"64" 74.5454545454545 3893.45359749493 347.25982961709 -Inf 3212.83683816792 3322.26200725471 3448.4222191984 3659.23040176337 3893.45359749493 4127.6767932265 4338.48497579147 4464.64518773515 4574.07035682194 Inf 4079.2358327426 369.380260156983 -Inf 3355.26382623488 3471.65937209911 3605.85598205715 3830.09263334196 4079.2358327426 4328.37903214325 4552.61568342806 4686.81229338609 4803.20783925032 Inf
"65" 75.2525252525253 3916.07211314976 347.844901214777 -Inf 3234.30863456291 3343.91816577006 3470.29093543126 3681.45429262243 3916.07211314976 4150.6899336771 4361.85329086827 4488.22606052947 4597.83559173662 Inf 4080.65440439343 370.001606596171 -Inf 3355.46458124298 3472.05591980585 3606.47826620609 3831.09211318823 4080.65440439343 4330.21669559863 4554.83054258077 4689.25288898102 4805.84422754389 Inf
"66" 75.959595959596 3912.59171321459 348.451434244991 -Inf 3229.63945173308 3339.44010778028 3466.03323214166 3677.56479237522 3912.59171321459 4147.61863405396 4359.15019428752 4485.74331864891 4595.5439746961 Inf 4017.95638745272 370.645613593673 -Inf 3291.50433378137 3408.29860561952 3542.95492108951 3767.95972012865 4017.95638745272 4267.95305477679 4492.95785381593 4627.61416928593 4744.40844112407 Inf
"67" 76.6666666666667 3879.00880169838 349.12079644995 -Inf 3194.74461440254 3304.75619341349 3431.59249844377 3643.53040291259 3879.00880169838 4114.48720048416 4326.42510495299 4453.26140998326 4563.27298899422 Inf 3943.18845382414 371.357718828208 -Inf 3215.3406995399 3332.35936311313 3467.27438788278 3692.71147881831 3943.18845382414 4193.66542882996 4419.1025197655 4554.01754453514 4671.03620810837 Inf
"68" 77.3737373737374 3842.32431989603 350.448926340243 -Inf 3155.45704584842 3265.88713234403 3393.20594970127 3605.95011111231 3842.32431989603 4078.69852867974 4291.44269009079 4418.76150744803 4529.19159394363 Inf 3931.9932122733 372.767029257595 -Inf 3201.38326030443 3318.84601219102 3454.27304234482 3680.56567182801 3931.9932122733 4183.42075271859 4409.71338220178 4545.14041235558 4662.60316424218 Inf
"69" 78.0808080808081 3822.52412339731 351.912878663541 -Inf 3132.78755552096 3243.67894855665 3371.52962281074 3585.16249377676 3822.52412339731 4059.88575301787 4273.51862398388 4401.36929823797 4512.26069127366 Inf 3979.97735568275 374.322693738072 -Inf 3246.31835736012 3364.27131523744 3500.26352150386 3727.50053549064 3979.97735568275 4232.45417587487 4459.69118986165 4595.68339612807 4713.63635400539 Inf
"70" 78.7878787878788 3816.61819844305 353.131745103643 -Inf 3124.49269624213 3235.76816671761 3364.06165766197 3578.43445590178 3816.61819844305 4054.80194098431 4269.17473922412 4397.46823016848 4508.74370064396 Inf 4003.19389073522 375.616841806316 -Inf 3266.99840880816 3385.35916614604 3521.82153907342 3749.84418093584 4003.19389073522 4256.5436005346 4484.56624239702 4621.0286153244 4739.38937266228 Inf
"71" 79.4949494949495 3812.38573490441 356.837529237309 -Inf 3112.99702926703 3225.44023070602 3355.08004066527 3571.70247894855 3812.38573490441 4053.06899086027 4269.69142914355 4399.3312391028 4511.77444054179 Inf 3941.70178020971 379.55746049194 -Inf 3197.78282758203 3317.38531468306 3455.27932250213 3685.69416349745 3941.70178020971 4197.70939692198 4428.12423791729 4566.01824573637 4685.6207328374 Inf
"72" 80.2020202020202 3791.47036696825 367.590446480123 -Inf 3071.00633080621 3186.83788784271 3320.38425480241 3543.53437854741 3791.47036696825 4039.4063553891 4262.55647913409 4396.10284609379 4511.93440313029 Inf 3821.77362601623 390.959591378903 -Inf 3055.50690750309 3178.70232414518 3320.73874961992 3558.07538889031 3821.77362601623 4085.47186314215 4322.80850241254 4464.84492788729 4588.04034452938 Inf
"73" 80.9090909090909 3710.8293829544 383.126971604642 -Inf 2959.9143171034 3080.64159412757 3219.83241269211 3452.4141675834 3710.8293829544 3969.24459832539 4201.82635321669 4341.01717178122 4461.74444880539 Inf 3695.58683747686 407.449629889772 -Inf 2897.00023737873 3025.39183595263 3173.41912641106 3420.76623839502 3695.58683747686 3970.4074365587 4217.75454854267 4365.78183900109 4494.17343757499 Inf
"74" 81.6161616161616 3501.11503837931 429.073042403912 -Inf 2660.14732853062 2795.35268835413 2951.23580915359 3211.70966919242 3501.11503837931 3790.5204075662 4050.99426760503 4206.87738840449 4342.08274822801 Inf 3545.74136806781 456.287319000706 -Inf 2651.43465622409 2795.21551647753 2960.9856400643 3237.98024825738 3545.74136806781 3853.50248787823 4130.49709607131 4296.26721965808 4440.04807991153 Inf
"75" 82.3232323232323 3107.2391154482 618.672279269909 -Inf 1894.66372984587 2089.61377299676 2314.3786873908 2689.9510043502 3107.2391154482 3524.5272265462 3900.0995435056 4124.86445789965 4319.81450105053 Inf 3281.25210974858 656.485419170207 -Inf 1994.5643317993 2201.42968698571 2439.9321930538 2838.4594233651 3281.25210974858 3724.04479613206 4122.57202644336 4361.07453251145 4567.93988769787 Inf
"76" 83.030303030303 2539.37259884865 990.9662566454 -Inf 597.114425929188 909.378157418937 1269.39824124286 1870.97601595114 2539.37259884865 3207.76918174615 3809.34695645443 4169.36704027836 4481.63077176811 Inf 2828.57667313787 1048.64039230355 -Inf 773.279271488966 1103.71672048957 1484.68993668796 2121.27947688753 2828.57667313787 3535.87386938821 4172.46340958779 4553.43662578618 4883.87407478678 Inf
"77" 83.7373737373737 1882.71476830897 1440.36171425764 -Inf -940.342316346381 -486.469421509754 36.8169584515827 911.205555467331 1882.71476830897 2854.2239811506 3728.61257816635 4251.89895812769 4705.77185296432 Inf 2212.06833008949 1521.45125883206 -Inf -769.921341454481 -290.496291230313 262.250087433455 1185.86505058434 2212.06833008949 3238.27160959464 4161.88657274552 4714.63295140928 5194.05800163345 Inf
"78" 84.4444444444444 1254.97861316525 1846.3267407732 -Inf -2363.75530244343 -1781.95862293303 -1111.1843119795 9.6501510007954 1254.97861316525 2500.30707532971 3621.14153831001 4291.91584926354 4873.71252877394 Inf 1545.576345534 1948.11038631983 -Inf -2272.64984956127 -1658.780089106 -951.027569907873 231.595857710746 1545.576345534 2859.55683335725 4042.18026097587 4749.932780174 5363.80254062927 Inf
"79" 85.1515151515152 748.412524289668 2137.70348486788 -Inf -3441.40931567714 -2767.79680614206 -1991.16472341291 -693.446565212161 748.412524289668 2190.2716137915 3487.98977199225 4264.6218547214 4938.23436425648 Inf 957.764706553555 2254.02168223356 -Inf -3460.03661099662 -2749.77103269558 -1930.88030908434 -562.549814832713 957.764706553555 2478.07922793982 3846.40972219145 4665.30044580269 5375.56602410372 Inf
"80" 85.8585858585859 398.269280340922 2305.90650412649 -Inf -4121.22441946366 -3394.60939638253 -2556.86881002186 -1157.04102160287 398.269280340922 1953.57958228472 3353.4073707037 4191.14795706437 4917.7629801455 Inf 524.795017543526 2430.43831209166 -Inf -4238.77654080245 -3472.92025518226 -2589.93700627712 -1114.51071244616 524.795017543526 2164.10074753322 3639.52704136417 4522.51029026931 5288.3665758895 Inf
"81" 86.5656565656566 188.84112389315 2383.76077528162 -Inf -4483.2441434181 -3732.09643311347 -2866.07122955282 -1418.98108595377 188.84112389315 1796.66333374007 3243.75347733912 4109.77868089977 4860.92639120439 Inf 253.955929748578 2512.01631653882 -Inf -4669.50557924449 -3877.94321947159 -2965.32251338533 -1440.37332808218 253.955929748578 1948.28518757933 3473.23437288249 4385.85507896874 5177.41743874164 Inf
"82" 87.2727272727273 79.6824314910802 2412.46165475008 -Inf -4648.65552590298 -3888.46387120594 -3012.01157897021 -1547.49822737893 79.6824314910802 1706.86309036109 3171.37644195237 4047.8287341881 4808.02038888514 Inf 108.436627039744 2542.06313382522 -Inf -4873.9155616847 -4072.88513857229 -3149.34836182718 -1606.15890107669 108.436627039744 1823.03215515618 3366.22161590666 4289.75839265177 5090.78881576419 Inf
"83" 87.979797979798 29.8731836514458 2420.85230968538 -Inf -4714.9101552225 -3952.0745182484 -3072.57388377811 -1602.96688596985 29.8731836514458 1662.71325327274 3132.320251081 4011.82088555129 4774.65652252539 Inf 40.7904552902675 2550.84020274593 -Inf -4958.7644724086 -4154.96830397 -3228.24279999288 -1679.72511584995 40.7904552902675 1761.30602643049 3309.82371057342 4236.54921455053 5040.34538298913 Inf
"84" 88.6868686868687 9.92567437591861 2422.79755244115 -Inf -4738.67027024053 -3975.22166712606 -3095.01432195266 -1624.22644154579 9.92567437591861 1644.07779029763 3114.8656707045 3995.07301587789 4758.52161899237 Inf 13.4750815521314 2552.87359566803 -Inf -4990.06522304047 -4185.62831143107 -3258.1640716137 -1708.41199227217 13.4750815521314 1735.36215537643 3285.11423471797 4212.57847453533 5017.01538614473 Inf
"85" 89.3939393939394 2.91063520029127 2423.15628223388 -Inf -4746.38840689009 -3982.82676430236 -3102.48909185577 -1631.48344028971 2.91063520029127 1637.30471069029 3108.31036225636 3988.64803470294 4752.20967729067 Inf 3.88568600501705 2553.2483542425 -Inf -5000.38913189645 -4195.83412997864 -3268.23373959864 -1718.25415863656 3.88568600501705 1726.0255306466 3276.00511160867 4203.60550198867 5008.16050390648 Inf
"86" 90.1010101010101 0.747985703116506 2423.20912494181 -Inf -4748.65462619166 -3985.07633231933 -3104.71946200803 -1633.68173165175 0.747985703116506 1635.17770305799 3106.21543341426 3986.57230372556 4750.15059759789 Inf 0.966915940459948 2553.3035294414 -Inf -5003.41604336369 -4198.84365516922 -3271.22321952572 -1721.21014380724 0.966915940459948 1723.14397568816 3273.15705140664 4200.77748705014 5005.34987524461 Inf
"87" 90.8080808080808 0.166345206868852 2423.21536736682 -Inf -4749.24850161609 -3985.66824069099 -3105.30910249381 -1634.26758259968 0.166345206868852 1634.60027301342 3105.64179290755 3986.00093110472 4749.58119202983 Inf 0.202899654370786 2553.31004451429 -Inf -5004.192828958 -4199.61838779659 -3271.99558521367 -1721.97855444322 0.202899654370786 1722.38435375196 3272.40138452241 4200.02418710532 5004.59862826674 Inf
"88" 91.5151515151515 0.0312360252714798 2423.21596075443 -Inf -4749.38477381604 -3985.80432590836 -3105.44497213224 -1634.40309201515 0.0312360252714798 1634.46556406569 3105.50744418278 3985.8667979589 4749.44724586659 Inf 0.0340192263855983 2553.31066358283 -Inf -5004.36292273803 -4199.78828650171 -3272.16525900992 -1722.14785242659 0.0340192263855983 1722.21589087936 3272.23329746269 4199.85632495448 5004.4309611908 Inf
"89" 92.2222222222222 0.00467709104604896 2423.21600626845 -Inf -4749.4114219561 -3985.83095970648 -3105.47158939502 -1634.42968164811 0.00467709104604896 1634.4390358302 3105.48094357712 3985.84031388857 4749.4207761382 Inf 0.00381499446053126 2553.31071105102 -Inf -5004.39322000589 -4199.81856881185 -3272.19552407477 -1722.17808867532 0.00381499446053126 1722.18571866424 3272.20315406369 4199.82619880076 5004.40084999481 Inf
"90" 92.9292929292929 0.000460550345019455 2423.21600909177 -Inf -4749.41564403042 -3985.83518089113 -3105.47580955396 -1634.43390009311 0.000460550345019455 1634.4348211938 3105.47673065465 3985.83610199182 4749.41656513111 Inf -2.76514927007221e-05 2553.31071399472 -Inf -5004.3970684214 -4199.82241629977 -3272.19937049323 -1722.18193330677 -2.76514927007221e-05 1722.18187800379 3272.19931519025 4199.82236099678 5004.39701311841 Inf
"91" 93.6363636363636 -7.95188401535141e-06 2423.21600923368 -Inf -4749.41611281078 -3985.83564962678 -3105.47627823805 -1634.43436869105 -7.95188401535141e-06 1634.43435278729 3105.47626233428 3985.835633723 4749.41609690701 Inf -0.000156683623643056 2553.31071414264 -Inf -5004.39719774345 -4199.8225455752 -3272.19949971493 -1722.18206243867 -0.000156683623643056 1722.18174907143 3272.19918634768 4199.82223220795 5004.3968843762 Inf
"92" 94.3434343434343 -1.71529696157243e-05 2423.21600923947 -Inf -4749.41612202321 -3985.83565883738 -3105.47628744655 -1634.43437789604 -1.71529696157243e-05 1634.43434359011 3105.47625314061 3985.83562453144 4749.41608771726 Inf -5.18788839010128e-05 2553.31071414867 -Inf -5004.39709295053 -4199.82244078038 -3272.19939491792 -1722.181957638 -5.18788839010128e-05 1722.18185388023 3272.19929116015 4199.82233702261 5004.39698919276 Inf
"93" 95.0505050505051 -5.02946990115282e-06 2423.21600923966 -Inf -4749.41610990008 -3985.8356467142 -3105.4762753233 -1634.43436577267 -5.02946990115282e-06 1634.43435571373 3105.47626526436 3985.83563665526 4749.41609984114 Inf -1.17797340533219e-05 2553.31071414887 -Inf -5004.39705285177 -4199.82240068156 -3272.19935481903 -1722.18191753899 -1.17797340533219e-05 1722.18189397952 3272.19933125956 4199.82237712209 5004.3970292923 Inf
"94" 95.7575757575758 -1.02762355439157e-06 2423.21600923967 -Inf -4749.41610589825 -3985.83564271236 -3105.47627132146 -1634.43436177083 -1.02762355439157e-06 1634.43435971558 3105.47626926621 3985.83564065711 4749.416103843 Inf -2.15692823699765e-06 2553.31071414888 -Inf -5004.39704322898 -4199.82239105877 -3272.19934519623 -1722.18190791619 -2.15692823699765e-06 1722.18190360233 3272.19934088237 4199.82238674491 5004.39703891512 Inf
"95" 96.4646464646465 -1.7008931648149e-07 2423.21600923967 -Inf -4749.41610504071 -3985.83564185483 -3105.47627046392 -1634.4343609133 -1.7008931648149e-07 1634.43436057312 3105.47627012374 3985.83564151464 4749.41610470053 Inf -3.35443251982181e-07 2553.31071414888 -Inf -5004.39704140749 -4199.82238923728 -3272.19934337474 -1722.1819060947 -3.35443251982181e-07 1722.18190542381 3272.19934270386 4199.82238856639 5004.3970407366 Inf
"96" 97.1717171717172 -2.39598797219481e-08 2423.21600923967 -Inf -4749.41610489458 -3985.8356417087 -3105.47627031779 -1634.43436076717 -2.39598797219481e-08 1634.43436071925 3105.47627026987 3985.83564166077 4749.41610484666 Inf -4.53571945580419e-08 2553.31071414888 -Inf -5004.39704111741 -4199.8223889472 -3272.19934308466 -1722.18190580461 -4.53571945580419e-08 1722.1819057139 3272.19934299394 4199.82238885648 5004.39704102669 Inf
"97" 97.8787878787879 -2.93772669029299e-09 2423.21600923967 -Inf -4749.41610487356 -3985.83564168767 -3105.47627029677 -1634.43436074615 -2.93772669029299e-09 1634.43436074027 3105.4762702909 3985.8356416818 4749.41610486768 Inf -5.39995704393995e-09 2553.31071414888 -Inf -5004.39704107745 -4199.82238890724 -3272.1993430447 -1722.18190576466 -5.39995704393995e-09 1722.18190575386 3272.1993430339 4199.82238889644 5004.39704106665 Inf
"98" 98.5858585858586 -3.17345458973057e-10 2423.21600923967 -Inf -4749.41610487094 -3985.83564168505 -3105.47627029415 -1634.43436074353 -3.17345458973057e-10 1634.43436074289 3105.47627029352 3985.83564168442 4749.4161048703 Inf -5.70355039764221e-10 2553.31071414888 -Inf -5004.39704107262 -4199.82238890241 -3272.19934303987 -1722.18190575983 -5.70355039764221e-10 1722.18190575869 3272.19934303873 4199.82238890127 5004.39704107148 Inf
"99" 99.2929292929293 -3.04247386659407e-11 2423.21600923967 -Inf -4749.41610487065 -3985.83564168477 -3105.47627029386 -1634.43436074324 -3.04247386659407e-11 1634.43436074318 3105.4762702938 3985.8356416847 4749.41610487059 Inf -5.37093565020992e-11 2553.31071414888 -Inf -5004.3970410721 -4199.82238890189 -3272.19934303935 -1722.18190575931 -5.37093565020992e-11 1722.1819057592 3272.19934303925 4199.82238890178 5004.39704107199 Inf
"100" 100 -2.60112247199797e-12 2423.21600923967 -Inf -4749.41610487062 -3985.83564168474 -3105.47627029384 -1634.43436074321 -2.60112247199797e-12 1634.43436074321 3105.47627029383 3985.83564168473 4749.41610487062 Inf -4.52451416934124e-12 2553.31071414888 -Inf -5004.39704107205 -4199.82238890184 -3272.1993430393 -1722.18190575926 -4.52451416934124e-12 1722.18190575925 3272.19934303929 4199.82238890183 5004.39704107204 Inf
