"mid_age" "mean_left" "std_left" "min_left" "l.q2.5" "l.q5" "l.q10" "l.q25" "l.q50" "l.q75" "l.q90" "l.q95" "l.q97.5" "max_left" "mean_right" "std_right" "min_right" "r.q2.5" "r.q5" "r.q10" "r.q25" "r.q50" "r.q75" "r.q90" "r.q95" "r.q97.5" "max_right"
"1" 56.0919572421306 4264.22112931613 342.515106353995 -Inf 3592.90385670139 3700.83391434409 3825.27035854549 4033.19820079304 4264.22112931613 4495.24405783922 4703.17190008677 4827.60834428816 4935.53840193086 Inf 4477.12300130796 363.399415557023 -Inf 3764.87323481329 3879.38415459695 4011.40791138287 4232.0138202875 4477.12300130796 4722.23218232842 4942.83809123306 5074.86184801898 5189.37276780263 Inf
"2" 56.4541975626876 4261.13252749366 342.790895112298 -Inf 3589.27471884531 3697.29168038226 3821.82831920806 4029.92358227988 4261.13252749366 4492.34147270745 4700.43673577926 4824.97337460507 4932.99033614202 Inf 4488.14422556346 363.691316218998 -Inf 3775.32234428426 3889.92524498989 4022.05504988803 4242.83816053842 4488.14422556346 4733.4502905885 4954.23340123889 5086.36320613703 5200.96610684266 Inf
"3" 56.8104519562283 4261.78950941811 343.044133664199 -Inf 3589.43536232853 3697.53212195612 3822.16076286986 4030.40975739671 4261.78950941811 4493.1692614395 4701.41825596635 4826.04689688009 4934.14365650768 Inf 4485.46039536381 363.959459573724 -Inf 3772.11296276665 3886.80035822067 4019.02758015234 4239.97347039443 4485.46039536381 4730.94732033319 4951.89321057529 5084.12043250695 5198.80782796097 Inf
"4" 57.1626747661295 4264.15427711078 343.046303806885 -Inf 3591.7958766197 3699.89332008172 3824.52274941277 4032.77306135038 4264.15427711078 4495.53549287117 4703.78580480878 4828.41523413983 4936.51267760186 Inf 4470.48841313583 363.961910414274 -Inf 3757.13617697946 3871.82434471872 4004.05245704581 4224.99983509961 4470.48841313583 4715.97699117204 4936.92436922584 5069.15248155293 5183.8406492922 Inf
"5" 57.5121258400941 4265.60891086238 342.822572944022 -Inf 3593.68901480474 3701.71595835457 3826.26410580194 4034.37859927579 4265.60891086238 4496.83922244897 4704.95371592282 4829.50186337019 4937.52880692002 Inf 4448.51913061824 363.725144936243 -Inf 3735.63094627159 3850.24450675641 3982.38660169726 4203.19024847016 4448.51913061824 4693.84801276632 4914.65165953922 5046.79375448007 5161.40731496489 Inf
"6" 57.8595424212949 4264.22211661061 342.588093252877 -Inf 3592.76179230272 3700.71484887322 3825.17780936544 4033.14995917232 4264.22211661061 4495.29427404889 4703.26642385577 4827.72938434799 4935.68244091849 Inf 4427.03809891017 363.476805092027 -Inf 3714.63665171411 3829.17195774182 3961.22383030533 4181.87671944158 4427.03809891017 4672.19947837876 4892.85236751501 5024.90424007852 5139.43954610623 Inf
"7" 58.2050977601283 4259.58340557013 342.525255892678 -Inf 3588.24624022512 3696.17949609258 3820.6196276423 4028.55363128723 4259.58340557013 4490.61317985303 4698.54718349796 4822.98731504768 4930.92057091514 Inf 4413.32658428138 363.410052780151 -Inf 3701.05596921248 3815.57024089532 3947.59786220633 4168.21022856295 4413.32658428138 4658.44293999981 4879.05530635642 5011.08292766743 5125.59719935027 Inf
"8" 58.5485321818046 4252.89963064399 342.632274375246 -Inf 3581.35271292746 3689.31969142723 3813.79870301229 4021.79767349152 4252.89963064399 4484.00158779647 4692.00055827569 4816.47956986075 4924.44654836052 Inf 4412.01572950816 363.523213986046 -Inf 3699.52332255126 3814.07325250215 3946.14198551253 4166.82304771623 4412.01572950816 4657.20841130008 4877.88947350378 5009.95820651416 5124.50813646506 Inf
"9" 58.8892693741431 4246.34069954757 342.767385222296 -Inf 3574.52896943691 3682.53852276401 3807.06662039831 4015.14761151362 4246.34069954757 4477.53378758152 4685.61477869684 4810.14287633114 4918.15242965824 Inf 4423.47604511756 363.66632950915 -Inf 3710.70313688975 3825.29816402431 3957.41889119925 4178.18683337221 4423.47604511756 4668.76525686291 4889.53319903587 5021.65392621082 5136.24895334537 Inf
"10" 59.2264743557248 4241.96139095627 342.802472612571 -Inf 3570.08089082435 3678.10150055155 3802.64234550707 4010.74463683721 4241.96139095627 4473.17814507532 4681.28043640547 4805.82128136099 4913.84189108818 Inf 4443.70195885921 363.703644825731 -Inf 3730.85591395483 3845.46269953214 3977.59698343852 4198.3875783153 4443.70195885921 4689.01633940312 4909.8069342799 5041.94121818628 5156.54800376359 Inf
"11" 59.5590119584302 4240.71198208517 342.717745676763 -Inf 3568.99754369596 3676.99145508811 3801.5015185732 4009.55237541589 4240.71198208517 4471.87158875445 4679.92244559714 4804.43250908223 4912.42642047438 Inf 4465.76371545538 363.613977038187 -Inf 3753.09341618516 3867.67194651387 3999.7736539282 4220.50981491509 4465.76371545538 4711.01761599568 4931.75377698257 5063.8554843969 5178.43401472561 Inf
"12" 59.8857611480588 4241.98121113871 342.574226564891 -Inf 3570.54806503986 3678.49675207335 3802.95467476924 4010.91840663934 4241.98121113871 4473.04401563808 4681.00774750818 4805.46567020407 4913.41435723756 Inf 4482.27757776937 363.461839912154 -Inf 3769.90546178689 3884.43605213141 4016.48248781423 4237.12629216121 4482.27757776937 4727.42886337753 4948.07266772451 5080.11910340733 5194.64969375185 Inf
"13" 60.2057709928426 4243.84118251966 342.434205602702 -Inf 3572.68247246378 3680.58703744181 3804.99409023349 4012.8728207241 4243.84118251966 4474.80954431522 4682.68827480582 4807.09532759751 4914.99989257554 Inf 4487.82480757283 363.313296357629 -Inf 3775.74383160735 3890.22761433929 4022.22008384254 4242.77371306966 4487.82480757283 4732.875902076 4953.42953130312 5085.42200080637 5199.90578353831 Inf
"14" 60.5180578579613 4243.7922563918 342.317707330892 -Inf 3572.86187875293 3680.72973391887 3805.09446264825 4012.90247148649 4243.7922563918 4474.6820412971 4682.49005013534 4806.85477886473 4914.72263403067 Inf 4480.38557360662 363.189703796998 -Inf 3768.54683460874 3882.9916720447 4014.9392401159 4235.4178410188 4480.38557360662 4725.35330619445 4945.83190709734 5077.77947516854 5192.22431260451 Inf
"15" 60.8218943419379 4239.63743826543 342.210757685116 -Inf 3568.91667808044 3676.75083230526 3801.07670600787 4008.81978979999 4239.63743826543 4470.45508673088 4678.198170523 4802.52404422561 4910.35819845043 Inf 4461.44119272066 363.076299728403 -Inf 3749.82472161292 3864.23382425227 3996.14019239158 4216.54995001473 4461.44119272066 4706.33243542658 4926.74219304973 5058.64856118904 5173.0576638284 Inf
"16" 61.1166570552783 4230.13727962199 342.091862573634 -Inf 3559.64954957344 3667.44623871716 3791.72891758068 3999.39982469058 4230.13727962199 4460.87473455339 4668.5456416633 4792.82832052681 4900.62500967053 Inf 4434.95175597784 362.950246025202 -Inf 3723.58234558849 3837.95172740035 3969.81229996944 4190.14553520269 4434.95175597784 4679.75797675298 4900.09121198623 5031.95178455532 5146.32116636718 Inf
"17" 61.4023294481782 4215.24670749407 341.949220258821 -Inf 3545.03855124522 3652.79029231812 3777.02114893462 3984.60546334195 4215.24670749407 4445.88795164618 4653.47226605351 4777.70312267002 4885.45486374291 Inf 4405.77870102533 362.798977581173 -Inf 3694.70577133828 3809.02748689665 3940.8331033282 4161.07450926521 4405.77870102533 4650.48289278545 4870.72429872246 5002.52991515401 5116.85163071238 Inf
"18" 61.6794004964389 4195.97318994531 341.786206026683 -Inf 3526.08453572042 3633.78490932033 3757.95654253026 3965.4418972219 4195.97318994531 4426.50448266871 4633.98983736035 4758.16147057028 4865.86184417019 Inf 4378.29671969577 362.626087086709 -Inf 3667.56264915113 3781.82988512397 3913.57269008248 4133.70914080207 4378.29671969577 4622.88429858947 4843.02074930905 4974.76355426756 5089.0307902404 Inf
"19" 61.9486325429424 4174.04843398198 341.620587469051 -Inf 3504.48438616522 3612.13257164222 3736.24403528875 3943.62884927814 4174.04843398198 4404.46801868582 4611.85283267521 4735.96429632174 4843.61248179873 Inf 4355.58344398071 362.450466192838 -Inf 3645.193584063 3759.40548007317 3891.08448159891 4111.11431957985 4355.58344398071 4600.05256838157 4820.08240636252 4951.76140788825 5065.97330389843 Inf
"20" 62.2110622830423 4151.54971896084 341.479220799769 -Inf 3482.26274472449 3589.86638409978 3713.92648894395 3921.22548462645 4151.54971896084 4381.87395329523 4589.17294897773 4713.2330538219 4820.83669319719 Inf 4339.15755239973 362.300616293234 -Inf 3629.06139288833 3743.22606964305 3874.85063039137 4094.78950022022 4339.15755239973 4583.52560457924 4803.4644744081 4935.08903515641 5049.25371191114 Inf
"21" 62.4680583963662 4130.57146713114 341.388695122007 -Inf 3461.46191996289 3569.03703375948 3693.06425043831 3900.30829143854 4130.57146713114 4360.83464282375 4568.07868382398 4692.10590050281 4799.6810142994 Inf 4329.13256258882 362.204699891155 -Inf 3619.22439577102 3733.35884827399 3864.9485623957 4084.82920503939 4329.13256258882 4573.43592013825 4793.31656278194 4924.90627690366 5039.04072940662 Inf
"22" 62.7210414367423 4113.02197719062 341.365035719612 -Inf 3443.95880159895 3551.5264600728 3675.54508124197 3882.77475952243 4113.02197719062 4343.26919485882 4550.49887313928 4674.51749430844 4782.08515278229 Inf 4324.59855131527 362.179649735918 -Inf 3614.73948189954 3728.86604083913 3860.44665418781 4080.31208983878 4324.59855131527 4568.88501279175 4788.75044844273 4920.3310617914 5034.457620731 Inf
"23" 62.971150056122 4100.48644150614 341.406614600643 -Inf 3431.34177280513 3538.92253321505 3662.9562600774 3870.21117930886 4100.48644150614 4330.76170370342 4538.01662293488 4662.05034979723 4769.63111020715 Inf 4324.02766851533 362.223701573429 -Inf 3614.08225908463 3728.22269921449 3859.81931668655 4079.71149452597 4324.02766851533 4568.3438425047 4788.23602034412 4919.83263781618 5033.97307794604 Inf
"24" 63.2194424651607 4094.0795200873 341.494014178981 -Inf 3424.76355136049 3532.37185228279 3656.43733159212 3863.74530777026 4094.0795200873 4324.41373240434 4531.72170858248 4655.78718789181 4763.39548881411 Inf 4325.64580072746 362.316280953689 -Inf 3615.51893904574 3729.68855189722 3861.31880364897 4081.26718289504 4325.64580072746 4570.02441855989 4789.97279780596 4921.60304955771 5035.77266240919 Inf
"25" 63.4665911554516 4094.34102745223 341.597399472537 -Inf 3424.82242727352 3532.46330597264 3656.56634537224 3863.93708281437 4094.34102745223 4324.74497209009 4532.11570953223 4656.21874893182 4763.85962763095 Inf 4327.76526701799 362.425810336003 -Inf 3617.42373169168 3731.62785838599 3863.29790238812 4083.31277273985 4327.76526701799 4572.21776129614 4792.23263164787 4923.90267564999 5038.1068023443 Inf
"26" 63.7130686983737 4101.13222223804 341.687914033702 -Inf 3431.43621677937 3539.10561755422 3663.24154108048 3870.66722645643 4101.13222223804 4331.59721801965 4539.0229033956 4663.15882692186 4770.82822769671 Inf 4329.05089365101 362.521750554948 -Inf 3618.52131895089 3732.7556774019 3864.46057668334 4084.53368867855 4329.05089365101 4573.56809862346 4793.64121061867 4925.34610990011 5039.58046835112 Inf
"27" 63.9587777664555 4113.57659750037 341.746885600229 -Inf 3443.76500989519 3551.45299322146 3675.6103412394 3883.07182600158 4113.57659750037 4344.08136899916 4551.54285376133 4675.70020177928 4783.38818510555 Inf 4328.69720242247 362.584318839671 -Inf 3618.04499613773 3732.29907050331 3864.02670097157 4084.13779578329 4328.69720242247 4573.25660906166 4793.36770387338 4925.09533434164 5039.34940870722 Inf
"28" 64.2032254611216 4130.08803988803 341.768368748956 -Inf 3460.23434608507 3567.92909897402 3692.09425186418 3899.56877822563 4130.08803988803 4360.60730155044 4568.08182791188 4692.24698080204 4799.94173369099 Inf 4326.49839448654 362.607172894035 -Inf 3615.80139507834 3730.06267099316 3861.79860438648 4081.92357302193 4326.49839448654 4571.07321595114 4791.19818458659 4922.93411797991 5037.19539389473 Inf
"29" 64.4457139558293 4148.55078110935 341.754292091321 -Inf 3478.72467704838 3586.4149942367 3710.57503304813 3918.04101400823 4148.55078110935 4379.06054821046 4586.52652917056 4710.68656798199 4818.37688517032 Inf 4322.78033174749 362.592295079507 -Inf 3612.11249231994 3726.36908008131 3858.09960833394 4078.21554521629 4322.78033174749 4567.34511827869 4787.46105516105 4919.19158341368 5033.44817117505 Inf
"30" 64.6854026179505 4166.6166592253 341.707233435027 -Inf 3496.88278843583 3604.55827695414 3728.70121925873 3936.13863270552 4166.6166592253 4397.09468574509 4604.53209919188 4728.67504149646 4836.35053001478 Inf 4318.2142478198 362.542379328259 -Inf 3607.64424146696 3721.8851002581 3853.59749401541 4073.68312895119 4318.2142478198 4562.74536668841 4782.8310016242 4914.5433953815 5028.78425417265 Inf
"31" 64.921367449772 4182.06301843963 341.627385489169 -Inf 3512.48564674828 3620.13597435183 3744.24990773308 3951.6388485409 4182.06301843963 4412.48718833836 4619.87612914619 4743.99006252744 4851.64039013099 Inf 4313.5753000528 362.457642135145 -Inf 3603.1713755466 3717.38553277052 3849.0671413309 4069.1013355524 4313.5753000528 4558.04926455319 4778.0834587747 4909.76506733507 5023.97922455899 Inf
"32" 65.1528073771373 4193.136963886 341.515805532284 -Inf 3523.77828489154 3631.39345249497 3755.46684864787 3962.78805352451 4193.136963886 4423.48587424748 4630.80707912412 4754.88047527703 4862.49564288046 Inf 4309.51848076833 362.339256332282 -Inf 3599.34658817204 3713.52344080328 3845.16203955743 4065.12436627854 4309.51848076833 4553.91259525813 4773.87492197924 4905.51352073339 5019.69037336463 Inf
"33" 65.3791785227689 4198.7779861546 341.380153208231 -Inf 3529.6851808297 3637.25760298079 3761.28171636474 3968.52057189528 4198.7779861546 4429.03540041392 4636.27425594447 4760.29836932841 4867.8707914795 Inf 4306.43744165052 362.195396103744 -Inf 3596.54750992096 3710.67903070415 3842.26536474072 4062.14035941034 4306.43744165052 4550.73452389071 4770.60951856032 4902.19585259689 5016.32737338008 Inf
"34" 65.6003393646421 4198.6752337168 341.237110837329 -Inf 3529.86278628714 3637.39013430558 3761.36228010131 3968.5143000705 4198.6752337168 4428.83616736311 4635.9881873323 4759.96033312802 4867.48768114647 Inf 4304.42631271591 362.043768672482 -Inf 3594.83356529069 3708.91730669979 3840.44855417802 4060.23150162396 4304.42631271591 4548.62112380786 4768.40407125379 4899.93531873202 5014.01906014112 Inf
"35" 65.8164699647908 4193.17552137844 341.109076037556 -Inf 3524.61401754509 3632.101020472 3756.02665096103 3963.10094589225 4193.17552137844 4423.25009686462 4630.32439179584 4754.25002228488 4861.73702521178 Inf 4303.32467730204 361.908098894185 -Inf 3593.99783775608 3708.03882821283 3839.52078658093 4059.22137408497 4303.32467730204 4547.42798051912 4767.12856802316 4898.61052639126 5012.65151684801 Inf
"36" 66.0280892766769 4183.11269918469 341.016908921897 -Inf 3514.7318395786 3622.18979969273 3746.08194567865 3953.10028947332 4183.11269918469 4413.12510889606 4620.14345269073 4744.03559867665 4851.49355879078 Inf 4302.79844734283 361.810456526927 -Inf 3593.66298332006 3707.67320565555 3839.11969035034 4058.76100290165 4302.79844734283 4546.83589178401 4766.47720433532 4897.92368903011 5011.9339113656 Inf
"37" 66.2358855827957 4169.62221028961 340.972893028009 -Inf 3501.32762025028 3608.77171050035 3732.64786542129 3939.63948884751 4169.62221028961 4399.6049317317 4606.59655515792 4730.47271007886 4837.91680032893 Inf 4302.42268247565 361.763820447177 -Inf 3593.37862348957 3707.37415031329 3838.80369202418 4058.41669359226 4302.42268247565 4546.42867135905 4766.04167292713 4897.47121463801 5011.46674146174 Inf
"38" 66.4407167625401 4153.97081666033 340.976889857733 -Inf 3485.66839297869 3593.1137426712 3716.99134964862 3923.98539939755 4153.97081666033 4383.95623392311 4590.95028367204 4714.82789064945 4822.27324034197 Inf 4301.7452053791 361.768023710307 -Inf 3592.69290814867 3706.68975946414 3838.12082822918 4057.73638143781 4301.7452053791 4545.7540293204 4765.36958252902 4896.80065129407 5010.79750260954 Inf
"39" 66.6434239305719 4137.4313476114 341.016934610951 -Inf 3469.05043765569 3576.50840586471 3700.40056118352 3907.41892057303 4137.4313476114 4367.44377464978 4574.46213403929 4698.3542893581 4805.81225756712 Inf 4300.3286994407 361.810393195959 -Inf 3591.19335954434 3705.20356192359 3836.65002361011 4056.29129771561 4300.3286994407 4544.36610116579 4764.00737527129 4895.45383695781 5009.46403933705 Inf
"40" 66.8448200623897 4121.17638328496 341.073552829943 -Inf 3452.68450365915 3560.1603128554 3684.07303768989 3891.1257678382 4121.17638328496 4351.22699873172 4558.27972888003 4682.19245371451 4789.66826291077 Inf 4297.7754389311 361.87031917542 -Inf 3588.52264627327 3702.55173194933 3834.01996486772 4053.6976177471 4297.7754389311 4541.85326011511 4761.53091299449 4892.99914591288 5007.02823158894 Inf
"41" 67.0456164315319 4106.19541284085 341.126207707672 -Inf 3437.60033155109 3545.09273284469 3669.02458730479 3876.10928221877 4106.19541284085 4336.28154346294 4543.36623837691 4667.29809283702 4774.79049413062 Inf 4293.74230284691 361.926073335247 -Inf 3584.38023404382 3698.42688843312 3829.91537695272 4049.62687605357 4293.74230284691 4537.85772964025 4757.56922874111 4889.05771726069 5003.10437165 Inf
"42" 67.2463329251056 4093.22565663294 341.159738377174 -Inf 3424.56485643857 3532.06782359343 3656.01185981488 3863.11690991795 4093.22565663294 4323.33440334792 4530.43945345099 4654.38348967244 4761.8864568273 Inf 4287.95390702917 361.961614084114 -Inf 3578.52217963832 3692.58003328571 3824.08143383263 4043.81450836501 4287.95390702917 4532.09330569334 4751.82638022572 4883.32778077264 4997.38563442002 Inf
"43" 67.4473825164155 4082.68478238305 341.168721691162 -Inf 3414.0063752168 3521.51217310695 3645.45947298489 3852.56997651486 4082.68478238305 4312.79958825124 4519.91009178121 4643.85739165915 4751.3631895493 Inf 4280.21252252438 361.971196001237 -Inf 3570.76201492106 3684.82288792978 3816.32776960694 4036.06666095533 4280.21252252438 4524.35838409343 4744.09727544181 4875.60215711897 4989.66303012769 Inf
"44" 67.6490260158902 4074.63921255226 341.158097260036 -Inf 3405.98162888838 3513.48407891023 3637.42751891044 3844.53157275397 4074.63921255226 4304.74685235055 4511.85090619408 4635.79434619429 4743.29679621614 Inf 4270.41207363199 361.960029504896 -Inf 3560.98345195934 3675.0408062894 3806.54163115542 4026.27374375027 4270.41207363199 4514.55040351372 4734.28251610856 4865.78334097458 4979.84069530464 Inf
"45" 67.8515441313611 4068.80127307398 341.139817921503 -Inf 3400.17951625528 3507.67620626823 3631.61300534708 3838.70596250217 4068.80127307398 4298.89658364579 4505.98954080088 4629.92633987973 4737.42302989268 Inf 4258.544007538 361.940741342275 -Inf 3549.15318996942 3663.20446639966 3794.69828383644 4014.41868732427 4258.544007538 4502.66932775174 4722.38973123957 4853.88354867635 4967.93482510659 Inf
"46" 68.0550541426072 4064.58551599552 341.126962502277 -Inf 3395.98895533551 3503.48159447271 3627.41372315125 3834.49887627221 4064.58551599552 4294.67215571882 4501.75730883978 4625.68943751832 4733.18207665552 Inf 4244.72225502739 361.927154452239 -Inf 3535.35806727394 3649.4050623344 3780.89394362602 4000.60609903172 4244.72225502739 4488.83841102306 4708.55056642876 4840.03944772038 4954.08644278084 Inf
"47" 68.2597818784894 4061.19342427075 341.127932103422 -Inf 3392.59496322742 3500.08790789598 3624.02038883262 3831.10613056141 4061.19342427075 4291.28071798009 4498.36645970888 4622.29894064552 4729.79188531408 Inf 4229.18344946737 361.92815685014 -Inf 3519.81729705014 3633.86460797656 3765.35385344141 3985.0666173646 4229.18344946737 4473.30028157015 4693.01304549334 4824.50229095819 4938.54960188461 Inf
"48" 68.4659987675861 4057.74149689215 341.143538133247 -Inf 3389.11244859242 3496.61031088262 3620.54846152206 3827.64367707565 4057.74149689215 4287.83931670865 4494.93453226224 4618.87268290168 4726.37054519188 Inf 4212.30265725632 361.944625276364 -Inf 3502.9042273168 3616.9567276149 3748.45195609294 3968.17471736885 4212.30265725632 4456.43059714379 4676.1533584197 4807.64858689774 4921.70108719584 Inf
"49" 68.6740997107981 4053.39772786813 341.168367355113 -Inf 3384.72001518778 3492.22570142296 3616.17287256989 3823.28316099598 4053.39772786813 4283.51229474029 4490.62258316637 4614.5697543133 4722.07544054848 Inf 4194.59620582771 361.970866113931 -Inf 3485.14634479164 3599.20711384945 3730.71187567787 3950.45056676427 4194.59620582771 4438.74184489116 4658.48053597756 4789.98529780598 4904.04606686379 Inf
"50" 68.8845229627534 4047.515341819 341.195721065418 -Inf 3378.78401685161 3486.29832252423 3610.2554313305 3817.38232514962 4047.515341819 4277.64835848839 4484.77525230751 4608.73236111378 4716.2466667864 Inf 4176.72903924258 361.99982974856 -Inf 3467.22241052577 3581.29230632484 3712.80759070143 3932.56386450445 4176.72903924258 4420.89421398071 4640.65048778372 4772.16577216031 4886.23566795939 Inf
"51" 69.0977100341664 4039.74658168257 341.223563374067 -Inf 3370.96068679298 3478.48376586543 3602.45098983982 3809.59478566138 4039.74658168257 4269.89837770376 4477.04217352531 4601.00939749971 4708.53247657216 Inf 4159.50352957902 362.029388636183 -Inf 3449.93896650705 3564.01817661777 3695.54419979916 3915.31841767416 4159.50352957902 4403.68864148388 4623.46285935887 4754.98888254027 4869.06809265099 Inf
"52" 69.31401696753 4030.12438950463 341.258009493481 -Inf 3361.27098146157 3468.80491486303 3592.78465318362 3799.94935992896 4030.12438950463 4260.2994190803 4467.46412582563 4591.44386414622 4698.97779754768 Inf 4143.8235958613 362.066014676596 -Inf 3434.18724706923 3548.27799842464 3679.81732792202 3899.6137800676 4143.8235958613 4388.03341165501 4607.82986380059 4739.36919329797 4853.45994465338 Inf
"53" 69.5336556003138 4019.09066393189 341.311437820878 -Inf 3350.13253829139 3457.6833075122 3581.68245645427 3788.87959749702 4019.09066393189 4249.30173036676 4456.49887140952 4580.49802035159 4688.0487895724 Inf 4130.61347650806 362.122777620039 -Inf 3420.86587439118 3534.974512338 3666.53446392974 3886.36537469081 4130.61347650806 4374.86157832531 4594.69248908638 4726.25244067812 4840.36107862495 Inf
"54" 69.7564325896397 4007.45942360057 341.394543476693 -Inf 3338.33841386775 3445.91537054149 3569.94471193963 3777.19230325267 4007.45942360057 4237.72654394847 4444.97413526151 4569.00347665965 4676.58043333338 Inf 4120.69355241229 362.210945561003 -Inf 3410.77314430652 3524.90956488475 3656.50154807119 3876.38598222256 4120.69355241229 4365.00112260202 4584.88555675338 4716.47753993983 4830.61396051805 Inf
"55" 69.9817621797272 3996.27030172758 341.505629743376 -Inf 3326.93156691289 3434.54352801984 3558.61322728766 3765.92825483141 3996.27030172758 4226.61234862374 4433.9273761675 4557.99707543532 4665.60903654227 Inf 4114.58716871631 362.328673702022 -Inf 3404.43601769418 3518.60953562902 3650.24428969178 3870.20019210215 4114.58716871631 4358.97414533046 4578.93004774083 4710.56480180359 4824.73831973844 Inf
"56" 70.208756884583 3986.54628671007 341.62402202778 -Inf 3316.9755072819 3424.62477502392 3548.73748645272 3756.12438543157 3986.54628671007 4216.96818798856 4424.35508696741 4548.46779839621 4656.11706613823 Inf 4112.32761484492 362.454054813446 -Inf 3401.93072136006 3516.14374818175 3647.82405346076 3867.85606995624 4112.32761484492 4356.7991597336 4576.83117622908 4708.51148150808 4822.72450832978 Inf
"57" 70.4363771414131 3979.01828379344 341.713986247807 -Inf 3309.27117773412 3416.94879413369 3541.09418974908 3748.53570257065 3979.01828379344 4209.50086501623 4416.9423778378 4541.08777345319 4648.76538985276 Inf 4113.34152256379 362.549271805952 -Inf 3402.7580072029 3517.00103788515 3648.71593569381 3868.80575478962 4113.34152256379 4357.87729033795 4577.96710943376 4709.68200724242 4823.92503792468 Inf
"58" 70.6634013875879 3973.9157815909 341.739184649786 -Inf 3304.11928757124 3411.80484424826 3535.95939449503 3743.41620430426 3973.9157815909 4204.41535887755 4411.87216868677 4536.02671893354 4643.71227561057 Inf 4116.46880259524 362.575884059593 -Inf 3405.83312817566 3520.08454465468 3651.80911074995 3871.91508512876 4116.46880259524 4361.02252006171 4581.12849444052 4712.85306053579 4827.10447701481 Inf
"59" 70.8886937404702 3970.88680696858 341.680169813914 -Inf 3301.20597990178 3408.87294039277 3533.00605042801 3740.42703458384 3970.88680696858 4201.34657935332 4408.76756350914 4532.90067354439 4640.56763403538 Inf 4120.14122948467 362.51332240665 -Inf 3409.62817365168 3523.85987630587 3655.56171362366 3875.62970921186 4120.14122948467 4364.65274975749 4584.72074534569 4716.42258266348 4830.65428531766 Inf
"60" 71.1112907717806 3969.09519213793 341.544112880044 -Inf 3299.68103176136 3407.30511930326 3531.38879957396 3738.72718876052 3969.09519213793 4199.46319551533 4406.80158470189 4530.88526497259 4638.50935251449 Inf 4122.68157117205 362.369175648133 -Inf 3412.45103779424 3526.6373183118 3658.28678681508 3878.26727641038 4122.68157117205 4367.09586593372 4587.07635552902 4718.72582403229 4832.91210454986 Inf
"61" 71.3305756273676 3967.44364330712 341.361482935538 -Inf 3298.38743104429 3405.95396999907 3529.97130043446 3737.19882195537 3967.44364330712 4197.68846465888 4404.91598617979 4528.93331661518 4636.49985556996 Inf 4122.63052647194 362.175684627162 -Inf 3412.77922852656 3526.90453801932 3658.48371083581 3878.34673942067 4122.63052647194 4366.91431352321 4586.77734210806 4718.35651492456 4832.48182441731 Inf
"62" 71.5464242761056 3964.83638735953 341.17298776858 -Inf 3296.14961883519 3403.65676101051 3527.60561076318 3734.71870406585 3964.83638735953 4194.95407065321 4402.06716395589 4526.01601370855 4633.52315588388 Inf 4118.99967570423 361.975938446924 -Inf 3409.53987307818 3523.60224048065 3655.1088450981 3874.85061540418 4118.99967570423 4363.14873600429 4582.89050631037 4714.39711092782 4828.45947833029 Inf
"63" 71.7590674723268 3960.39784725716 341.015404106961 -Inf 3292.01993703414 3399.4774229655 3523.36902224906 3730.38645252804 3960.39784725716 4190.40924198628 4397.42667226526 4521.31827154882 4628.77575748017 Inf 4111.40141289007 361.80889015473 -Inf 3402.26901890039 3516.27874765578 3647.72466328432 3867.36502495089 4111.40141289007 4355.43780082926 4575.07816249582 4706.52407812437 4820.53380687975 Inf
"64" 71.9693241233896 3953.59735365005 340.912474666954 -Inf 3285.42118142239 3392.84623322111 3516.70043802693 3723.65538377321 3953.59735365005 4183.53932352689 4390.49426927317 4514.34847407899 4621.7735258777 Inf 4100.05103295214 361.699719859796 -Inf 3391.13260880871 3505.10793687342 3636.51419070877 3856.08827925791 4100.05103295214 4344.01378664636 4563.5878751955 4694.99412903086 4808.96945709557 Inf
"65" 72.178693421201 3944.27978529005 340.873434635861 -Inf 3276.18013011729 3383.59287999784 3507.43290147989 3714.36414751402 3944.27978529005 4174.19542306607 4381.1266691002 4504.96669058225 4612.3794404628 Inf 4085.67843426119 361.658260300016 -Inf 3376.84126936174 3490.80353308975 3622.19472458156 3841.74364461508 4085.67843426119 4329.61322390729 4549.16214394081 4680.55333543263 4794.51559916063 Inf
"66" 72.3891008509859 3932.65906508821 340.896896396529 -Inf 3264.51342570953 3371.93356863388 3495.78211382194 3702.72760259509 3932.65906508821 4162.59052758132 4369.53601635447 4493.38456154254 4600.80470446689 Inf 4069.45007164446 361.683089312645 -Inf 3360.5642427745 3474.53433038155 3605.93454230484 3825.49853508383 4069.45007164446 4313.4016082051 4532.96560098409 4664.36581290738 4778.33590051443 Inf
"67" 72.6027540986314 3919.31333648636 340.976136840216 -Inf 3251.01238869194 3358.45750110083 3482.33483450543 3689.32842712618 3919.31333648636 4149.29824584655 4356.29183846729 4480.16917187189 4587.61428428079 Inf 4052.92572904876 361.767109221829 -Inf 3343.87522418281 3457.87178733349 3589.30252386298 3808.91752192057 4052.92572904876 4296.93393617695 4516.54893423454 4647.97967076404 4761.97623391471 Inf
"68" 72.8220704884083 3905.19475379109 341.103397199121 -Inf 3236.64438027655 3344.12959374265 3468.05316109797 3675.12400862322 3905.19475379109 4135.26549895896 4342.3363464842 4466.25991383953 4573.74512730563 Inf 4038.0316484179 361.902088971913 -Inf 3328.71658810314 3442.75568477114 3574.23545972209 3793.9323988318 4038.0316484179 4282.13089800401 4501.82783711372 4633.30761206467 4747.34670873266 Inf
"69" 73.0495742528091 3891.64416369535 341.2717430645 -Inf 3222.76383834772 3330.30209933966 3454.28682709491 3661.45987096679 3891.64416369535 4121.82845642391 4329.0015002958 4452.98622805104 4560.52448904298 Inf 4027.00244517518 362.080636600457 -Inf 3317.33743793895 3431.43279681402 3562.97743848648 3782.7827670437 4027.00244517518 4271.22212330666 4491.02745186388 4622.57209353634 4736.66745241141 Inf
"70" 73.287765528111 3880.36127863702 341.473781043073 -Inf 3211.08496612788 3318.68689137948 3442.74501994883 3650.04071336276 3880.36127863702 4110.68184391127 4317.9775373252 4442.03566589455 4549.63759114615 Inf 4022.19305047804 362.294861452323 -Inf 3312.10817024756 3426.2710335923 3557.89350359505 3777.82887987974 4022.19305047804 4266.55722107634 4486.49259736103 4618.11506736377 4732.27793070852 Inf
