"mid_age" "mean_left" "std_left" "min_left" "l.q2.5" "l.q5" "l.q10" "l.q25" "l.q50" "l.q75" "l.q90" "l.q95" "l.q97.5" "max_left" "mean_right" "std_right" "min_right" "r.q2.5" "r.q5" "r.q10" "r.q25" "r.q50" "r.q75" "r.q90" "r.q95" "r.q97.5" "max_right"
"1" 30 3.1860213515597e-09 2363.39017844961 -Inf -4632.15963117374 -3887.43090692114 -3028.80638318165 -1594.08245107517 3.1860213515597e-09 1594.08245108154 3028.80638318802 3887.43090692751 4632.15963118011 Inf 2.36224313328054e-09 2494.92296992981 -Inf -4889.95916526177 -4103.78309605122 -3197.37243802437 -1682.79997074406 2.36224313328054e-09 1682.79997074878 3197.37243802909 4103.78309605594 4889.95916526649 Inf
"2" 30.7070707070707 3.28677557478105e-08 2363.39017844961 -Inf -4632.15963114406 -3887.43090689146 -3028.80638315196 -1594.08245104548 3.28677557478105e-08 1594.08245111122 3028.8063832177 3887.4309069572 4632.1596312098 Inf 2.45031805676234e-08 2494.92296992981 -Inf -4889.95916523963 -4103.78309602908 -3197.37243800223 -1682.79997072192 2.45031805676234e-08 1682.79997077093 3197.37243805123 4103.78309607809 4889.95916528864 Inf
"3" 31.4141414141414 3.06691765387856e-07 2363.39017844961 -Inf -4632.15963087024 -3887.43090661764 -3028.80638287814 -1594.08245077166 3.06691765387856e-07 1594.08245138504 3028.80638349152 3887.43090723102 4632.15963148362 Inf 2.30030341050854e-07 2494.92296992981 -Inf -4889.9591650341 -4103.78309582356 -3197.3724377967 -1682.79997051639 2.30030341050854e-07 1682.79997097645 3197.37243825676 4103.78309628361 4889.95916549416 Inf
"4" 32.1212121212121 2.58831573692071e-06 2363.39017844961 -Inf -4632.15962858861 -3887.43090433602 -3028.80638059652 -1594.08244849004 2.58831573692071e-06 1594.08245366667 3028.80638577315 3887.43090951264 4632.15963376524 Inf 1.95438824291434e-06 2494.92296992981 -Inf -4889.95916330974 -4103.7830940992 -3197.37243607234 -1682.79996879203 1.95438824291434e-06 1682.79997270081 3197.37243998112 4103.78309800797 4889.95916721852 Inf
"5" 32.8282828282828 1.975517530463e-05 2363.39017844961 -Inf -4632.15961142175 -3887.43088716916 -3028.80636342966 -1594.08243132318 1.975517530463e-05 1594.08247083353 3028.80640294001 3887.4309266795 4632.1596509321 Inf 1.50276915920701e-05 2494.92296992981 -Inf -4889.95915023644 -4103.78308102589 -3197.37242299904 -1682.79995571873 1.50276915920701e-05 1682.79998577411 3197.37245305442 4103.78311108127 4889.95918029182 Inf
"6" 33.5353535353535 0.00013634823832203 2363.39017844961 -Inf -4632.15949482868 -3887.43077057609 -3028.80624683659 -1594.08231473011 0.00013634823832203 1594.08258742659 3028.80651953307 3887.43104327256 4632.15976752516 Inf 0.000104571681328683 2494.9229699298 -Inf -4889.95906069244 -4103.7829914819 -3197.37233345504 -1682.79986617474 0.000104571681328683 1682.8000753181 3197.37254259841 4103.78320062526 4889.95926983581 Inf
"7" 34.2424242424242 0.000850880048683336 2363.39017844945 -Inf -4632.15878029657 -3887.43005604402 -3028.80553230458 -1594.08160019819 0.000850880048683336 1594.08330195829 3028.80723406467 3887.43175780411 4632.16048205666 Inf 0.000658491124147971 2494.92296992965 -Inf -4889.95850677269 -4103.78243756219 -3197.3717795354 -1682.79931225519 0.000658491124147971 1682.80062923744 3197.37309651765 4103.78375454444 4889.95982375494 Inf
"8" 34.9494949494949 0.00480029730801571 2363.3901784447 -Inf -4632.15483087 -3887.42610661895 -3028.80158288123 -1594.07765077773 0.00480029730801571 1594.08725137235 3028.81118347585 3887.43570721356 4632.16443146462 Inf 0.00375196315227833 2494.92296992485 -Inf -4889.95541329127 -4103.77934408228 -3197.36868605723 -1682.79621877993 0.00375196315227833 1682.80372270623 3197.37618998353 4103.78684800858 4889.96291721757 Inf
"9" 35.6565656565657 0.024477204029413 2363.39017832791 -Inf -4632.13515373437 -3887.40642952012 -3028.78190582484 -1594.05797379224 0.024477204029413 1594.10692820029 3028.8308602329 3887.45538392818 4632.18410814243 Inf 0.0193410170233903 2494.92296980675 -Inf -4889.93982400593 -4103.76375483416 -3197.35309685201 -1682.7806296464 0.0193410170233903 1682.81931168045 3197.39177888605 4103.8024368682 4889.97850603997 Inf
"10" 36.3636363636364 0.11278207647349 2363.39017599166 -Inf -4632.04684428296 -3887.31812080488 -3028.69359795836 -1593.96966734401 0.11278207647349 1594.19523149696 3028.91916211131 3887.54368495783 4632.2724084359 Inf 0.0901833696330746 2494.92296744035 -Inf -4889.86897701524 -4103.69290858915 -3197.28225146672 -1682.70978569767 0.0901833696330746 1682.89015243694 3197.46261820599 4103.87327532841 4890.04934375451 Inf
"11" 37.0707070707071 0.469425544062354 2363.39013804545 -Inf -4631.69012644216 -3886.96141492133 -3028.33690586075 -1593.61299828209 0.469425544062354 1594.55184937022 3029.27575694888 3887.90026600946 4632.62897753029 Inf 0.380262076300024 2494.92292893352 -Inf -4889.57882283658 -4103.40276654438 -3196.99212341157 -1682.41968101854 0.380262076300024 1683.18020517114 3197.75264756417 4104.16329069698 4890.33934698917 Inf
"12" 37.7777777777778 1.76430308212991 2363.38963843556 -Inf -4630.39426968671 -3885.66571559813 -3027.04138804685 -1592.31778376228 1.76430308212991 1595.84638992654 3030.56999421111 3889.19432176239 4633.92287585097 Inf 1.4494183330474 2494.92242092869 -Inf -4888.50867090866 -4102.33277469405 -3195.92231612044 -1681.35018211775 1.4494183330474 1684.24901878384 3198.82115278653 4105.23161136015 4891.40750757476 Inf
"13" 38.4848484848485 5.98485152451149 2363.38431758871 -Inf -4626.16329257614 -3881.43641514151 -3022.81402066486 -1588.09364646324 5.98485152451149 1600.06334951226 3034.78372371389 3893.40611819053 4638.13299562516 Inf 4.99181112175803 2494.91699893228 -Inf -4884.95565120226 -4098.78146351488 -3192.37297476374 -1677.80413224803 4.99181112175803 1687.78775449155 3202.35659700726 4108.7650857584 4894.93927344578 Inf
"14" 39.1919191919192 18.3129715128873 2363.33860490512 -Inf -4613.74557737429 -3869.03310447974 -3010.42731751526 -1575.73469373832 18.3129715128873 1612.3606367641 3047.05326054104 3905.65904750551 4650.37152040006 Inf 15.5247293041863 2494.87030737145 -Inf -4874.33121924223 -4088.17174454928 -3181.78021893844 -1667.23972108641 15.5247293041863 1698.28917969478 3212.82967754681 4119.22120315765 4905.38067785061 Inf
"15" 39.8989898989899 50.5121716811942 2363.02288435003 -Inf -4580.92757628883 -3836.31459021129 -2977.82350517531 -1543.32254329168 50.5121716811942 1644.34688665407 3078.8478485377 3937.33893357367 4681.95191965121 Inf 43.5695986521937 2494.5469982839 -Inf -4845.65267572674 -4059.59507907598 -3153.32101232312 -1638.9767830727 43.5695986521937 1726.11598037708 3240.46020962751 4146.73427638037 4932.79187303113 Inf
"16" 40.6060606060606 125.495606903307 2361.27728920186 -Inf -4502.5228374447 -3758.45990647851 -2900.60299975824 -1467.16172203413 125.495606903307 1718.15293584075 3151.59421356486 4009.45112028512 4753.51405125131 Inf 110.248871486336 2492.75445029665 -Inf -4775.46007339703 -3989.96732718353 -3084.3444968096 -1571.08845499442 110.248871486336 1791.58619796709 3304.84223978228 4210.4650701562 4995.95781636971 Inf
"17" 41.3131313131313 280.600263279731 2353.5873079141 -Inf -4332.3460947025 -3590.70635648974 -2735.64323582349 -1306.87025209992 280.600263279731 1868.07077865938 3296.84376238295 4151.9068830492 4893.54662126196 Inf 251.298327245284 2484.83367902835 -Inf -4618.88619122244 -3835.88936207566 -2933.14416423144 -1424.69652020136 251.298327245284 1927.29317469192 3435.74081872201 4338.48601656623 5121.482845713 Inf
"18" 42.020202020202 564.162836762589 2326.70088589221 -Inf -3996.08710238358 -3262.91955422842 -2417.62432610658 -1005.17306254385 564.162836762589 2133.49873606903 3545.94999963176 4391.24522775359 5124.41277590876 Inf 515.477713763356 2457.05046592211 -Inf -4300.25270764134 -3526.01065671143 -2633.35915746122 -1141.77764121561 515.477713763356 2172.73306874233 3664.31458498793 4556.96608423814 5331.20813516805 Inf
"19" 42.7272727272727 1019.22434199377 2252.18359891198 -Inf -3394.97439844551 -2685.28801923722 -1867.06507508575 -499.850411032084 1019.22434199377 2538.29909501962 3905.51375907329 4723.73670322476 5433.42308243305 Inf 950.748645614588 2379.78700867532 -Inf -3713.54818226534 -2963.652646977 -2099.07112101597 -654.393299386706 950.748645614588 2555.89059061588 4000.56841224514 4865.14993820617 5615.04547349452 Inf
"20" 43.4343434343434 1654.12175369113 2087.9803962692 -Inf -2438.24462342217 -1780.30037411584 -1021.7327919741 245.800377797204 1654.12175369113 3062.44312958506 4329.97629935636 5088.5438814981 5746.48813080444 Inf 1576.03293647253 2208.95045168041 -Inf -2753.43039245456 -2057.36722573009 -1254.85097308895 86.1184981230895 1576.03293647253 3065.94737482198 4406.91684603402 5209.43309867515 5905.49626539962 Inf
"21" 44.1414141414141 2413.3491497708 1798.77715848675 -Inf -1112.18929707654 -545.375983443603 108.12346624623 1200.09239348465 2413.3491497708 3626.60590605695 4718.57483329537 5372.0742829852 5938.88759661813 Inf 2349.26036576538 1907.05362509043 -Inf -1388.49605599842 -787.563706255576 -94.7271930467737 1062.9722425676 2349.26036576538 3635.54848896316 4793.24792457753 5486.08443778633 6087.01678752918 Inf
"22" 44.8484848484848 3174.27632732654 1391.07413162558 -Inf 447.82112951507 886.162996563831 1391.54309615318 2236.01108378217 3174.27632732654 4112.54157087091 4957.0095584999 5462.38965808924 5900.73152513801 Inf 3156.60571897665 1480.08325294706 -Inf 255.695849079531 722.085412176549 1259.802709026 2158.30473542698 3156.60571897665 4154.90670252631 5053.40872892729 5591.12602577675 6057.51558887377 Inf
"23" 45.5555555555556 3789.05249265293 937.900838014827 -Inf 1950.80062907394 2246.34289752342 2587.08420536944 3156.44799071162 3789.05249265293 4421.65699459425 4991.02077993643 5331.76208778244 5627.30435623193 Inf 3846.05011626833 1004.09670391854 -Inf 1878.05673959262 2194.45801101791 2559.24841340335 3168.79718126961 3846.05011626833 4523.30305126705 5132.8518191333 5497.64222151875 5814.04349294403 Inf
"24" 46.2626262626263 4158.93635203587 566.975024994883 -Inf 3047.68572291221 3226.34542578214 3432.32862112899 3776.51750905966 4158.93635203587 4541.35519501209 4885.54408294276 5091.52727828961 5270.18698115954 Inf 4299.25695413319 613.491870140893 -Inf 3096.83498384891 3290.1526264267 3513.03548750524 3885.46297589453 4299.25695413319 4713.05093237185 5085.47842076113 5308.36128183968 5501.67892441746 Inf
"25" 46.969696969697 4291.66563378646 389.436103272428 -Inf 3528.38489709288 3651.10024685296 3792.58318595809 4028.9949737729 4291.66563378646 4554.33629380001 4790.74808161483 4932.23102071996 5054.94637048004 Inf 4496.14053740538 425.291290342083 -Inf 3662.58492539633 3796.59861597534 3951.107818455 4209.28592122198 4496.14053740538 4782.99515358878 5041.17325635576 5195.68245883543 5329.69614941443 Inf
"26" 47.6767676767677 4291.53087770262 352.581253863471 -Inf 3600.48431850625 3711.5863234902 3839.67981983221 4053.71843586043 4291.53087770262 4529.34331954482 4743.38193557303 4871.47543191505 4982.577436899 Inf 4518.38741207609 385.165295460019 -Inf 3763.47730487972 3884.84687886284 4024.77822468585 4258.59736815706 4518.38741207609 4778.17745599511 5011.99659946632 5151.92794528933 5273.29751927245 Inf
"27" 48.3838383838384 4282.02420354384 341.135326975571 -Inf 3613.41124881743 3720.9065236868 3844.84169119573 4051.93192206903 4282.02420354384 4512.11648501865 4719.20671589195 4843.14188340088 4950.63715827025 Inf 4484.28714075612 372.780638374615 -Inf 3753.65051540803 3871.11755566835 4006.54953004242 4232.85042110089 4484.28714075612 4735.72386041135 4962.02475146982 5097.45672584389 5214.92376610422 Inf
"28" 49.0909090909091 4322.01982312736 335.772091518758 -Inf 3663.9186167369 3769.72388056364 3891.71057357531 4095.54498899605 4322.01982312736 4548.49465725866 4752.32907267941 4874.31576569107 4980.12102951781 Inf 4470.15572033797 366.978727299995 -Inf 3750.89063173763 3866.52942972454 3999.85355784509 4222.63233023412 4470.15572033797 4717.67911044182 4940.45788283084 5073.7820109514 5189.4208089383 Inf
"29" 49.7979797979798 4385.04091403648 334.650941626275 -Inf 3729.13712105656 3834.58909893977 3956.16847588435 4159.32228401609 4385.04091403648 4610.75954405687 4813.9133521886 4935.49272913318 5040.94470701639 Inf 4484.56844220403 365.751566816557 -Inf 3767.70854395448 3882.96065096263 4015.83894914988 4237.8727592681 4484.56844220403 4731.26412513995 4953.29793525818 5086.17623344543 5201.42834045358 Inf
"30" 50.5050505050505 4412.45723533252 334.293595809763 -Inf 3757.253827283 3862.59320179818 3984.04275427099 4186.97963140265 4412.45723533252 4637.9348392624 4840.87171639406 4962.32126886686 5067.66064338205 Inf 4503.73240127503 365.367953565198 -Inf 3787.62437118214 3902.75559768148 4035.49452838372 4257.29546154519 4503.73240127503 4750.16934100487 4971.97027416634 5104.70920486858 5219.84043136792 Inf
"31" 51.2121212121212 4382.71637977741 333.922053287165 -Inf 3728.2411816909 3833.46347930893 3954.77804961738 4157.48937747079 4382.71637977741 4607.94338208403 4810.65470993745 4931.96928024589 5037.19157786392 Inf 4515.38138036361 364.955932668462 -Inf 3800.08089638921 3915.08229083644 4047.67153349756 4269.22234450549 4515.38138036361 4761.54041622174 4983.09122722967 5115.68046989079 5230.68186433802 Inf
"32" 51.9191919191919 4329.43671044351 333.238049821906 -Inf 3676.30213451421 3781.30889555571 3902.37496599522 4104.6710614633 4329.43671044351 4554.20235942372 4756.4984548918 4877.56452533131 4982.57128637281 Inf 4524.47397333664 364.221333572967 -Inf 3810.61327713248 3925.38319179604 4057.70555309146 4278.81041703893 4524.47397333664 4770.13752963436 4991.24239358182 5123.56475487724 5238.33466954081 Inf
"33" 52.6262626262626 4298.77521295545 333.183332738277 -Inf 3645.7478805394 3750.73739966111 3871.78359127134 4074.04647008731 4298.77521295545 4523.50395582358 4725.76683463955 4846.81302624978 4951.80254537149 Inf 4531.1767770449 364.155876869214 -Inf 3817.44437362264 3932.19366220088 4064.4922429409 4285.55737062295 4531.1767770449 4776.79618346685 4997.86131114891 5130.15989188892 5244.90918046716 Inf
"34" 53.3333333333333 4299.8900531023 332.971411689351 -Inf 3647.27807830972 3752.20081891392 3873.17001917022 4075.30424880952 4299.8900531023 4524.47585739509 4726.61008703439 4847.57928729068 4952.50202789489 Inf 4523.15741942974 363.926721297148 -Inf 3809.87415267558 3924.55123195957 4056.76656000787 4277.69257609235 4523.15741942974 4768.62226276713 4989.54827885161 5121.76360689991 5236.4406861839 Inf
"35" 54.040404040404 4304.76233863588 332.551258979531 -Inf 3652.97384802255 3757.76419415612 3878.58075206684 4080.45992303938 4304.76233863588 4529.06475423238 4730.94392520493 4851.76048311564 4956.55082924921 Inf 4495.11157090424 363.472245726366 -Inf 3782.71905990067 3897.25292922503 4029.3031453616 4249.95326668106 4495.11157090424 4740.26987512743 4960.91999644688 5092.97021258345 5207.50408190781 Inf
"36" 54.7474747474747 4292.09196103838 332.492285016632 -Inf 3640.41905726835 3745.19082009539 3865.98595264381 4067.82932277539 4292.09196103838 4516.35459930137 4718.19796943294 4838.99310198137 4943.7648648084 Inf 4465.08560742065 363.405542912487 -Inf 3752.82383152995 3867.33668210678 3999.36266497357 4219.97229356173 4465.08560742065 4710.19892127956 4930.80854986773 5062.83453273452 5177.34738331135 Inf
"37" 55.4545454545455 4275.56292989098 332.406287725983 -Inf 3624.0585777134 3728.80324190342 3849.56713145888 4051.35829591908 4275.56292989098 4499.76756386289 4701.55872832308 4822.32261787854 4927.06728206857 Inf 4459.02260046674 363.31375781664 -Inf 3746.94072005822 3861.42464820067 3993.41728535293 4213.97119471419 4459.02260046674 4704.07400621928 4924.62791558055 5056.62055273281 5171.10448087526 Inf
"38" 56.1616161616162 4279.37693106095 332.396983398008 -Inf 3627.8908150311 3732.63254733101 3853.39305660493 4055.1785727629 4279.37693106095 4503.575289359 4705.36080551697 4826.12131479089 4930.8630470908 Inf 4478.82530820386 363.302899091722 -Inf 3766.7647105051 3881.24521695086 4013.23390910598 4233.78122654998 4478.82530820386 4723.86938985775 4944.41670730175 5076.40539945687 5190.88590590263 Inf
"39" 56.8686868686869 4297.89921496473 332.482274366175 -Inf 3646.24593170906 3751.01454007645 3871.80603573492 4073.64332878286 4297.89921496473 4522.15510114659 4723.99239419453 4844.783889853 4949.55249822039 Inf 4496.48077569663 363.395560302313 -Inf 3784.23856536235 3898.74827031531 4030.77062647925 4251.37419500596 4496.48077569663 4741.58735638731 4962.19092491402 5094.21328107796 5208.72298603092 Inf
"40" 57.5757575757576 4299.51826948193 332.455709184129 -Inf 3647.91705302632 3752.6772904297 3873.45913490277 4075.28030124307 4299.51826948193 4523.7562377208 4725.57740406109 4846.35924853417 4951.11948593755 Inf 4486.80238427336 363.366809178785 -Inf 3774.6165251057 3889.11717028185 4021.12908110334 4241.71519592081 4486.80238427336 4731.8895726259 4952.47568744338 5084.48759826487 5198.98824344101 Inf
"41" 58.2828282828283 4270.11989315327 332.349767738428 -Inf 3618.7263181157 3723.45317227223 3844.1965279997 4045.95338133365 4270.11989315327 4494.28640497289 4696.04325830683 4816.7866140343 4921.51346819084 Inf 4457.93055771491 363.25152568594 -Inf 3745.97065004124 3860.43496819473 3992.40499628563 4212.92112689665 4457.93055771491 4702.93998853316 4923.45611914419 5055.42614723508 5169.89046538858 Inf
"42" 58.989898989899 4232.52108037364 332.280802709865 -Inf 3581.26267430825 3685.96779686997 3806.6860974604 4008.40108475891 4232.52108037364 4456.64107598837 4658.35606328688 4779.07436387731 4883.77948643903 Inf 4437.04985223346 363.176862090191 -Inf 3725.23628251842 3839.67707339956 3971.6199760522 4192.09078124525 4437.04985223346 4682.00892322167 4902.47972841472 5034.42263106737 5148.86342194851 Inf
"43" 59.6969696969697 4214.60836218815 332.267684762962 -Inf 3563.37566682624 3668.07665578703 3788.7901906003 3990.49721449415 4214.60836218815 4438.71950988215 4640.42653377601 4761.14006858928 4865.84105755007 Inf 4430.9049373376 363.161907828836 -Inf 3719.12067743623 3833.55675607472 3965.49422581339 4185.9559528454 4430.9049373376 4675.8539218298 4896.31564886181 5028.25311860048 5142.68919723897 Inf
"44" 60.4040404040404 4214.38955973188 332.171979783892 -Inf 3563.34444268208 3668.01527401269 3788.69403900978 3990.3429640653 4214.38955973188 4438.43615539845 4640.08508045397 4760.76384545106 4865.43467678167 Inf 4419.39461942592 363.058015482705 -Inf 3707.81398478123 3822.21732586539 3954.11705130054 4174.5157092563 4419.39461942592 4664.27352959553 4884.67218755129 5016.57191298645 5130.9752540706 Inf
"45" 61.1111111111111 4209.05027415181 332.037938269991 -Inf 3558.2678736417 3662.89646710293 3783.5265345417 3985.09408811246 4209.05027415181 4433.00646019116 4634.57401376192 4755.2040812007 4859.83267466193 Inf 4390.70207541006 362.912339947708 -Inf 3679.40695956739 3793.76439678162 3925.61119799462 4145.92142189565 4390.70207541006 4635.48272892446 4855.7929528255 4987.63975403849 5101.99719125272 Inf
"46" 61.8181818181818 4187.05916432971 331.892489573377 -Inf 3536.56183802655 3641.14459909698 3761.72182472445 3963.2010819454 4187.05916432971 4410.91724671401 4612.39650393496 4732.97372956243 4837.55649063286 Inf 4360.97842498584 362.753551010263 -Inf 3649.99452974172 3764.30193091709 3896.09104378178 4116.30487298219 4360.97842498584 4605.6519769895 4825.86580618991 4957.6549190546 5071.96232022997 Inf
"47" 62.5252525252525 4157.87191889964 331.749176801838 -Inf 3507.65548046723 3612.19308219897 3732.71824200111 3934.11049951081 4157.87191889964 4381.63333828847 4583.02559579817 4703.55075560031 4808.08835733205 Inf 4347.95294804879 362.598397273791 -Inf 3637.27314854021 3751.5316591662 3883.2644043586 4103.38404565009 4347.95294804879 4592.52185044748 4812.64149173898 4944.37423693137 5058.63274755736 Inf
"48" 63.2323232323232 4137.64136735764 331.748601062089 -Inf 3487.4260573544 3591.96347766458 3712.48842829929 3913.88033629937 4137.64136735764 4361.40239841591 4562.79430641599 4683.31925705069 4787.85667736088 Inf 4344.45110262968 362.597062431254 -Inf 3633.7739193644 3748.03200936768 3879.76426960903 4099.88310056859 4344.45110262968 4589.01910469077 4809.13793565032 4940.87019589167 5055.12828589496 Inf
"49" 63.9393939393939 4136.73648769001 331.767767962907 -Inf 3486.48361125147 3591.02707125063 3711.55898525991 3912.9625287536 4136.73648769001 4360.51044662643 4561.91399012011 4682.44590412939 4786.98936412855 Inf 4334.80590588581 362.618102965921 -Inf 3624.08748393036 3738.35220402405 3870.09210833502 4090.22371219974 4334.80590588581 4579.38809957187 4799.5197034366 4931.25960774756 5045.52432784125 Inf
"50" 64.6464646464646 4153.42642996399 331.780890645365 -Inf 3503.14783354045 3607.69542863277 3728.23211013964 3929.64361991277 4153.42642996399 4377.20924001522 4578.62074978834 4699.15743129521 4803.70502638753 Inf 4321.51195010492 362.632471770924 -Inf 3610.76536580917 3725.03461366214 3856.77973818958 4076.92006480716 4321.51195010492 4566.10383540268 4786.24416202025 4917.9892865477 5032.25853440067 Inf
"51" 65.3535353535354 4168.66978821471 331.715478973104 -Inf 3518.51939631297 3623.04637950985 3743.55929682135 3944.93109766597 4168.66978821471 4392.40847876345 4593.78027960807 4714.29319691956 4818.82018011645 Inf 4315.1756811487 362.560435847781 -Inf 3604.57028466791 3718.81683325537 3850.53578698345 4070.63238334275 4315.1756811487 4559.71897895465 4779.81557531396 4911.53452904203 5025.7810776295 Inf
"52" 66.0606060606061 4156.15489073735 331.531784940288 -Inf 3506.3645325241 3610.83363182862 3731.27981271933 3932.54009993091 4156.15489073735 4379.76968154378 4581.02996875537 4701.47614964608 4805.94524895059 Inf 4309.489497753 362.361819604308 -Inf 3599.27338195616 3713.45734450812 3845.10414054551 4065.08016456749 4309.489497753 4553.89883093851 4773.87485496049 4905.52165099788 5019.70561354984 Inf
"53" 66.7676767676768 4111.00613152817 331.528741886804 -Inf 3461.22173759015 3565.689877997 3686.1349533401 3887.39339323011 4111.00613152817 4334.61886982622 4535.87730971623 4656.32238505933 4760.79052546618 Inf 4288.08486967666 362.357761075852 -Inf 3577.87670844942 3692.05939211703 3823.70471368266 4043.678273927 4288.08486967666 4532.49146542632 4752.46502567065 4884.11034723629 4998.2930309039 Inf
"54" 67.4747474747475 4061.1931071655 331.560435883829 -Inf 3411.3465941348 3515.82472164838 3636.28131148593 3837.55899159131 4061.1931071655 4284.82722273969 4486.10490284507 4606.56149268263 4711.03962019621 Inf 4250.15466941814 362.392109924926 -Inf 3539.87918568381 3654.07269302953 3785.73049360284 4005.72490572185 4250.15466941814 4494.58443311444 4714.57884523344 4846.23664580675 4960.43015315248 Inf
"55" 68.1818181818182 4036.76188763521 331.496445272679 -Inf 3387.0407938977 3491.49875730692 3611.93209922353 3813.17093307235 4036.76188763521 4260.35284219806 4461.59167604688 4582.02501796349 4686.48298137271 Inf 4210.26739779847 362.323021278448 -Inf 3500.12732532297 3614.2990621206 3745.93176264623 3965.88423368608 4210.26739779847 4454.65056191086 4674.60303295072 4806.23573347634 4920.40747027397 Inf
"56" 68.8888888888889 4034.80306971685 331.491087901728 -Inf 3385.09247623346 3489.5487514796 3609.98014705231 3811.21572864579 4034.80306971685 4258.39041078792 4459.62599238139 4580.0573879541 4684.51366320024 Inf 4178.01097931844 362.316856704199 -Inf 3467.88298918645 3582.05278346288 3713.68324438598 3933.6319731482 4178.01097931844 4422.38998548869 4642.33871425091 4773.969175174 4888.13896945043 Inf
"57" 69.5959595959596 4029.40905009324 331.592738983805 -Inf 3379.49922414999 3483.98753070495 3604.45585632532 3805.75314640922 4029.40905009324 4253.06495377726 4454.36224386115 4574.83056948152 4679.31887603648 Inf 4155.12588439195 362.427935496056 -Inf 3444.78018382848 3558.98498018273 3690.65579625988 3910.67195671514 4155.12588439195 4399.57981206877 4619.59597252402 4751.26678860117 4865.47158495543 Inf
"58" 70.3030303030303 4008.09078022586 331.774935030361 -Inf 3357.82385659324 3462.36957500958 3582.90409282924 3784.31198717591 4008.09078022586 4231.86957327581 4433.27746762248 4553.81198544214 4658.35770385848 Inf 4144.77102466724 362.625205384264 -Inf 3434.03868222764 3548.30564036691 3680.0481250011 3900.1840404728 4144.77102466724 4389.35800886167 4609.49392433337 4741.23640896757 4855.50336710684 Inf
"59" 71.010101010101 3978.89801179548 331.728294286033 -Inf 3328.72250234196 3433.25352377668 3553.77109691778 3755.15067744953 3978.89801179548 4202.64534614144 4404.02492667319 4524.54249981429 4629.07352124901 Inf 4141.88997757567 362.574445675387 -Inf 3431.25712233734 3545.50808556659 3677.23212909391 3897.33723028459 4141.88997757567 4386.44272486674 4606.54782605743 4738.27186958475 4852.522832814 Inf
"60" 71.7171717171717 3946.93190852292 331.477215139976 -Inf 3297.24850515293 3401.70040894815 3522.12676451792 3723.35392448746 3946.93190852292 4170.50989255837 4371.73705252792 4492.16340809768 4596.61531189291 Inf 4122.08677163055 362.302291269503 -Inf 3411.98732922598 3526.15253378308 3657.77770305372 3877.71758969672 4122.08677163055 4366.45595356438 4586.39584020738 4718.02100947802 4832.18621403512 Inf
"61" 72.4242424242424 3908.84868587698 331.457950995045 -Inf 3259.20303953725 3363.64887300087 3484.06822986707 3685.28369530982 3908.84868587698 4132.41367644413 4333.62914188688 4454.04849875308 4558.49433221671 Inf 4069.76216459337 362.281145894049 -Inf 3359.70416636313 3473.8627077934 3605.48019490556 3825.40724499854 4069.76216459337 4314.11708418819 4534.04413428118 4665.66162139333 4779.8201628236 Inf
"62" 73.1313131313131 3873.85015608674 331.749149115766 -Inf 3223.63377191803 3328.17136492561 3448.69651466934 3650.08875537189 3873.85015608674 4097.6115568016 4299.00379750414 4419.52894724787 4524.06654025545 Inf 4016.79250759861 362.597826607882 -Inf 3306.11382657466 3420.37215737791 3552.10469524621 3772.22399010822 4016.79250759861 4261.361025089 4481.48031995101 4613.21285781931 4727.47118862256 Inf
"63" 73.8383838383838 3865.07081965915 331.999540913876 -Inf 3214.36367658412 3318.98017064074 3439.59628824088 3641.14053224294 3865.07081965915 4089.00110707536 4290.54535107742 4411.16146867756 4515.77796273418 Inf 4017.63434916474 362.8693318462 -Inf 3306.42352765207 3420.76741256806 3552.59858884912 3772.88270417397 4017.63434916474 4262.3859941555 4482.67010948036 4614.50128576142 4728.8451706774 Inf
"64" 74.5454545454545 3887.38142399459 332.080766045199 -Inf 3236.51508258753 3341.15717152432 3461.80279838211 3663.39635105984 3887.38142399459 4111.36649692934 4312.96004960707 4433.60567646486 4538.24776540165 Inf 4073.01490976736 362.959705029033 -Inf 3361.62696007117 3475.99932251312 3607.8633315578 3828.20230899109 4073.01490976736 4317.82751054364 4538.16648797693 4670.0304970216 4784.40285946355 Inf
"65" 75.2525252525253 3911.80794558114 332.462275817075 -Inf 3260.19385876146 3364.95616537889 3485.74039552325 3687.56554821566 3911.80794558114 4136.05034294662 4337.87549563904 4458.6597257834 4563.42203240083 Inf 4111.91715326819 363.373436647761 -Inf 3399.71830450004 3514.2210380603 3646.23535665493 3866.82549475575 4111.91715326819 4357.00881178063 4577.59894988145 4709.61326847608 4824.11600203635 Inf
"66" 75.959595959596 3907.57424000859 332.85677035841 -Inf 3255.18695809578 3360.0735740292 3481.00112485365 3683.06576011847 3907.57424000859 4132.08271989871 4334.14735516353 4455.07490598797 4559.96152192139 Inf 4075.53476738875 363.801464684944 -Inf 3362.49699908334 3477.13460871147 3609.30443077434 3830.15440835244 4075.53476738875 4320.91512642507 4541.76510400316 4673.93492606604 4788.57253569416 Inf
"67" 76.6666666666667 3877.7714807921 333.190329829037 -Inf 3224.73043433016 3329.72215830765 3450.77089197537 3653.03801845796 3877.7714807921 4102.50494312624 4304.77206960882 4425.82080327655 4530.81252725403 Inf 3994.81541778912 364.168805008925 -Inf 3281.05767567864 3395.81103804761 3528.11431560742 3749.18729146944 3994.81541778912 4240.44354410879 4461.51651997081 4593.81979753063 4708.5731598996 Inf
"68" 77.3737373737374 3848.54733719395 334.124130765154 -Inf 3193.6760745285 3298.96204885288 3420.35003432564 3623.18403569968 3848.54733719395 4073.91063868822 4276.74464006226 4398.13262553502 4503.4185998594 Inf 3950.10391162929 365.177420580691 -Inf 3234.3693193239 3349.44050690636 3482.11021658257 3703.79548444457 3950.10391162929 4196.41233881401 4418.09760667602 4550.76731635223 4665.83850393468 Inf
"69" 78.0808080808081 3833.51297270148 335.095813493077 -Inf 3176.7372468849 3282.32940850114 3404.07040831198 3607.49428116678 3833.51297270148 4059.53166423618 4262.95553709097 4384.69653690182 4490.28869851806 Inf 3965.54050748663 366.240924700572 -Inf 3247.72148540886 3363.12779415483 3496.18387707011 3718.51475767376 3965.54050748663 4212.5662572995 4434.89713790315 4567.95322081842 4683.35952956439 Inf
"70" 78.7878787878788 3826.6012351885 336.36231069033 -Inf 3167.34322047878 3273.33446847973 3395.5355893331 3599.7283042756 3826.6012351885 4053.47416610139 4257.66688104389 4379.86800189726 4485.85924989822 Inf 3981.72340120812 367.612529231763 -Inf 3261.21608364819 3377.05459918845 3510.60898885734 3733.77251819764 3981.72340120812 4229.6742842186 4452.83781355889 4586.39220322779 4702.23071876805 Inf
"71" 79.4949494949495 3822.34128691254 338.008752327565 -Inf 3159.85630589119 3266.3663647052 3389.16564119937 3594.35784799103 3822.34128691254 4050.32472583405 4255.51693262571 4378.31620911987 4484.82626793388 Inf 3936.41767787754 369.401909821557 -Inf 3212.40323880697 3328.80560670475 3463.01008203056 3687.25987600004 3936.41767787754 4185.57547975504 4409.82527372452 4544.02974905033 4660.4321169481 Inf
"72" 80.2020202020202 3817.10811499596 342.320913219015 -Inf 3146.17145393183 3254.04031930632 3378.40621274147 3586.21616775197 3817.10811499596 4048.00006223995 4255.81001725045 4380.1759106856 4488.04477606009 Inf 3835.80718315676 374.099562387333 -Inf 3102.58551424539 3220.46816112299 3356.37930330972 3583.48086277366 3835.80718315676 4088.13350353985 4315.23506300379 4451.14620519052 4569.02885206813 Inf
"73" 80.9090909090909 3780.60884062216 352.627402507618 -Inf 3089.47183174533 3200.58837864503 3328.6986408846 3542.76527199251 3780.60884062216 4018.45240925182 4232.51904035973 4360.6293025993 4471.745849499 Inf 3723.103644862 385.188614240165 -Inf 2968.14783369638 3089.52475566865 3229.46457325256 3463.29787266477 3723.103644862 3982.90941705922 4216.74271647144 4356.68253405534 4478.05945602761 Inf
"74" 81.6161616161616 3642.94716270633 377.38912569491 -Inf 2903.27806818724 3022.19729053501 3159.30353785251 3388.40206558965 3642.94716270633 3897.492259823 4126.59078756015 4263.69703487764 4382.61625722541 Inf 3595.3655372378 412.332274317008 -Inf 2787.20912991297 2917.13930031832 3066.94046556227 3317.25164453594 3595.3655372378 3873.47942993966 4123.79060891333 4273.59177415728 4403.52194456262 Inf
"75" 82.3232323232323 3331.31399469029 509.508259694746 -Inf 2332.69615586291 2493.24748576966 2678.35288682059 2987.65589588594 3331.31399469029 3674.97209349464 3984.27510256 4169.38050361093 4329.93183351768 Inf 3380.37909053731 553.118787135432 -Inf 2296.28618857938 2470.57964738259 2671.52884295176 3007.30613797357 3380.37909053731 3753.45204310105 4089.22933812285 4290.17853369202 4464.47199249523 Inf
"76" 83.030303030303 2828.53721891336 839.40022766891 -Inf 1183.34300406757 1447.84670996826 1752.80254302577 2262.37036903842 2828.53721891336 3394.70406878829 3904.27189480094 4209.22772785845 4473.73143375914 Inf 3001.09317767463 900.90170493441 -Inf 1235.35828239245 1519.2417407865 1846.54118731413 2393.44421176219 3001.09317767463 3608.74214358706 4155.64516803512 4482.94461456275 4766.8280729568 Inf
"77" 83.7373737373737 2197.30490053984 1284.09245027976 -Inf -319.470054828282 85.1607763561706 551.674210579808 1331.19770452197 2197.30490053984 3063.41209655771 3842.93559049986 4309.4490247235 4714.07985590795 Inf 2452.94631379402 1368.1754729893 -Inf -228.62833779607 202.497924741515 699.558894444852 1530.12598079306 2452.94631379402 3375.76664679498 4206.33373314319 4703.39470284652 5134.52096538411 Inf
"78" 84.4444444444444 1549.17763667142 1711.17401954209 -Inf -1804.6618129117 -1265.45315571751 -643.780106991984 395.008299688458 1549.17763667142 2703.34697365439 3742.13538033483 4363.80842906035 4903.01708625455 Inf 1817.76706870156 1815.5804607789 -Inf -1740.70524545971 -1168.59703723283 -508.992913181823 593.176657249915 1817.76706870156 3042.3574801532 4144.52705058494 4804.13117463595 5376.23938286283 Inf
"79" 85.1515151515152 987.859895177646 2031.57739960701 -Inf -2993.95863985762 -2353.78755899858 -1615.71130181374 -382.418237587288 987.859895177646 2358.13802794258 3591.43109216903 4329.50734935387 4969.67843021291 Inf 1212.54424030501 2150.16536384625 -Inf -3001.70243363911 -2324.16305696293 -1543.00354791193 -237.720258835915 1212.54424030501 2662.80873944594 3968.09202852195 4749.25153757295 5426.79091424913 Inf
"80" 85.8585858585859 569.283502463778 2223.44096195995 -Inf -3788.58070472882 -3087.95142812852 -2280.17074323199 -930.404636544326 569.283502463778 2068.97164147188 3418.73774815955 4226.51843305608 4927.14770965638 Inf 726.373484808598 2349.88658310403 -Inf -3879.3195858292 -3138.84598433468 -2285.12734462063 -858.600929618366 726.373484808598 2311.34789923556 3737.87431423783 4591.59295395187 5332.06655544639 Inf
"81" 86.5656565656566 296.639204227883 2315.15509523872 -Inf -4240.9814010644 -3511.4520511307 -2670.35143255385 -1264.90917762486 296.639204227883 1858.18758608063 3263.62984100962 4104.73045958647 4834.25980952016 Inf 390.843056127017 2445.06151669679 -Inf -4401.38945658357 -3630.92524773116 -2742.62935844861 -1258.32587548385 390.843056127017 2040.01198773789 3524.31547070264 4412.6113599852 5183.0755688376 Inf
"82" 87.2727272727273 139.908149308591 2349.94812427113 -Inf -4465.90553980028 -3725.41254604659 -2871.67154829967 -1445.10777400479 139.908149308591 1724.92407262198 3151.48784691686 4005.22884466377 4745.72183841746 Inf 189.133191015551 2481.0611606704 -Inf -4673.65732733957 -3891.84925780158 -2990.4746236535 -1484.31713146623 189.133191015551 1862.58351349733 3368.7410056846 4270.11563983268 5051.92370937068 Inf
"83" 87.979797979798 59.7923998237958 2360.37762743135 -Inf -4566.46273985576 -3822.68330163178 -2965.15324388731 -1532.2581164708 59.7923998237958 1651.84291611839 3084.7380435349 3942.26810127937 4686.04753950335 Inf 82.4399738858205 2491.82317524228 -Inf -4801.4437054313 -4016.24441363319 -3110.95991740625 -1598.26921711616 82.4399738858205 1763.1491648878 3275.83986517789 4181.12436140482 4966.32365320294 Inf
"84" 88.6868686868687 23.1761299858318 2362.84779697343 -Inf -4607.92045303189 -3863.36263880021 -3004.93516336907 -1570.54049034614 23.1761299858318 1616.8927503178 3051.28742334074 3909.71489877187 4654.27271300356 Inf 32.4170527493626 2494.36597216712 -Inf -4856.45041696043 -4070.44986351406 -3164.24156392259 -1650.00722871525 32.4170527493626 1714.84133421397 3229.07566942132 4135.28396901278 4921.28452245916 Inf
"85" 89.3939393939394 8.15308129044228 2363.31163157987 -Inf -4623.8526008507 -3879.14862753032 -3020.55264003051 -1585.87639072936 8.15308129044228 1602.18255331025 3036.85880261139 3895.4547901112 4640.15876343159 Inf 11.5144924925759 2494.84244491457 -Inf -4878.28684664183 -4092.13615169763 -3185.75474857481 -1671.23116495643 11.5144924925759 1694.26014994159 3208.78373355996 4115.16513668278 4901.31583162699 Inf
"86" 90.1010101010101 2.60415749430074 2363.38101004232 -Inf -4629.53750393454 -3884.81166874204 -3026.19047590381 -1591.47210958731 2.60415749430074 1596.68042457591 3031.39879089241 3890.01998373064 4634.74581892314 Inf 3.69834973968805 2494.91358475567 -Inf -4886.24242092115 -4100.06930907618 -3193.66206070244 -1679.09529080298 3.69834973968805 1686.49199028235 3201.05876018181 4107.46600855555 4893.63912040052 Inf
"87" 90.8080808080808 0.755358005071265 2363.38931407759 -Inf -4631.40257903382 -3886.6741271538 -3028.04991744244 -1593.32651006321 0.755358005071265 1594.83722607335 3029.56063345258 3888.18484316394 4632.91329504396 Inf 1.07499550088424 2494.92208628603 -Inf -4888.88243785326 -4102.70664708802 -3196.29631009077 -1681.72437923686 1.07499550088424 1683.87437023863 3198.44630109254 4104.85663808979 4891.03242885503 Inf
"88" 91.5151515151515 0.1989624053049 2363.3901125075 -Inf -4631.96053952745 -3887.2318360539 -3028.60733627131 -1593.88344419577 0.1989624053049 1594.28136900638 3029.00526108192 3887.62976086451 4632.35846433806 Inf 0.282933222967591 2494.92290259521 -Inf -4889.67610006779 -4103.50005207507 -3197.08941851101 -1682.51699210696 0.282933222967591 1683.0828585529 3197.65528495694 4104.065918521 4890.24196651372 Inf
"89" 92.2222222222222 0.0475831829355023 2363.39017437215 -Inf -4632.11204000231 -3887.38331703457 -3028.75879477642 -1594.03486514521 0.0475831829355023 1594.13003151108 3028.85396114229 3887.47848340043 4632.20720636818 Inf 0.0674526998796424 2494.92296577046 -Inf -4889.89170441207 -4103.71563651218 -3197.30497999643 -1682.7325152411 0.0674526998796424 1682.86742064086 3197.43988539619 4103.85054191194 4890.02660981183 Inf
"90" 92.9292929292929 0.0103297976156799 2363.39017824497 -Inf -4632.14930097822 -3887.42057679011 -3028.79605312496 -1594.07212114271 0.0103297976156799 1594.09278073794 3028.81671272019 3887.44123638534 4632.16996057345 Inf 0.0145695481630606 2494.92296972124 -Inf -4889.94459530719 -4103.76852616236 -3197.35786821128 -1682.78540105758 0.0145695481630606 1682.81454015391 3197.38700730761 4103.79766525869 4889.97373440351 Inf
"91" 93.6363636363636 0.00203495497521948 2363.39017844127 -Inf -4632.1575962056 -3887.42887195563 -3028.80434821916 -1594.08041611775 0.00203495497521948 1594.0844860277 3028.80841812911 3887.43294186558 4632.16166611554 Inf 0.00285146119200124 2494.92296992131 -Inf -4889.95631378628 -4103.78024457841 -3197.36958655465 -1682.7971192795 0.00285146119200124 1682.80282220188 3197.37528947703 4103.78594750079 4889.96201670867 Inf
"92" 94.3434343434343 0.000363665339200065 2363.39017844933 -Inf -4632.15926751105 -3887.43054325854 -3028.80601951914 -1594.08208741283 0.000363665339200065 1594.0828147435 3028.80674684982 3887.43127058921 4632.15999484173 Inf 0.0005056741510451 2494.92296992953 -Inf -4889.95865958943 -4103.78259037897 -3197.37193235222 -1682.79946507208 0.0005056741510451 1682.80047642038 3197.37294370052 4103.78360172727 4889.95967093773 Inf
"93" 95.0505050505051 5.89376483287047e-05 2363.3901784496 -Inf -4632.15957223927 -3887.43084798667 -3028.80632424717 -1594.0823921407 5.89376483287047e-05 1594.08251001599 3028.80644212247 3887.43096586196 4632.15969011456 Inf 8.12528544961217e-05 2494.9229699298 -Inf -4889.95908401126 -4103.78301480072 -3197.37235677387 -1682.79988949356 8.12528544961217e-05 1682.80005199927 3197.37251927958 4103.78317730642 4889.95924651697 Inf
"94" 95.7575757575758 8.65951780112142e-06 2363.39017844961 -Inf -4632.15962251741 -3887.43089826481 -3028.80637452531 -1594.08244241883 8.65951780112142e-06 1594.08245973787 3028.80639184435 3887.43091558385 4632.15963983645 Inf 1.18287290895294e-05 2494.92296992981 -Inf -4889.9591534354 -4103.78308422486 -3197.372426198 -1682.79995891769 1.18287290895294e-05 1682.79998257515 3197.37244985546 4103.78310788231 4889.95917709286 Inf
"95" 96.4646464646465 1.15313767059314e-06 2363.39017844961 -Inf -4632.15963002379 -3887.43090577119 -3028.80638203169 -1594.08244992521 1.15313767059314e-06 1594.08245223149 3028.80638433797 3887.43090807747 4632.15963233007 Inf 1.56000911904268e-06 2494.92296992981 -Inf -4889.95916370412 -4103.78309449358 -3197.37243646672 -1682.79996918641 1.56000911904268e-06 1682.79997230643 3197.37243958674 4103.78309761359 4889.95916682414 Inf
"96" 97.1717171717172 1.39137383888279e-07 2363.39017844961 -Inf -4632.15963103779 -3887.43090678519 -3028.8063830457 -1594.08245093921 1.39137383888279e-07 1594.08245121749 3028.80638332397 3887.43090706347 4632.15963131607 Inf 1.86362963624491e-07 2494.92296992981 -Inf -4889.95916507777 -4103.78309586722 -3197.37243784037 -1682.79997056006 1.86362963624491e-07 1682.79997093279 3197.37243821309 4103.78309623995 4889.95916545049 Inf
"97" 97.8787878787879 1.52083845319668e-08 2363.39017844961 -Inf -4632.15963116172 -3887.43090690912 -3028.80638316962 -1594.08245106314 1.52083845319668e-08 1594.08245109356 3028.80638320004 3887.43090693954 4632.15963119214 Inf 2.01645462908229e-08 2494.92296992981 -Inf -4889.95916524397 -4103.78309603342 -3197.37243800657 -1682.79997072626 2.01645462908229e-08 1682.79997076659 3197.3724380469 4103.78309607375 4889.9591652843 Inf
"98" 98.5858585858586 1.50561046514475e-09 2363.39017844961 -Inf -4632.15963117542 -3887.43090692283 -3028.80638318333 -1594.08245107685 1.50561046514475e-09 1594.08245107986 3028.80638318634 3887.43090692583 4632.15963117843 Inf 1.97591348667687e-09 2494.92296992981 -Inf -4889.95916526216 -4103.78309605161 -3197.37243802475 -1682.79997074445 1.97591348667687e-09 1682.7999707484 3197.37243802871 4103.78309605556 4889.95916526611 Inf
"99" 99.2929292929293 1.34976355578504e-10 2363.39017844961 -Inf -4632.15963117679 -3887.4309069242 -3028.8063831847 -1594.08245107822 1.34976355578504e-10 1594.08245107849 3028.80638318497 3887.43090692446 4632.15963117706 Inf 1.75329452849647e-10 2494.92296992981 -Inf -4889.95916526396 -4103.78309605341 -3197.37243802656 -1682.79997074625 1.75329452849647e-10 1682.7999707466 3197.37243802691 4103.78309605376 4889.95916526431 Inf
"100" 100 1.09560500076685e-11 2363.39017844961 -Inf -4632.15963117692 -3887.43090692432 -3028.80638318482 -1594.08245107834 1.09560500076685e-11 1594.08245107836 3028.80638318484 3887.43090692434 4632.15963117694 Inf 1.40867071435592e-11 2494.92296992981 -Inf -4889.95916526412 -4103.78309605357 -3197.37243802672 -1682.79997074641 1.40867071435592e-11 1682.79997074644 3197.37243802674 4103.7830960536 4889.95916526415 Inf
