"mid_age" "mean_left" "std_left" "min_left" "l.q2.5" "l.q5" "l.q10" "l.q25" "l.q50" "l.q75" "l.q90" "l.q95" "l.q97.5" "max_left" "mean_right" "std_right" "min_right" "r.q2.5" "r.q5" "r.q10" "r.q25" "r.q50" "r.q75" "r.q90" "r.q95" "r.q97.5" "max_right"
"1" 30 5.26212974696858e-08 2321.16936344701 -Inf -4549.40835432129 -3817.98384618184 -2974.69823156707 -1565.60494406155 5.26212974696858e-08 1565.6049441668 2974.69823167231 3817.98384628708 4549.40835442653 Inf 3.92432461135072e-08 2396.9814780991 -Inf -4697.99736864458 -3942.68367794757 -3071.85536580008 -1616.73943834846 3.92432461135072e-08 1616.73943842694 3071.85536587856 3942.68367802605 4697.99736872307 Inf
"2" 30.7070707070707 4.81015846528118e-07 2321.16936344701 -Inf -4549.4083538929 -3817.98384575345 -2974.69823113867 -1565.60494363316 4.81015846528118e-07 1565.60494459519 2974.6982321007 3817.98384671548 4549.40835485493 Inf 3.63635399268269e-07 2396.9814780991 -Inf -4697.99736832019 -3942.68367762318 -3071.85536547568 -1616.73943802406 3.63635399268269e-07 1616.73943875133 3071.85536620295 3942.68367835045 4697.99736904746 Inf
"3" 31.4141414141414 3.97296912741129e-06 2321.16936344701 -Inf -4549.40835040094 -3817.98384226149 -2974.69822764672 -1565.60494014121 3.97296912741129e-06 1565.60494808714 2974.69823559266 3817.98385020743 4549.40835834688 Inf 3.04711780639008e-06 2396.9814780991 -Inf -4697.99736563671 -3942.6836749397 -3071.8553627922 -1616.73943534058 3.04711780639008e-06 1616.73944143482 3071.85536888644 3942.68368103393 4697.99737173094 Inf
"4" 32.1212121212121 2.96456350763815e-05 2321.16936344701 -Inf -4549.40832472828 -3817.98381658883 -2974.69820197405 -1565.60491446854 2.96456350763815e-05 1565.60497375981 2974.69826126532 3817.9838758801 4549.40838401955 Inf 2.30870921479691e-05 2396.9814780991 -Inf -4697.99734559673 -3942.68365489972 -3071.85534275223 -1616.73941530061 2.30870921479691e-05 1616.73946147479 3071.85538892641 3942.6837010739 4697.99739177092 Inf
"5" 32.8282828282828 0.000199810221412814 2321.16936344701 -Inf -4549.40815456368 -3817.98364642423 -2974.69803180946 -1565.60474430395 0.000199810221412814 1565.60514392439 2974.6984314299 3817.98404604467 4549.40855418412 Inf 0.000158134794162223 2396.9814780991 -Inf -4697.99721054902 -3942.68351985201 -3071.85520770452 -1616.7392802529 0.000158134794162223 1616.73959652249 3071.8555239741 3942.68383612159 4697.99752681861 Inf
"6" 33.5353535353535 0.00121617446588947 2321.16936344678 -Inf -4549.40713819898 -3817.98263005961 -2974.69701544492 -1565.60372793955 0.00121617446588947 1565.60616028848 2974.69944779385 3817.98506240854 4549.40957054792 Inf 0.000978969847766605 2396.98147809888 -Inf -4697.99638971353 -3942.68269901659 -3071.85438686918 -1616.7384594177 0.000978969847766605 1616.74041735739 3071.85634480887 3942.68465695628 4697.99834765323 Inf
"7" 34.2424242424242 0.00668331265982432 2321.16936343995 -Inf -4549.40167104741 -3817.97716291018 -2974.69154829797 -1565.59826079675 0.00668331265982432 1565.61162742207 2974.70491492329 3817.9905295355 4549.41503767272 Inf 0.00547623769834977 2396.98147809225 -Inf -4697.99189243269 -3942.67820173784 -3071.84988959283 -1616.73396214538 0.00547623769834977 1616.74491462077 3071.86084206823 3942.68915421323 4698.00284490809 Inf
"8" 34.9494949494949 0.0331502620755706 2321.16936327464 -Inf -4549.37520377398 -3817.95069568885 -2974.6650811367 -1565.57179373583 0.0331502620755706 1565.63809425998 2974.73138166085 3818.016996213 4549.44150429813 Inf 0.0276715541321705 2396.98147793155 -Inf -4697.96969680129 -3942.65600615707 -3071.82769407045 -1616.71176672055 0.0276715541321705 1616.76710982882 3071.88303717872 3942.71134926533 4698.02503990955 Inf
"9" 35.6565656565657 0.148370299123358 2321.1693600284 -Inf -4549.25997737442 -3817.83547031222 -2974.54985693943 -1565.45657150923 0.148370299123358 1565.75331210748 2974.84659753768 3818.13221091046 4549.55671797267 Inf 0.12626067155332 2396.98147477043 -Inf -4697.87110148818 -3942.55741184007 -3071.72910090189 -1616.61317547099 0.12626067155332 1616.86569681409 3071.981622245 3942.80993318318 4698.12362283129 Inf
"10" 36.3636363636364 0.598992037783482 2321.16930839807 -Inf -4548.80925444219 -3817.38476364923 -2974.09916903385 -1565.00591494645 0.598992037783482 1566.20389902201 2975.29715310941 3818.58274772479 4550.00723851775 Inf 0.520004770333805 2396.98142439602 -Inf -4697.47725865738 -3942.16358488276 -3071.33529224571 -1616.21939739518 0.520004770333805 1617.25940693585 3072.37530178638 3943.20359442342 4698.51726819804 Inf
"11" 37.0707070707071 2.18043768310015 2321.1686445333 -Inf -4547.22650764583 -3815.80222604354 -2972.51687261159 -1563.42402153115 2.18043768310015 1567.78489689735 2976.87774797779 3820.16310140974 4551.58738301203 Inf 1.93218542728777 2396.98077525129 -Inf -4696.06380570014 -3940.75033647775 -3069.92227967632 -1614.80677889677 1.93218542728777 1618.67114975134 3073.78665053089 3944.61470733232 4699.92817655471 Inf
"12" 37.7777777777778 7.15383946424878 2321.16175914854 -Inf -4542.23961075853 -3810.81749881229 -2967.53464685482 -1558.44597562855 7.15383946424878 1572.75365455705 2981.84232578332 3825.12517774078 4556.54728968702 Inf 6.47393059074074 2396.97402565888 -Inf -4691.50883157866 -3936.19748922275 -3065.37188456215 -1610.26048120242 6.47393059074074 1623.2083423839 3078.31974574363 3949.14535040423 4704.45669276014 Inf
"13" 38.4848484848485 21.1461679471559 2321.104313839 -Inf -4528.13469153784 -3796.73068120363 -2953.46869924554 -1544.41490087316 21.1461679471559 1586.70723676747 2995.76103513985 3839.02301709794 4570.42702743215 Inf 19.5489752775683 2396.91755228444 -Inf -4678.32310111184 -3923.02955410114 -3052.22446633389 -1597.14734580337 19.5489752775683 1636.24529635851 3091.32241688903 3962.12750465628 4717.42105166698 Inf
"14" 39.1919191919192 56.294194220613 2320.72007679434 -Inf -4492.23357449533 -3760.95064123366 -2917.82825338596 -1509.00771065144 56.294194220613 1621.59609909266 3030.41664182719 3873.53902967489 4604.82196293655 Inf 53.1705025009431 2396.53858145653 -Inf -4643.95880471456 -3888.78467533696 -3018.11726845271 -1563.27020664094 53.1705025009431 1669.61121164283 3124.45827345459 3995.12568033885 4750.29980971645 Inf
"15" 39.8989898989899 134.936119450214 2318.66775245007 -Inf -4409.56916746636 -3678.93294286271 -2836.55616867996 -1428.98151368755 134.936119450214 1698.85375258797 3106.42840758038 3948.80518176313 4679.44140636679 Inf 130.190594603113 2394.50681668013 -Inf -4562.9565268256 -3808.42262757323 -2938.49336502053 -1484.87971002229 130.190594603113 1745.26089922851 3198.87455422676 4068.80381677945 4823.33771603183 Inf
"16" 40.6060606060606 291.221203719991 2309.94972886931 -Inf -4236.19707096192 -3508.30798588627 -2669.0984876418 -1266.81621187058 291.221203719991 1849.25861931056 3251.54089508178 4090.75039332625 4818.63947840191 Inf 286.865300818128 2385.83943795863 -Inf -4389.29407047607 -3637.49135203199 -2770.7109660358 -1322.35894569855 286.865300818128 1896.0895473348 3344.44156767206 4211.22195366824 4963.02467211232 Inf
"17" 41.3131313131313 566.15303402386 2280.58299529927 -Inf -3903.70750051719 -3185.072177358 -2356.53167395632 -972.076820776978 566.15303402386 2104.3828888247 3488.83774200404 4317.37824540572 5036.01356856491 Inf 568.742769406091 2356.50465318112 -Inf -4049.92148022996 -3307.3624563069 -2451.23945809131 -1020.69546545395 568.742769406091 2158.18100426613 3588.7249969035 4444.84799511908 5187.40701904214 Inf
"18" 42.020202020202 992.568656392154 2202.11347776386 -Inf -3323.49444989526 -2629.58568446645 -1829.55331854299 -492.734313128216 992.568656392154 2477.87162591252 3814.69063132729 4614.72299725076 5308.63176267956 Inf 1015.01798936968 2277.71671461736 -Inf -3449.22473826523 -2731.49260983667 -1903.9934321153 -521.278588490018 1015.01798936968 2551.31456722938 3934.02941085466 4761.52858857603 5479.2607170046 Inf
"19" 42.7272727272727 1572.86264339935 2035.01677714262 -Inf -2415.69694773496 -1774.44208339079 -1035.1162932573 200.26468573959 1572.86264339935 2945.46060105912 4180.84158005601 4920.16737018949 5561.42223453367 Inf 1632.79747548466 2109.03415907671 -Inf -2500.83351847041 -1836.25501043722 -1070.03855286714 210.275552374005 1632.79747548466 3055.31939859531 4335.63350383645 5101.84996140653 5766.42846943972 Inf
"20" 43.4343434343434 2261.6000428466 1749.49183704594 -Inf -1167.34094901025 -616.057950640404 19.5360401728794 1081.5857307074 2261.6000428466 3441.61435498579 4503.66404552032 5139.2580363336 5690.54103470345 Inf 2374.23173661354 1819.1982219354 -Inf -1191.33125911915 -618.083056880573 42.8354072562738 1147.20118234318 2374.23173661354 3601.2622908839 4705.62806597081 5366.54653010765 5939.79473234623 Inf
"21" 44.1414141414141 2968.59894196851 1356.7327266543 -Inf 309.45166107926 736.972195727427 1229.8759920991 2053.49662408461 2968.59894196851 3883.70125985242 4707.32189183793 5200.2256882096 5627.74622285777 Inf 3136.63867146583 1418.26315180576 -Inf 356.893973326286 803.803382246507 1319.06130891495 2180.03471249206 3136.63867146583 4093.24263043961 4954.21603401672 5469.47396068516 5916.38336960538 Inf
"22" 44.8484848484848 3587.49372404727 926.839546903074 -Inf 1770.92159266983 2062.97833372169 2399.70105170499 2962.34994958477 3587.49372404727 4212.63749850978 4775.28639638956 5112.00911437285 5404.06585542472 Inf 3796.13170546942 976.969290690761 -Inf 1881.30708171389 2189.16022425652 2544.09518149568 3137.17593264217 3796.13170546942 4455.08747829668 5048.16822944316 5403.10318668233 5710.95632922495 Inf
"23" 45.5555555555556 4035.67555595774 573.327414712815 -Inf 2911.97447177116 3092.63587843665 3300.92691006289 3648.97209122752 4035.67555595774 4422.37902068795 4770.42420185258 4978.71523347882 5159.37664014431 Inf 4259.85132504033 612.104399283693 -Inf 3060.14874766576 3253.02918380559 3475.40797386157 3846.99318167355 4259.85132504033 4672.70946840711 5044.29467621908 5266.67346627506 5459.55390241489 Inf
"24" 46.2626262626263 4282.64286955288 393.418400812858 -Inf 3511.55697310433 3635.5271860664 3778.45690207711 4017.28619066607 4282.64286955288 4547.99954843969 4786.82883702865 4929.75855303936 5053.72876600142 Inf 4502.97370759147 424.767976275422 -Inf 3670.44377230567 3804.292561202 3958.61164260249 4216.47206138216 4502.97370759147 4789.47535380077 5047.33577258045 5201.65485398093 5335.50364287726 Inf
"25" 46.969696969697 4355.28912663442 352.202071908991 -Inf 3664.98575041241 3775.96827123509 3903.9240099914 4117.73243913398 4355.28912663442 4592.84581413485 4806.65424327744 4934.60998203374 5045.59250285643 Inf 4567.38193351684 380.732070931002 -Inf 3821.16078673272 3941.13340574923 4079.45415196217 4310.58205410295 4567.38193351684 4824.18181293073 5055.3097150715 5193.63046128444 5313.60308030095 Inf
"26" 47.6767676767677 4324.68318424167 343.330292015132 -Inf 3651.76817709039 3759.95510817827 3884.68771101079 4093.11042134563 4324.68318424167 4556.2559471377 4764.67865747255 4889.41126030507 4997.59819139295 Inf 4530.87098016422 371.181800841989 -Inf 3803.36801879721 3920.3312487909 4055.18236219351 4280.51266003698 4530.87098016422 4781.22930029147 5006.55959813494 5141.41071153755 5258.37394153124 Inf
"27" 48.3838383838384 4278.99271232192 338.038779513588 -Inf 3616.44887909741 3722.96839978875 3845.77858522149 4050.98902037121 4278.99271232192 4506.99640427263 4712.20683942234 4835.01702485509 4941.53654554643 Inf 4472.93019759835 365.538245320591 -Inf 3756.48840179803 3871.6732889933 4004.47408704132 4226.37839782495 4472.93019759835 4719.48199737175 4941.38630815538 5074.1871062034 5189.37199339868 Inf
"28" 49.0909090909091 4282.33769192107 336.160392843606 -Inf 3623.47542891877 3729.40305051483 3851.53081419826 4055.60095252617 4282.33769192107 4509.07443131597 4713.14456964388 4835.27233332731 4941.19995492337 Inf 4449.7499745381 363.513469306909 -Inf 3737.27666680135 3851.82352610292 3983.88871885128 4204.56386543237 4449.7499745381 4694.93608364383 4915.61123022492 5047.67642297328 5162.22328227484 Inf
"29" 49.7979797979798 4336.48995004457 335.59270157022 -Inf 3678.74034149244 3784.48907768835 3906.41059796192 4110.13611259485 4336.48995004457 4562.8437874943 4766.56930212723 4888.49082240079 4994.2395585967 Inf 4476.32666058693 362.90461110445 -Inf 3765.0466929987 3879.40169477437 4011.24568808267 4231.55122009809 4476.32666058693 4721.10210107578 4941.4076330912 5073.2516263995 5187.60662817517 Inf
"30" 50.5050505050505 4385.28552583537 335.297965805591 -Inf 3728.11358876687 3833.76945067059 3955.58389283329 4159.1304846379 4385.28552583537 4611.44056703284 4814.98715883745 4936.80160100015 5042.45746290387 Inf 4523.5198875519 362.586123262752 -Inf 3812.8641446629 3927.11878762089 4058.84707363977 4278.95926384784 4523.5198875519 4768.08051125596 4988.19270146402 5119.92098748291 5234.17563044089 Inf
"31" 51.2121212121212 4375.73047644137 335.0339096825 -Inf 3719.07607986403 3824.64873494838 3946.36724497724 4149.75353839241 4375.73047644137 4601.70741449034 4805.09370790551 4926.81221793437 5032.38487301872 Inf 4545.84061211439 362.303119747146 -Inf 3835.73954592348 3949.90501154246 4081.53048180074 4301.47087138087 4545.84061211439 4790.2103528479 5010.15074242803 5141.77621268631 5255.94167830529 Inf
"32" 51.9191919191919 4319.05991540293 334.794559005358 -Inf 3662.87463753246 3768.37187073935 3890.0034241738 4093.2444169324 4319.05991540293 4544.87541387346 4748.11640663206 4869.74796006651 4975.2451932734 Inf 4526.15420007283 362.0452589593 -Inf 3816.55853173912 3930.64274275304 4062.17453165554 4281.9583837977 4526.15420007283 4770.35001634796 4990.13386849012 5121.66565739262 5235.74986840653 Inf
"33" 52.6262626262626 4276.22763595823 334.587861734352 -Inf 3620.44747729463 3725.87957805054 3847.43603794035 4050.55155267838 4276.22763595823 4501.90371923807 4705.01923397611 4826.57569386591 4932.00779462182 Inf 4489.95820892408 361.823390247723 -Inf 3780.79739527437 3894.81169315924 4026.26287670146 4245.9120408208 4489.95820892408 4734.00437702737 4953.65354114671 5085.10472468893 5199.1190225738 Inf
"34" 53.3333333333333 4280.238810095 334.500921521185 -Inf 3624.62905111802 3730.03375611227 3851.55863044341 4054.62136709782 4280.238810095 4505.85625309218 4708.91898974658 4830.44386407773 4935.84856907198 Inf 4469.47954203627 361.72991695927 -Inf 3760.50193266543 3874.48677614896 4005.9040006528 4225.49642070796 4469.47954203627 4713.46266336458 4933.05508341974 5064.47230792358 5178.4571514071 Inf
"35" 54.040404040404 4297.05083774923 334.545857347478 -Inf 3641.35300617109 3746.77187090964 3868.3130705191 4071.40308599779 4297.05083774923 4522.69858950066 4725.78860497935 4847.32980458881 4952.74866932736 Inf 4464.69130549269 361.777930707623 -Inf 3755.61959090432 3869.61956401726 4001.05423201485 4220.67579938325 4464.69130549269 4708.70681160213 4928.32837897053 5059.76304696813 5173.76302008106 Inf
"36" 54.7474747474747 4279.69076709635 334.565423696099 -Inf 3623.95458617961 3729.37961647726 3850.92792458152 4054.02981804332 4279.69076709635 4505.35171614937 4708.45360961118 4830.00191771543 4935.42694801308 Inf 4454.56600850444 361.798827976224 -Inf 3745.45333602224 3859.45989408096 3990.90215409931 4210.53640740153 4454.56600850444 4698.59560960736 4918.22986290957 5049.67212292793 5163.67868098665 Inf
"37" 55.4545454545455 4238.19357289662 334.505032473404 -Inf 3582.57575660135 3687.98175699922 3809.50812484778 4012.5733571043 4238.19357289662 4463.81378868894 4666.87902094546 4788.40538879402 4893.8113891919 Inf 4437.4244898916 361.734166486548 -Inf 3728.43855160035 3842.42473415393 3973.84350251979 4193.4385023007 4437.4244898916 4681.4104774825 4901.00547726341 5032.42424562927 5146.41042818285 Inf
"38" 56.1616161616162 4223.42243646621 334.468843041939 -Inf 3567.87555015323 3673.27014688641 3794.78336703992 3997.82663007448 4223.42243646621 4449.01824285794 4652.0615058925 4773.57472604601 4878.96932277919 Inf 4435.10072334874 361.695290334708 -Inf 3726.19098091496 3840.16491319043 3971.56955777019 4191.14095732379 4435.10072334874 4679.0604893737 4898.6318889273 5030.03653350705 5144.01046578253 Inf
"39" 56.8686868686869 4249.99676954138 334.470068238047 -Inf 3594.44748188815 3699.84246469332 3821.3561299631 4024.40013676743 4249.99676954138 4475.59340231533 4678.63740911966 4800.15107438944 4905.54605719461 Inf 4454.32918651775 361.696383571711 -Inf 3745.41730137881 3859.39157814459 3990.79661989961 4210.36868311564 4454.32918651775 4698.28968991986 4917.8617531359 5049.26679489091 5163.24107165669 Inf
"40" 57.5757575757576 4274.0253431965 334.468099751821 -Inf 3618.47991370538 3723.87427622015 3845.38722633482 4048.43003814633 4274.0253431965 4499.62064824666 4702.66346005817 4824.17641017284 4929.57077268762 Inf 4468.828928886 361.694521712792 -Inf 3759.92069292349 3873.89438299823 4005.29874833606 4224.86968128865 4468.828928886 4712.78817648335 4932.35910943593 5063.76347477376 5177.73716484851 Inf
"41" 58.2828282828283 4256.53318892995 334.484134582654 -Inf 3600.9563317479 3706.35574700394 3827.87452260571 4030.92706855074 4256.53318892995 4482.13930930915 4685.19185525418 4806.71063085595 4912.110046112 Inf 4453.05759230372 361.711467921241 -Inf 3744.11614238297 3858.09517238353 3989.50569431382 4209.08691466246 4453.05759230372 4697.02826994498 4916.60949029362 5048.02001222391 5161.99904222447 Inf
"42" 58.989898989899 4214.69585380927 334.451211382697 -Inf 3559.1835249134 3664.57256572813 3786.07938026349 3989.11193979098 4214.69585380927 4440.27976782757 4643.31232735506 4764.81914189042 4870.20818270515 Inf 4415.8726382241 361.67605055639 -Inf 3707.00060506288 3820.96847468493 3952.36612941357 4171.92584923241 4415.8726382241 4659.81942721578 4879.37914703463 5010.77680176326 5124.74467138531 Inf
"43" 59.6969696969697 4188.90167930378 334.375945771721 -Inf 3533.53686829469 3638.90219213584 3760.38166251957 3963.36853116863 4188.90167930378 4414.43482743893 4617.42169608798 4738.90116647172 4844.26649031287 Inf 4384.58735799094 361.595379493934 -Inf 3675.87343720673 3789.81588654145 3921.18423330679 4140.69498080402 4384.58735799094 4628.47973517786 4847.99048267508 4979.35882944043 5093.30127877514 Inf
"44" 60.4040404040404 4185.91595950429 334.345917061813 -Inf 3530.61000368512 3635.96586516875 3757.43442606028 3960.40306542619 4185.91595950429 4411.42885358239 4614.3974929483 4735.86605383983 4841.22191532346 Inf 4369.88933606724 361.562904797974 -Inf 3661.23906451752 3775.17128073918 3906.52782938054 4126.01886272988 4369.88933606724 4613.75980940459 4833.25084275393 4964.60739139529 5078.53960761695 Inf
"45" 61.1111111111111 4184.12759940201 334.333837906095 -Inf 3528.84531829301 3634.19737350957 3755.66154601892 3958.62285259063 4184.12759940201 4409.63234621339 4612.5936527851 4734.05782529446 4839.40988051101 Inf 4364.71825083624 361.549897371056 -Inf 3656.09347337481 3770.02159082152 3901.37341383787 4120.85655087501 4364.71825083624 4608.57995079746 4828.0630878346 4959.41491085095 5073.34302829766 Inf
"46" 61.8181818181818 4176.80520156288 334.308153588806 -Inf 3521.57326079074 3626.91722261288 3748.37206395682 3951.31777856025 4176.80520156288 4402.29262456551 4605.23833916894 4726.69318051288 4832.03714233503 Inf 4365.2420752956 361.522261027198 -Inf 3656.67146407281 3770.59087302132 3901.93265569697 4121.39901576505 4365.2420752956 4609.08513482616 4828.55149489423 4959.89327756988 5073.8126865184 Inf
"47" 62.5252525252525 4175.06535423417 334.278916205076 -Inf 3519.89071768113 3625.22546650084 3746.669685843 3949.59765154719 4175.06535423417 4400.53305692114 4603.46102262533 4724.90524196749 4830.2399907872 Inf 4369.96829312899 361.49083285701 -Inf 3661.45927998786 3775.36878559442 3906.69915035106 4126.14643157709 4369.96829312899 4613.79015468089 4833.23743590691 4964.56780066355 5078.47730627012 Inf
"48" 63.2323232323232 4175.25876622337 334.26254762106 -Inf 3520.11621150549 3625.44580241483 3746.88407501667 3949.80210397853 4175.25876622337 4400.7154284682 4603.63345743006 4725.07173003191 4830.40132094125 Inf 4365.28940340781 361.473248746308 -Inf 3656.81485449035 3770.71881916151 3902.04279557448 4121.47940215834 4365.28940340781 4609.09940465727 4828.53601124113 4959.8599876541 5073.76395232526 Inf
"49" 63.9393939393939 4158.65246094843 334.274463333064 -Inf 3503.48655186417 3608.81989753778 3730.26249914236 3933.18776167798 4158.65246094843 4384.11716021888 4587.0424227545 4708.48502435907 4813.81837003269 Inf 4336.99888316979 361.486029805391 -Inf 3628.49928383685 3742.40727595211 3873.73589575019 4093.18026122698 4336.99888316979 4580.8175051126 4800.26187058939 4931.59049038748 5045.49848250273 Inf
"50" 64.6464646464646 4126.07281491215 334.284014862374 -Inf 3470.88818517445 3576.22454063388 3697.67061232874 3900.60167323309 4126.07281491215 4351.54395659122 4554.47501749556 4675.92108919043 4781.25744464986 Inf 4295.86767199339 361.496152647115 -Inf 3587.34823225525 3701.25941418278 3832.59171163013 4052.04222229759 4295.86767199339 4539.69312168919 4759.14363235665 4890.475929804 5004.38711173153 Inf
"51" 65.3535353535354 4102.36264421745 334.236937962731 -Inf 3447.27028350755 3552.59180454829 3674.02077310847 3876.92325542466 4102.36264421745 4327.80203301023 4530.70451532642 4652.1334838866 4757.45500492735 Inf 4269.3411077599 361.445568402158 -Inf 3560.92081132006 3674.81605362807 3806.12997371496 4025.54977661885 4269.3411077599 4513.13243890095 4732.55224180484 4863.86616189173 4977.76140419974 Inf
"52" 66.0606060606061 4098.64422196867 334.187555140342 -Inf 3443.64864981211 3548.95460981404 3670.36563749305 3873.23814138343 4098.64422196867 4324.05030255392 4526.9228064443 4648.33383412331 4753.63979412524 Inf 4264.93548509161 361.392657066858 -Inf 3556.61889296334 3670.49746236156 3801.79215965126 4021.17984210389 4264.93548509161 4508.69112807933 4728.07881053197 4859.37350782166 4973.25207721989 Inf
"53" 66.7676767676768 4095.92003811838 334.194794097293 -Inf 3440.91027786691 3546.21851893915 3667.63217654614 3870.50907493087 4095.92003811838 4321.3310013059 4524.20789969062 4645.62155729762 4750.92979836986 Inf 4262.17657199553 361.400183005089 -Inf 3553.84522929937 3667.72617019868 3799.02360167725 4018.41585283961 4262.17657199553 4505.93729115145 4725.3295423138 4856.62697379237 4970.50791469169 Inf
"54" 67.4747474747475 4076.76221971743 334.190885807829 -Inf 3421.76011957255 3527.0671291023 3648.47936681967 3851.3538926311 4076.76221971743 4302.17054680376 4505.04507261519 4626.45731033256 4731.76431986231 Inf 4245.20964887404 361.396045303661 -Inf 3536.88641592366 3650.7660529904 3782.06198123351 4001.45172055532 4245.20964887404 4488.96757719276 4708.35731651458 4839.65324475769 4953.53288182442 Inf
"55" 68.1818181818182 4051.03122539424 334.16793344422 -Inf 3396.07411105539 3501.37388805763 3622.77778713399 3825.6383794419 4051.03122539424 4276.42407134657 4479.28466365448 4600.68856273084 4705.98833973308 Inf 4222.67167816302 361.371402699524 -Inf 3514.39674382923 3628.26861575617 3759.5555912904 3978.93037102821 4222.67167816302 4466.41298529783 4685.78776503564 4817.07474056987 4930.94661249681 Inf
"56" 68.8888888888889 4036.00914621993 334.168848312122 -Inf 3381.05023877295 3486.35030405954 3607.7545355093 3810.61568319858 4036.00914621993 4261.40260924129 4464.26375693057 4585.66798838033 4690.96805366692 Inf 4206.61635527024 361.372389187878 -Inf 3498.33948745481 3612.21167023444 3743.49900416192 3962.87438275915 4206.61635527024 4450.35832778133 4669.73370637856 4801.02104030604 4914.89322308567 Inf
"57" 69.5959595959596 4027.96192445416 334.185065656991 -Inf 3372.9712315953 3478.27640713524 3599.68653037981 3802.55752299991 4027.96192445416 4253.3663259084 4456.2373185285 4577.64744177307 4682.95261731301 Inf 4191.00719305476 361.389754211441 -Inf 3482.69629041856 3596.57394509697 3727.86758777331 3947.25350801327 4191.00719305476 4434.76087809626 4654.14679833622 4785.44044101255 4899.31809569097 Inf
"58" 70.3030303030303 4009.97924466101 334.195645308992 -Inf 3354.96781606526 3460.27632536312 3581.69029221708 3784.56770733993 4009.97924466101 4235.39078198209 4438.26819710493 4559.68216395889 4664.99067325675 Inf 4164.95974750631 361.401201335407 -Inf 3456.62640891941 3570.50767070515 3701.80547214522 3921.19834149703 4164.95974750631 4408.72115351559 4628.1140228674 4759.41182430747 4873.29308609322 Inf
"59" 71.010101010101 3978.4851493559 334.198486441676 -Inf 3323.46815224242 3428.77755681062 3550.19255585394 3753.07169571995 3978.4851493559 4203.89860299186 4406.77774285787 4528.19274190119 4633.50214646938 Inf 4133.54635972804 361.404174625748 -Inf 3425.20719359915 3539.08939229948 3670.38827394206 3889.7829482649 4133.54635972804 4377.30977119119 4596.70444551403 4728.00332715661 4841.88552585693 Inf
"60" 71.7171717171717 3946.50061209073 334.184564496354 -Inf 3291.51090148868 3396.81591910771 3518.22586027959 3721.0965486642 3946.50061209073 4171.90467551727 4374.77536390188 4496.18530507376 4601.49032269279 Inf 4110.16403314973 361.389295077063 -Inf 3401.85403040037 3515.73154040079 3647.02501627266 3866.41065778966 4110.16403314973 4353.9174085098 4573.3030500268 4704.59652589867 4818.47403589909 Inf
"61" 72.4242424242424 3923.69246286626 334.18962099514 -Inf 3268.69284170869 3373.99945268286 3495.41123089118 3698.28498888312 3923.69246286626 4149.09993684939 4351.97369484133 4473.38547304965 4578.69208402382 Inf 4096.44141170623 361.394797259407 -Inf 3388.12062487763 3501.9998686727 3633.29534349876 3852.68432518056 4096.44141170623 4340.19849823189 4559.58747991369 4690.88295473975 4804.76219853482 Inf
"62" 73.1313131313131 3905.48672693316 334.255296686133 -Inf 3250.35838378659 3355.68568985124 3477.12132817348 3680.03495536962 3905.48672693316 4130.93849849671 4333.85212569285 4455.28776401509 4560.61507007974 Inf 4083.03155641828 361.465437499272 -Inf 3374.5723172637 3488.47382053001 3619.79495910083 3839.22682377488 4083.03155641828 4326.83628906168 4546.26815373574 4677.58929230656 4791.49079557287 Inf
"63" 73.8383838383838 3883.60727681501 334.364195799522 -Inf 3228.26549532825 3333.62711663145 3455.10231822607 3658.08205391568 3883.60727681501 4109.13249971434 4312.11223540395 4433.58743699856 4538.94905830177 Inf 4064.71807500478 361.582450499837 -Inf 3356.02949458336 3469.96786985812 3601.33151949326 3820.83441829186 4064.71807500478 4308.6017317177 4528.1046305163 4659.46828015144 4773.4066554262 Inf
"64" 74.5454545454545 3859.0189659996 334.444774509523 -Inf 3203.51925314332 3308.90626563265 3430.41074163871 3633.43939358629 3859.0189659996 4084.59853841292 4287.62719036049 4409.13166636656 4514.51867885589 Inf 4043.14644681918 361.669099298807 -Inf 3334.28803787247 3448.25371708126 3579.64884640368 3799.20434637948 4043.14644681918 4287.08854725887 4506.64404723467 4638.03917655709 4752.00485576588 Inf
"65" 75.2525252525253 3839.51270015456 334.516768154365 -Inf 3183.87188234727 3289.28158077977 3410.81221222541 3613.88456876572 3839.51270015456 4065.1408315434 4268.2131880837 4389.74381952935 4495.15351796185 Inf 4019.36335856808 361.74696318699 -Inf 3310.35233920484 3424.34255413128 3555.76597156479 3775.36873973389 4019.36335856808 4263.35797740226 4482.96074557137 4614.38416300488 4728.37437793132 Inf
"66" 75.959595959596 3828.22062819822 334.656310169548 -Inf 3172.30631306684 3277.75998263364 3399.34130998105 3602.49837715042 3828.22062819822 4053.94287924602 4257.09994641538 4378.6812737628 4484.1349433296 Inf 3995.17842628433 361.896520475338 -Inf 3285.8742800223 3399.91162199935 3531.38937390402 3751.08293259209 3995.17842628433 4239.27391997657 4458.96747866464 4590.44523056931 4704.48257254635 Inf
"67" 76.6666666666667 3819.96228279008 334.821260786151 -Inf 3163.72467039093 3269.23031760552 3390.87157185197 3594.1287742421 3819.96228279008 4045.79579133807 4249.05299372819 4370.69424797465 4476.19989518923 Inf 3977.95323459534 362.074441561032 -Inf 3268.30036941326 3382.39377616724 3513.93616716911 3733.73773495445 3977.95323459534 4222.16873423622 4441.97030202156 4573.51269302343 4687.60609977741 Inf
"68" 77.3737373737374 3808.31654922135 335.027920765562 -Inf 3151.67389070551 3257.24465862011 3378.96099286309 3582.34365063547 3808.31654922135 4034.28944780723 4237.67210557961 4359.3884398226 4464.95920773719 Inf 3970.58064787362 362.296023003704 -Inf 3260.49349104426 3374.65672040588 3506.27961240264 3726.21569382082 3970.58064787362 4214.94560192642 4434.8816833446 4566.50457534136 4680.66780470297 Inf
"69" 78.0808080808081 3792.05958237085 335.197350332925 -Inf 3135.08484800506 3240.70900493122 3362.48689328529 3565.97240527841 3792.05958237085 4018.14675946329 4221.63227145641 4343.41015981049 4449.03431673664 Inf 3957.69733673328 362.478474970613 -Inf 3247.25258061988 3361.47330248603 3493.16247965847 3713.20932069889 3957.69733673328 4202.18535276767 4422.23219380809 4553.92137098053 4668.14209284669 Inf
"70" 78.7878787878788 3775.17179189618 335.521132863865 -Inf 3117.56245543092 3223.28863958618 3345.18415880119 3548.86622680532 3775.17179189618 4001.47735698703 4205.15942499116 4327.05494420617 4432.78112836143 Inf 3917.70057966079 362.82776613603 -Inf 3206.57122544305 3320.90201257324 3452.71808794611 3672.9769703155 3917.70057966079 4162.42418900609 4382.68307137547 4514.49914674834 4628.82993387853 Inf
"71" 79.4949494949495 3764.30809210609 336.550906581927 -Inf 3104.68043624121 3210.731112761 3333.00075089056 3537.30795519738 3764.30809210609 3991.3082290148 4195.61543332161 4317.88507145118 4423.93574797097 Inf 3853.85934042004 363.932739536177 -Inf 3140.56427813414 3255.24325382757 3387.46076831452 3608.39043784211 3853.85934042004 4099.32824299797 4320.25791252556 4452.4754270125 4567.15440270594 Inf
"72" 80.2020202020202 3761.89531899348 338.603060831995 -Inf 3098.24551470775 3204.94284628711 3327.95803628605 3533.51102507728 3761.89531899348 3990.27961290969 4195.83260170092 4318.84779169986 4425.54512327922 Inf 3796.849890047 366.137802852932 -Inf 3079.23298307662 3194.60679706031 3327.62541559576 3549.89369486338 3796.849890047 4043.80608523062 4266.07436449823 4399.09298303369 4514.46679701737 Inf
"73" 80.9090909090909 3748.89383667091 342.19293949536 -Inf 3078.20799949611 3186.03653902478 3310.35593934232 3518.08820639182 3748.89383667091 3979.69946694999 4187.43173399949 4311.75113431703 4419.57967384571 Inf 3757.95297955921 369.991123603086 -Inf 3032.78370269765 3149.37173796082 3283.79027586806 3508.39775902539 3757.95297955921 4007.50820009302 4232.11568325035 4366.53422115759 4483.12225642076 Inf
"74" 81.6161616161616 3669.62107669513 366.336863349587 -Inf 2951.61401832057 3067.05055832853 3200.14149595277 3422.53061724685 3669.62107669513 3916.71153614341 4139.10065743749 4272.19159506172 4387.62813506969 Inf 3682.09200303982 395.857461167528 -Inf 2906.22563614001 3030.96442228261 3174.78025394807 3415.09020294368 3682.09200303982 3949.09380313597 4189.40375213158 4333.21958379703 4457.95836993964 Inf
"75" 82.3232323232323 3446.63755037441 499.871262916662 -Inf 2466.9078781512 2624.42249055712 2806.0267508128 3109.47950711955 3446.63755037441 3783.79559362927 4087.24834993601 4268.85261019169 4426.36722259762 Inf 3465.66947006629 535.496917305801 -Inf 2416.1147983147 2584.85542341452 2779.40255734874 3104.48228808193 3465.66947006629 3826.85665205066 4151.93638278385 4346.48351671807 4515.22414181789 Inf
"76" 83.030303030303 3030.12008461523 811.16608326266 -Inf 1440.26377593999 1695.87061050062 1990.56892069328 2482.99687574786 3030.12008461523 3577.24329348259 4069.67124853717 4364.36955872983 4619.97639329046 Inf 3035.61955845355 857.508231889119 -Inf 1354.93430750426 1625.14403308999 1936.67854140867 2457.23904533558 3035.61955845355 3614.00007157153 4134.56057549843 4446.09508381711 4716.30480940285 Inf
"77" 83.7373737373737 2443.66941176367 1231.62323526449 -Inf 29.7322281225679 417.829466201167 865.280726449358 1612.95216347444 2443.66941176367 3274.38666005291 4022.05809707799 4469.50935732618 4857.60659540478 Inf 2416.19159311292 1289.81090113781 -Inf -111.79131998433 294.641454294854 763.232413503274 1546.2273606043 2416.19159311292 3286.15582562154 4069.15077272257 4537.74173193099 4944.17450621017 Inf
"78" 84.4444444444444 1783.19182649348 1646.03986498314 -Inf -1442.98702599065 -924.302815530751 -326.293139424486 672.954809148212 1783.19182649348 2893.42884383876 3892.67679241145 4490.68646851772 5009.37067897762 Inf 1722.1294849155 1713.49273735096 -Inf -1636.25456806334 -1096.31525887124 -473.799815185931 566.396196536848 1722.1294849155 2877.86277329415 3918.05878501693 4540.57422870224 5080.51353789434 Inf
"79" 85.1515151515152 1167.90830607681 1967.46025863493 -Inf -2688.24294186151 -2068.27583622173 -1353.49346852357 -159.12347229058 1167.90830607681 2494.9400844442 3689.31008067719 4404.09244837535 5024.05955401513 Inf 1090.1781181381 2040.31109991537 -Inf -2908.75815495334 -2265.83499466705 -1524.58576615647 -285.990805966115 1090.1781181381 2466.34704224231 3704.94200243267 4446.19123094324 5089.11439122953 Inf
"80" 85.8585858585859 683.643317301144 2167.07151935955 -Inf -3563.73881256607 -2880.87213118065 -2093.57058098121 -778.024210448723 683.643317301144 2145.31084505101 3460.85721558349 4248.15876578294 4931.02544716836 Inf 610.131339566183 2242.22245831783 -Inf -3784.54392406363 -3077.99640342995 -2263.3923621903 -902.224726228656 610.131339566183 2122.48740536102 3483.65504132266 4298.25908256231 5004.80660319599 Inf
"81" 86.5656565656566 356.968022225625 2266.20337863492 -Inf -4084.70898154181 -3370.60482453171 -2547.28846550642 -1171.56292852336 356.968022225625 1885.49897297461 3261.22450995767 4084.54086898296 4798.64502599306 Inf 300.918552312361 2342.0005148911 -Inf -4289.31810864845 -3551.32948892848 -2700.47587405259 -1278.73678993563 300.918552312361 1880.57389456035 3302.31297867731 4153.1665935532 4891.15521327318 Inf
"82" 87.2727272727273 166.16183255577 2305.30547315213 -Inf -4352.15386818548 -3625.7282361896 -2788.20600562088 -1388.74308015627 166.16183255577 1721.06674526781 3120.52967073242 3958.05190130113 4684.47753329702 Inf 130.349773830709 2381.17368967558 -Inf -4536.66489886779 -3786.33240603359 -2921.24709600665 -1475.72747329206 130.349773830709 1736.42702095347 3181.94664366807 4047.03195369501 4797.36444652921 Inf
"83" 87.979797979798 68.9482572138286 2317.4888285146 -Inf -4473.2463812487 -3742.98164778793 -2901.03317910118 -1494.17420381319 68.9482572138286 1632.07071824085 3038.92969352883 3880.87816221558 4611.14289567636 Inf 49.3464878825747 2393.32678476153 -Inf -4641.48781348508 -3887.32575451254 -3017.82519998839 -1564.92789730882 49.3464878825747 1663.62087307397 3116.51817575354 3986.01873027769 4740.18078925022 Inf
"84" 88.6868686868687 25.508271284259 2320.48419798477 -Inf -4522.5571834602 -3791.34857805457 -2948.31188546463 -1539.63453574844 25.508271284259 1590.65107831696 2999.32842803315 3842.36512062309 4573.57372602872 Inf 16.1882032129932 2396.30325568612 -Inf -4680.47987396789 -3925.37989817795 -3054.79798563118 -1600.0937811088 16.1882032129932 1632.47018753478 3087.17439205717 3957.75630460393 4712.85628039387 Inf
"85" 89.3939393939394 8.41508345544661 2321.0669287129 -Inf -4540.79250252884 -3809.40027263508 -2966.15187277037 -1557.1207694805 8.41508345544661 1573.9509363914 2982.98203968126 3826.23043954597 4557.62266943973 Inf 4.52914234343762 2396.8803630217 -Inf -4693.27004443038 -3937.98821614157 -3067.19663931013 -1612.14209496096 4.52914234343762 1621.20037964784 3076.25492399701 3947.04650082844 4702.32832911726 Inf
"86" 90.1010101010101 2.4752166340654 2321.15704098742 -Inf -4546.90898616284 -3815.48836095804 -2972.20722311824 -1563.12141610742 2.4752166340654 1568.07184937555 2977.15765638637 3820.43879422617 4551.85941943097 Inf 1.04489463997784 2396.96934425463 -Inf -4696.9286921457 -3941.61882494875 -3070.79492105196 -1615.686359594 1.04489463997784 1617.77614887395 3072.88471033192 3943.7086142287 4699.01848142565 Inf
"87" 90.8080808080808 0.648850644578013 2321.16816823821 -Inf -4548.75716116312 -3817.33302964634 -2974.04784925339 -1564.95528731351 0.648850644578013 1566.25298860266 2975.34555054255 3818.6307309355 4550.05486245227 Inf 0.18179437639262 2396.98030374255 -Inf -4697.81327261088 -3942.49995196578 -3071.67206646444 -1616.55685191985 0.18179437639262 1616.92044067263 3072.03565521723 3942.86354071856 4698.17686136366 Inf
"88" 91.5151515151515 0.151434801631586 2321.16926979466 -Inf -4549.25673601704 -3817.83225738842 -2974.54667679773 -1565.45344614499 0.151434801631586 1565.75631574825 2974.849546401 3818.13512699168 4549.5596056203 Inf 0.015629404634206 2396.98138625809 -Inf -4697.98155927411 -3942.66789751715 -3071.83961873569 -1616.72374703724 0.015629404634206 1616.75500584651 3071.87087754496 3942.69915632642 4698.01281808338 Inf
"89" 92.2222222222222 0.0314128284550767 2321.16935750876 -Inf -4549.37692990669 -3817.95242363845 -2974.66681118105 -1565.57352728043 0.0314128284550767 1565.63635293734 2974.72963683796 3818.01524929535 4549.4397555636 Inf -0.00385055736479173 2396.98147228569 -Inf -4698.00120784711 -3942.68751898196 -3071.85920894649 -1616.74328502398 -0.00385055736479173 1616.73558390925 3071.85150783176 3942.67981786723 4697.99350673238 Inf
"90" 92.9292929292929 0.00577516631305511 2321.16936314187 -Inf -4549.40257860952 -3817.97807056623 -2974.69245606231 -1565.59916874204 0.00577516631305511 1565.61071907467 2974.70400639494 3817.98962089885 4549.41412894215 Inf -0.00242023565610539 2396.98147780083 -Inf -4697.99978833488 -3942.68609773185 -3071.85778569272 -1616.74185842217 -0.00242023565610539 1616.73701795086 3071.85294522141 3942.68125726054 4697.99494786357 Inf
"91" 93.6363636363636 0.000936752979617165 2321.16936343429 -Inf -4549.40741759599 -3817.98290946055 -2974.6972948504 -1565.60400735261 0.000936752979617165 1565.60588085857 2974.69916835636 3817.98478296651 4549.40929110195 Inf -0.000771051189514821 2396.98147808668 -Inf -4697.99813971067 -3942.68444901757 -3071.85613687459 -1616.74020943051 -0.000771051189514821 1616.73866732813 3071.85459477221 3942.68290691519 4697.99659760829 Inf
"92" 94.3434343434343 0.000133056187395659 2321.16936344658 -Inf -4549.40822131688 -3817.98371317757 -2974.69809856295 -1565.6048110577 0.000133056187395659 1565.60507717007 2974.69836467532 3817.98397928994 4549.40848742925 Inf -0.000186509356081632 2396.98147809868 -Inf -4697.99755519236 -3942.68386449548 -3071.85555234814 -1616.73962489677 -0.000186509356081632 1616.73925187806 3071.85517932942 3942.68349147676 4697.99718217365 Inf
"93" 95.0505050505051 1.63345198668782e-05 2321.169363447 -Inf -4549.40833803937 -3817.98382989992 -2974.69821528515 -1565.60492777965 1.63345198668782e-05 1565.60496044869 2974.69824795419 3817.98386256896 4549.40837070841 Inf -3.74247067493358e-05 2396.98147809909 -Inf -4697.99740610851 -3942.6837154115 -3071.85540326401 -1616.7394758124 -3.74247067493358e-05 1616.73940096298 3071.8553284146 3942.68364056208 4697.9973312591 Inf
"94" 95.7575757575758 1.68968072808939e-06 2321.16936344701 -Inf -4549.40835268423 -3817.98384454478 -2974.69822993001 -1565.60494242449 1.68968072808939e-06 1565.60494580386 2974.69823330937 3817.98384792414 4549.40835606359 Inf -6.44881482238119e-06 2396.9814780991 -Inf -4697.99737513264 -3942.68368443563 -3071.85537228813 -1616.73944483651 -6.44881482238119e-06 1616.73943193888 3071.8553593905 3942.68367153799 4697.99736223501 Inf
"95" 96.4646464646465 1.38805488597139e-07 2321.16936344701 -Inf -4549.40835423511 -3817.98384609566 -2974.69823148088 -1565.60494397537 1.38805488597139e-07 1565.60494425298 2974.69823175849 3817.98384637327 4549.40835451272 Inf -9.70851086962634e-07 2396.9814780991 -Inf -4697.99736965468 -3942.68367895766 -3071.85536681017 -1616.73943935855 -9.70851086962634e-07 1616.73943741685 3071.85536486847 3942.68367701596 4697.99736771298 Inf
"96" 97.1717171717172 7.3934937460677e-09 2321.16936344701 -Inf -4549.40835436652 -3817.98384622707 -2974.69823161229 -1565.60494410678 7.3934937460677e-09 1565.60494412157 2974.69823162708 3817.98384624185 4549.4083543813 Inf -1.28965639522403e-07 2396.9814780991 -Inf -4697.99736881279 -3942.68367811578 -3071.85536596828 -1616.73943851667 -1.28965639522403e-07 1616.73943825873 3071.85536571035 3942.68367785785 4697.99736855486 Inf
"97" 97.8787878787879 -1.00182988532439e-10 2321.16936344701 -Inf -4549.40835437401 -3817.98384623456 -2974.69823161979 -1565.60494411428 -1.00182988532439e-10 1565.60494411407 2974.69823161959 3817.98384623436 4549.40835437381 Inf -1.52108021477684e-08 2396.9814780991 -Inf -4697.99736869904 -3942.68367800202 -3071.85536585453 -1616.73943840291 -1.52108021477684e-08 1616.73943837249 3071.85536582411 3942.6836779716 4697.99736866862 Inf
"98" 98.5858585858586 -8.88374666353066e-11 2321.16936344701 -Inf -4549.408354374 -3817.98384623455 -2974.69823161978 -1565.60494411426 -8.88374666353066e-11 1565.60494411409 2974.6982316196 3817.98384623437 4549.40835437382 Inf -1.59959807420291e-09 2396.9814780991 -Inf -4697.99736868543 -3942.68367798841 -3071.85536584092 -1616.7394383893 -1.59959807420291e-09 1616.7394383861 3071.85536583772 3942.68367798521 4697.99736868223 Inf
"99" 99.2929292929293 -1.40979503552556e-11 2321.16936344701 -Inf -4549.40835437393 -3817.98384623448 -2974.6982316197 -1565.60494411419 -1.40979503552556e-11 1565.60494411416 2974.69823161967 3817.98384623445 4549.4083543739 Inf -1.50432447902923e-10 2396.9814780991 -Inf -4697.99736868398 -3942.68367798696 -3071.85536583947 -1616.73943838785 -1.50432447902923e-10 1616.73943838755 3071.85536583917 3942.68367798666 4697.99736868368 Inf
"100" 100 -1.57045512191164e-12 2321.16936344701 -Inf -4549.40835437391 -3817.98384623446 -2974.69823161969 -1565.60494411418 -1.57045512191164e-12 1565.60494411417 2974.69823161968 3817.98384623446 4549.40835437391 Inf -1.26792658444544e-11 2396.9814780991 -Inf -4697.99736868384 -3942.68367798683 -3071.85536583933 -1616.73943838771 -1.26792658444544e-11 1616.73943838769 3071.85536583931 3942.6836779868 4697.99736868381 Inf
