"traning_size" "duration_sw" "duration_gpr" "diff"
"1" 2200 0.133520126342773 1188.21502113342 28975.2536199026
"2" 2300 0.0968220233917236 1414.27518606186 26515.066599939
"3" 2400 0.104518890380859 1643.69636082649 28279.4117399014
"4" 2500 0.0987308025360107 1885.0493490696 27587.8246486606
"5" 2600 0.106219053268433 2139.31893396378 30203.0024937044
"6" 2700 0.0985879898071289 2431.68944501877 29398.3706569536
"7" 2800 0.103631019592285 2726.82645797729 29944.3295588703
"8" 2900 0.1006920337677 3098.26284003258 30106.4682338798
"9" 3000 0.0976479053497314 3525.45342183113 29115.1516229586
"10" 3100 0.0883519649505615 3917.31595897675 29584.290628918
"11" 3200 0.0912590026855469 4310.42949080467 29038.939617977
"12" 3300 0.0802199840545654 4736.58227586746 27786.521978461
"13" 3400 0.0886199474334717 5179.96701407433 27413.2146817008
"14" 3500 0.112622976303101 5654.84066700935 27040.1684605268
"15" 3600 0.101666927337646 6193.7935860157 25321.9053855548
